1
1 1 0
2 3470 400
3 0 -1
4 6032 369
5 5624 398
6 0 -1
7 2732 398
8 3126 342
9 192 344
10 3773 324
11 6527 389
12 0 -1
13 2441 364
14 329 232
15 6217 187
16 1402 361
17 6475 302
18 6346 360
19 1860 266
20 3615 123
21 45 291
22 5484 337
23 1293 363
24 2859 315
25 151 455
26 4645 364
27 5499 252
28 5025 332
29 4855 373
30 6534 422
31 0 -1
32 116 235
33 5737 315
34 1486 309
35 3484 375
36 783 365
37 4818 260
38 1930 302
39 2153 360
40 3846 334
41 3369 306
42 4247 269
43 558 318
44 4291 240
45 1283 288
46 134 462
47 1617 602
48 790 299
49 4119 330
50 3169 363
51 3112 162
52 855 460
53 1132 345
54 3342 389
55 5608 362
56 4057 244
57 4190 277
58 0 -1
59 1504 402
60 6165 293
61 2535 316
62 2317 333
63 2359 253
64 852 387
65 1562 224
66 5960 357
67 5642 358
68 0 -1
69 3382 406
70 1732 314
71 906 227
72 3943 282
73 4828 518
74 1053 252
75 4233 176
76 6051 349
77 5142 283
78 773 217
79 132 273
80 4228 238
81 2805 283
82 3863 376
83 101 340
84 2074 320
85 4959 286
86 2358 268
87 4286 376
88 3510 277
89 5345 361
90 20 133
91 227 478
92 0 -1
93 4281 332
94 1782 457
95 311 352
96 2904 291
97 3520 236
98 1126 373
99 6196 234
100 5871 321
101 2064 339
102 4115 348
103 142 331
104 5917 291
105 4525 346
106 1292 241
107 5962 335
108 5195 292
109 4926 318
110 6532 308
111 4445 392
112 3034 291
113 4057 280
114 2851 292
115 2537 394
116 1311 230
117 939 345
118 786 262
119 4672 381
120 3289 651
121 3867 388
122 4339 296
123 99 276
124 0 -1
125 6136 390
126 4100 342
127 1353 229
128 1016 353
129 5545 278
130 1436 379
131 5783 278
132 3617 203
133 6529 322
134 880 444
135 1253 236
136 1491 382
137 337 408
138 0 -1
139 3453 408
140 2701 381
141 1000 337
142 4261 308
143 5507 352
144 2843 284
145 6021 331
146 3013 355
147 5016 306
148 2669 347
149 129 322
150 521 311
151 4836 364
152 528 384
153 4042 294
154 5218 339
155 5998 338
156 1277 251
157 0 -1
158 6303 275
159 4421 486
160 1932 288
161 1968 150
162 1900 229
163 5715 252
164 5680 316
165 0 -1
166 2602 413
167 832 311
168 293 337
169 1227 330
170 3959 259
171 0 -1
172 849 324
173 3080 331
174 4548 292
175 4084 417
176 1059 307
177 1156 408
178 3798 308
179 3946 227
180 6137 296
181 3862 292
182 4258 356
183 4728 315
184 3889 460
185 4619 336
186 3578 238
187 6334 362
188 6361 286
189 2756 255
190 0 -1
191 1933 333
192 6503 344
193 5361 479
194 5482 288
195 0 -1
196 824 301
197 1323 338
198 6041 328
199 3641 361
200 1522 384
201 3771 415
202 4185 423
203 2941 352
204 4257 353
205 284 517
206 1705 294
207 3414 354
208 4526 422
209 6266 331
210 3676 283
211 6278 309
212 0 -1
213 6526 256
214 6566 233
215 5933 339
216 1704 429
217 3677 335
218 3897 183
219 1249 269
220 5591 379
221 640 360
222 4360 326
223 5224 299
224 0 -1
225 0 -1
226 1302 440
227 4125 373
228 2043 300
229 4405 302
230 6106 271
231 5330 356
232 4537 331
233 2494 415
234 3256 300
235 6099 529
236 5950 201
237 0 -1
238 3034 220
239 1849 338
240 4806 139
241 4544 318
242 0 -1
243 6179 376
244 1307 205
245 5612 307
246 842 321
247 2259 295
248 722 266
249 870 361
250 1338 389
251 3498 401
252 1923 284
253 0 -1
254 615 366
255 6189 220
256 2485 351
257 4046 188
258 3244 368
259 0 -1
260 3699 306
261 467 337
262 5633 363
263 2244 257
264 1530 289
265 5259 339
266 279 455
267 274 318
268 5428 277
269 1809 303
270 407 406
271 4452 205
272 1056 392
273 3181 410
274 359 274
275 4583 339
276 1307 189
277 0 -1
278 337 375
279 2026 362
280 5321 328
281 925 137
282 1878 307
283 1809 250
284 1289 421
285 5697 491
286 1508 416
287 0 -1
288 3822 232
289 683 347
290 93 348
291 2803 264
292 4920 354
293 5711 273
294 6488 384
295 0 -1
296 1667 368
297 6535 201
298 5768 267
299 6048 292
300 3367 623
301 6119 287
302 4671 337
303 2532 412
304 461 459
305 4506 373
306 4294 432
307 3309 327
308 2355 201
309 2931 382
310 0 -1
311 2846 324
312 2077 208
313 2778 457
314 3661 308
315 5059 380
316 40 342
317 6137 303
318 3050 342
319 0 -1
320 6055 378
321 482 275
322 2606 295
323 5696 358
324 5016 320
325 4668 200
326 5323 303
327 3121 357
328 5225 342
329 2383 188
330 0 -1
331 430 431
332 1088 442
333 3456 436
334 3691 225
335 3309 306
336 4224 293
337 5262 317
338 418 372
339 1149 240
340 4731 280
341 3126 449
342 1659 224
343 5570 311
344 4585 277
345 4964 240
346 1260 270
347 548 245
348 2067 246
349 2016 316
350 6236 320
351 530 239
352 5209 284
353 3467 353
354 2839 393
355 4762 364
356 982 362
357 3686 308
358 0 -1
359 2694 208
360 2852 447
361 6050 253
362 308 282
363 6168 437
364 6015 346
365 5473 241
366 1935 353
367 1070 214
368 3556 365
369 5153 270
370 1172 358
371 1970 281
372 4773 319
373 491 115
374 2677 359
375 5577 376
376 311 428
377 3176 358
378 3661 291
379 4793 313
380 0 -1
381 1740 463
382 911 417
383 664 359
384 5025 333
385 5144 245
386 5077 220
387 2998 387
388 430 333
389 312 261
390 1439 237
391 684 391
392 0 -1
393 2343 357
394 769 506
395 4133 327
396 5343 261
397 984 372
398 4302 310
399 2653 359
400 0 -1
401 4441 328
402 1619 357
403 1114 434
404 2057 190
405 5798 441
406 3682 361
407 340 306
408 3189 310
409 6373 386
410 4123 323
411 6363 351
412 3204 278
413 301 338
414 3764 473
415 5933 383
416 4480 287
417 653 284
418 158 347
419 5036 383
420 3347 388
421 5399 294
422 5528 276
423 5287 243
424 3374 301
425 19 284
426 3118 336
427 4384 395
428 1253 330
429 6132 288
430 569 319
431 680 268
432 749 293
433 904 220
434 349 344
435 6244 249
436 1880 162
437 2586 277
438 3288 351
439 2858 479
440 1722 335
441 3851 398
442 1530 264
443 5577 373
444 4924 427
445 23 392
446 5154 340
447 1447 319
448 4937 399
449 5182 303
450 4940 493
451 0 -1
452 1960 339
453 766 353
454 4790 331
455 5837 371
456 1732 285
457 4804 363
458 1940 349
459 5196 333
460 1224 346
461 2895 351
462 1647 418
463 1 33
464 2100 347
465 2111 315
466 5952 242
467 3945 253
468 553 322
469 3086 355
470 97 248
471 3224 318
472 807 365
473 6273 343
474 65 271
475 3807 399
476 6580 333
477 456 384
478 41 336
479 3382 303
480 578 349
481 6368 507
482 5005 267
483 583 229
484 4770 410
485 5368 240
486 2408 231
487 3243 275
488 2461 380
489 2716 290
490 5544 433
491 6080 92
492 1803 312
493 164 351
494 2480 378
495 3379 416
496 5288 288
497 4757 361
498 5399 319
499 0 -1
500 2696 295
501 0 -1
502 4448 267
503 3255 224
504 6463 348
505 456 327
506 4104 320
507 3587 338
508 4998 533
509 5169 356
510 4044 294
511 2395 359
512 4464 354
513 1249 308
514 2110 253
515 1875 385
516 79 291
517 6129 330
518 3407 339
519 3175 411
520 2003 380
521 3571 309
522 2738 332
523 2261 299
524 3699 329
525 0 -1
526 1583 305
527 188 374
528 3323 367
529 1933 301
530 4685 239
531 4597 351
532 93 346
533 4491 371
534 0 -1
535 2796 289
536 3322 362
537 1292 337
538 2693 475
539 473 348
540 3603 309
541 5975 408
542 5904 257
543 4539 334
544 3149 419
545 6594 362
546 3765 369
547 6365 336
548 5259 233
549 0 -1
550 2311 271
551 1863 407
552 749 281
553 4448 270
554 2539 373
555 3412 213
556 2045 326
557 1791 313
558 1997 313
559 4431 339
560 0 -1
561 5545 259
562 5665 165
563 2930 287
564 3655 327
565 2694 213
566 1158 321
567 4962 289
568 114 329
569 5512 284
570 4869 300
571 0 -1
572 1536 350
573 1797 562
574 6188 296
575 4577 283
576 3880 301
577 4800 467
578 944 243
579 3166 277
580 4731 282
581 2254 307
582 447 406
583 6369 227
584 5088 317
585 144 399
586 2893 636
587 4700 248
588 1409 328
589 630 397
590 3200 317
591 1160 412
592 1153 358
593 513 312
594 4446 228
595 4989 268
596 4406 405
597 3633 339
598 6064 209
599 5651 322
600 0 -1
601 5140 354
602 1 11
603 2843 211
604 1122 314
605 178 324
606 1786 373
607 2965 552
608 1194 246
609 5430 276
610 0 -1
611 4910 257
612 5838 381
613 3314 397
614 2506 266
615 5166 281
616 5825 354
617 3360 301
618 0 -1
619 2944 272
620 3229 105
621 2558 392
622 4353 385
623 0 -1
624 6535 303
625 1442 293
626 3189 333
627 6161 330
628 5154 290
629 5806 291
630 3784 279
631 2286 344
632 850 369
633 2847 354
634 4816 393
635 1889 420
636 4698 324
637 1659 215
638 1560 403
639 3537 287
640 5632 344
641 5516 205
642 3603 228
643 569 287
644 2138 243
645 0 -1
646 2217 352
647 574 297
648 5063 238
649 0 -1
650 6309 429
651 682 501
652 321 374
653 1466 278
654 4164 403
655 0 -1
656 1927 268
657 5236 330
658 2484 315
659 4333 369
660 1584 359
661 5462 456
662 2409 320
663 2719 286
664 1179 320
665 6523 303
666 176 345
667 3234 326
668 2210 400
669 2233 313
670 2449 314
671 6254 430
672 5751 382
673 230 389
674 6230 475
675 3434 370
676 503 317
677 3541 242
678 5908 183
679 6289 371
680 2926 211
681 401 347
682 2048 409
683 2899 282
684 5528 286
685 1618 232
686 1271 328
687 3366 412
688 4760 517
689 4051 382
690 2489 242
691 151 378
692 496 359
693 3261 385
694 773 208
695 1831 256
696 6217 121
697 2944 267
698 4097 327
699 6216 263
700 839 384
701 914 422
702 3717 290
703 3019 389
704 4346 373
705 2506 252
706 3201 327
707 2640 398
708 4222 518
709 3106 239
710 724 387
711 4136 424
712 2576 422
713 288 272
714 4581 408
715 442 326
716 5231 329
717 2865 265
718 1548 319
719 5269 291
720 0 -1
721 2642 424
722 5455 178
723 3098 321
724 361 298
725 2236 206
726 5499 245
727 3025 354
728 4352 354
729 3290 386
730 1018 294
731 114 345
732 140 384
733 4554 388
734 4235 330
735 5875 212
736 4874 202
737 5657 384
738 2931 332
739 4798 307
740 3487 266
741 1007 282
742 2814 400
743 2586 265
744 6500 259
745 174 372
746 1007 354
747 2406 265
748 5546 320
749 1313 237
750 5732 298
751 1293 315
752 1553 303
753 1136 413
754 5167 287
755 999 254
756 3532 372
757 5332 193
758 3898 393
759 4204 358
760 1292 232
761 6069 334
762 1889 503
763 1385 363
764 1002 357
765 5115 225
766 2236 246
767 5768 218
768 5145 261
769 3086 394
770 3137 396
771 4481 348
772 2080 376
773 2694 127
774 3215 352
775 6464 512
776 2735 315
777 5736 272
778 2035 454
779 1715 373
780 557 368
781 2739 287
782 4094 453
783 2756 294
784 565 222
785 5258 274
786 325 254
787 3498 302
788 5114 217
789 0 -1
790 2747 284
791 1288 323
792 6217 187
793 5649 312
794 2642 367
795 2862 271
796 1597 461
797 6365 416
798 1160 325
799 4529 307
800 1999 349
801 3307 439
802 4806 107
803 0 -1
804 3109 242
805 345 241
806 1295 372
807 2267 297
808 3615 186
809 3965 492
810 0 -1
811 852 426
812 4671 329
813 3649 458
814 3154 460
815 0 -1
816 1584 389
817 6243 433
818 476 425
819 0 -1
820 0 -1
821 2883 311
822 4442 392
823 923 434
824 641 252
825 4663 385
826 4222 460
827 2719 297
828 5493 312
829 3083 527
830 4928 207
831 1103 431
832 4482 238
833 3030 318
834 3013 255
835 6218 225
836 558 319
837 1 66
838 4985 417
839 5302 336
840 2237 282
841 1363 336
842 2756 316
843 3210 334
844 2027 212
845 6265 268
846 510 412
847 937 418
848 1404 288
849 6580 247
850 3892 308
851 5081 386
852 2320 326
853 5498 260
854 3459 284
855 487 365
856 1574 373
857 2840 362
858 999 223
859 1372 246
860 4259 285
861 2668 319
862 0 -1
863 4159 229
864 6217 165
865 3315 203
866 4473 180
867 668 416
868 6482 372
869 6133 321
870 5499 293
871 2391 411
872 0 -1
873 4834 317
874 351 258
875 3208 406
876 3198 391
877 2785 318
878 6311 372
879 4876 283
880 1985 356
881 6296 230
882 2422 297
883 0 -1
884 5177 243
885 1526 284
886 5754 323
887 312 305
888 881 273
889 5670 415
890 5169 349
891 1268 381
892 1859 346
893 6574 278
894 4282 288
895 1339 432
896 5738 388
897 423 301
898 5598 297
899 879 385
900 1383 327
901 265 353
902 3530 412
903 88 369
904 5950 156
905 5716 323
906 4758 195
907 537 343
908 3632 534
909 1750 169
910 4670 366
911 2042 371
912 1077 276
913 2316 309
914 6492 334
915 6120 213
916 1368 276
917 3512 311
918 1822 383
919 4963 409
920 4512 398
921 4914 362
922 3423 307
923 2846 340
924 378 408
925 1880 97
926 6543 242
927 5321 357
928 352 366
929 4608 642
930 4787 423
931 76 379
932 5556 187
933 5409 394
934 2529 293
935 0 -1
936 6194 358
937 3937 337
938 5173 393
939 968 294
940 4134 375
941 5085 180
942 1343 378
943 247 343
944 2926 227
945 2106 273
946 6480 376
947 5666 251
948 0 -1
949 3508 334
950 2147 345
951 4173 426
952 3592 315
953 3737 271
954 4923 367
955 2947 409
956 5004 365
957 2205 304
958 6072 283
959 4963 392
960 6499 400
961 0 -1
962 6341 210
963 4457 306
964 0 -1
965 1877 391
966 6503 329
967 3121 274
968 5473 294
969 1140 448
970 1131 310
971 4310 358
972 864 190
973 3950 369
974 5097 305
975 5290 334
976 3422 351
977 2899 291
978 0 -1
979 2378 420
980 4879 425
981 0 -1
982 2611 244
983 2694 116
984 6438 322
985 770 464
986 5263 459
987 564 374
988 244 325
989 4889 400
990 42 323
991 1972 396
992 0 -1
993 0 -1
994 968 362
995 5338 389
996 2439 374
997 5373 317
998 2002 254
999 3204 215
1000 2891 268
1001 42 378
1002 4068 290
1003 3244 379
1004 4655 249
1005 2091 415
1006 583 269
1007 132 256
1008 41 356
1009 5383 388
1010 0 -1
1011 0 -1
1012 3123 480
1013 677 257
1014 1608 346
1015 2002 302
1016 1462 314
1017 2122 280
1018 1183 262
1019 2353 355
1020 1372 249
1021 1622 252
1022 5151 256
1023 214 241
1024 4178 358
1025 898 385
1026 2106 286
1027 6132 286
1028 1893 261
1029 486 335
1030 1902 368
1031 2464 442
1032 2112 388
1033 4821 405
1034 1246 483
1035 3458 384
1036 5011 374
1037 5123 324
1038 44 291
1039 5139 374
1040 783 347
1041 2081 413
1042 4756 288
1043 5169 253
1044 5531 378
1045 5619 391
1046 230 391
1047 0 -1
1048 6253 275
1049 5129 327
1050 2127 321
1051 4291 275
1052 72 293
1053 2250 230
1054 3917 251
1055 1974 371
1056 2487 384
1057 4105 378
1058 522 346
1059 561 267
1060 5174 381
1061 2074 339
1062 3917 253
1063 5969 200
1064 3327 388
1065 2950 296
1066 4198 340
1067 0 -1
1068 4920 274
1069 1538 352
1070 5675 200
1071 5182 304
1072 4510 375
1073 5546 227
1074 176 385
1075 2655 407
1076 132 262
1077 5131 262
1078 2365 306
1079 2002 338
1080 4874 202
1081 101 427
1082 5447 197
1083 1442 285
1084 1101 207
1085 0 -1
1086 2696 263
1087 0 -1
1088 4416 385
1089 0 -1
1090 3520 246
1091 0 -1
1092 808 230
1093 4693 331
1094 373 177
1095 4322 294
1096 3180 297
1097 6591 271
1098 428 377
1099 372 388
1100 3544 454
1101 4649 188
1102 4652 352
1103 709 329
1104 4158 432
1105 2053 488
1106 23 363
1107 0 -1
1108 2117 333
1109 4515 389
1110 717 316
1111 3091 292
1112 4912 308
1113 1289 358
1114 563 404
1115 3437 274
1116 0 -1
1117 709 359
1118 4942 431
1119 3929 295
1120 5062 303
1121 977 358
1122 2843 216
1123 3154 416
1124 5305 154
1125 3091 313
1126 1896 331
1127 2500 399
1128 1313 231
1129 1709 371
1130 4109 243
1131 5878 232
1132 3096 294
1133 4422 224
1134 5308 327
1135 914 375
1136 4336 316
1137 0 -1
1138 2941 367
1139 5924 207
1140 1583 422
1141 2175 324
1142 4731 210
1143 3518 360
1144 1218 298
1145 48 381
1146 0 -1
1147 2673 363
1148 2587 273
1149 4422 210
1150 963 422
1151 5207 624
1152 4899 413
1153 3706 259
1154 2926 208
1155 417 385
1156 4336 376
1157 0 -1
1158 5997 228
1159 19 377
1160 5949 318
1161 3356 365
1162 5736 318
1163 4109 277
1164 2844 353
1165 85 343
1166 4896 384
1167 4596 294
1168 5847 257
1169 2063 334
1170 5327 362
1171 5258 302
1172 4044 290
1173 5210 211
1174 5699 343
1175 1354 253
1176 473 390
1177 2799 340
1178 2063 293
1179 1344 302
1180 4362 336
1181 1144 329
1182 2095 313
1183 236 231
1184 2990 386
1185 4339 285
1186 1659 245
1187 325 235
1188 275 407
1189 3258 272
1190 3158 483
1191 3128 247
1192 5862 358
1193 6555 279
1194 4989 231
1195 2254 293
1196 6066 266
1197 4904 284
1198 349 361
1199 3953 373
1200 1045 414
1201 5082 341
1202 4731 214
1203 4667 475
1204 4294 402
1205 5088 364
1206 865 270
1207 5159 342
1208 5003 328
1209 3016 244
1210 6114 318
1211 2120 219
1212 1267 290
1213 5214 200
1214 2683 291
1215 19 334
1216 3926 517
1217 3527 526
1218 3170 293
1219 3860 401
1220 3540 236
1221 407 349
1222 167 320
1223 6366 445
1224 3022 294
1225 2833 316
1226 5650 338
1227 2904 268
1228 6076 324
1229 3247 346
1230 2422 278
1231 0 -1
1232 5723 342
1233 0 -1
1234 5934 371
1235 854 348
1236 2791 304
1237 3475 255
1238 1347 224
1239 1856 348
1240 2985 292
1241 1895 327
1242 3295 348
1243 6217 209
1244 355 373
1245 0 -1
1246 4316 456
1247 3192 333
1248 5709 423
1249 4057 264
1250 5545 234
1251 4322 314
1252 2556 501
1253 4591 231
1254 3003 408
1255 4910 305
1256 6371 488
1257 5668 318
1258 4476 366
1259 3235 412
1260 2890 166
1261 2403 364
1262 6509 423
1263 5053 470
1264 5225 433
1265 835 270
1266 2580 412
1267 2111 247
1268 174 339
1269 937 372
1270 3302 273
1271 1284 304
1272 3063 270
1273 2743 222
1274 2880 354
1275 782 520
1276 2803 263
1277 1527 193
1278 4489 306
1279 6121 430
1280 2769 378
1281 1724 383
1282 1655 489
1283 1471 282
1284 6526 288
1285 3764 476
1286 1509 411
1287 2731 273
1288 1827 238
1289 1278 317
1290 1174 379
1291 4368 350
1292 1334 230
1293 6322 299
1294 5877 322
1295 6119 292
1296 2401 319
1297 0 -1
1298 6531 409
1299 3208 373
1300 5853 349
1301 4604 295
1302 2193 348
1303 3316 424
1304 389 298
1305 0 -1
1306 2138 328
1307 6296 189
1308 4762 337
1309 5605 506
1310 4291 224
1311 4723 193
1312 947 267
1313 2297 215
1314 4246 343
1315 581 402
1316 0 -1
1317 3503 315
1318 5632 420
1319 1822 361
1320 1622 273
1321 5884 284
1322 5366 355
1323 186 275
1324 0 -1
1325 1719 384
1326 1405 278
1327 6305 383
1328 5735 439
1329 3651 329
1330 719 404
1331 4471 381
1332 0 -1
1333 4283 305
1334 90 141
1335 1395 305
1336 4554 347
1337 6110 273
1338 3782 374
1339 1228 429
1340 741 323
1341 912 281
1342 1525 270
1343 17 345
1344 2890 239
1345 5627 413
1346 6508 349
1347 6547 195
1348 1124 263
1349 3534 497
1350 5259 255
1351 3216 278
1352 5277 300
1353 1968 174
1354 2805 239
1355 5755 326
1356 2016 303
1357 3119 278
1358 694 310
1359 0 -1
1360 1372 211
1361 4482 338
1362 3640 468
1363 1131 242
1364 2868 406
1365 2981 374
1366 3445 313
1367 1136 436
1368 5127 249
1369 5956 416
1370 1083 295
1371 1537 461
1372 2921 142
1373 436 188
1374 4631 383
1375 4939 412
1376 0 -1
1377 4329 387
1378 0 -1
1379 6402 372
1380 0 -1
1381 416 344
1382 5232 452
1383 1351 314
1384 6021 331
1385 470 263
1386 1731 367
1387 3541 216
1388 886 335
1389 156 347
1390 4444 390
1391 4283 271
1392 4133 338
1393 4198 305
1394 3958 480
1395 312 245
1396 5360 324
1397 6174 362
1398 3637 449
1399 3939 411
1400 2186 462
1401 1293 309
1402 1066 341
1403 2342 303
1404 3862 271
1405 5214 268
1406 4606 488
1407 1166 416
1408 2726 280
1409 4640 276
1410 6297 241
1411 0 -1
1412 1932 277
1413 2172 377
1414 0 -1
1415 3108 280
1416 6361 289
1417 443 421
1418 252 300
1419 3862 353
1420 3118 306
1421 947 361
1422 0 -1
1423 5352 322
1424 4035 259
1425 3106 322
1426 849 288
1427 1933 278
1428 2645 485
1429 906 271
1430 4780 209
1431 2152 373
1432 5050 301
1433 5619 369
1434 506 385
1435 504 349
1436 3629 296
1437 3386 433
1438 0 -1
1439 6340 218
1440 2770 370
1441 884 267
1442 236 276
1443 3888 302
1444 3952 423
1445 3647 324
1446 5575 289
1447 1313 246
1448 3953 380
1449 885 327
1450 1987 337
1451 3169 314
1452 5140 297
1453 4862 250
1454 4778 371
1455 0 -1
1456 2338 242
1457 2130 351
1458 2794 333
1459 4700 216
1460 2005 432
1461 834 290
1462 709 289
1463 2147 348
1464 1739 186
1465 3675 407
1466 5547 260
1467 3027 536
1468 726 250
1469 2069 293
1470 5106 399
1471 6547 237
1472 3044 346
1473 562 168
1474 5411 338
1475 158 348
1476 5531 326
1477 3121 345
1478 6454 334
1479 3845 333
1480 5848 276
1481 3063 280
1482 1559 357
1483 5700 295
1484 1937 504
1485 0 -1
1486 2683 300
1487 6537 249
1488 3208 402
1489 4896 343
1490 1877 383
1491 4887 326
1492 0 -1
1493 0 -1
1494 0 -1
1495 3005 400
1496 1369 450
1497 4924 420
1498 280 356
1499 4522 373
1500 1525 357
1501 5681 385
1502 1428 540
1503 3226 240
1504 85 337
1505 5314 230
1506 2170 261
1507 3876 304
1508 6342 296
1509 6512 368
1510 3091 305
1511 6255 328
1512 5494 319
1513 6459 301
1514 480 415
1515 5366 383
1516 6213 319
1517 4852 348
1518 6436 359
1519 909 217
1520 0 -1
1521 4974 507
1522 6399 344
1523 0 -1
1524 2518 418
1525 3602 255
1526 5447 197
1527 1260 170
1528 4329 424
1529 2372 320
1530 3691 208
1531 2534 236
1532 4088 432
1533 6010 464
1534 1276 303
1535 3432 400
1536 5546 320
1537 335 416
1538 4875 253
1539 1071 346
1540 6393 257
1541 4914 278
1542 5856 257
1543 6133 293
1544 3598 351
1545 3950 427
1546 0 -1
1547 1026 304
1548 74 274
1549 4855 410
1550 1224 308
1551 5131 347
1552 5156 201
1553 858 279
1554 5913 183
1555 0 -1
1556 4248 350
1557 3800 438
1558 5570 383
1559 3347 329
1560 6412 382
1561 5447 190
1562 5521 195
1563 2406 268
1564 1583 402
1565 0 -1
1566 6492 389
1567 4187 410
1568 0 -1
1569 5583 308
1570 3152 413
1571 5394 351
1572 4737 361
1573 356 388
1574 865 271
1575 4633 421
1576 5085 289
1577 4412 484
1578 3022 246
1579 0 -1
1580 4721 427
1581 2635 445
1582 5698 354
1583 5615 302
1584 6574 313
1585 1531 295
1586 1860 200
1587 6174 331
1588 26 417
1589 213 278
1590 1237 288
1591 2315 293
1592 1917 413
1593 1056 452
1594 6434 307
1595 3548 263
1596 90 238
1597 1601 361
1598 3927 297
1599 6467 292
1600 4836 403
1601 3315 256
1602 1833 381
1603 2344 359
1604 3662 323
1605 6144 378
1606 2535 364
1607 4980 380
1608 736 233
1609 4990 311
1610 4331 290
1611 0 -1
1612 77 285
1613 4633 342
1614 3643 397
1615 4725 450
1616 1223 528
1617 130 482
1618 5291 189
1619 2480 305
1620 5331 362
1621 468 413
1622 1459 227
1623 3798 384
1624 2425 387
1625 1746 453
1626 2570 418
1627 5238 376
1628 2382 278
1629 3063 284
1630 5127 293
1631 6537 310
1632 1423 427
1633 5870 407
1634 2818 358
1635 3916 264
1636 1446 352
1637 603 286
1638 2730 442
1639 2115 392
1640 271 295
1641 4795 341
1642 2729 420
1643 5225 372
1644 3601 368
1645 359 299
1646 4159 297
1647 6076 346
1648 3693 288
1649 0 -1
1650 4279 417
1651 5860 323
1652 5225 366
1653 5526 349
1654 846 483
1655 1059 386
1656 3020 366
1657 784 316
1658 4273 295
1659 1983 196
1660 2784 397
1661 793 319
1662 2090 265
1663 983 145
1664 449 315
1665 66 434
1666 6106 303
1667 5738 320
1668 3783 362
1669 2774 375
1670 3351 236
1671 0 -1
1672 1941 290
1673 65 233
1674 5969 164
1675 1582 396
1676 3772 366
1677 5220 284
1678 2543 318
1679 5077 251
1680 3317 305
1681 4251 299
1682 1807 367
1683 4723 272
1684 3038 365
1685 5904 242
1686 5490 296
1687 1888 371
1688 2587 298
1689 0 -1
1690 491 153
1691 6598 341
1692 4505 237
1693 1153 292
1694 5116 305
1695 1130 294
1696 1238 318
1697 6526 329
1698 244 276
1699 5933 376
1700 4368 315
1701 1941 272
1702 795 383
1703 4713 321
1704 4631 389
1705 2434 265
1706 857 422
1707 6014 324
1708 2419 282
1709 3511 309
1710 1007 276
1711 6172 381
1712 879 321
1713 6398 393
1714 1756 366
1715 5783 266
1716 0 -1
1717 0 -1
1718 5777 324
1719 6066 265
1720 6367 327
1721 3475 222
1722 6511 325
1723 2824 357
1724 6100 342
1725 699 263
1726 3068 400
1727 6218 230
1728 4481 250
1729 1481 392
1730 709 341
1731 109 321
1732 6072 262
1733 4479 354
1734 1925 479
1735 0 -1
1736 954 434
1737 6110 273
1738 6346 350
1739 1860 182
1740 3405 382
1741 3799 321
1742 4687 391
1743 6245 442
1744 2562 271
1745 2924 313
1746 4263 395
1747 0 -1
1748 3598 266
1749 5301 371
1750 2694 127
1751 2571 427
1752 3918 405
1753 0 -1
1754 482 278
1755 6133 255
1756 3862 294
1757 5430 306
1758 2056 303
1759 2106 297
1760 4006 267
1761 2446 411
1762 470 263
1763 2865 231
1764 1601 328
1765 0 -1
1766 1272 385
1767 4254 315
1768 5077 225
1769 4450 387
1770 6063 335
1771 0 -1
1772 0 -1
1773 3034 192
1774 2921 164
1775 137 499
1776 1408 308
1777 6495 337
1778 6165 277
1779 1206 306
1780 2509 418
1781 2142 381
1782 4745 416
1783 4128 404
1784 4873 295
1785 4912 314
1786 1405 334
1787 3459 280
1788 2359 322
1789 4754 348
1790 1194 280
1791 1662 298
1792 1097 277
1793 1350 335
1794 5823 388
1795 2135 303
1796 2141 392
1797 4036 526
1798 0 -1
1799 0 -1
1800 0 -1
1801 0 -1
1802 2615 347
1803 1124 194
1804 3087 278
1805 563 327
1806 6297 291
1807 6535 259
1808 698 392
1809 4790 231
1810 4610 345
1811 108 348
1812 274 306
1813 983 130
1814 4150 290
1815 3363 390
1816 3049 397
1817 1691 356
1818 2063 332
1819 3158 450
1820 0 -1
1821 5695 365
1822 5065 324
1823 628 363
1824 4098 406
1825 5447 231
1826 1043 363
1827 685 236
1828 713 326
1829 5701 319
1830 3325 232
1831 5162 227
1832 0 -1
1833 5923 295
1834 3265 384
1835 4966 462
1836 354 417
1837 136 383
1838 312 294
1839 3293 493
1840 5166 225
1841 5367 539
1842 5208 181
1843 6232 307
1844 0 -1
1845 3128 286
1846 5115 220
1847 3084 164
1848 5934 347
1849 2608 324
1850 5324 326
1851 6152 331
1852 1715 329
1853 614 276
1854 3764 385
1855 3166 321
1856 2565 336
1857 1333 368
1858 5999 327
1859 5209 280
1860 2590 174
1861 6411 352
1862 2918 408
1863 828 364
1864 5159 363
1865 2889 401
1866 4425 463
1867 2259 280
1868 1131 268
1869 5404 226
1870 5397 364
1871 3876 232
1872 5109 332
1873 3701 279
1874 1892 383
1875 3232 375
1876 0 -1
1877 2114 292
1878 1119 300
1879 4386 248
1880 6080 43
1881 0 -1
1882 6427 361
1883 2752 368
1884 5949 303
1885 4315 378
1886 0 -1
1887 316 364
1888 4003 349
1889 3343 412
1890 3594 429
1891 2045 354
1892 4065 338
1893 1618 243
1894 4499 531
1895 2067 287
1896 6247 290
1897 6531 346
1898 2820 298
1899 0 -1
1900 6336 117
1901 4068 335
1902 1153 298
1903 3659 384
1904 1519 323
1905 1173 264
1906 0 -1
1907 161 167
1908 2328 391
1909 5856 227
1910 6321 409
1911 6374 398
1912 4837 103
1913 0 -1
1914 3007 366
1915 2004 320
1916 5905 291
1917 6511 341
1918 293 302
1919 2631 383
1920 636 398
1921 5774 448
1922 1708 305
1923 5156 270
1924 4440 376
1925 3755 376
1926 359 285
1927 2111 254
1928 678 241
1929 1845 288
1930 5897 214
1931 211 392
1932 1439 255
1933 834 257
1934 3432 384
1935 3369 296
1936 6492 298
1937 4857 499
1938 3414 318
1939 1016 352
1940 4173 337
1941 2236 204
1942 323 393
1943 2436 153
1944 1618 264
1945 3356 366
1946 5385 560
1947 2568 406
1948 2194 408
1949 6467 308
1950 2746 424
1951 2552 273
1952 4910 264
1953 2295 405
1954 4782 399
1955 5542 551
1956 603 291
1957 5713 300
1958 0 -1
1959 3762 327
1960 3526 337
1961 3384 260
1962 5289 455
1963 5447 239
1964 6399 288
1965 0 -1
1966 6482 374
1967 0 -1
1968 281 145
1969 2231 378
1970 1023 272
1971 5793 635
1972 5639 361
1973 0 -1
1974 5815 301
1975 3214 317
1976 1468 312
1977 4306 407
1978 567 306
1979 6043 329
1980 6580 319
1981 436 220
1982 0 -1
1983 1372 195
1984 0 -1
1985 2240 252
1986 5596 355
1987 1368 268
1988 3188 469
1989 2890 267
1990 6375 449
1991 4150 341
1992 2267 325
1993 0 -1
1994 4598 321
1995 4750 256
1996 3596 258
1997 2507 304
1998 4441 321
1999 1000 273
2000 6394 291
2001 0 -1
2002 4727 227
2003 485 311
2004 4364 284
2005 6396 369
2006 0 -1
2007 5935 406
2008 1732 267
2009 5611 371
2010 1253 281
2011 0 -1
2012 5890 340
2013 2863 400
2014 5651 312
2015 5528 280
2016 5654 245
2017 1111 315
2018 1288 308
2019 3817 272
2020 5541 437
2021 5417 414
2022 5965 413
2023 2322 402
2024 6300 361
2025 487 337
2026 4620 293
2027 6466 203
2028 0 -1
2029 1293 318
2030 0 -1
2031 4004 359
2032 3305 236
2033 6492 353
2034 4471 320
2035 2993 360
2036 0 -1
2037 1304 385
2038 0 -1
2039 5649 306
2040 1853 381
2041 5044 340
2042 1898 312
2043 456 287
2044 2843 253
2045 864 281
2046 1500 379
2047 4006 279
2048 1393 352
2049 0 -1
2050 1193 384
2051 3797 378
2052 2787 292
2053 686 405
2054 1436 358
2055 2455 329
2056 4874 208
2057 373 122
2058 4416 379
2059 3974 375
2060 4798 328
2061 2099 366
2062 1178 306
2063 1739 280
2064 1255 339
2065 684 298
2066 5734 318
2067 4649 180
2068 884 250
2069 4008 231
2070 3628 370
2071 2745 514
2072 417 379
2073 6031 379
2074 4464 316
2075 5126 498
2076 0 -1
2077 2921 149
2078 3400 273
2079 5897 252
2080 2419 282
2081 5760 331
2082 4221 389
2083 4285 347
2084 3372 297
2085 4191 340
2086 3578 202
2087 634 447
2088 6066 279
2089 1323 347
2090 80 264
2091 5419 395
2092 3513 479
2093 3814 269
2094 463 126
2095 1202 298
2096 0 -1
2097 421 354
2098 4159 253
2099 3958 365
2100 6247 319
2101 2236 230
2102 3892 276
2103 5665 94
2104 396 272
2105 6054 293
2106 1473 182
2107 547 387
2108 3994 318
2109 4812 376
2110 2027 251
2111 4793 244
2112 1651 331
2113 3132 530
2114 1552 210
2115 1294 364
2116 725 304
2117 5308 325
2118 6455 359
2119 5140 395
2120 2382 175
2121 5401 496
2122 4697 227
2123 6239 352
2124 2685 470
2125 1452 334
2126 4302 312
2127 5516 285
2128 0 -1
2129 848 328
2130 6133 307
2131 5597 279
2132 3695 460
2133 1240 345
2134 6315 368
2135 2940 265
2136 4987 283
2137 5236 334
2138 3351 208
2139 3325 322
2140 4899 355
2141 821 330
2142 764 363
2143 714 437
2144 1912 112
2145 3044 308
2146 5785 359
2147 3473 309
2148 1469 382
2149 3258 332
2150 5729 382
2151 348 335
2152 1809 340
2153 3204 252
2154 1576 310
2155 6297 331
2156 865 312
2157 6382 328
2158 430 368
2159 1505 334
2160 3927 241
2161 4166 434
2162 3968 277
2163 1135 413
2164 2784 314
2165 4302 306
2166 602 111
2167 5065 259
2168 1209 248
2169 0 -1
2170 186 251
2171 3302 319
2172 4226 371
2173 1356 333
2174 3436 330
2175 2725 240
2176 5651 296
2177 22 426
2178 640 355
2179 4138 417
2180 3258 311
2181 6244 249
2182 1166 423
2183 1936 333
2184 5794 373
2185 2593 284
2186 3214 351
2187 3229 181
2188 4118 368
2189 4428 286
2190 6297 288
2191 5208 288
2192 602 76
2193 916 321
2194 3018 380
2195 3638 271
2196 6091 492
2197 0 -1
2198 6100 382
2199 2789 448
2200 170 348
2201 4793 312
2202 2353 364
2203 3049 424
2204 4048 444
2205 3311 270
2206 2024 403
2207 1105 493
2208 5694 404
2209 0 -1
2210 2887 330
2211 725 324
2212 5650 354
2213 3336 603
2214 3912 410
2215 587 260
2216 797 423
2217 2748 282
2218 0 -1
2219 2297 323
2220 5329 444
2221 4147 355
2222 5886 328
2223 3889 375
2224 1162 373
2225 108 317
2226 5687 253
2227 2418 305
2228 5104 462
2229 5520 480
2230 0 -1
2231 2602 330
2232 0 -1
2233 848 312
2234 3037 311
2235 5861 513
2236 1334 185
2237 784 270
2238 4426 347
2239 2729 356
2240 3717 209
2241 4758 218
2242 4085 528
2243 4987 283
2244 773 166
2245 2157 368
2246 2314 383
2247 6110 324
2248 293 337
2249 1405 322
2250 4291 203
2251 0 -1
2252 3502 346
2253 4311 363
2254 6341 220
2255 1884 315
2256 0 -1
2257 3186 454
2258 3794 389
2259 2838 278
2260 6201 341
2261 5755 298
2262 3603 203
2263 0 -1
2264 4322 363
2265 0 -1
2266 4122 380
2267 6435 252
2268 5288 259
2269 5946 444
2270 2465 293
2271 2647 354
2272 3157 308
2273 900 400
2274 6001 316
2275 373 211
2276 5675 247
2277 933 491
2278 0 -1
2279 275 344
2280 4911 345
2281 1544 445
2282 5745 361
2283 0 -1
2284 0 -1
2285 1468 325
2286 1289 332
2287 5465 458
2288 5962 341
2289 0 -1
2290 3450 371
2291 6451 298
2292 0 -1
2293 938 441
2294 2400 298
2295 2431 398
2296 5105 302
2297 5516 205
2298 2144 225
2299 4006 300
2300 1622 241
2301 3862 275
2302 4914 306
2303 0 -1
2304 3629 267
2305 2174 368
2306 605 370
2307 4964 231
2308 491 174
2309 3141 431
2310 1427 278
2311 1831 228
2312 963 339
2313 5830 359
2314 4031 374
2315 550 288
2316 6165 301
2317 2500 282
2318 372 367
2319 6392 185
2320 2760 281
2321 446 400
2322 425 338
2323 2417 356
2324 561 276
2325 3224 302
2326 3256 259
2327 6371 430
2328 5159 347
2329 3033 320
2330 230 343
2331 4651 406
2332 4281 273
2333 4445 357
2334 5736 279
2335 14 325
2336 169 353
2337 983 121
2338 20 240
2339 747 367
2340 3282 373
2341 38 305
2342 2345 268
2343 1144 301
2344 421 359
2345 2528 174
2346 5339 410
2347 3170 303
2348 3448 419
2349 1870 401
2350 5675 240
2351 1418 317
2352 1536 418
2353 5182 275
2354 1271 331
2355 837 110
2356 6051 284
2357 4420 293
2358 648 246
2359 3603 215
2360 1725 342
2361 5156 206
2362 5982 348
2363 4282 297
2364 6113 371
2365 4302 253
2366 33 356
2367 254 375
2368 6536 398
2369 4686 282
2370 1382 486
2371 5516 281
2372 5045 278
2373 5069 311
2374 807 405
2375 3194 411
2376 3009 225
2377 2724 370
2378 6219 403
2379 2668 360
2380 601 407
2381 0 -1
2382 5950 167
2383 6595 177
2384 0 -1
2385 4304 281
2386 3005 372
2387 5482 352
2388 6150 425
2389 5074 288
2390 5346 333
2391 5910 297
2392 3406 375
2393 0 -1
2394 2752 311
2395 3482 263
2396 6447 306
2397 1960 430
2398 0 -1
2399 2936 484
2400 1541 283
2401 5700 318
2402 0 -1
2403 6196 273
2404 0 -1
2405 6520 353
2406 5162 247
2407 5375 338
2408 2940 210
2409 174 294
2410 5082 261
2411 0 -1
2412 1395 249
2413 2819 417
2414 1277 288
2415 0 -1
2416 0 -1
2417 5523 339
2418 865 252
2419 3832 178
2420 6054 269
2421 2337 159
2422 4806 211
2423 1183 255
2424 1036 438
2425 2090 348
2426 5010 300
2427 1998 329
2428 1983 272
2429 1707 367
2430 845 326
2431 189 288
2432 527 396
2433 6570 404
2434 5138 256
2435 1125 323
2436 3900 153
2437 1557 533
2438 135 240
2439 3951 313
2440 308 301
2441 5669 275
2442 5908 252
2443 3985 333
2444 2816 260
2445 3925 360
2446 3380 325
2447 517 445
2448 470 255
2449 1985 282
2450 6285 342
2451 3515 278
2452 0 -1
2453 2174 339
2454 1859 361
2455 5182 311
2456 3108 338
2457 385 356
2458 5310 386
2459 5617 423
2460 4442 346
2461 2578 330
2462 627 383
2463 0 -1
2464 6279 374
2465 1186 293
2466 2131 308
2467 3855 364
2468 3195 545
2469 6523 386
2470 3348 385
2471 0 -1
2472 4980 336
2473 1501 398
2474 2508 361
2475 680 318
2476 6285 367
2477 2656 316
2478 2688 320
2479 5421 326
2480 1618 277
2481 5138 273
2482 4317 381
2483 5340 330
2484 6543 234
2485 3233 294
2486 1028 349
2487 1250 334
2488 4949 425
2489 2985 217
2490 4663 337
2491 5178 495
2492 5141 434
2493 0 -1
2494 2465 413
2495 4804 358
2496 3784 382
2497 2352 477
2498 3388 79
2499 0 -1
2500 5984 282
2501 3997 306
2502 909 286
2503 10 358
2504 4939 392
2505 4916 337
2506 6133 240
2507 3099 301
2508 3713 300
2509 5623 347
2510 0 -1
2511 3022 310
2512 98 461
2513 2581 373
2514 34 325
2515 888 361
2516 4757 340
2517 5778 367
2518 2362 372
2519 0 -1
2520 2914 415
2521 5968 413
2522 2259 343
2523 2345 282
2524 147 330
2525 2900 417
2526 3731 416
2527 0 -1
2528 3478 160
2529 6148 223
2530 3600 317
2531 3040 249
2532 1395 311
2533 679 391
2534 983 121
2535 1774 253
2536 412 353
2537 5459 331
2538 3288 311
2539 5806 291
2540 3779 255
2541 3288 410
2542 5553 360
2543 108 317
2544 0 -1
2545 2315 288
2546 539 461
2547 705 304
2548 6330 256
2549 2774 325
2550 5932 332
2551 0 -1
2552 3977 210
2553 5300 327
2554 3520 316
2555 3032 364
2556 3024 412
2557 5285 242
2558 6360 335
2559 5072 235
2560 5123 376
2561 6048 346
2562 3837 271
2563 2457 376
2564 953 347
2565 5211 260
2566 5312 336
2567 110 334
2568 1442 303
2569 628 374
2570 1693 364
2571 754 314
2572 9 350
2573 4390 449
2574 2860 521
2575 3072 368
2576 3179 312
2577 5143 311
2578 433 297
2579 3151 412
2580 3673 325
2581 1893 264
2582 3708 392
2583 6412 416
2584 4498 364
2585 2187 267
2586 1813 166
2587 2921 179
2588 3873 360
2589 1177 351
2590 3388 125
2591 889 466
2592 3604 505
2593 3902 264
2594 3360 337
2595 1902 341
2596 5002 545
2597 5123 273
2598 0 -1
2599 0 -1
2600 6227 480
2601 1441 282
2602 3019 325
2603 2871 397
2604 0 -1
2605 6555 307
2606 3583 278
2607 2374 405
2608 540 317
2609 44 267
2610 3112 161
2611 4137 241
2612 4803 349
2613 4576 329
2614 4925 376
2615 1563 283
2616 4664 363
2617 4082 280
2618 636 403
2619 0 -1
2620 3528 240
2621 6020 359
2622 2539 339
2623 0 -1
2624 0 -1
2625 264 318
2626 483 253
2627 678 283
2628 4014 319
2629 4078 290
2630 2268 331
2631 2227 367
2632 1740 456
2633 1253 276
2634 398 393
2635 6511 329
2636 902 429
2637 5410 235
2638 999 276
2639 4408 384
2640 383 390
2641 793 409
2642 2744 365
2643 2353 341
2644 1327 419
2645 4252 370
2646 5348 434
2647 1635 351
2648 2081 442
2649 5020 283
2650 1692 335
2651 0 -1
2652 214 311
2653 5131 299
2654 6349 339
2655 1441 337
2656 3762 308
2657 4261 377
2658 0 -1
2659 4484 435
2660 0 -1
2661 611 295
2662 4823 314
2663 1875 436
2664 2130 310
2665 179 315
2666 2097 397
2667 5256 281
2668 5028 266
2669 127 300
2670 5310 336
2671 962 228
2672 343 370
2673 5840 350
2674 4378 282
2675 6426 369
2676 3489 297
2677 2553 334
2678 530 339
2679 3966 385
2680 140 485
2681 1885 392
2682 3417 437
2683 346 272
2684 1212 357
2685 2325 381
2686 3839 327
2687 1022 341
2688 4420 278
2689 5947 268
2690 3022 325
2691 2797 429
2692 836 389
2693 2711 356
2694 1 113
2695 216 508
2696 4302 237
2697 6188 308
2698 5604 337
2699 281 153
2700 5554 333
2701 5567 318
2702 3800 354
2703 0 -1
2704 5829 402
2705 6265 366
2706 5168 339
2707 0 -1
2708 1970 302
2709 5552 428
2710 0 -1
2711 3450 334
2712 1476 352
2713 2962 287
2714 423 262
2715 4804 276
2716 5639 287
2717 3976 246
2718 4359 364
2719 3114 286
2720 293 301
2721 0 -1
2722 5142 324
2723 6256 396
2724 3833 351
2725 3172 222
2726 5221 249
2727 370 362
2728 2173 333
2729 2414 341
2730 2174 417
2731 4905 194
2732 4458 355
2733 5631 327
2734 1499 427
2735 3331 244
2736 3932 230
2737 4874 196
2738 3537 298
2739 5969 218
2740 3499 420
2741 4837 99
2742 3361 564
2743 2534 144
2744 108 295
2745 5628 440
2746 4486 312
2747 4446 265
2748 1124 225
2749 4543 385
2750 152 496
2751 4303 418
2752 3707 300
2753 489 390
2754 6332 373
2755 5402 350
2756 6026 213
2757 5771 326
2758 2181 249
2759 5696 301
2760 5127 229
2761 563 346
2762 3510 337
2763 6407 266
2764 3603 215
2765 2731 267
2766 323 379
2767 3600 372
2768 2998 370
2769 3443 364
2770 5408 331
2771 6086 389
2772 2085 386
2773 6540 487
2774 3072 293
2775 1436 378
2776 5559 316
2777 3837 303
2778 3310 341
2779 887 334
2780 2562 345
2781 5253 337
2782 47 702
2783 3078 320
2784 4495 299
2785 5072 289
2786 106 296
2787 3874 291
2788 4014 263
2789 1804 334
2790 3811 363
2791 827 298
2792 1767 351
2793 5518 393
2794 3818 299
2795 3558 364
2796 163 267
2797 5251 318
2798 2565 326
2799 2605 330
2800 4794 313
2801 845 344
2802 2319 260
2803 1813 196
2804 5939 338
2805 2741 173
2806 1960 407
2807 0 -1
2808 5708 305
2809 1739 202
2810 3932 264
2811 853 352
2812 2490 362
2813 2916 296
2814 2963 342
2815 348 255
2816 1983 238
2817 6493 291
2818 5423 327
2819 2905 306
2820 1023 272
2821 0 -1
2822 228 387
2823 4424 344
2824 3556 296
2825 0 -1
2826 314 339
2827 1353 237
2828 3440 390
2829 1968 254
2830 4650 357
2831 2513 392
2832 3352 391
2833 5445 287
2834 2562 279
2835 3976 277
2836 1230 292
2837 4768 292
2838 3945 265
2839 3497 350
2840 6407 335
2841 959 445
2842 4389 382
2843 1663 168
2844 2796 286
2845 696 203
2846 4344 314
2847 1612 305
2848 213 350
2849 0 -1
2850 0 -1
2851 3412 256
2852 1226 359
2853 5345 252
2854 5903 480
2855 5533 403
2856 4655 210
2857 6456 286
2858 4554 401
2859 5917 281
2860 198 442
2861 1372 158
2862 2057 196
2863 5630 396
2864 2785 292
2865 2741 177
2866 3783 369
2867 4403 372
2868 1553 368
2869 5090 651
2870 781 345
2871 1449 388
2872 1108 415
2873 750 360
2874 1472 352
2875 0 -1
2876 4288 333
2877 5054 323
2878 4753 328
2879 6300 339
2880 1768 288
2881 369 312
2882 5431 344
2883 5481 270
2884 537 356
2885 6008 426
2886 4090 387
2887 897 329
2888 2727 408
2889 5336 298
2890 240 157
2891 6024 260
2892 3995 438
2893 462 534
2894 2768 393
2895 1096 327
2896 5981 352
2897 2337 184
2898 4051 391
2899 832 252
2900 3322 397
2901 5295 366
2902 1251 317
2903 1688 416
2904 5908 184
2905 6189 306
2906 4901 208
2907 2775 395
2908 1092 289
2909 4583 313
2910 4878 345
2911 4205 286
2912 6343 269
2913 0 -1
2914 2633 347
2915 469 361
2916 755 259
2917 321 288
2918 2483 358
2919 3812 487
2920 6078 294
2921 373 122
2922 0 -1
2923 4584 399
2924 3587 250
2925 5913 246
2926 1311 204
2927 0 -1
2928 3999 366
2929 4588 301
2930 5010 276
2931 1608 268
2932 1857 369
2933 339 298
2934 353 438
2935 4955 304
2936 6497 431
2937 5664 327
2938 4758 201
2939 3909 335
2940 15 205
2941 6039 277
2942 4116 356
2943 3913 363
2944 1124 215
2945 4269 359
2946 6543 266
2947 6113 377
2948 3560 501
2949 6148 310
2950 760 248
2951 4011 358
2952 2514 386
2953 4480 323
2954 116 270
2955 1842 293
2956 6328 290
2957 5451 340
2958 3022 280
2959 5670 441
2960 4804 295
2961 1128 329
2962 5220 283
2963 4605 262
2964 5675 192
2965 2959 468
2966 5907 334
2967 3491 304
2968 6416 384
2969 1069 391
2970 0 -1
2971 799 350
2972 6485 342
2973 2187 275
2974 5545 198
2975 1961 327
2976 4698 323
2977 3244 322
2978 108 329
2979 934 336
2980 1447 268
2981 4599 347
2982 2464 385
2983 5694 325
2984 0 -1
2985 1561 197
2986 4869 362
2987 3033 357
2988 1930 290
2989 3661 294
2990 3492 278
2991 5680 313
2992 3473 344
2993 4672 346
2994 3553 422
2995 3074 351
2996 2861 188
2997 2092 506
2998 2829 332
2999 0 -1
3000 4610 350
3001 3760 188
3002 1573 493
3003 751 393
3004 435 294
3005 5189 358
3006 4356 357
3007 96 323
3008 1094 266
3009 3876 222
3010 3457 289
3011 0 -1
3012 350 385
3013 835 255
3014 1335 410
3015 2105 345
3016 3897 187
3017 4232 350
3018 291 292
3019 1320 279
3020 4227 288
3021 4862 268
3022 386 240
3023 1433 459
3024 3778 324
3025 705 289
3026 0 -1
3027 5260 424
3028 0 -1
3029 1144 306
3030 2056 240
3031 2406 251
3032 641 306
3033 5127 276
3034 1774 173
3035 0 -1
3036 4941 500
3037 6466 243
3038 5054 309
3039 5453 495
3040 2906 208
3041 2652 342
3042 4377 262
3043 4561 349
3044 346 298
3045 6466 243
3046 6024 297
3047 365 294
3048 2245 453
3049 4155 368
3050 5120 239
3051 3778 337
3052 0 -1
3053 5636 386
3054 0 -1
3055 2267 282
3056 4633 348
3057 6160 356
3058 1616 600
3059 112 350
3060 3527 453
3061 2996 301
3062 5651 350
3063 808 251
3064 4510 383
3065 0 -1
3066 6240 299
3067 3170 336
3068 905 332
3069 1172 362
3070 5582 289
3071 5400 391
3072 2924 251
3073 2817 402
3074 4950 348
3075 3493 319
3076 2744 301
3077 614 283
3078 4988 304
3079 100 394
3080 2559 316
3081 1831 323
3082 0 -1
3083 672 485
3084 602 72
3085 4031 419
3086 608 338
3087 2609 270
3088 751 376
3089 0 -1
3090 6455 304
3091 5687 277
3092 4583 283
3093 647 328
3094 1809 285
3095 5869 324
3096 4806 189
3097 1082 265
3098 2383 248
3099 3255 224
3100 5949 297
3101 5308 309
3102 1186 301
3103 3255 293
3104 0 -1
3105 1833 361
3106 637 229
3107 4723 281
3108 2862 222
3109 5114 183
3110 0 -1
3111 0 -1
3112 6336 139
3113 5614 215
3114 784 258
3115 2210 342
3116 6242 321
3117 3488 398
3118 32 296
3119 5399 257
3120 5245 390
3121 3255 263
3122 4943 306
3123 3439 450
3124 0 -1
3125 3679 433
3126 5856 332
3127 0 -1
3128 773 242
3129 2988 385
3130 0 -1
3131 3142 322
3132 1723 418
3133 3467 329
3134 6205 273
3135 1732 274
3136 2571 431
3137 2165 353
3138 5678 445
3139 443 409
3140 4875 272
3141 950 363
3142 4291 296
3143 0 -1
3144 1464 240
3145 4283 351
3146 487 300
3147 0 -1
3148 3768 388
3149 5348 335
3150 3686 306
3151 5519 337
3152 3551 391
3153 2889 370
3154 3327 393
3155 4866 322
3156 6404 338
3157 3094 301
3158 84 413
3159 690 349
3160 3347 401
3161 543 406
3162 0 -1
3163 5944 400
3164 5691 502
3165 5426 419
3166 2897 223
3167 5726 321
3168 0 -1
3169 3959 275
3170 1360 271
3171 1196 283
3172 3905 114
3173 3524 345
3174 4897 332
3175 3890 353
3176 4595 345
3177 3561 459
3178 1229 399
3179 5516 278
3180 5788 294
3181 2475 379
3182 5952 270
3183 784 274
3184 5561 360
3185 530 313
3186 2354 344
3187 6451 308
3188 2055 352
3189 805 309
3190 5059 440
3191 0 -1
3192 3593 308
3193 2809 272
3194 3837 332
3195 1188 501
3196 3593 333
3197 6004 411
3198 5421 380
3199 0 -1
3200 3951 314
3201 1021 278
3202 4829 382
3203 3647 397
3204 5350 207
3205 3877 422
3206 0 -1
3207 174 360
3208 4214 333
3209 3135 275
3210 598 225
3211 4913 293
3212 6538 496
3213 4955 326
3214 1363 287
3215 6161 294
3216 4988 216
3217 0 -1
3218 6134 491
3219 6225 349
3220 440 372
3221 96 346
3222 4948 443
3223 4670 397
3224 3334 285
3225 2195 335
3226 3106 230
3227 3362 360
3228 3701 350
3229 1 79
3230 5554 315
3231 3673 385
3232 1212 312
3233 680 273
3234 1212 326
3235 4796 366
3236 60 396
3237 2360 461
3238 144 343
3239 1768 294
3240 4694 328
3241 0 -1
3242 1165 409
3243 1122 258
3244 1446 290
3245 3677 368
3246 0 -1
3247 4361 305
3248 6246 355
3249 39 386
3250 180 354
3251 4300 279
3252 1415 287
3253 1862 485
3254 5304 340
3255 75 176
3256 5809 223
3257 5122 343
3258 5818 249
3259 2873 369
3260 342 326
3261 4965 355
3262 24 340
3263 408 336
3264 4238 401
3265 2039 316
3266 3395 463
3267 485 298
3268 37 287
3269 6563 414
3270 2065 417
3271 0 -1
3272 5821 338
3273 2794 345
3274 413 359
3275 5321 296
3276 1017 327
3277 239 433
3278 4271 320
3279 4718 317
3280 4113 363
3281 2386 392
3282 4588 271
3283 553 301
3284 0 -1
3285 6543 266
3286 3055 327
3287 5310 363
3288 1283 311
3289 3545 539
3290 2254 294
3291 3617 202
3292 1507 358
3293 5093 393
3294 5773 360
3295 5012 279
3296 5811 725
3297 843 440
3298 4652 293
3299 1381 347
3300 2056 243
3301 736 308
3302 3437 243
3303 3982 456
3304 0 -1
3305 6324 214
3306 5399 265
3307 1167 325
3308 2571 377
3309 5949 301
3310 2925 291
3311 4284 243
3312 5297 212
3313 1204 443
3314 6216 319
3315 3617 173
3316 1214 308
3317 3412 211
3318 391 407
3319 2032 298
3320 2317 394
3321 3097 345
3322 2995 360
3323 6244 295
3324 3309 360
3325 2748 228
3326 3601 384
3327 5589 313
3328 3186 347
3329 1951 331
3330 5327 448
3331 4433 237
3332 3694 361
3333 1453 329
3334 1674 187
3335 569 383
3336 4179 502
3337 926 313
3338 312 326
3339 5521 252
3340 2655 401
3341 672 456
3342 676 366
3343 2191 298
3344 5566 267
3345 2774 384
3346 4114 344
3347 4125 325
3348 4126 291
3349 2041 346
3350 2015 282
3351 1912 199
3352 1206 271
3353 0 -1
3354 127 229
3355 261 360
3356 6576 345
3357 6441 287
3358 5114 184
3359 0 -1
3360 4767 256
3361 5968 451
3362 2063 308
3363 952 345
3364 4450 320
3365 94 489
3366 6043 335
3367 6227 541
3368 1690 213
3369 5741 264
3370 2998 434
3371 5679 366
3372 4116 259
3373 0 -1
3374 962 217
3375 3007 400
3376 2254 298
3377 6394 357
3378 1970 370
3379 4728 369
3380 1277 260
3381 1461 316
3382 6402 300
3383 609 370
3384 4979 244
3385 6176 309
3386 2185 355
3387 4293 386
3388 463 74
3389 1355 343
3390 2700 384
3391 1462 337
3392 0 -1
3393 1278 359
3394 5777 327
3395 6561 385
3396 5094 325
3397 576 330
3398 3044 311
3399 4428 280
3400 5883 244
3401 4154 268
3402 1646 395
3403 6342 327
3404 5100 387
3405 1651 347
3406 6110 331
3407 2365 328
3408 0 -1
3409 399 372
3410 487 338
3411 4785 449
3412 1943 211
3413 429 338
3414 3684 255
3415 5249 402
3416 3263 357
3417 116 326
3418 6470 322
3419 1873 311
3420 6206 375
3421 0 -1
3422 5818 314
3423 4723 214
3424 1864 384
3425 3598 282
3426 6039 282
3427 3377 387
3428 0 -1
3429 619 361
3430 395 389
3431 4533 346
3432 5726 340
3433 179 259
3434 5836 269
3435 3989 380
3436 1486 319
3437 5732 223
3438 4417 341
3439 4980 372
3440 298 335
3441 1469 319
3442 3573 344
3443 3384 313
3444 5371 559
3445 1313 223
3446 3918 340
3447 686 355
3448 5683 334
3449 4044 317
3450 557 319
3451 648 358
3452 5411 293
3453 6015 336
3454 3426 333
3455 4776 290
3456 3565 386
3457 4971 277
3458 4475 362
3459 4798 258
3460 5201 379
3461 2802 264
3462 5840 403
3463 3550 378
3464 6594 343
3465 0 -1
3466 2266 405
3467 5868 323
3468 1622 347
3469 2236 244
3470 3631 284
3471 5614 253
3472 2516 366
3473 3583 303
3474 4727 221
3475 696 183
3476 2788 373
3477 2357 296
3478 1912 142
3479 2643 385
3480 821 348
3481 3928 274
3482 1238 254
3483 4256 343
3484 1531 321
3485 0 -1
3486 6349 327
3487 642 248
3488 1791 362
3489 5214 241
3490 6206 335
3491 3119 281
3492 3750 220
3493 1168 318
3494 4284 253
3495 2914 430
3496 4418 327
3497 5259 258
3498 5142 295
3499 2627 352
3500 6099 514
3501 620 212
3502 3923 313
3503 4704 286
3504 5071 366
3505 1196 267
3506 83 409
3507 4643 323
3508 2122 320
3509 5203 367
3510 587 250
3511 619 276
3512 2376 254
3513 4384 479
3514 1605 383
3515 2827 256
3516 3550 331
3517 1744 317
3518 5287 267
3519 4065 317
3520 3106 233
3521 3771 349
3522 1972 366
3523 0 -1
3524 1080 253
3525 625 329
3526 4104 257
3527 5055 421
3528 5545 234
3529 221 479
3530 2795 389
3531 6131 507
3532 1480 359
3533 702 304
3534 5871 390
3535 1133 339
3536 533 388
3537 1076 277
3538 0 -1
3539 6345 328
3540 2856 231
3541 1526 213
3542 3401 361
3543 3209 342
3544 1267 334
3545 2634 474
3546 4478 320
3547 2481 361
3548 4758 232
3549 3291 237
3550 5179 286
3551 2039 317
3552 1557 454
3553 6448 385
3554 615 368
3555 0 -1
3556 342 249
3557 4025 367
3558 4916 356
3559 0 -1
3560 41 384
3561 5248 344
3562 1887 387
3563 6262 255
3564 365 273
3565 2342 348
3566 4622 457
3567 2062 380
3568 6435 252
3569 2998 334
3570 5980 381
3571 2170 265
3572 2934 484
3573 3867 294
3574 2305 453
3575 1968 216
3576 5227 382
3577 456 375
3578 4837 151
3579 2739 250
3580 1825 236
3581 5347 399
3582 2715 297
3583 3928 271
3584 6138 398
3585 3486 405
3586 4509 354
3587 2436 249
3588 6430 349
3589 2099 373
3590 5337 391
3591 2737 281
3592 1813 210
3593 3445 296
3594 5267 422
3595 4071 370
3596 4482 240
3597 4478 326
3598 5054 266
3599 0 -1
3600 3916 270
3601 1237 330
3602 2345 221
3603 620 195
3604 605 396
3605 5433 383
3606 1857 377
3607 5410 265
3608 1102 395
3609 913 335
3610 1473 242
3611 4011 350
3612 3486 429
3613 5285 254
3614 937 453
3615 5665 100
3616 6594 304
3617 6217 165
3618 2480 335
3619 5413 373
3620 2566 391
3621 2485 313
3622 0 -1
3623 4119 335
3624 2765 348
3625 470 365
3626 5908 262
3627 4384 461
3628 2722 353
3629 15 226
3630 6072 279
3631 2240 234
3632 3005 424
3633 2104 286
3634 3324 448
3635 3626 337
3636 6151 394
3637 856 443
3638 4304 247
3639 5935 353
3640 2462 430
3641 2360 348
3642 0 -1
3643 6226 292
3644 5645 562
3645 0 -1
3646 1629 354
3647 1373 281
3648 0 -1
3649 710 410
3650 1281 415
3651 5400 325
3652 1926 362
3653 5438 444
3654 2400 326
3655 3267 313
3656 3088 460
3657 5202 353
3658 2535 342
3659 1017 312
3660 1296 410
3661 3401 291
3662 2418 260
3663 1792 280
3664 717 340
3665 0 -1
3666 1027 307
3667 2275 246
3668 663 297
3669 590 390
3670 4318 334
3671 1744 320
3672 3507 402
3673 5681 294
3674 1191 289
3675 1598 367
3676 2422 242
3677 5992 319
3678 0 -1
3679 1976 332
3680 1435 456
3681 2079 343
3682 5226 351
3683 1459 262
3684 5395 240
3685 1551 422
3686 1142 239
3687 1102 421
3688 2204 563
3689 0 -1
3690 4516 411
3691 4452 193
3692 2171 343
3693 5582 206
3694 5724 279
3695 3278 386
3696 1082 316
3697 1170 393
3698 2859 289
3699 6543 230
3700 786 319
3701 5306 260
3702 0 -1
3703 916 280
3704 2477 360
3705 0 -1
3706 5114 139
3707 1337 275
3708 3917 313
3709 2137 370
3710 0 -1
3711 0 -1
3712 1966 410
3713 2809 227
3714 0 -1
3715 238 256
3716 3479 397
3717 2057 198
3718 3818 377
3719 5220 288
3720 5403 304
3721 2505 339
3722 3663 342
3723 4411 419
3724 0 -1
3725 1096 314
3726 5852 284
3727 1321 381
3728 2952 403
3729 4584 313
3730 1086 345
3731 3963 376
3732 6078 362
3733 2034 366
3734 43 395
3735 6160 299
3736 4552 295
3737 3985 220
3738 1403 372
3739 0 -1
3740 5176 403
3741 1561 310
3742 4828 455
3743 1530 248
3744 903 479
3745 2635 339
3746 4418 283
3747 1781 393
3748 696 128
3749 5031 346
3750 4275 208
3751 991 475
3752 3995 384
3753 159 590
3754 3488 382
3755 4229 363
3756 1272 358
3757 5031 381
3758 6552 470
3759 4060 369
3760 3949 151
3761 1506 324
3762 3520 302
3763 3225 424
3764 2157 382
3765 2438 331
3766 3482 295
3767 99 334
3768 3643 312
3769 1192 373
3770 5333 332
3771 6213 307
3772 2233 337
3773 123 283
3774 4251 315
3775 4384 410
3776 5266 373
3777 5065 368
3778 1698 309
3779 2534 191
3780 6437 297
3781 6066 285
3782 5611 371
3783 5597 302
3784 3022 268
3785 0 -1
3786 2747 372
3787 0 -1
3788 899 412
3789 4389 294
3790 172 360
3791 4302 298
3792 3146 384
3793 1355 374
3794 2711 340
3795 297 297
3796 5069 280
3797 784 265
3798 1214 300
3799 2565 287
3800 5674 346
3801 3412 307
3802 5745 322
3803 792 199
3804 307 376
3805 5302 433
3806 6064 174
3807 1873 352
3808 168 444
3809 942 425
3810 682 519
3811 3022 306
3812 303 445
3813 2376 301
3814 5736 257
3815 1272 304
3816 4756 296
3817 4377 268
3818 2637 282
3819 69 406
3820 1456 332
3821 3524 353
3822 5490 223
3823 6253 282
3824 2084 350
3825 0 -1
3826 2406 335
3827 0 -1
3828 297 293
3829 2845 237
3830 3593 410
3831 845 325
3832 3615 100
3833 863 338
3834 2981 419
3835 1680 358
3836 3979 386
3837 3325 271
3838 1196 286
3839 6391 282
3840 1646 329
3841 5400 372
3842 4746 411
3843 6139 401
3844 264 327
3845 65 286
3846 2449 285
3847 5191 389
3848 4720 388
3849 2739 338
3850 727 357
3851 3097 384
3852 4523 455
3853 639 319
3854 0 -1
3855 6136 314
3856 3994 243
3857 1169 366
3858 5597 336
3859 0 -1
3860 6402 384
3861 1388 422
3862 1186 245
3863 5055 364
3864 404 267
3865 3267 323
3866 3779 303
3867 5138 293
3868 2424 496
3869 2252 392
3870 4462 216
3871 580 345
3872 1307 308
3873 4672 274
3874 3578 248
3875 6108 301
3876 1311 209
3877 5935 342
3878 1446 299
3879 1055 396
3880 2756 254
3881 3403 359
3882 0 -1
3883 109 352
3884 5167 316
3885 6486 536
3886 4485 379
3887 3372 356
3888 690 257
3889 2549 365
3890 326 350
3891 5878 246
3892 5904 246
3893 3986 351
3894 1448 416
3895 0 -1
3896 5526 375
3897 6595 175
3898 63 363
3899 6553 412
3900 6336 146
3901 2974 219
3902 1288 245
3903 6173 338
3904 1174 400
3905 1 49
3906 565 317
3907 4500 413
3908 5671 341
3909 6186 310
3910 3916 247
3911 4710 401
3912 4458 351
3913 639 321
3914 2964 250
3915 1988 488
3916 1663 156
3917 4703 249
3918 4794 312
3919 3075 358
3920 1341 346
3921 433 309
3922 5560 482
3923 1951 306
3924 3475 283
3925 6197 325
3926 2048 408
3927 4505 213
3928 6487 183
3929 4585 249
3930 6174 414
3931 1175 368
3932 4448 220
3933 2752 355
3934 667 377
3935 5720 324
3936 3823 314
3937 482 322
3938 5182 277
3939 1670 314
3940 0 -1
3941 5772 343
3942 5529 311
3943 1739 231
3944 0 -1
3945 5913 213
3946 1373 199
3947 718 332
3948 1271 380
3949 4905 134
3950 3260 354
3951 2358 266
3952 383 394
3953 5280 365
3954 3659 379
3955 5153 264
3956 1727 290
3957 1932 330
3958 3647 362
3959 2187 217
3960 3624 379
3961 0 -1
3962 2252 350
3963 105 353
3964 2829 360
3965 2318 482
3966 1062 274
3967 5138 308
3968 3779 196
3969 2496 383
3970 1545 493
3971 6239 301
3972 2912 350
3973 2531 251
3974 4032 370
3975 6512 377
3976 1311 217
3977 51 204
3978 265 374
3979 1548 284
3980 4934 343
3981 4988 255
3982 3833 356
3983 0 -1
3984 985 539
3985 864 218
3986 5514 343
3987 0 -1
3988 3005 446
3989 3286 348
3990 6520 357
3991 1981 300
3992 2605 378
3993 1288 246
3994 2355 208
3995 5532 345
3996 5928 311
3997 4905 190
3998 1013 331
3999 5447 275
4000 4768 303
4001 206 320
4002 3420 384
4003 5195 256
4004 2649 340
4005 5979 369
4006 3985 226
4007 2034 332
4008 725 206
4009 2370 486
4010 6407 302
4011 1594 311
4012 2332 304
4013 3813 374
4014 578 247
4015 353 364
4016 3024 356
4017 1591 327
4018 3926 448
4019 404 258
4020 0 -1
4021 2754 408
4022 5408 282
4023 1353 274
4024 539 353
4025 4904 294
4026 0 -1
4027 2024 424
4028 3551 342
4029 6048 330
4030 3475 198
4031 2803 310
4032 6053 306
4033 885 331
4034 3454 440
4035 3900 238
4036 4319 446
4037 4278 303
4038 3806 293
4039 998 326
4040 423 304
4041 0 -1
4042 6026 210
4043 562 191
4044 694 265
4045 4198 375
4046 837 119
4047 1372 248
4048 1006 381
4049 3378 423
4050 5035 358
4051 1933 326
4052 0 -1
4053 3675 450
4054 3912 429
4055 0 -1
4056 5081 400
4057 864 243
4058 3568 291
4059 3295 362
4060 4275 321
4061 0 -1
4062 1133 292
4063 6232 307
4064 1429 324
4065 276 240
4066 3233 312
4067 0 -1
4068 767 225
4069 3007 327
4070 1452 303
4071 2042 326
4072 0 -1
4073 4427 485
4074 1838 362
4075 6550 358
4076 2064 407
4077 4266 406
4078 4777 263
4079 4204 367
4080 5097 287
4081 0 -1
4082 5556 216
4083 2294 418
4084 6278 320
4085 103 426
4086 1343 411
4087 5086 399
4088 6060 393
4089 4279 397
4090 1833 324
4091 6548 424
4092 0 -1
4093 28 349
4094 3567 388
4095 6172 306
4096 1845 303
4097 5019 309
4098 2456 398
4099 5889 324
4100 2613 341
4101 3020 303
4102 3951 313
4103 2026 332
4104 5675 229
4105 2233 368
4106 4398 368
4107 3262 403
4108 383 382
4109 3916 198
4110 3894 416
4111 3091 308
4112 3568 290
4113 5873 347
4114 3870 232
4115 2000 336
4116 5997 244
4117 0 -1
4118 617 304
4119 5258 317
4120 4288 341
4121 3681 383
4122 5694 341
4123 6470 322
4124 5583 342
4125 1879 317
4126 3013 263
4127 4923 411
4128 3310 328
4129 0 -1
4130 5246 332
4131 3342 469
4132 4102 360
4133 3283 301
4134 1059 364
4135 4960 322
4136 2909 333
4137 6218 223
4138 702 366
4139 6550 355
4140 2906 253
4141 2529 312
4142 5473 259
4143 1709 357
4144 0 -1
4145 2975 327
4146 1804 294
4147 1370 336
4148 4088 400
4149 3451 381
4150 1427 285
4151 1877 292
4152 4323 448
4153 761 367
4154 1094 205
4155 3501 305
4156 5644 542
4157 2269 535
4158 351 352
4159 4169 209
4160 2895 381
4161 2454 471
4162 0 -1
4163 4943 288
4164 3238 351
4165 3347 423
4166 5117 428
4167 1202 264
4168 5996 394
4169 2741 171
4170 6422 411
4171 3123 558
4172 153 373
4173 1222 332
4174 1017 378
4175 3734 426
4176 2648 527
4177 77 304
4178 3924 347
4179 3661 406
4180 0 -1
4181 3244 361
4182 1158 266
4183 0 -1
4184 395 394
4185 4475 391
4186 3524 316
4187 4118 401
4188 0 -1
4189 4457 315
4190 3862 274
4191 4023 307
4192 6267 339
4193 3582 339
4194 4179 417
4195 2528 175
4196 5484 403
4197 3496 399
4198 3994 262
4199 2151 401
4200 1427 301
4201 4655 193
4202 2940 217
4203 3307 344
4204 2201 347
4205 2241 280
4206 2098 337
4207 6283 469
4208 864 233
4209 1856 341
4210 6163 336
4211 6244 259
4212 1727 318
4213 5651 315
4214 5259 305
4215 0 -1
4216 2093 320
4217 2162 309
4218 42 285
4219 1028 281
4220 5470 368
4221 1720 360
4222 3508 433
4223 619 380
4224 2175 260
4225 1614 410
4226 6145 356
4227 5236 267
4228 866 218
4229 1698 321
4230 5001 371
4231 2190 291
4232 5708 300
4233 4874 137
4234 5340 251
4235 4379 213
4236 476 419
4237 4130 371
4238 6597 310
4239 5851 465
4240 6510 325
4241 629 295
4242 2636 536
4243 4619 303
4244 5159 302
4245 5908 250
4246 3655 318
4247 3737 220
4248 6495 337
4249 2778 342
4250 1007 375
4251 283 297
4252 5980 326
4253 0 -1
4254 1451 314
4255 665 336
4256 325 317
4257 4818 258
4258 787 304
4259 5897 173
4260 0 -1
4261 781 304
4262 4338 345
4263 4140 347
4264 5580 345
4265 2195 277
4266 5394 343
4267 0 -1
4268 4740 255
4269 6590 293
4270 4511 378
4271 3515 280
4272 1227 325
4273 5582 265
4274 0 -1
4275 6120 201
4276 2988 345
4277 3256 329
4278 2254 230
4279 6166 340
4280 2391 298
4281 4235 271
4282 6595 212
4283 5856 250
4284 5291 214
4285 4588 237
4286 2879 359
4287 5999 299
4288 1825 238
4289 6100 344
4290 1253 344
4291 1674 195
4292 2524 406
4293 1822 339
4294 4038 351
4295 6258 371
4296 0 -1
4297 2191 309
4298 2077 175
4299 1628 384
4300 2637 256
4301 0 -1
4302 6324 228
4303 4237 389
4304 6189 218
4305 5596 441
4306 5586 331
4307 5291 106
4308 0 -1
4309 5827 372
4310 4893 328
4311 3945 244
4312 6393 255
4313 0 -1
4314 2857 306
4315 1469 296
4316 1677 368
4317 724 369
4318 934 294
4319 2483 436
4320 1191 268
4321 3137 363
4322 6322 260
4323 4250 396
4324 0 -1
4325 1486 411
4326 27 293
4327 1712 387
4328 3486 349
4329 2719 369
4330 45 355
4331 945 279
4332 5839 376
4333 1063 314
4334 3849 380
4335 2859 400
4336 5258 268
4337 2758 333
4338 5934 335
4339 5379 278
4340 3141 398
4341 1055 443
4342 143 420
4343 5726 323
4344 2699 243
4345 3355 408
4346 2993 354
4347 1768 319
4348 4489 356
4349 1254 509
4350 3362 321
4351 264 299
4352 234 321
4353 4391 348
4354 2417 387
4355 2518 387
4356 4767 288
4357 55 381
4358 3839 355
4359 2175 324
4360 1944 304
4361 5566 285
4362 6172 320
4363 4978 347
4364 2419 269
4365 3464 419
4366 4266 362
4367 0 -1
4368 5082 291
4369 3189 333
4370 0 -1
4371 2353 340
4372 0 -1
4373 5496 376
4374 2638 317
4375 615 287
4376 2878 421
4377 4420 236
4378 2106 227
4379 4298 199
4380 1356 331
4381 1826 436
4382 37 378
4383 4587 389
4384 2963 364
4385 163 325
4386 2974 221
4387 1420 342
4388 5319 584
4389 4619 292
4390 2117 347
4391 2620 285
4392 4796 337
4393 522 360
4394 5834 332
4395 870 391
4396 6314 638
4397 323 361
4398 2568 313
4399 3595 387
4400 5433 414
4401 0 -1
4402 3142 378
4403 1519 317
4404 2582 418
4405 4585 277
4406 3387 398
4407 0 -1
4408 4068 342
4409 2568 405
4410 5846 403
4411 3490 378
4412 3397 393
4413 1727 234
4414 1610 326
4415 5358 479
4416 3078 320
4417 5899 338
4418 5926 273
4419 3230 393
4420 2422 233
4421 2841 482
4422 5556 176
4423 0 -1
4424 1168 329
4425 2335 378
4426 5153 327
4427 5472 394
4428 116 246
4429 1026 326
4430 2924 299
4431 1227 289
4432 6141 373
4433 1869 230
4434 456 399
4435 6052 367
4436 4842 373
4437 1637 321
4438 384 433
4439 5917 298
4440 4520 289
4441 2357 318
4442 751 318
4443 0 -1
4444 3368 318
4445 390 297
4446 5404 216
4447 1677 403
4448 2383 201
4449 1017 330
4450 6567 276
4451 4950 401
4452 4837 103
4453 6288 447
4454 2162 354
4455 4336 337
4456 240 202
4457 2489 278
4458 4251 339
4459 3900 208
4460 744 292
4461 3441 403
4462 1750 157
4463 1228 441
4464 1727 287
4465 0 -1
4466 169 362
4467 4289 369
4468 3660 420
4469 5078 496
4470 0 -1
4471 4539 315
4472 5182 326
4473 2498 133
4474 6160 330
4475 4704 329
4476 513 342
4477 1871 339
4478 486 290
4479 1961 330
4480 5668 264
4481 6218 247
4482 4609 235
4483 5856 313
4484 5013 371
4485 5306 263
4486 5950 202
4487 1528 503
4488 558 315
4489 1778 291
4490 0 -1
4491 466 265
4492 5189 407
4493 2941 346
4494 2307 298
4495 3351 263
4496 5419 455
4497 0 -1
4498 3483 362
4499 3722 426
4500 2687 395
4501 307 345
4502 3169 334
4503 0 -1
4504 6294 294
4505 3617 194
4506 3251 318
4507 4902 397
4508 4069 368
4509 914 339
4510 2917 374
4511 4189 349
4512 692 384
4513 4800 479
4514 3154 409
4515 1086 297
4516 5998 313
4517 5355 278
4518 3098 341
4519 2548 282
4520 766 248
4521 4414 346
4522 6051 338
4523 4937 402
4524 2377 473
4525 5882 305
4526 2133 397
4527 2853 360
4528 4561 325
4529 4989 221
4530 5704 496
4531 0 -1
4532 3001 218
4533 1053 256
4534 1860 226
4535 5325 327
4536 3628 360
4537 2002 294
4538 6307 320
4539 2127 311
4540 2558 352
4541 334 343
4542 2158 425
4543 1357 335
4544 3437 291
4545 5216 426
4546 3338 438
4547 122 305
4548 5700 288
4549 513 310
4550 1856 432
4551 3528 333
4552 5019 267
4553 4700 234
4554 1536 335
4555 1464 278
4556 3781 405
4557 0 -1
4558 4259 251
4559 0 -1
4560 1538 285
4561 1978 324
4562 2712 379
4563 4122 376
4564 6362 309
4565 1405 320
4566 1674 277
4567 0 -1
4568 5613 343
4569 4871 472
4570 4003 275
4571 2441 373
4572 539 394
4573 2874 431
4574 1803 213
4575 0 -1
4576 474 288
4577 6064 178
4578 2613 349
4579 3879 467
4580 5201 374
4581 4594 347
4582 5689 218
4583 4201 233
4584 1893 286
4585 4574 221
4586 1699 477
4587 2274 366
4588 4505 215
4589 6022 324
4590 3839 322
4591 3016 201
4592 0 -1
4593 4655 274
4594 884 339
4595 767 225
4596 5512 262
4597 5543 309
4598 3691 299
4599 941 265
4600 5139 392
4601 343 363
4602 5591 422
4603 2016 360
4604 5547 240
4605 3748 176
4606 1251 408
4607 1340 418
4608 4487 616
4609 2890 157
4610 5138 299
4611 2937 369
4612 5593 606
4613 652 400
4614 2649 363
4615 681 384
4616 2228 480
4617 0 -1
4618 4564 347
4619 44 264
4620 784 245
4621 530 320
4622 3067 342
4623 0 -1
4624 4146 299
4625 3263 348
4626 2929 348
4627 2271 448
4628 3933 474
4629 3661 315
4630 5463 311
4631 5375 315
4632 4641 445
4633 147 324
4634 3144 288
4635 5226 343
4636 0 -1
4637 2823 426
4638 1311 241
4639 5652 330
4640 179 244
4641 744 328
4642 0 -1
4643 6369 280
4644 0 -1
4645 1211 309
4646 6404 416
4647 3928 279
4648 4670 427
4649 3905 79
4650 3796 323
4651 4913 304
4652 135 293
4653 2668 272
4654 0 -1
4655 1353 191
4656 5154 312
4657 2353 311
4658 6048 300
4659 0 -1
4660 1015 314
4661 167 351
4662 6597 358
4663 3315 280
4664 5717 290
4665 1511 421
4666 2595 389
4667 2761 418
4668 51 187
4669 4003 274
4670 1479 340
4671 6341 291
4672 1527 272
4673 146 381
4674 587 359
4675 3397 344
4676 0 -1
4677 0 -1
4678 264 338
4679 5698 393
4680 3234 421
4681 3247 327
4682 274 324
4683 2341 349
4684 5788 321
4685 5597 230
4686 6246 278
4687 3583 323
4688 205 590
4689 5669 289
4690 5421 341
4691 6354 462
4692 106 261
4693 1220 263
4694 2361 217
4695 5365 280
4696 519 421
4697 4780 221
4698 1989 312
4699 2687 362
4700 2138 213
4701 2293 467
4702 3595 473
4703 2144 188
4704 5137 264
4705 5524 288
4706 3672 491
4707 2805 230
4708 5234 345
4709 5908 230
4710 4956 319
4711 1590 318
4712 0 -1
4713 2809 277
4714 5629 500
4715 70 357
4716 5717 352
4717 3942 326
4718 2160 244
4719 6216 317
4720 4066 348
4721 5587 312
4722 744 286
4723 2741 190
4724 1227 287
4725 5848 353
4726 937 396
4727 5687 220
4728 5687 249
4729 0 -1
4730 6399 336
4731 2534 172
4732 4705 319
4733 6434 377
4734 2595 405
4735 6341 221
4736 877 349
4737 2105 318
4738 1585 325
4739 5864 361
4740 2057 195
4741 2661 371
4742 6299 304
4743 2552 230
4744 3066 327
4745 5065 357
4746 2392 405
4747 4128 423
4748 4818 280
4749 0 -1
4750 3803 246
4751 3173 389
4752 2820 291
4753 1122 245
4754 3325 291
4755 1763 339
4756 1527 239
4757 690 323
4758 2694 117
4759 3480 353
4760 3220 400
4761 6443 407
4762 4903 308
4763 5879 417
4764 0 -1
4765 4517 375
4766 2950 306
4767 5410 247
4768 1659 237
4769 2924 307
4770 3131 346
4771 5812 336
4772 5405 449
4773 2240 291
4774 5172 428
4775 5310 420
4776 4987 251
4777 6196 244
4778 1446 340
4779 0 -1
4780 2498 146
4781 6393 314
4782 1381 382
4783 6479 357
4784 3520 350
4785 554 421
4786 3892 340
4787 6447 320
4788 5288 246
4789 2102 377
4790 6319 221
4791 3417 345
4792 5311 370
4793 4780 244
4794 2973 287
4795 2357 333
4796 4389 301
4797 4987 297
4798 1288 239
4799 3838 340
4800 4193 380
4801 744 359
4802 3999 315
4803 2916 316
4804 4104 246
4805 0 -1
4806 4874 95
4807 5895 402
4808 0 -1
4809 4719 418
4810 5982 392
4811 0 -1
4812 4364 297
4813 0 -1
4814 2043 354
4815 0 -1
4816 726 310
4817 3243 372
4818 236 254
4819 1674 262
4820 2616 447
4821 4265 321
4822 3097 379
4823 2361 291
4824 343 357
4825 6374 360
4826 2577 396
4827 2752 378
4828 5302 431
4829 3151 357
4830 6433 351
4831 349 320
4832 5399 375
4833 2414 306
4834 1831 293
4835 1742 412
4836 765 304
4837 1 86
4838 5120 267
4839 5932 332
4840 654 480
4841 3515 340
4842 6532 314
4843 1576 357
4844 1849 415
4845 3294 447
4846 3607 281
4847 2024 391
4848 4051 411
4849 1729 394
4850 0 -1
4851 2047 355
4852 4713 314
4853 3356 393
4854 1679 270
4855 485 322
4856 3183 335
4857 6588 411
4858 2511 330
4859 1071 330
4860 0 -1
4861 0 -1
4862 1519 242
4863 3228 394
4864 6587 376
4865 0 -1
4866 1540 257
4867 6242 340
4868 4553 265
4869 5566 272
4870 3677 414
4871 2354 389
4872 4213 390
4873 2962 291
4874 6080 88
4875 4723 242
4876 5072 242
4877 5003 365
4878 1830 285
4879 2185 387
4880 3397 415
4881 6581 299
4882 5740 402
4883 1586 276
4884 0 -1
4885 1000 272
4886 6232 335
4887 4118 318
4888 2227 343
4889 4878 325
4890 5974 600
4891 6493 354
4892 2095 386
4893 3743 264
4894 1295 386
4895 733 451
4896 2676 301
4897 594 256
4898 0 -1
4899 4413 324
4900 3819 463
4901 906 197
4902 1205 374
4903 788 294
4904 3300 248
4905 2192 134
4906 3515 307
4907 5810 251
4908 0 -1
4909 1996 290
4910 6165 245
4911 1202 269
4912 1923 301
4913 2138 232
4914 3713 245
4915 1207 359
4916 3008 304
4917 6509 403
4918 2079 298
4919 20 219
4920 6053 268
4921 5213 390
4922 3144 328
4923 1287 367
4924 6444 349
4925 5245 367
4926 1082 295
4927 6417 394
4928 1773 201
4929 6179 360
4930 0 -1
4931 2714 291
4932 579 383
4933 4693 342
4934 5140 295
4935 255 339
4936 6580 256
4937 4441 351
4938 3121 344
4939 5318 298
4940 759 442
4941 1828 406
4942 639 341
4943 3108 282
4944 2506 352
4945 937 403
4946 686 374
4947 0 -1
4948 1859 347
4949 5846 388
4950 4854 334
4951 0 -1
4952 97 339
4953 4787 369
4954 3945 235
4955 5640 257
4956 5112 248
4957 2612 421
4958 1885 426
4959 2559 283
4960 1926 317
4961 6001 361
4962 238 240
4963 5086 299
4964 2843 212
4965 1679 312
4966 1891 451
4967 2920 323
4968 2484 266
4969 3819 502
4970 2738 310
4971 5166 269
4972 6212 355
4973 2800 363
4974 2886 400
4975 1313 312
4976 0 -1
4977 1815 390
4978 4589 336
4979 5368 222
4980 3743 291
4981 2756 301
4982 0 -1
4983 5383 313
4984 4248 367
4985 4158 393
4986 4841 347
4987 4609 179
4988 4837 189
4989 6336 195
4990 5340 294
4991 449 348
4992 5695 384
4993 4633 347
4994 3811 358
4995 6146 384
4996 2371 321
4997 0 -1
4998 537 435
4999 5597 258
5000 1066 387
5001 4450 367
5002 2705 444
5003 385 274
5004 1923 295
5005 1194 235
5006 1044 378
5007 582 410
5008 1883 371
5009 299 360
5010 1981 272
5011 2802 349
5012 1063 259
5013 2991 326
5014 4933 377
5015 2924 258
5016 3976 231
5017 3418 433
5018 5845 510
5019 736 210
5020 562 261
5021 0 -1
5022 2142 369
5023 5916 344
5024 0 -1
5025 884 290
5026 0 -1
5027 5272 320
5028 3445 237
5029 4203 366
5030 0 -1
5031 5430 283
5032 0 -1
5033 3797 334
5034 3135 311
5035 343 319
5036 3256 332
5037 938 486
5038 0 -1
5039 1807 322
5040 4963 380
5041 2378 437
5042 0 -1
5043 4293 373
5044 6192 258
5045 784 263
5046 3777 385
5047 2640 414
5048 507 382
5049 1363 244
5050 5566 273
5051 3445 319
5052 5158 297
5053 303 439
5054 3691 222
5055 2930 334
5056 0 -1
5057 6394 299
5058 1884 393
5059 781 362
5060 1296 345
5061 5835 394
5062 132 237
5063 3317 231
5064 6299 305
5065 3312 249
5066 6009 461
5067 2561 398
5068 5194 406
5069 6024 250
5070 5211 305
5071 4798 275
5072 3096 195
5073 219 325
5074 1082 246
5075 4692 312
5076 4960 321
5077 1983 207
5078 4667 491
5079 5802 348
5080 1094 297
5081 1344 334
5082 5666 261
5083 1792 280
5084 5878 202
5085 4307 173
5086 3171 291
5087 412 289
5088 5428 288
5089 1183 237
5090 1894 541
5091 1008 391
5092 1541 302
5093 2426 308
5094 2044 292
5095 4480 379
5096 2987 375
5097 5314 287
5098 4754 376
5099 5716 401
5100 5636 344
5101 1936 318
5102 4873 318
5103 2057 193
5104 146 358
5105 1739 282
5106 3703 324
5107 3736 300
5108 6162 365
5109 4471 327
5110 520 410
5111 2237 348
5112 3423 222
5113 498 326
5114 463 120
5115 3578 219
5116 5211 235
5117 561 375
5118 6538 413
5119 5479 315
5120 276 226
5121 1272 291
5122 5754 317
5123 1227 273
5124 2529 240
5125 1017 357
5126 5386 392
5127 2308 202
5128 2019 346
5129 3166 316
5130 1750 212
5131 2106 241
5132 5183 499
5133 5856 246
5134 159 564
5135 6531 340
5136 1132 402
5137 15 193
5138 603 235
5139 6442 327
5140 1063 275
5141 3211 350
5142 5084 234
5143 2862 298
5144 4703 233
5145 1139 214
5146 6450 408
5147 1120 381
5148 2136 382
5149 3579 303
5150 3068 338
5151 1439 226
5152 4713 383
5153 3368 240
5154 5285 266
5155 3401 382
5156 2498 168
5157 3348 325
5158 132 262
5159 642 279
5160 1547 321
5161 5851 377
5162 2926 226
5163 791 338
5164 1961 339
5165 4674 373
5166 6026 194
5167 6218 226
5168 6190 280
5169 3368 240
5170 2691 452
5171 5964 302
5172 1148 360
5173 1446 357
5174 2585 344
5175 1056 426
5176 594 306
5177 4307 123
5178 5789 408
5179 4604 267
5180 3396 438
5181 1691 389
5182 773 208
5183 2143 497
5184 5791 414
5185 3315 265
5186 723 322
5187 4689 343
5188 4988 211
5189 1541 322
5190 576 342
5191 4653 338
5192 390 295
5193 1904 361
5194 5954 403
5195 3914 254
5196 3743 325
5197 0 -1
5198 1776 334
5199 3092 355
5200 2704 504
5201 1447 338
5202 5748 315
5203 3674 352
5204 744 325
5205 0 -1
5206 5494 279
5207 403 518
5208 3229 177
5209 3492 237
5210 5114 164
5211 3949 186
5212 1213 235
5213 5141 378
5214 3905 169
5215 4891 378
5216 1306 368
5217 677 286
5218 3783 302
5219 3894 510
5220 3334 218
5221 5455 183
5222 2556 439
5223 288 240
5224 486 255
5225 2878 331
5226 2045 322
5227 2272 353
5228 71 236
5229 4858 430
5230 0 -1
5231 530 325
5232 747 348
5233 2621 370
5234 5321 310
5235 3529 498
5236 5597 259
5237 6369 300
5238 1708 320
5239 2693 389
5240 6264 386
5241 5188 256
5242 2763 281
5243 6005 336
5244 3009 315
5245 6108 350
5246 1158 331
5247 2726 369
5248 6297 276
5249 454 382
5250 5812 316
5251 4505 310
5252 5897 202
5253 5115 238
5254 3863 427
5255 3281 416
5256 6580 280
5257 4078 289
5258 881 245
5259 2120 232
5260 5679 329
5261 760 343
5262 485 271
5263 5531 374
5264 3131 341
5265 0 -1
5266 832 330
5267 246 324
5268 6141 340
5269 3113 270
5270 3776 401
5271 4635 401
5272 5700 276
5273 217 375
5274 133 364
5275 3398 384
5276 0 -1
5277 5910 291
5278 0 -1
5279 3633 308
5280 2676 340
5281 4795 350
5282 4973 440
5283 4629 421
5284 2816 279
5285 5332 192
5286 4521 393
5287 4987 226
5288 2586 179
5289 2198 420
5290 3114 289
5291 1880 97
5292 449 391
5293 43 438
5294 41 406
5295 4825 361
5296 5061 430
5297 6567 197
5298 5179 376
5299 5194 502
5300 1737 285
5301 4262 351
5302 1068 316
5303 5239 413
5304 314 321
5305 2590 138
5306 255 258
5307 550 365
5308 5914 298
5309 2359 296
5310 5481 314
5311 1840 345
5312 3928 259
5313 2980 306
5314 329 228
5315 2914 348
5316 4065 300
5317 671 513
5318 3022 259
5319 2206 520
5320 4954 242
5321 2815 283
5322 2944 253
5323 5808 278
5324 6347 278
5325 503 241
5326 3368 313
5327 3823 349
5328 1629 288
5329 4506 360
5330 3957 355
5331 6162 289
5332 6064 169
5333 3213 331
5334 1439 269
5335 504 456
5336 2428 277
5337 953 356
5338 6164 301
5339 3673 314
5340 804 249
5341 4875 244
5342 2156 357
5343 4422 191
5344 0 -1
5345 5741 252
5346 4068 229
5347 4123 383
5348 2759 335
5349 5582 239
5350 1070 200
5351 1149 304
5352 6160 291
5353 3370 498
5354 1758 338
5355 6319 254
5356 2078 324
5357 0 -1
5358 6403 383
5359 5671 331
5360 941 260
5361 1388 376
5362 1416 303
5363 2307 280
5364 4562 453
5365 3459 274
5366 6589 352
5367 3337 421
5368 6466 194
5369 3977 247
5370 0 -1
5371 5896 472
5372 3760 160
5373 5563 313
5374 3295 307
5375 312 294
5376 5004 386
5377 4804 356
5378 1096 364
5379 1080 259
5380 5329 463
5381 6449 367
5382 5661 420
5383 2716 302
5384 6218 328
5385 2253 457
5386 1629 288
5387 460 366
5388 6392 196
5389 4919 317
5390 1170 421
5391 4436 440
5392 387 390
5393 2981 388
5394 5897 249
5395 5908 233
5396 0 -1
5397 3037 329
5398 656 281
5399 1191 255
5400 5745 315
5401 1684 376
5402 5454 350
5403 598 253
5404 4905 204
5405 2047 371
5406 3631 289
5407 3832 210
5408 3368 257
5409 3736 310
5410 4731 225
5411 6590 233
5412 3457 327
5413 1728 359
5414 1401 337
5415 0 -1
5416 5112 253
5417 288 319
5418 2667 310
5419 1631 363
5420 5903 376
5421 6550 326
5422 3504 423
5423 2114 276
5424 1163 292
5425 4843 428
5426 863 335
5427 298 311
5428 2996 197
5429 5070 392
5430 4697 224
5431 4213 343
5432 5859 342
5433 2135 341
5434 0 -1
5435 0 -1
5436 1530 309
5437 6599 246
5438 2010 377
5439 4258 386
5440 2420 287
5441 2726 368
5442 0 -1
5443 569 300
5444 2235 578
5445 5103 213
5446 2764 271
5447 2383 181
5448 3876 317
5449 2627 372
5450 1181 365
5451 5992 265
5452 274 292
5453 4024 389
5454 2748 339
5455 1750 151
5456 0 -1
5457 1634 442
5458 1994 349
5459 135 320
5460 927 367
5461 0 -1
5462 232 392
5463 6054 282
5464 0 -1
5465 4314 401
5466 2916 354
5467 0 -1
5468 6204 332
5469 2238 397
5470 4413 258
5471 2810 330
5472 1721 288
5473 6026 190
5474 118 343
5475 511 449
5476 6023 345
5477 2180 351
5478 2953 394
5479 5546 281
5480 0 -1
5481 677 244
5482 4462 235
5483 5048 398
5484 5186 331
5485 5122 331
5486 0 -1
5487 2422 285
5488 4916 388
5489 3389 386
5490 3475 212
5491 1321 356
5492 4862 321
5493 6590 230
5494 1070 230
5495 6255 323
5496 5701 306
5497 1023 315
5498 2236 248
5499 3334 240
5500 0 -1
5501 4885 352
5502 532 365
5503 2131 398
5504 5223 311
5505 1646 370
5506 24 360
5507 6003 345
5508 3215 383
5509 4909 392
5510 4444 359
5511 1306 368
5512 2361 225
5513 5888 395
5514 2301 280
5515 625 380
5516 2192 188
5517 6555 309
5518 1083 327
5519 1051 332
5520 3746 384
5521 1880 156
5522 0 -1
5523 1342 331
5524 4854 288
5525 5211 281
5526 1853 318
5527 3261 387
5528 2843 251
5529 5285 250
5530 85 333
5531 4722 313
5532 291 322
5533 5264 363
5534 755 296
5535 2722 421
5536 3007 333
5537 6505 384
5538 0 -1
5539 5006 475
5540 1667 350
5541 3479 391
5542 4720 460
5543 2120 253
5544 4903 349
5545 4473 182
5546 2421 209
5547 1094 193
5548 0 -1
5549 2738 324
5550 5950 165
5551 0 -1
5552 5972 374
5553 5228 282
5554 257 239
5555 3033 284
5556 6487 175
5557 5383 337
5558 2845 312
5559 3737 314
5560 5870 407
5561 5398 309
5562 5693 498
5563 5856 299
5564 5741 203
5565 0 -1
5566 1909 263
5567 3806 222
5568 4248 366
5569 0 -1
5570 1538 281
5571 2764 283
5572 5477 359
5573 3170 309
5574 0 -1
5575 2359 283
5576 1335 344
5577 2941 281
5578 1852 443
5579 3778 346
5580 1167 324
5581 1156 454
5582 2805 174
5583 4201 295
5584 1251 327
5585 498 323
5586 2856 221
5587 6317 293
5588 4300 339
5589 5567 279
5590 2180 425
5591 3004 323
5592 0 -1
5593 6142 487
5594 1052 357
5595 2434 304
5596 268 348
5597 1122 217
5598 2805 269
5599 4689 394
5600 3621 348
5601 1111 356
5602 5195 322
5603 0 -1
5604 77 295
5605 984 439
5606 5348 404
5607 4875 260
5608 3140 357
5609 464 419
5610 5010 330
5611 1283 316
5612 4750 272
5613 5999 294
5614 4605 200
5615 1447 252
5616 5893 287
5617 5499 308
5618 966 416
5619 4482 333
5620 6043 317
5621 554 404
5622 0 -1
5623 4906 325
5624 2684 370
5625 0 -1
5626 0 -1
5627 5104 389
5628 199 380
5629 2711 396
5630 575 310
5631 2324 318
5632 2275 322
5633 1265 297
5634 2211 439
5635 233 476
5636 2117 330
5637 1590 294
5638 2584 469
5639 6242 278
5640 4042 256
5641 1003 412
5642 5463 336
5643 5272 367
5644 2518 475
5645 6371 451
5646 5384 378
5647 1487 340
5648 0 -1
5649 5114 232
5650 229 306
5651 3113 242
5652 3459 282
5653 4164 376
5654 6487 160
5655 4280 348
5656 1148 273
5657 3903 367
5658 2351 319
5659 0 -1
5660 0 -1
5661 6192 366
5662 550 388
5663 2062 374
5664 6192 263
5665 3388 87
5666 3096 190
5667 290 367
5668 2382 219
5669 97 265
5670 5313 340
5671 854 314
5672 4797 368
5673 2822 469
5674 3369 307
5675 4462 180
5676 921 382
5677 1278 377
5678 18 365
5679 1313 259
5680 3492 234
5681 2268 285
5682 0 -1
5683 1791 328
5684 6221 438
5685 4430 405
5686 1317 368
5687 1260 205
5688 3020 324
5689 3109 213
5690 5326 415
5691 892 424
5692 5873 299
5693 4867 404
5694 1310 304
5695 1095 315
5696 51 268
5697 841 409
5698 3307 354
5699 4776 324
5700 6479 269
5701 5614 277
5702 421 373
5703 1525 359
5704 2486 407
5705 4552 296
5706 6236 306
5707 697 305
5708 6557 282
5709 662 409
5710 2412 279
5711 5372 241
5712 1293 332
5713 1310 290
5714 4340 499
5715 1721 240
5716 129 319
5717 6343 271
5718 3025 359
5719 876 471
5720 2506 292
5721 0 -1
5722 387 428
5723 5498 295
5724 5498 261
5725 1175 309
5726 653 300
5727 533 447
5728 2541 480
5729 2323 364
5730 2592 598
5731 355 365
5732 5597 219
5733 1228 350
5734 1424 261
5735 900 408
5736 4030 255
5737 5916 247
5738 550 298
5739 0 -1
5740 2690 377
5741 3016 196
5742 3698 373
5743 3924 359
5744 6155 356
5745 5214 283
5746 1737 294
5747 0 -1
5748 1023 288
5749 6547 216
5750 5694 345
5751 715 370
5752 6579 406
5753 0 -1
5754 1590 313
5755 5749 285
5756 4658 362
5757 6204 401
5758 2901 431
5759 695 260
5760 6532 303
5761 4537 349
5762 4672 375
5763 2633 305
5764 2154 377
5765 1360 222
5766 3585 412
5767 843 381
5768 3305 216
5769 4992 407
5770 5586 235
5771 2385 301
5772 3372 332
5773 6148 296
5774 5749 329
5775 6245 366
5776 44 254
5777 2988 294
5778 3063 257
5779 1388 345
5780 5998 321
5781 3587 269
5782 5403 337
5783 4126 263
5784 6098 414
5785 1344 324
5786 5287 291
5787 3601 391
5788 1133 291
5789 3565 394
5790 3093 376
5791 4130 372
5792 6303 303
5793 4034 539
5794 6051 363
5795 2769 450
5796 2770 408
5797 2052 293
5798 3173 386
5799 2326 334
5800 245 365
5801 5126 397
5802 3674 309
5803 2530 331
5804 4116 285
5805 6102 413
5806 2985 242
5807 4459 267
5808 4378 248
5809 4046 179
5810 5144 239
5811 2468 663
5812 1430 304
5813 5162 308
5814 5106 347
5815 3021 288
5816 2058 484
5817 771 348
5818 1663 239
5819 3449 318
5820 5694 314
5821 848 316
5822 0 -1
5823 3913 332
5824 5553 347
5825 5084 294
5826 6559 368
5827 1142 327
5828 2835 369
5829 5731 372
5830 3226 260
5831 1360 244
5832 1465 425
5833 530 348
5834 5365 278
5835 3735 347
5836 71 230
5837 2500 302
5838 3459 354
5839 4529 298
5840 1373 283
5841 1276 307
5842 1926 312
5843 1709 321
5844 5073 353
5845 3972 433
5846 3441 348
5847 2153 254
5848 3001 264
5849 0 -1
5850 1938 351
5851 4839 363
5852 6391 280
5853 824 337
5854 970 396
5855 3686 300
5856 2743 216
5857 5619 369
5858 3033 335
5859 3459 340
5860 3492 299
5861 3506 409
5862 784 259
5863 2125 436
5864 2074 358
5865 6173 305
5866 2595 433
5867 6284 457
5868 1519 269
5869 583 319
5870 5652 341
5871 1000 298
5872 5165 489
5873 3579 250
5874 0 -1
5875 1464 197
5876 5835 363
5877 2101 290
5878 2094 182
5879 4515 415
5880 6544 402
5881 812 375
5882 854 287
5883 5395 243
5884 565 225
5885 2593 293
5886 5262 310
5887 3957 428
5888 4604 278
5889 3315 263
5890 189 259
5891 1108 361
5892 2264 440
5893 1459 271
5894 0 -1
5895 6516 326
5896 5356 386
5897 5521 171
5898 1803 213
5899 567 293
5900 1833 406
5901 1403 388
5902 570 324
5903 6012 368
5904 6217 162
5905 2448 278
5906 1133 333
5907 3452 326
5908 1750 177
5909 1070 304
5910 4344 277
5911 1354 322
5912 28 343
5913 5654 174
5914 3932 291
5915 5081 385
5916 749 242
5917 2805 266
5918 0 -1
5919 5881 387
5920 4478 401
5921 6538 447
5922 326 325
5923 5473 260
5924 2094 187
5925 4887 360
5926 297 211
5927 3699 319
5928 526 306
5929 6523 379
5930 302 451
5931 4665 507
5932 2864 302
5933 3325 320
5934 6173 297
5935 1755 299
5936 4285 306
5937 3778 357
5938 1276 330
5939 4633 336
5940 4000 330
5941 1169 375
5942 4562 435
5943 0 -1
5944 6460 343
5945 4403 335
5946 3668 389
5947 5350 255
5948 1435 412
5949 3030 275
5950 837 105
5951 3077 335
5952 1353 224
5953 5356 374
5954 2601 296
5955 2556 525
5956 3707 301
5957 1680 335
5958 0 -1
5959 4781 354
5960 2410 312
5961 0 -1
5962 881 321
5963 0 -1
5964 5910 292
5965 4762 412
5966 2350 290
5967 3611 398
5968 3407 380
5969 1334 142
5970 4905 245
5971 4410 416
5972 2396 335
5973 2956 383
5974 2228 577
5975 3183 387
5976 4069 423
5977 2208 500
5978 5033 386
5979 3240 364
5980 1646 300
5981 1995 325
5982 6029 343
5983 0 -1
5984 1692 278
5985 0 -1
5986 0 -1
5987 0 -1
5988 0 -1
5989 1871 288
5990 466 319
5991 2444 370
5992 6343 262
5993 3101 385
5994 4109 223
5995 2756 213
5996 6107 341
5997 1674 214
5998 1220 306
5999 4962 267
6000 175 439
6001 5316 301
6002 3596 306
6003 5080 311
6004 4814 358
6005 5473 286
6006 3946 256
6007 1276 267
6008 3094 387
6009 1694 391
6010 666 375
6011 2255 415
6012 4291 250
6013 1446 387
6014 2726 290
6015 4261 331
6016 1506 328
6017 4460 304
6018 2956 367
6019 1827 285
6020 6158 290
6021 1927 324
6022 2254 315
6023 3587 272
6024 1372 180
6025 2813 408
6026 5950 182
6027 4119 354
6028 894 381
6029 4767 259
6030 3712 439
6031 5575 376
6032 6078 360
6033 5220 306
6034 1795 309
6035 1228 333
6036 1729 393
6037 4244 369
6038 0 -1
6039 339 256
6040 4214 356
6041 5809 292
6042 721 436
6043 5669 282
6044 588 381
6045 2602 369
6046 0 -1
6047 2481 318
6048 396 279
6049 5886 363
6050 4195 199
6051 3305 268
6052 4581 365
6053 263 266
6054 2926 225
6055 1360 322
6056 301 335
6057 0 -1
6058 5087 401
6059 2261 389
6060 639 389
6061 5140 306
6062 4146 363
6063 283 331
6064 4649 139
6065 4393 373
6066 864 231
6067 4896 306
6068 1474 343
6069 1685 263
6070 4385 325
6071 5019 219
6072 6580 258
6073 1585 400
6074 5403 309
6075 6512 377
6076 6239 298
6077 0 -1
6078 6395 281
6079 2786 402
6080 1 42
6081 5416 306
6082 3975 387
6083 663 295
6084 1427 380
6085 0 -1
6086 5808 291
6087 4669 298
6088 147 336
6089 787 308
6090 6447 347
6091 1572 388
6092 0 -1
6093 1787 367
6094 1956 359
6095 109 409
6096 86 297
6097 3165 436
6098 3022 309
6099 836 424
6100 5923 323
6101 717 327
6102 4803 407
6103 3008 311
6104 4703 297
6105 5378 442
6106 4459 252
6107 2104 276
6108 6205 289
6109 66 438
6110 5836 249
6111 2642 418
6112 6058 414
6113 5256 350
6114 1148 310
6115 5662 424
6116 1596 319
6117 5470 280
6118 2516 418
6119 2620 246
6120 5665 117
6121 1336 385
6122 0 -1
6123 2035 393
6124 0 -1
6125 3322 362
6126 1073 345
6127 5552 485
6128 5028 313
6129 4252 330
6130 2940 280
6131 4103 396
6132 2355 222
6133 1439 225
6134 1400 490
6135 0 -1
6136 2859 310
6137 1321 289
6138 3839 302
6139 2315 349
6140 3772 349
6141 604 320
6142 5027 418
6143 2731 212
6144 5707 325
6145 5033 334
6146 1928 353
6147 3581 497
6148 3806 197
6149 4101 305
6150 839 345
6151 2302 338
6152 5115 236
6153 4721 357
6154 0 -1
6155 3510 335
6156 0 -1
6157 516 348
6158 3210 282
6159 4331 353
6160 1213 244
6161 5156 249
6162 3596 282
6163 2794 327
6164 5947 261
6165 1505 239
6166 1893 310
6167 2364 391
6168 660 413
6169 3681 380
6170 5589 397
6171 1693 322
6172 5065 281
6173 2114 227
6174 4217 324
6175 2192 101
6176 6303 249
6177 2800 353
6178 5810 318
6179 1358 349
6180 4907 312
6181 5516 290
6182 0 -1
6183 4663 297
6184 4284 264
6185 3770 418
6186 881 274
6187 3637 445
6188 1424 259
6189 2308 200
6190 5499 275
6191 5492 424
6192 359 252
6193 2400 373
6194 4265 335
6195 1437 474
6196 2106 194
6197 2827 286
6198 0 -1
6199 2915 408
6200 1272 346
6201 3515 277
6202 2361 320
6203 6422 358
6204 5302 329
6205 3437 266
6206 470 255
6207 3437 227
6208 5465 420
6209 3692 426
6210 0 -1
6211 4889 352
6212 4351 342
6213 4480 270
6214 433 338
6215 2448 308
6216 4731 253
6217 3229 90
6218 5904 216
6219 3450 385
6220 0 -1
6221 1170 376
6222 4241 358
6223 6045 434
6224 3695 407
6225 4191 314
6226 1983 282
6227 2146 461
6228 1385 278
6229 3056 419
6230 2775 378
6231 5559 369
6232 3226 233
6233 421 349
6234 0 -1
6235 2715 368
6236 5935 302
6237 2930 355
6238 0 -1
6239 3540 254
6240 1725 271
6241 4492 417
6242 5952 272
6243 3018 313
6244 3750 230
6245 6228 340
6246 4743 270
6247 5221 224
6248 72 342
6249 5179 368
6250 1762 304
6251 537 343
6252 3134 367
6253 3166 268
6254 2795 384
6255 2719 311
6256 5799 341
6257 6597 312
6258 1516 332
6259 3677 339
6260 4457 334
6261 2016 315
6262 6296 198
6263 0 -1
6264 6193 373
6265 1363 249
6266 2829 325
6267 3845 288
6268 431 341
6269 2739 249
6270 1996 290
6271 4224 360
6272 5786 310
6273 6362 322
6274 3251 324
6275 0 -1
6276 1500 364
6277 6242 341
6278 213 264
6279 3021 344
6280 3602 329
6281 4149 470
6282 2356 289
6283 5472 389
6284 839 406
6285 1961 342
6286 1786 404
6287 5133 324
6288 2902 338
6289 3044 316
6290 5681 327
6291 2954 353
6292 0 -1
6293 4931 390
6294 6176 283
6295 5564 275
6296 4874 134
6297 844 212
6298 3394 359
6299 2361 248
6300 2502 286
6301 6361 270
6302 2319 305
6303 2699 197
6304 927 436
6305 2935 363
6306 0 -1
6307 5074 295
6308 0 -1
6309 5606 416
6310 2656 329
6311 6440 369
6312 2650 391
6313 857 475
6314 3644 616
6315 5395 323
6316 4935 372
6317 999 233
6318 6545 343
6319 4591 220
6320 6106 321
6321 777 331
6322 2699 211
6323 2355 212
6324 2694 132
6325 3394 335
6326 5241 366
6327 4295 487
6328 5455 173
6329 6488 337
6330 2528 207
6331 1005 479
6332 5553 307
6333 1536 385
6334 4252 337
6335 1404 305
6336 5291 116
6337 6247 279
6338 0 -1
6339 3451 406
6340 620 179
6341 4307 174
6342 4378 265
6343 2805 207
6344 3299 412
6345 2167 328
6346 2418 297
6347 4919 269
6348 2627 296
6349 767 247
6350 1054 356
6351 5810 337
6352 4013 407
6353 110 398
6354 6163 377
6355 362 381
6356 1781 440
6357 0 -1
6358 1278 363
6359 2188 387
6360 2400 310
6361 2938 259
6362 5952 287
6363 6565 313
6364 2115 412
6365 1071 311
6366 5033 423
6367 263 276
6368 4371 389
6369 696 188
6370 0 -1
6371 4000 423
6372 5260 381
6373 5105 345
6374 4360 355
6375 783 354
6376 4302 333
6377 6542 421
6378 1097 334
6379 3525 348
6380 6023 311
6381 0 -1
6382 122 316
6383 5063 273
6384 1186 330
6385 5111 439
6386 904 236
6387 5109 395
6388 4798 342
6389 1175 299
6390 6225 414
6391 2106 258
6392 2103 145
6393 4553 246
6394 4577 237
6395 6557 248
6396 485 266
6397 6578 413
6398 5407 308
6399 2489 231
6400 0 -1
6401 969 481
6402 5952 291
6403 5034 382
6404 210 310
6405 6519 420
6406 1084 318
6407 3928 237
6408 1550 416
6409 4719 401
6410 5884 342
6411 4707 249
6412 483 318
6413 4596 301
6414 0 -1
6415 0 -1
6416 2440 318
6417 3380 336
6418 0 -1
6419 2741 102
6420 4582 336
6421 6589 411
6422 1468 328
6423 0 -1
6424 5034 372
6425 0 -1
6426 3193 279
6427 5642 355
6428 0 -1
6429 6108 326
6430 1601 314
6431 4580 446
6432 1060 405
6433 6557 338
6434 5340 297
6435 5582 228
6436 4728 313
6437 5167 230
6438 1405 310
6439 2316 379
6440 1442 364
6441 113 287
6442 1206 300
6443 6511 335
6444 160 343
6445 3898 444
6446 3554 395
6447 3549 254
6448 76 370
6449 548 341
6450 4838 290
6451 3478 212
6452 3364 326
6453 0 -1
6454 1586 294
6455 2565 276
6456 4989 244
6457 1825 249
6458 2640 407
6459 4537 298
6460 1871 324
6461 2500 349
6462 5107 368
6463 4519 298
6464 1549 441
6465 2834 392
6466 4452 184
6467 2144 224
6468 4996 336
6469 5174 449
6470 6207 268
6471 6143 253
6472 0 -1
6473 2566 402
6474 6475 339
6475 4955 297
6476 1102 388
6477 563 321
6478 2620 300
6479 4446 250
6480 4495 291
6481 4255 437
6482 1408 284
6483 2426 358
6484 4609 249
6485 3204 293
6486 2266 451
6487 925 118
6488 5123 316
6489 589 398
6490 2777 396
6491 3402 438
6492 5127 297
6493 436 252
6494 1658 404
6495 1142 315
6496 3265 359
6497 1631 372
6498 1667 392
6499 3207 370
6500 2985 198
6501 5768 300
6502 1796 439
6503 6265 300
6504 3449 328
6505 1952 277
6506 3542 371
6507 6050 263
6508 557 337
6509 1915 378
6510 371 312
6511 161 246
6512 4748 280
6513 2809 281
6514 0 -1
6515 4887 361
6516 5085 267
6517 1352 419
6518 6293 418
6519 4993 392
6520 5369 327
6521 4938 434
6522 5663 450
6523 1670 292
6524 5256 294
6525 759 419
6526 2764 235
6527 1283 364
6528 2529 248
6529 5069 296
6530 2752 346
6531 4391 319
6532 359 282
6533 5413 374
6534 3921 341
6535 1968 188
6536 790 343
6537 3109 243
6538 4597 389
6539 5524 355
6540 3673 407
6541 1358 334
6542 1108 354
6543 4731 192
6544 3708 396
6545 2864 292
6546 1124 252
6547 3034 187
6548 1144 395
6549 2193 324
6550 944 261
6551 3254 408
6552 3681 429
6553 6231 412
6554 4479 407
6555 5700 278
6556 3418 349
6557 1586 231
6558 5627 479
6559 2015 329
6560 5952 299
6561 6531 376
6562 3799 300
6563 4437 333
6564 2772 428
6565 6160 283
6566 757 230
6567 2805 175
6568 3943 259
6569 2446 403
6570 4686 304
6571 657 353
6572 1629 313
6573 1997 418
6574 255 244
6575 2724 419
6576 3717 235
6577 2701 342
6578 6438 383
6579 432 334
6580 5211 215
6581 2559 284
6582 0 -1
6583 0 -1
6584 6524 397
6585 1343 387
6586 3496 346
6587 2813 306
6588 877 396
6589 268 347
6590 5428 208
6591 4283 255
6592 1357 334
6593 0 -1
6594 4140 294
6595 2103 136
6596 5100 377
6597 644 294
6598 3045 324
6599 2355 212
6600 4122 376
