15
1 0 -1
2 3470 484
3 0 -1
4 6032 413
5 5624 220
6 0 -1
7 2732 404
8 378 364
9 192 288
10 3773 352
11 6527 338
12 0 -1
13 1569 358
14 2711 304
15 15 0
16 3067 469
17 6475 166
18 6346 335
19 1860 401
20 3615 317
21 45 240
22 3342 283
23 1293 418
24 5161 270
25 5653 524
26 4645 389
27 5499 265
28 5025 321
29 4855 414
30 3486 341
31 0 -1
32 116 285
33 5737 396
34 1486 351
35 3484 411
36 783 338
37 4818 264
38 5902 283
39 4330 324
40 3846 402
41 3369 283
42 4247 315
43 558 363
44 2815 343
45 1283 237
46 134 436
47 1617 415
48 790 316
49 4119 449
50 3169 416
51 3112 365
52 855 442
53 2271 454
54 3342 275
55 3324 466
56 4057 361
57 4190 341
58 0 -1
59 1504 352
60 6165 353
61 2535 322
62 2317 366
63 2359 139
64 852 494
65 1562 297
66 5960 365
67 5642 328
68 0 -1
69 3382 469
70 942 252
71 906 292
72 3943 417
73 4828 501
74 1053 359
75 4233 282
76 6051 300
77 5142 413
78 773 282
79 132 311
80 4228 334
81 2602 452
82 5839 389
83 101 295
84 2074 313
85 4959 236
86 2358 279
87 4286 253
88 3510 305
89 5345 367
90 20 327
91 227 572
92 0 -1
93 6010 408
94 1782 408
95 311 460
96 2904 356
97 3520 287
98 1126 413
99 5686 262
100 3416 300
101 2928 294
102 4115 364
103 4544 298
104 2593 347
105 4525 363
106 2054 197
107 5962 356
108 5195 357
109 6020 314
110 6532 373
111 5925 433
112 3034 421
113 5487 365
114 3773 390
115 2537 400
116 1035 280
117 939 383
118 786 194
119 4672 331
120 3289 687
121 3867 340
122 777 324
123 99 304
124 0 -1
125 2800 345
126 4100 387
127 1353 292
128 3546 171
129 5545 372
130 1436 192
131 5783 352
132 3617 241
133 6529 380
134 3709 418
135 1253 242
136 1491 339
137 1166 447
138 0 -1
139 3453 466
140 2701 372
141 2385 387
142 4261 380
143 5953 315
144 2843 319
145 6021 370
146 1120 429
147 5016 277
148 3543 349
149 5062 376
150 4541 471
151 4836 440
152 528 475
153 2019 370
154 5218 374
155 5998 194
156 1277 351
157 0 -1
158 456 356
159 4421 426
160 1932 340
161 1968 213
162 1900 469
163 5715 339
164 5680 352
165 0 -1
166 2602 441
167 832 356
168 4970 382
169 1227 395
170 1054 284
171 0 -1
172 3032 312
173 3080 302
174 4548 309
175 4084 303
176 1059 352
177 3570 345
178 3798 333
179 3946 322
180 6137 355
181 4693 168
182 4258 407
183 2409 338
184 3594 439
185 5903 407
186 6061 414
187 6334 296
188 6361 280
189 2756 228
190 0 -1
191 1933 354
192 6503 288
193 5361 510
194 5482 353
195 0 -1
196 5671 334
197 1323 434
198 699 401
199 6585 366
200 5744 425
201 3771 432
202 4185 236
203 2941 313
204 4257 321
205 284 446
206 1705 329
207 211 268
208 4844 390
209 6266 394
210 3676 375
211 6278 195
212 0 -1
213 6526 142
214 6566 349
215 4871 318
216 1704 379
217 3677 326
218 3897 334
219 1249 292
220 5591 414
221 5163 335
222 4360 392
223 5224 112
224 0 -1
225 0 -1
226 1302 474
227 4125 467
228 2043 325
229 1564 360
230 1966 311
231 5330 369
232 4537 364
233 2397 459
234 3256 437
235 6099 574
236 4006 309
237 0 -1
238 3034 350
239 1849 224
240 1788 248
241 1647 212
242 0 -1
243 18 386
244 1307 346
245 27 365
246 842 294
247 2259 367
248 722 331
249 870 374
250 1338 338
251 2053 350
252 1923 325
253 0 -1
254 615 335
255 6189 238
256 2485 437
257 4046 325
258 3244 254
259 0 -1
260 3699 371
261 467 384
262 5633 333
263 2244 322
264 1530 408
265 147 318
266 279 439
267 274 318
268 4621 369
269 1809 309
270 407 363
271 3932 375
272 1056 407
273 3181 513
274 3012 274
275 4583 402
276 1307 330
277 0 -1
278 337 425
279 5540 346
280 5321 309
281 925 362
282 1878 358
283 1809 256
284 1289 350
285 5697 527
286 4453 441
287 0 -1
288 3822 344
289 683 392
290 93 424
291 2803 329
292 4920 337
293 4964 321
294 147 370
295 0 -1
296 5815 371
297 6535 264
298 5768 176
299 6048 290
300 3367 626
301 1959 380
302 5101 221
303 2532 472
304 461 489
305 4506 282
306 4294 449
307 3309 415
308 2502 315
309 3960 370
310 0 -1
311 4179 432
312 3009 323
313 2778 419
314 3661 311
315 5059 348
316 6121 367
317 6137 362
318 1536 322
319 0 -1
320 6055 455
321 482 296
322 2606 241
323 5267 338
324 5016 291
325 4668 318
326 5323 336
327 3121 463
328 5225 342
329 2383 279
330 0 -1
331 5438 419
332 1088 446
333 3456 460
334 3691 344
335 1436 170
336 4224 311
337 5262 367
338 418 449
339 2503 415
340 5716 328
341 2582 458
342 5417 310
343 5570 420
344 1165 225
345 4475 172
346 2653 312
347 223 232
348 2550 227
349 2514 472
350 6236 202
351 530 274
352 5209 320
353 3467 330
354 2839 439
355 4762 347
356 982 452
357 3686 373
358 0 -1
359 2694 273
360 2852 444
361 6050 418
362 308 396
363 6168 417
364 2613 399
365 252 330
366 1935 330
367 1070 279
368 3556 451
369 6243 398
370 1172 355
371 1970 365
372 959 382
373 5374 245
374 2677 325
375 5577 337
376 2766 448
377 3176 267
378 3661 294
379 3557 294
380 0 -1
381 1740 402
382 911 355
383 664 468
384 5025 322
385 5144 296
386 5077 332
387 5681 434
388 3938 376
389 6519 282
390 1439 354
391 684 426
392 0 -1
393 2343 410
394 769 498
395 4133 242
396 5343 454
397 4340 410
398 4302 375
399 2653 346
400 0 -1
401 4441 393
402 1619 344
403 1114 358
404 2057 320
405 5798 436
406 3682 468
407 2054 263
408 3189 242
409 6373 345
410 4123 316
411 6363 288
412 3204 334
413 301 431
414 3764 501
415 1908 385
416 4480 304
417 653 357
418 1603 424
419 5036 385
420 4650 432
421 2681 357
422 5528 311
423 5287 352
424 3374 327
425 6008 315
426 3118 336
427 1974 398
428 1253 336
429 5703 347
430 569 385
431 1321 349
432 2931 357
433 4259 304
434 1918 361
435 1972 284
436 1247 411
437 2586 342
438 3288 300
439 2858 391
440 1722 335
441 3851 489
442 1530 383
443 5577 334
444 4924 391
445 23 447
446 39 335
447 1447 259
448 4937 338
449 5880 360
450 4940 510
451 0 -1
452 1960 346
453 766 422
454 4790 337
455 5837 375
456 1732 310
457 4804 418
458 1940 394
459 5196 411
460 1224 368
461 2895 381
462 1647 274
463 5363 390
464 2100 412
465 2111 354
466 5952 305
467 2018 300
468 2907 244
469 3086 393
470 97 299
471 3224 359
472 807 411
473 4633 225
474 467 341
475 3807 358
476 6580 358
477 456 409
478 41 313
479 3382 366
480 578 358
481 6368 513
482 5005 288
483 583 339
484 4770 483
485 2168 292
486 2408 44
487 3243 310
488 1945 463
489 2716 353
490 5544 395
491 1833 277
492 1803 402
493 164 387
494 2480 365
495 654 404
496 5288 332
497 4695 408
498 5399 384
499 0 -1
500 2696 360
501 0 -1
502 4448 358
503 3255 330
504 6463 505
505 456 352
506 4104 375
507 3809 336
508 4998 567
509 474 437
510 4044 291
511 2395 390
512 4153 317
513 1249 331
514 2110 323
515 1875 207
516 79 329
517 6129 264
518 5157 301
519 5497 316
520 6499 429
521 3571 485
522 4962 353
523 2261 323
524 4589 379
525 0 -1
526 1583 245
527 2472 320
528 3323 458
529 5075 224
530 4685 274
531 4597 400
532 3712 355
533 4491 431
534 0 -1
535 2796 376
536 3322 375
537 1292 371
538 2693 419
539 473 230
540 3603 195
541 5975 432
542 5904 421
543 1916 382
544 3205 419
545 6594 356
546 3765 375
547 6365 401
548 5259 376
549 0 -1
550 3316 336
551 5135 394
552 629 320
553 4448 361
554 3196 463
555 1443 270
556 667 177
557 1235 386
558 1997 358
559 4431 325
560 0 -1
561 3050 304
562 3201 308
563 2930 395
564 3655 314
565 6013 272
566 3101 424
567 4962 291
568 114 427
569 5512 350
570 4869 234
571 0 -1
572 1536 262
573 1797 590
574 6188 260
575 4580 332
576 3880 274
577 4992 469
578 6349 252
579 3166 342
580 6188 290
581 2254 341
582 447 346
583 6369 337
584 5919 361
585 666 334
586 2893 492
587 4700 276
588 1409 291
589 630 451
590 3066 307
591 756 455
592 1153 449
593 513 335
594 4446 245
595 4993 245
596 4406 356
597 1589 228
598 6064 411
599 126 389
600 0 -1
601 5140 416
602 192 352
603 2843 246
604 1122 349
605 178 349
606 1786 380
607 2965 492
608 5754 367
609 804 339
610 0 -1
611 4910 317
612 5838 356
613 5378 425
614 2506 383
615 1756 250
616 5825 395
617 3360 330
618 0 -1
619 2655 320
620 674 327
621 4399 364
622 4353 333
623 0 -1
624 6535 366
625 1442 401
626 3189 265
627 6161 460
628 4554 292
629 85 257
630 3784 333
631 2286 273
632 850 415
633 2847 484
634 4816 406
635 1889 429
636 192 305
637 1659 309
638 1560 394
639 3537 325
640 5632 357
641 4653 403
642 3603 114
643 569 353
644 2138 271
645 0 -1
646 2217 419
647 574 261
648 6350 362
649 0 -1
650 6309 349
651 682 439
652 321 395
653 1466 351
654 4882 374
655 0 -1
656 1927 307
657 5236 365
658 2484 380
659 3898 351
660 5013 339
661 5462 489
662 298 252
663 5768 234
664 1179 429
665 6523 331
666 6014 272
667 3234 148
668 2210 416
669 2233 369
670 2334 304
671 6254 450
672 5751 430
673 2663 326
674 6230 288
675 674 338
676 1980 404
677 3541 333
678 5227 225
679 6289 401
680 1974 314
681 401 412
682 2048 347
683 2899 327
684 5528 321
685 4963 292
686 1271 214
687 3366 463
688 4760 517
689 4051 403
690 2489 333
691 5989 438
692 496 403
693 3261 439
694 773 273
695 241 273
696 6217 286
697 2944 377
698 2977 308
699 6216 328
700 839 300
701 914 289
702 3410 406
703 3019 417
704 3570 301
705 2506 369
706 3201 355
707 2640 469
708 4222 651
709 3106 331
710 724 552
711 4136 487
712 2576 479
713 288 384
714 4581 403
715 3243 374
716 5231 364
717 6229 370
718 408 278
719 2084 340
720 0 -1
721 2642 386
722 5455 243
723 959 351
724 361 463
725 302 275
726 5499 258
727 937 377
728 3372 374
729 3290 398
730 1018 369
731 2427 206
732 140 375
733 4554 300
734 1219 362
735 5875 347
736 4874 343
737 5657 485
738 2931 326
739 4032 259
740 3487 152
741 2054 256
742 2323 420
743 6232 321
744 6500 350
745 174 389
746 3690 272
747 2756 267
748 5546 385
749 3638 351
750 4348 323
751 1293 370
752 6559 315
753 1136 532
754 5167 451
755 999 310
756 3532 402
757 2430 309
758 3898 279
759 4204 375
760 1292 266
761 4270 310
762 1889 512
763 1385 414
764 1002 266
765 5115 301
766 3305 315
767 5768 127
768 4553 357
769 6000 386
770 3137 342
771 4481 338
772 5337 423
773 2694 192
774 3215 413
775 6464 489
776 2735 332
777 5736 258
778 2035 404
779 67 405
780 6088 332
781 3393 359
782 4094 377
783 2756 267
784 565 281
785 5258 393
786 3540 186
787 5671 375
788 6270 449
789 0 -1
790 2747 301
791 1288 340
792 6217 352
793 6448 362
794 2642 329
795 2862 401
796 1597 499
797 6365 481
798 1339 371
799 4405 465
800 1999 435
801 3307 505
802 4806 248
803 0 -1
804 4692 270
805 345 173
806 1295 466
807 2267 343
808 3615 380
809 3965 555
810 0 -1
811 852 533
812 2173 277
813 5728 453
814 3154 456
815 0 -1
816 1584 407
817 6243 498
818 476 450
819 0 -1
820 0 -1
821 2883 402
822 4442 447
823 923 534
824 641 450
825 4663 423
826 2437 525
827 2973 326
828 5586 394
829 3083 575
830 4928 326
831 1103 424
832 6407 283
833 2173 286
834 5656 370
835 6218 389
836 558 364
837 6314 769
838 4985 425
839 2684 252
840 2237 282
841 1363 420
842 2756 289
843 1235 376
844 2803 281
845 6265 212
846 510 409
847 937 439
848 4145 344
849 6580 272
850 2706 354
851 5081 335
852 2320 433
853 6416 358
854 3459 301
855 5577 347
856 1574 407
857 2840 384
858 999 279
859 1372 376
860 4259 358
861 2668 378
862 0 -1
863 1114 339
864 5952 293
865 3315 241
866 4473 276
867 668 432
868 4544 323
869 5995 298
870 5499 306
871 2391 420
872 0 -1
873 4834 325
874 351 293
875 3208 414
876 4435 450
877 2785 174
878 2728 339
879 4876 424
880 1985 424
881 6296 371
882 2422 438
883 0 -1
884 5400 281
885 1526 375
886 5754 371
887 312 420
888 881 414
889 5670 355
890 1712 390
891 1268 398
892 2859 381
893 6574 296
894 1709 419
895 1339 288
896 5738 422
897 423 410
898 5598 426
899 1781 390
900 1383 382
901 265 332
902 3530 432
903 5853 381
904 5950 373
905 5716 332
906 4758 260
907 3747 322
908 3632 612
909 1317 146
910 4670 350
911 2042 309
912 1077 263
913 2316 369
914 6492 201
915 3855 381
916 1368 411
917 3701 345
918 1822 334
919 4963 349
920 4512 442
921 4914 457
922 3423 438
923 5681 440
924 378 411
925 5545 322
926 6543 307
927 5321 338
928 352 402
929 47 517
930 4787 459
931 76 330
932 3492 328
933 5409 374
934 2529 412
935 0 -1
936 6194 376
937 3937 358
938 5173 279
939 968 332
940 4391 332
941 5550 295
942 1343 242
943 247 415
944 4062 366
945 2106 416
946 1040 402
947 5121 349
948 0 -1
949 3508 467
950 2147 291
951 4173 471
952 3592 380
953 3737 317
954 4923 397
955 2947 400
956 3809 362
957 2205 427
958 6072 308
959 4963 332
960 4523 377
961 0 -1
962 2986 236
963 5303 375
964 0 -1
965 4871 316
966 6503 273
967 3121 380
968 594 332
969 1140 388
970 1249 349
971 3274 394
972 864 318
973 6095 358
974 5097 396
975 5290 393
976 3422 328
977 2899 336
978 0 -1
979 2378 364
980 4879 442
981 0 -1
982 2611 334
983 2694 181
984 2290 361
985 770 410
986 5263 457
987 5401 273
988 4101 347
989 67 408
990 4107 366
991 1972 273
992 0 -1
993 0 -1
994 968 400
995 5338 346
996 2439 385
997 704 374
998 1038 293
999 3204 271
1000 2891 354
1001 42 424
1002 4068 199
1003 3244 265
1004 4655 312
1005 2091 305
1006 583 379
1007 132 294
1008 41 333
1009 505 437
1010 0 -1
1011 0 -1
1012 3123 384
1013 2434 293
1014 3277 386
1015 4522 301
1016 1462 371
1017 2122 437
1018 302 337
1019 5126 327
1020 4548 324
1021 1622 280
1022 5151 315
1023 214 357
1024 1299 369
1025 4383 408
1026 2106 429
1027 4133 286
1028 1893 378
1029 486 148
1030 1902 459
1031 2464 419
1032 2112 379
1033 4821 423
1034 1246 486
1035 3458 197
1036 5011 393
1037 5123 389
1038 4328 290
1039 5139 374
1040 783 320
1041 2081 478
1042 4756 397
1043 5169 381
1044 5531 376
1045 5619 364
1046 230 431
1047 0 -1
1048 6253 340
1049 5129 392
1050 509 446
1051 4291 404
1052 5198 340
1053 4200 337
1054 3917 252
1055 1974 348
1056 1509 399
1057 1329 321
1058 522 367
1059 561 312
1060 5174 342
1061 2074 332
1062 3917 254
1063 4244 262
1064 2603 408
1065 3288 290
1066 5462 498
1067 0 -1
1068 4920 257
1069 4903 549
1070 5675 265
1071 5182 369
1072 4510 396
1073 223 191
1074 176 430
1075 2655 313
1076 132 300
1077 5131 249
1078 2365 371
1079 966 363
1080 2756 266
1081 101 382
1082 5447 288
1083 1442 393
1084 1101 347
1085 0 -1
1086 2696 328
1087 0 -1
1088 4416 389
1089 0 -1
1090 3520 297
1091 0 -1
1092 3693 388
1093 4693 187
1094 4830 289
1095 4993 296
1096 1403 380
1097 6591 273
1098 428 383
1099 2290 394
1100 3544 493
1101 4250 328
1102 6527 313
1103 3670 322
1104 1731 429
1105 2053 374
1106 23 418
1107 0 -1
1108 2117 364
1109 4515 454
1110 4361 366
1111 6031 348
1112 4912 349
1113 1289 287
1114 3228 328
1115 3437 309
1116 0 -1
1117 2325 424
1118 4942 469
1119 3929 346
1120 5062 341
1121 977 403
1122 2843 251
1123 3154 412
1124 4430 314
1125 3091 374
1126 1896 371
1127 2500 432
1128 4397 356
1129 1709 419
1130 4109 278
1131 4913 316
1132 3096 435
1133 1416 353
1134 5308 418
1135 914 242
1136 4336 435
1137 0 -1
1138 2941 328
1139 4420 338
1140 1583 362
1141 569 404
1142 4731 275
1143 3608 367
1144 1444 360
1145 2986 321
1146 0 -1
1147 2673 438
1148 3277 336
1149 4422 403
1150 2152 452
1151 5207 548
1152 4899 436
1153 6476 350
1154 2856 284
1155 5716 399
1156 621 464
1157 0 -1
1158 5997 357
1159 1918 410
1160 5949 459
1161 6150 370
1162 5736 304
1163 4109 312
1164 2417 379
1165 4516 207
1166 1684 351
1167 4596 360
1168 5847 313
1169 5693 468
1170 5327 416
1171 5258 421
1172 4044 287
1173 4236 421
1174 5699 405
1175 1354 317
1176 473 272
1177 2799 318
1178 4767 394
1179 1344 411
1180 4362 287
1181 4685 381
1182 1575 320
1183 236 339
1184 2990 422
1185 4339 349
1186 4753 309
1187 704 311
1188 275 470
1189 3258 307
1190 3158 476
1191 3128 312
1192 1582 360
1193 6555 296
1194 1251 381
1195 2254 327
1196 1784 314
1197 4904 402
1198 349 517
1199 3953 325
1200 1045 387
1201 5082 349
1202 4731 279
1203 4667 552
1204 4294 419
1205 5088 435
1206 865 308
1207 5159 228
1208 211 255
1209 3016 250
1210 6461 370
1211 2120 362
1212 2408 112
1213 5214 408
1214 1686 316
1215 950 389
1216 3926 455
1217 3527 634
1218 3170 370
1219 5801 296
1220 3540 92
1221 407 306
1222 167 365
1223 6366 504
1224 4090 316
1225 2833 371
1226 4094 346
1227 2904 333
1228 6076 180
1229 3247 334
1230 6078 406
1231 0 -1
1232 3521 411
1233 0 -1
1234 3066 389
1235 854 365
1236 2791 333
1237 3475 420
1238 4218 255
1239 1856 262
1240 2985 383
1241 6174 340
1242 3295 351
1243 6217 374
1244 2349 289
1245 0 -1
1246 4316 459
1247 3192 349
1248 5709 355
1249 6363 287
1250 5545 328
1251 83 348
1252 2556 539
1253 4591 237
1254 3003 307
1255 4910 365
1256 6371 582
1257 4791 375
1258 4476 282
1259 4342 395
1260 2890 275
1261 2878 471
1262 6509 431
1263 5053 530
1264 5225 433
1265 2183 240
1266 2580 456
1267 2111 286
1268 174 356
1269 3342 311
1270 3302 308
1271 1284 190
1272 5956 302
1273 2743 287
1274 2880 375
1275 782 444
1276 3251 271
1277 359 293
1278 4489 235
1279 6121 342
1280 2070 392
1281 1724 426
1282 1655 534
1283 1471 231
1284 6526 174
1285 3764 504
1286 1509 415
1287 2731 439
1288 4560 255
1289 1278 246
1290 1942 423
1291 4368 358
1292 4633 264
1293 4488 354
1294 5877 355
1295 6119 386
1296 2401 336
1297 0 -1
1298 6531 357
1299 1897 329
1300 5853 308
1301 4719 360
1302 2193 382
1303 3440 360
1304 6188 275
1305 0 -1
1306 2853 346
1307 6296 330
1308 4762 320
1309 5605 545
1310 4291 353
1311 1397 346
1312 1209 319
1313 654 422
1314 4246 330
1315 581 436
1316 0 -1
1317 3503 128
1318 5632 433
1319 1822 312
1320 1622 301
1321 5884 343
1322 5366 312
1323 3861 371
1324 0 -1
1325 2767 481
1326 2480 363
1327 6305 452
1328 5735 494
1329 3651 264
1330 719 453
1331 2312 434
1332 0 -1
1333 4283 370
1334 90 335
1335 1308 347
1336 4554 259
1337 6188 260
1338 3782 323
1339 1228 285
1340 741 297
1341 912 268
1342 1525 249
1343 17 209
1344 2890 348
1345 5627 486
1346 5759 396
1347 6547 325
1348 5681 331
1349 3534 493
1350 777 360
1351 3216 333
1352 5277 309
1353 1968 237
1354 3092 303
1355 5755 393
1356 2016 496
1357 3119 343
1358 3721 337
1359 0 -1
1360 6107 288
1361 1343 317
1362 3640 527
1363 1131 326
1364 682 386
1365 2981 448
1366 5800 471
1367 3088 434
1368 4226 384
1369 5956 403
1370 1083 403
1371 1537 325
1372 2921 272
1373 812 283
1374 4631 475
1375 1500 414
1376 0 -1
1377 3774 402
1378 0 -1
1379 6402 435
1380 0 -1
1381 416 361
1382 5232 454
1383 1351 369
1384 6021 370
1385 470 314
1386 1731 363
1387 3541 307
1388 886 383
1389 2177 391
1390 4444 514
1391 4283 336
1392 4133 253
1393 4527 376
1394 1064 509
1395 1613 305
1396 5360 327
1397 4980 283
1398 3637 483
1399 3939 439
1400 2186 442
1401 1293 364
1402 1066 499
1403 6256 348
1404 3862 335
1405 1683 365
1406 4606 522
1407 1166 383
1408 5161 247
1409 4640 239
1410 6297 310
1411 0 -1
1412 1932 329
1413 2172 356
1414 0 -1
1415 4024 280
1416 6361 283
1417 443 382
1418 252 341
1419 3862 417
1420 3118 306
1421 947 459
1422 0 -1
1423 1453 321
1424 5433 223
1425 5686 216
1426 849 313
1427 1933 299
1428 6445 382
1429 4063 303
1430 4780 379
1431 2152 379
1432 181 222
1433 5619 342
1434 4363 424
1435 5348 457
1436 3629 109
1437 3386 450
1438 0 -1
1439 4249 335
1440 3251 285
1441 884 305
1442 236 384
1443 3888 160
1444 2339 312
1445 3647 371
1446 5575 175
1447 5446 186
1448 3953 332
1449 4286 256
1450 1987 472
1451 3169 367
1452 3169 356
1453 4862 227
1454 4778 257
1455 0 -1
1456 2886 345
1457 3115 381
1458 2794 376
1459 4700 244
1460 2005 479
1461 834 405
1462 2237 346
1463 2147 294
1464 1739 321
1465 3675 383
1466 6048 333
1467 3027 535
1468 726 263
1469 219 351
1470 5106 369
1471 3888 186
1472 3044 388
1473 562 311
1474 1850 394
1475 543 416
1476 5531 324
1477 1857 444
1478 6454 339
1479 3845 317
1480 5848 414
1481 187 305
1482 1559 332
1483 5700 312
1484 1937 360
1485 0 -1
1486 2683 342
1487 6537 367
1488 3208 410
1489 4896 518
1490 1877 439
1491 4391 283
1492 0 -1
1493 0 -1
1494 0 -1
1495 2253 373
1496 1369 437
1497 4924 384
1498 280 337
1499 4522 324
1500 1525 336
1501 3148 416
1502 1428 437
1503 3226 332
1504 85 287
1505 5314 321
1506 2170 437
1507 3876 392
1508 6342 329
1509 6512 372
1510 3091 366
1511 6255 387
1512 173 328
1513 6459 334
1514 480 424
1515 5366 340
1516 3285 322
1517 4852 458
1518 2560 343
1519 909 194
1520 0 -1
1521 4974 419
1522 5764 405
1523 0 -1
1524 2518 432
1525 3602 234
1526 5447 288
1527 1260 279
1528 4329 467
1529 2168 346
1530 3691 327
1531 5057 272
1532 4088 443
1533 6010 391
1534 1276 311
1535 3432 377
1536 2864 232
1537 335 280
1538 2690 478
1539 1071 411
1540 6393 285
1541 4914 373
1542 5856 322
1543 6237 365
1544 5999 364
1545 3950 497
1546 0 -1
1547 1135 305
1548 462 334
1549 370 446
1550 1822 294
1551 5131 334
1552 2059 302
1553 858 335
1554 3234 193
1555 0 -1
1556 2065 383
1557 3800 415
1558 5570 492
1559 5945 304
1560 2645 373
1561 5447 281
1562 5521 268
1563 2406 421
1564 1583 342
1565 0 -1
1566 6492 256
1567 4187 439
1568 0 -1
1569 2677 302
1570 3152 331
1571 4549 393
1572 4737 413
1573 356 478
1574 5338 305
1575 4633 289
1576 4182 373
1577 4412 431
1578 685 322
1579 0 -1
1580 4152 372
1581 2635 508
1582 4986 332
1583 5615 242
1584 6574 331
1585 1208 265
1586 1860 335
1587 6174 342
1588 26 442
1589 213 164
1590 6256 379
1591 2315 358
1592 1917 440
1593 1056 467
1594 6434 335
1595 3548 328
1596 90 432
1597 1601 399
1598 3927 334
1599 6467 317
1600 3677 406
1601 3315 294
1602 1833 293
1603 2344 405
1604 3662 298
1605 6144 435
1606 2535 370
1607 4980 284
1608 5209 373
1609 4990 339
1610 4331 405
1611 0 -1
1612 77 415
1613 4633 210
1614 3643 355
1615 2793 482
1616 1223 587
1617 130 295
1618 6293 419
1619 2480 292
1620 5331 419
1621 468 335
1622 1459 255
1623 3798 409
1624 2425 372
1625 1746 441
1626 2570 454
1627 5881 370
1628 2261 356
1629 3063 438
1630 1516 343
1631 6537 428
1632 1423 426
1633 5870 361
1634 4279 411
1635 3916 299
1636 1446 238
1637 4408 302
1638 2730 471
1639 2115 425
1640 2135 112
1641 6088 342
1642 2729 444
1643 5225 372
1644 5100 404
1645 359 364
1646 3230 428
1647 6076 202
1648 3802 300
1649 0 -1
1650 4279 414
1651 4974 314
1652 5225 366
1653 5526 368
1654 846 480
1655 1059 431
1656 3020 323
1657 784 375
1658 4273 337
1659 1781 290
1660 2784 425
1661 793 369
1662 6507 348
1663 6239 180
1664 4033 204
1665 66 442
1666 6561 326
1667 5738 354
1668 3783 397
1669 2774 398
1670 3351 264
1671 0 -1
1672 1941 410
1673 65 306
1674 5969 293
1675 1582 374
1676 3772 342
1677 3838 287
1678 4803 329
1679 5077 363
1680 3317 439
1681 4251 305
1682 2374 343
1683 352 320
1684 3038 239
1685 2851 405
1686 3012 303
1687 3966 379
1688 2587 428
1689 0 -1
1690 491 338
1691 519 372
1692 4505 275
1693 1559 346
1694 5116 338
1695 1130 329
1696 1238 349
1697 6526 215
1698 244 417
1699 2112 429
1700 4489 314
1701 1941 392
1702 795 513
1703 1236 427
1704 4409 339
1705 2434 300
1706 942 315
1707 6014 245
1708 3196 358
1709 3511 357
1710 595 285
1711 1002 291
1712 6212 331
1713 2309 413
1714 1756 295
1715 5783 340
1716 0 -1
1717 0 -1
1718 5777 353
1719 6066 393
1720 6367 392
1721 3475 387
1722 4346 325
1723 2824 443
1724 6100 385
1725 699 328
1726 3068 409
1727 5794 360
1728 4481 240
1729 1481 417
1730 709 433
1731 109 317
1732 6072 287
1733 4479 394
1734 3584 498
1735 0 -1
1736 5126 349
1737 6110 338
1738 6346 325
1739 1860 317
1740 2377 321
1741 3799 378
1742 4687 337
1743 6245 450
1744 3510 304
1745 4583 379
1746 4263 383
1747 0 -1
1748 4293 379
1749 5301 285
1750 2694 192
1751 175 314
1752 3918 350
1753 0 -1
1754 482 299
1755 2417 361
1756 6236 223
1757 4564 328
1758 2056 444
1759 228 421
1760 3838 272
1761 2446 343
1762 3845 303
1763 4224 308
1764 246 317
1765 0 -1
1766 1272 417
1767 4254 368
1768 5077 337
1769 4450 550
1770 6063 341
1771 0 -1
1772 0 -1
1773 6176 311
1774 2921 294
1775 137 538
1776 1408 275
1777 6495 402
1778 5057 307
1779 1206 344
1780 3731 385
1781 2142 290
1782 4745 367
1783 355 388
1784 3265 264
1785 1068 315
1786 4778 341
1787 3459 297
1788 2359 208
1789 1534 385
1790 5871 378
1791 1662 381
1792 1097 279
1793 1350 440
1794 5823 378
1795 2135 116
1796 2141 363
1797 4036 554
1798 0 -1
1799 0 -1
1800 0 -1
1801 0 -1
1802 2615 375
1803 3880 284
1804 3087 299
1805 5825 383
1806 2986 237
1807 6535 322
1808 698 373
1809 4790 237
1810 4610 380
1811 108 413
1812 274 306
1813 983 195
1814 4150 311
1815 3363 455
1816 3049 414
1817 950 362
1818 2063 467
1819 1908 361
1820 0 -1
1821 5695 367
1822 5065 275
1823 628 365
1824 4098 317
1825 5447 322
1826 4499 348
1827 6512 292
1828 713 438
1829 2759 383
1830 3325 310
1831 5162 380
1832 0 -1
1833 4633 207
1834 3265 302
1835 4966 490
1836 5544 386
1837 136 340
1838 4863 409
1839 3293 572
1840 1873 306
1841 5367 451
1842 5208 190
1843 6232 294
1844 0 -1
1845 3128 351
1846 5115 296
1847 2412 353
1848 5934 379
1849 2608 210
1850 5324 358
1851 6152 407
1852 1715 403
1853 192 295
1854 3764 413
1855 2928 296
1856 1647 250
1857 2771 427
1858 5999 329
1859 5209 316
1860 1337 309
1861 1278 327
1862 5946 385
1863 828 446
1864 5159 249
1865 2889 411
1866 11 455
1867 2259 352
1868 4857 275
1869 5404 243
1870 5397 371
1871 3876 320
1872 5109 368
1873 3701 297
1874 3064 442
1875 3232 197
1876 0 -1
1877 2845 348
1878 1119 351
1879 4386 342
1880 6080 315
1881 0 -1
1882 6427 331
1883 2752 355
1884 6329 348
1885 4315 436
1886 0 -1
1887 316 389
1888 102 409
1889 3343 421
1890 3594 402
1891 2045 461
1892 3817 415
1893 3768 360
1894 4499 452
1895 36 381
1896 5128 330
1897 6531 294
1898 2820 236
1899 0 -1
1900 6336 357
1901 4068 244
1902 1153 389
1903 3659 442
1904 1519 300
1905 4094 333
1906 0 -1
1907 161 230
1908 2328 277
1909 5856 292
1910 1035 259
1911 6374 464
1912 4837 406
1913 0 -1
1914 3007 431
1915 2004 391
1916 192 303
1917 3560 368
1918 3473 315
1919 2631 358
1920 636 379
1921 2893 413
1922 1708 381
1923 4022 311
1924 2255 396
1925 3853 420
1926 359 350
1927 2111 293
1928 678 283
1929 1845 353
1930 5897 287
1931 3605 241
1932 4715 307
1933 6326 278
1934 3432 361
1935 3369 273
1936 6492 165
1937 4857 355
1938 3414 361
1939 2986 245
1940 4173 382
1941 2236 324
1942 323 373
1943 2436 287
1944 6047 390
1945 3356 385
1946 5385 522
1947 2568 476
1948 1751 367
1949 6467 333
1950 2746 448
1951 2759 383
1952 4910 324
1953 2295 355
1954 4782 416
1955 5542 544
1956 603 326
1957 3010 352
1958 0 -1
1959 3762 378
1960 3942 344
1961 3384 300
1962 5289 465
1963 5447 330
1964 6399 379
1965 0 -1
1966 3287 282
1967 0 -1
1968 4591 208
1969 674 367
1970 4140 356
1971 5793 577
1972 3971 238
1973 0 -1
1974 5815 278
1975 3214 401
1976 1468 325
1977 6103 377
1978 567 308
1979 6043 380
1980 6580 344
1981 2893 403
1982 0 -1
1983 1372 325
1984 0 -1
1985 1481 320
1986 5945 289
1987 1368 403
1988 3188 416
1989 2890 376
1990 6375 422
1991 4150 362
1992 2267 371
1993 0 -1
1994 5960 342
1995 4750 365
1996 5071 327
1997 4208 349
1998 4441 386
1999 1000 359
2000 6394 405
2001 0 -1
2002 4727 336
2003 485 363
2004 465 355
2005 3708 416
2006 0 -1
2007 5126 302
2008 1732 292
2009 5611 320
2010 1253 287
2011 0 -1
2012 5890 313
2013 3250 347
2014 5651 387
2015 5528 315
2016 1713 438
2017 1111 371
2018 6076 245
2019 3817 337
2020 4496 460
2021 5417 384
2022 5965 396
2023 2322 433
2024 6300 338
2025 487 372
2026 4620 352
2027 6466 273
2028 0 -1
2029 1293 373
2030 0 -1
2031 4004 426
2032 3305 301
2033 6492 220
2034 4471 451
2035 2993 310
2036 0 -1
2037 1304 362
2038 0 -1
2039 181 224
2040 5530 346
2041 5911 354
2042 1898 250
2043 456 312
2044 2843 288
2045 5479 388
2046 1500 358
2047 4006 324
2048 5157 290
2049 0 -1
2050 2417 367
2051 3797 437
2052 1029 187
2053 686 291
2054 1436 171
2055 6129 276
2056 4874 349
2057 373 252
2058 4416 383
2059 3974 281
2060 4798 345
2061 2099 330
2062 4246 361
2063 1739 415
2064 1255 399
2065 3522 322
2066 5734 282
2067 4885 398
2068 2804 284
2069 4008 300
2070 2639 380
2071 2745 492
2072 539 344
2073 6031 249
2074 758 309
2075 5126 390
2076 0 -1
2077 2921 279
2078 3400 338
2079 5463 290
2080 5410 356
2081 5760 396
2082 6474 319
2083 4285 385
2084 3372 308
2085 4191 377
2086 6194 367
2087 634 460
2088 5817 400
2089 1323 443
2090 80 360
2091 5419 285
2092 3513 518
2093 3814 255
2094 6013 277
2095 1202 363
2096 0 -1
2097 421 417
2098 4159 395
2099 54 329
2100 6247 384
2101 1337 304
2102 2502 370
2103 6035 245
2104 6079 403
2105 2788 379
2106 1473 325
2107 3842 369
2108 3994 527
2109 4812 439
2110 2027 321
2111 5851 283
2112 1651 322
2113 3132 512
2114 1552 311
2115 1294 397
2116 725 373
2117 4738 356
2118 2070 386
2119 5140 457
2120 1647 318
2121 5401 370
2122 4697 384
2123 6239 208
2124 2685 511
2125 4568 312
2126 5828 365
2127 5516 495
2128 0 -1
2129 848 384
2130 6010 375
2131 5597 314
2132 6013 303
2133 1299 335
2134 4071 352
2135 2940 78
2136 4098 362
2137 4287 338
2138 3351 236
2139 3325 400
2140 4899 378
2141 4408 301
2142 764 272
2143 714 432
2144 3992 404
2145 2663 333
2146 5785 362
2147 3473 255
2148 1469 440
2149 3258 367
2150 211 307
2151 348 316
2152 1809 346
2153 3204 308
2154 3595 318
2155 6013 255
2156 1145 342
2157 6382 356
2158 4522 352
2159 3118 358
2160 4033 228
2161 4166 401
2162 6345 288
2163 1135 280
2164 2784 342
2165 4302 371
2166 2440 325
2167 5065 210
2168 1209 254
2169 0 -1
2170 186 427
2171 3302 354
2172 4226 350
2173 4516 237
2174 738 359
2175 3713 394
2176 2907 322
2177 22 372
2178 640 368
2179 1444 346
2180 3258 346
2181 6244 340
2182 6588 320
2183 1936 200
2184 5794 324
2185 2593 301
2186 1910 331
2187 3098 433
2188 3263 301
2189 4428 252
2190 6297 357
2191 5208 297
2192 602 417
2193 3838 355
2194 3018 445
2195 5611 289
2196 6091 465
2197 0 -1
2198 6212 392
2199 6561 430
2200 170 373
2201 4793 398
2202 3088 394
2203 3049 441
2204 4048 327
2205 3311 393
2206 2024 380
2207 1105 379
2208 1278 344
2209 0 -1
2210 3543 346
2211 6039 369
2212 5650 412
2213 3336 606
2214 3912 416
2215 587 288
2216 2290 394
2217 4583 349
2218 0 -1
2219 4499 348
2220 5329 353
2221 3933 364
2222 5886 340
2223 3889 382
2224 1162 359
2225 2180 356
2226 5687 362
2227 2418 280
2228 5104 535
2229 5520 507
2230 0 -1
2231 5705 348
2232 0 -1
2233 848 368
2234 3037 376
2235 5861 468
2236 2906 305
2237 1856 270
2238 4426 377
2239 2729 380
2240 587 293
2241 4758 283
2242 4085 495
2243 1996 365
2244 773 231
2245 2157 396
2246 2314 425
2247 6110 389
2248 399 354
2249 1405 419
2250 4291 332
2251 0 -1
2252 3502 456
2253 3570 325
2254 4244 254
2255 4245 326
2256 0 -1
2257 3186 340
2258 3012 333
2259 5494 350
2260 6201 404
2261 3880 322
2262 3603 89
2263 0 -1
2264 3554 389
2265 0 -1
2266 2538 369
2267 6435 298
2268 5288 303
2269 5946 392
2270 2465 357
2271 2647 389
2272 3157 174
2273 900 455
2274 6001 335
2275 373 341
2276 5675 312
2277 933 471
2278 0 -1
2279 3188 393
2280 4911 410
2281 1544 458
2282 5745 296
2283 0 -1
2284 0 -1
2285 1468 338
2286 1289 261
2287 5465 511
2288 5962 362
2289 0 -1
2290 3450 315
2291 6451 439
2292 0 -1
2293 938 327
2294 2400 375
2295 4752 348
2296 5105 404
2297 5516 415
2298 2631 352
2299 9 340
2300 1622 269
2301 3862 339
2302 4063 287
2303 0 -1
2304 3629 80
2305 2174 397
2306 605 395
2307 5706 247
2308 491 359
2309 3141 377
2310 1427 299
2311 1831 381
2312 3756 385
2313 5830 448
2314 4031 416
2315 550 353
2316 6165 361
2317 2500 315
2318 372 430
2319 1939 285
2320 6030 388
2321 4323 357
2322 425 369
2323 2417 335
2324 561 321
2325 3224 343
2326 3256 396
2327 6371 524
2328 5159 233
2329 262 449
2330 6105 380
2331 4651 417
2332 1525 283
2333 4028 316
2334 5736 265
2335 1040 347
2336 169 418
2337 983 186
2338 4883 379
2339 2458 255
2340 3282 411
2341 38 286
2342 2345 397
2343 2615 354
2344 4580 405
2345 4652 303
2346 5339 454
2347 3071 342
2348 3448 477
2349 1684 289
2350 5675 305
2351 1418 358
2352 1536 330
2353 5182 340
2354 1271 217
2355 6361 319
2356 6051 235
2357 4420 358
2358 942 257
2359 3603 101
2360 5005 374
2361 255 272
2362 6177 362
2363 3208 440
2364 6113 362
2365 4302 318
2366 2140 412
2367 254 344
2368 6536 415
2369 4686 377
2370 5872 468
2371 4778 339
2372 5045 337
2373 6008 368
2374 3557 338
2375 3194 369
2376 3009 313
2377 2724 251
2378 6219 347
2379 580 385
2380 1219 411
2381 0 -1
2382 5950 384
2383 773 268
2384 0 -1
2385 4304 299
2386 3005 450
2387 5482 417
2388 6150 341
2389 5074 379
2390 5346 242
2391 5910 306
2392 1714 317
2393 0 -1
2394 5815 289
2395 3482 294
2396 6447 344
2397 1960 437
2398 0 -1
2399 2936 602
2400 5280 360
2401 5700 335
2402 0 -1
2403 6196 416
2404 0 -1
2405 3974 300
2406 5162 400
2407 6243 449
2408 2940 23
2409 174 311
2410 5082 269
2411 0 -1
2412 1395 309
2413 2819 366
2414 2307 312
2415 0 -1
2416 0 -1
2417 5523 318
2418 805 227
2419 1094 312
2420 6054 366
2421 2337 224
2422 4806 352
2423 1183 363
2424 1036 457
2425 512 333
2426 4600 410
2427 6034 188
2428 2385 362
2429 1707 288
2430 845 270
2431 189 261
2432 527 342
2433 6241 440
2434 5138 291
2435 3698 377
2436 3105 287
2437 1557 510
2438 135 246
2439 3951 324
2440 5412 313
2441 5669 326
2442 5908 317
2443 3985 461
2444 4886 325
2445 1097 376
2446 3380 257
2447 517 379
2448 2073 284
2449 1985 350
2450 6285 382
2451 3515 341
2452 0 -1
2453 2174 368
2454 1859 397
2455 6031 278
2456 1636 249
2457 385 407
2458 3395 251
2459 5617 436
2460 4589 391
2461 2578 414
2462 979 442
2463 0 -1
2464 6279 351
2465 1186 357
2466 2131 343
2467 3855 378
2468 3195 608
2469 6523 414
2470 3348 277
2471 0 -1
2472 4980 240
2473 1501 429
2474 1397 393
2475 680 421
2476 6285 407
2477 2656 367
2478 2688 372
2479 5421 411
2480 3976 264
2481 5138 308
2482 4317 546
2483 5340 358
2484 6543 299
2485 3233 380
2486 1028 466
2487 596 384
2488 4949 268
2489 2985 308
2490 5267 351
2491 5178 517
2492 5141 416
2493 0 -1
2494 2465 477
2495 4295 402
2496 3784 436
2497 2352 389
2498 2458 260
2499 0 -1
2500 761 315
2501 764 317
2502 909 263
2503 10 386
2504 4939 426
2505 4916 368
2506 6133 357
2507 3099 366
2508 5879 361
2509 5623 410
2510 0 -1
2511 3022 422
2512 98 501
2513 1780 452
2514 34 367
2515 971 456
2516 2915 384
2517 5778 427
2518 2362 386
2519 0 -1
2520 2914 421
2521 5968 461
2522 4241 343
2523 2345 411
2524 147 301
2525 2900 430
2526 3731 348
2527 0 -1
2528 3478 325
2529 2286 342
2530 3600 352
2531 3040 314
2532 1395 371
2533 679 421
2534 983 186
2535 5168 259
2536 412 409
2537 5459 337
2538 3288 260
2539 5806 382
2540 3779 320
2541 3288 359
2542 3032 353
2543 108 382
2544 0 -1
2545 2315 353
2546 539 343
2547 705 421
2548 6330 413
2549 5531 332
2550 5932 188
2551 0 -1
2552 3977 347
2553 1749 372
2554 3520 367
2555 3032 325
2556 1226 450
2557 6536 377
2558 6360 411
2559 5072 376
2560 192 327
2561 6048 344
2562 5984 323
2563 2457 427
2564 5928 359
2565 2151 317
2566 5312 358
2567 3454 381
2568 4763 373
2569 628 376
2570 6344 400
2571 754 478
2572 9 294
2573 4390 460
2574 2860 594
2575 3072 502
2576 3179 369
2577 5143 441
2578 433 381
2579 3151 541
2580 3673 369
2581 1893 381
2582 3708 393
2583 6412 526
2584 4498 286
2585 2187 519
2586 1813 231
2587 2921 309
2588 6501 297
2589 1177 329
2590 105 383
2591 5292 357
2592 3604 530
2593 3902 281
2594 3360 366
2595 1114 343
2596 5002 489
2597 5123 338
2598 0 -1
2599 0 -1
2600 6227 483
2601 3247 302
2602 3019 353
2603 2871 326
2604 0 -1
2605 3116 285
2606 3583 224
2607 2374 338
2608 540 203
2609 1228 288
2610 5452 348
2611 4098 331
2612 4803 337
2613 4829 374
2614 4925 411
2615 3663 311
2616 746 338
2617 3674 432
2618 5163 377
2619 0 -1
2620 3528 334
2621 6020 315
2622 2539 430
2623 0 -1
2624 0 -1
2625 4924 314
2626 4593 350
2627 678 325
2628 4014 324
2629 4572 343
2630 3247 352
2631 2227 342
2632 1740 395
2633 1253 282
2634 3988 429
2635 6511 392
2636 902 449
2637 5410 300
2638 999 332
2639 4408 293
2640 3415 461
2641 901 435
2642 2744 327
2643 2353 406
2644 1327 488
2645 4252 304
2646 5348 445
2647 1635 386
2648 2081 507
2649 5020 350
2650 1692 373
2651 0 -1
2652 2989 385
2653 5131 286
2654 6349 248
2655 3546 243
2656 3762 359
2657 4944 369
2658 0 -1
2659 4484 334
2660 0 -1
2661 611 355
2662 4823 380
2663 1875 258
2664 4704 178
2665 5530 379
2666 2097 460
2667 5256 306
2668 3777 325
2669 127 363
2670 5526 363
2671 962 254
2672 343 479
2673 5840 425
2674 4378 315
2675 6426 320
2676 3489 503
2677 1986 300
2678 673 360
2679 3966 386
2680 140 476
2681 4523 352
2682 3417 487
2683 346 314
2684 1212 179
2685 2325 422
2686 3839 429
2687 1022 400
2688 2255 330
2689 5947 305
2690 1548 403
2691 5501 398
2692 836 434
2693 2711 300
2694 6130 178
2695 216 458
2696 4302 302
2697 6188 272
2698 5604 364
2699 281 378
2700 4935 393
2701 379 309
2702 3800 331
2703 0 -1
2704 3842 361
2705 6265 310
2706 5168 299
2707 0 -1
2708 1970 386
2709 5552 405
2710 0 -1
2711 3450 278
2712 1476 350
2713 2962 329
2714 845 257
2715 4804 331
2716 6107 350
2717 3976 217
2718 4359 354
2719 3114 345
2720 3193 305
2721 0 -1
2722 5142 454
2723 1849 297
2724 6034 232
2725 858 378
2726 3638 301
2727 370 359
2728 2173 237
2729 2414 365
2730 2174 446
2731 4905 360
2732 4458 361
2733 5272 348
2734 1499 378
2735 3331 261
2736 3932 321
2737 4874 337
2738 3537 336
2739 5969 347
2740 3499 462
2741 4837 402
2742 3361 612
2743 2534 209
2744 1446 257
2745 5628 418
2746 4630 336
2747 4446 282
2748 6235 373
2749 4543 425
2750 152 587
2751 1969 412
2752 3707 287
2753 2505 428
2754 6332 405
2755 1567 446
2756 3487 186
2757 5771 328
2758 2181 340
2759 5696 312
2760 5127 414
2761 4807 423
2762 3510 365
2763 6407 288
2764 3603 101
2765 2731 433
2766 323 359
2767 3600 407
2768 2998 433
2769 1706 399
2770 5408 266
2771 5733 312
2772 2085 423
2773 6540 531
2774 6177 316
2775 1436 191
2776 5559 362
2777 3837 381
2778 733 303
2779 887 449
2780 2562 397
2781 5253 413
2782 47 515
2783 3078 396
2784 4495 327
2785 3232 145
2786 106 252
2787 6480 320
2788 4014 268
2789 1804 355
2790 3792 355
2791 827 327
2792 5256 377
2793 4350 421
2794 4718 342
2795 3558 384
2796 163 354
2797 5251 356
2798 1397 371
2799 2605 308
2800 4794 258
2801 845 288
2802 2319 360
2803 1813 261
2804 5939 206
2805 391 472
2806 1960 414
2807 0 -1
2808 5708 325
2809 1739 337
2810 6081 331
2811 381 427
2812 2490 376
2813 2916 352
2814 5757 400
2815 348 236
2816 1983 368
2817 6493 369
2818 5423 428
2819 3605 255
2820 1446 210
2821 0 -1
2822 228 412
2823 4424 400
2824 3556 382
2825 0 -1
2826 314 342
2827 1353 300
2828 3440 299
2829 1968 317
2830 4650 364
2831 2513 471
2832 3352 429
2833 5445 342
2834 305 304
2835 3976 248
2836 4692 333
2837 665 379
2838 5418 366
2839 6424 396
2840 6407 357
2841 959 385
2842 4389 485
2843 1663 203
2844 2796 373
2845 3976 258
2846 4344 444
2847 1612 435
2848 213 236
2849 0 -1
2850 0 -1
2851 1656 370
2852 3333 356
2853 3867 251
2854 5903 442
2855 5533 426
2856 4655 273
2857 6456 339
2858 4554 313
2859 5217 295
2860 198 515
2861 1372 288
2862 2057 326
2863 3756 416
2864 2785 148
2865 5623 430
2866 3570 311
2867 4403 299
2868 1553 424
2869 5090 572
2870 781 417
2871 1449 317
2872 1108 446
2873 750 385
2874 1472 394
2875 0 -1
2876 4288 424
2877 1291 412
2878 4753 363
2879 6300 316
2880 3698 309
2881 5303 376
2882 5431 419
2883 5481 361
2884 537 390
2885 6008 292
2886 4090 299
2887 6365 434
2888 39 376
2889 3609 308
2890 240 266
2891 4249 346
2892 3995 475
2893 462 390
2894 1667 456
2895 2885 357
2896 5981 407
2897 2337 249
2898 4051 412
2899 832 297
2900 3322 410
2901 3589 387
2902 1251 351
2903 3756 444
2904 5908 249
2905 3188 311
2906 4901 273
2907 2775 208
2908 1092 447
2909 4583 376
2910 4878 423
2911 4205 351
2912 468 266
2913 0 -1
2914 2633 353
2915 1392 344
2916 755 315
2917 321 309
2918 2483 386
2919 3812 547
2920 6078 375
2921 373 252
2922 0 -1
2923 5266 447
2924 3587 384
2925 6285 389
2926 1311 357
2927 0 -1
2928 3999 203
2929 4588 339
2930 6075 384
2931 1002 262
2932 2973 337
2933 2815 313
2934 353 415
2935 4955 373
2936 6497 549
2937 318 337
2938 4758 266
2939 854 359
2940 15 18
2941 6164 238
2942 4116 367
2943 3913 353
2944 5045 325
2945 4269 489
2946 6543 331
2947 6113 368
2948 3560 478
2949 2915 386
2950 760 282
2951 4011 386
2952 2514 428
2953 4480 340
2954 116 320
2955 4980 217
2956 6328 355
2957 5451 331
2958 3022 392
2959 5670 381
2960 4804 350
2961 5233 381
2962 2880 325
2963 4854 426
2964 5675 257
2965 2959 408
2966 647 333
2967 3491 345
2968 6416 396
2969 6378 435
2970 0 -1
2971 2171 440
2972 6485 398
2973 4802 220
2974 5545 292
2975 1961 367
2976 4698 432
2977 3244 208
2978 108 394
2979 934 455
2980 1447 208
2981 1559 421
2982 2464 362
2983 5694 426
2984 0 -1
2985 1561 288
2986 5476 218
2987 3033 542
2988 3934 319
2989 3661 297
2990 3492 314
2991 5075 244
2992 3473 290
2993 4672 296
2994 3553 373
2995 3416 407
2996 2861 318
2997 2092 545
2998 2829 395
2999 0 -1
3000 374 335
3001 3760 354
3002 1573 583
3003 462 292
3004 435 329
3005 5189 436
3006 4356 422
3007 96 388
3008 1094 378
3009 3876 310
3010 3457 247
3011 0 -1
3012 350 267
3013 2645 399
3014 1335 452
3015 2105 431
3016 3287 193
3017 4232 211
3018 291 357
3019 1320 307
3020 3337 245
3021 4862 245
3022 386 352
3023 1433 432
3024 121 394
3025 359 374
3026 0 -1
3027 1221 423
3028 0 -1
3029 6375 348
3030 2056 381
3031 4145 322
3032 106 267
3033 5127 461
3034 1774 303
3035 0 -1
3036 4941 612
3037 4145 308
3038 1936 183
3039 5453 377
3040 2906 273
3041 2880 410
3042 4377 327
3043 4561 351
3044 346 340
3045 6466 313
3046 686 253
3047 365 383
3048 2245 481
3049 2158 385
3050 5120 264
3051 3778 427
3052 0 -1
3053 2219 416
3054 0 -1
3055 2267 328
3056 4633 216
3057 4626 414
3058 1616 659
3059 2729 436
3060 3527 561
3061 2003 408
3062 143 419
3063 1224 405
3064 4510 404
3065 0 -1
3066 6240 288
3067 3170 413
3068 905 341
3069 1172 359
3070 4326 384
3071 5400 326
3072 2924 385
3073 2817 480
3074 4950 460
3075 3493 375
3076 2744 263
3077 3818 380
3078 2467 380
3079 572 324
3080 3046 287
3081 6047 457
3082 0 -1
3083 672 533
3084 3042 354
3085 6121 349
3086 2188 376
3087 2609 291
3088 2364 371
3089 0 -1
3090 4660 343
3091 747 338
3092 258 275
3093 647 292
3094 6034 151
3095 5869 390
3096 4806 330
3097 1082 356
3098 5979 331
3099 2756 289
3100 4391 353
3101 647 364
3102 1186 365
3103 480 361
3104 0 -1
3105 1833 273
3106 1165 321
3107 4723 533
3108 2227 319
3109 998 302
3110 0 -1
3111 0 -1
3112 6426 342
3113 1750 304
3114 784 317
3115 2210 358
3116 3573 282
3117 3488 448
3118 663 296
3119 5399 322
3120 5245 425
3121 3255 369
3122 4943 347
3123 3439 354
3124 0 -1
3125 3679 411
3126 5856 397
3127 0 -1
3128 773 307
3129 2988 414
3130 0 -1
3131 3142 395
3132 2447 400
3133 3586 278
3134 6205 308
3135 1732 299
3136 4083 530
3137 1711 299
3138 686 333
3139 443 370
3140 1603 494
3141 950 309
3142 263 369
3143 0 -1
3144 1464 375
3145 4283 416
3146 487 335
3147 0 -1
3148 3768 346
3149 5348 346
3150 3686 371
3151 5519 466
3152 3551 309
3153 2889 380
3154 2121 389
3155 3118 335
3156 6404 391
3157 3094 167
3158 84 406
3159 690 440
3160 3347 495
3161 543 454
3162 0 -1
3163 5944 439
3164 5691 446
3165 1161 486
3166 2897 288
3167 5726 394
3168 0 -1
3169 2990 328
3170 1360 348
3171 1196 331
3172 631 290
3173 54 340
3174 4897 349
3175 3890 386
3176 4595 254
3177 3637 517
3178 1229 387
3179 5470 335
3180 5788 397
3181 2475 482
3182 2535 332
3183 189 298
3184 5561 399
3185 530 348
3186 2354 230
3187 5001 431
3188 2055 299
3189 805 241
3190 5059 408
3191 0 -1
3192 3593 324
3193 4802 223
3194 3439 290
3195 1188 564
3196 3593 349
3197 1687 435
3198 5421 465
3199 0 -1
3200 3951 325
3201 1021 306
3202 4829 398
3203 3647 444
3204 5350 263
3205 965 378
3206 0 -1
3207 174 377
3208 4214 341
3209 3135 300
3210 6152 406
3211 4913 304
3212 6538 545
3213 3277 339
3214 1363 371
3215 5527 355
3216 5013 271
3217 0 -1
3218 6134 471
3219 6225 386
3220 440 372
3221 5067 410
3222 4948 479
3223 4670 381
3224 4846 326
3225 5075 231
3226 3106 322
3227 3362 349
3228 3395 266
3229 4411 461
3230 5554 423
3231 475 423
3232 1212 134
3233 6597 359
3234 1212 148
3235 4015 388
3236 60 456
3237 1752 462
3238 144 378
3239 5932 242
3240 4694 394
3241 0 -1
3242 1165 273
3243 1122 293
3244 1446 176
3245 3677 359
3246 0 -1
3247 4361 293
3248 574 324
3249 39 350
3250 4572 290
3251 1093 188
3252 1415 287
3253 1862 462
3254 5304 343
3255 75 282
3256 5809 360
3257 5122 391
3258 5818 284
3259 2873 394
3260 2647 396
3261 3115 409
3262 24 295
3263 408 268
3264 4238 390
3265 2039 234
3266 3395 310
3267 485 350
3268 37 291
3269 6563 369
3270 2065 441
3271 0 -1
3272 5238 382
3273 1165 327
3274 918 366
3275 5321 277
3276 2199 470
3277 239 319
3278 4271 364
3279 4718 304
3280 1463 309
3281 2386 470
3282 4588 309
3283 870 373
3284 0 -1
3285 2167 219
3286 3055 373
3287 5686 181
3288 1283 260
3289 3545 575
3290 1416 306
3291 3617 240
3292 2537 406
3293 5093 472
3294 1826 352
3295 3017 282
3296 5811 788
3297 3266 340
3298 4652 255
3299 1381 364
3300 6301 361
3301 736 449
3302 3437 278
3303 2163 369
3304 0 -1
3305 6324 279
3306 5399 330
3307 1167 391
3308 5935 470
3309 5512 389
3310 5064 324
3311 1823 366
3312 4629 343
3313 1204 460
3314 6216 384
3315 3617 211
3316 839 261
3317 3412 345
3318 391 442
3319 395 330
3320 2317 427
3321 3097 436
3322 4189 373
3323 6244 386
3324 4800 447
3325 1875 306
3326 1810 486
3327 1429 346
3328 3186 233
3329 5781 431
3330 5327 502
3331 4433 254
3332 3694 479
3333 1453 306
3334 2431 309
3335 569 449
3336 4179 505
3337 1613 225
3338 4920 310
3339 5521 325
3340 2655 307
3341 672 504
3342 2864 252
3343 2191 307
3344 5566 332
3345 83 384
3346 4114 409
3347 4125 419
3348 3503 183
3349 2041 360
3350 2015 317
3351 3380 227
3352 1206 309
3353 0 -1
3354 127 292
3355 2549 378
3356 3430 364
3357 6441 290
3358 4834 336
3359 0 -1
3360 5611 285
3361 5968 499
3362 540 297
3363 952 410
3364 4450 483
3365 94 440
3366 6043 386
3367 6227 544
3368 1690 398
3369 5615 241
3370 6139 451
3371 1580 374
3372 4116 270
3373 0 -1
3374 962 243
3375 4463 338
3376 2254 332
3377 1918 405
3378 2594 454
3379 4728 453
3380 5571 192
3381 2290 358
3382 6402 363
3383 6439 387
3384 4979 284
3385 6176 364
3386 2185 372
3387 4293 337
3388 3870 349
3389 1355 410
3390 2700 444
3391 6230 219
3392 0 -1
3393 1278 288
3394 5777 356
3395 2684 232
3396 5094 360
3397 576 303
3398 3044 353
3399 4428 246
3400 5883 309
3401 4154 380
3402 4027 414
3403 4672 341
3404 5100 418
3405 1651 338
3406 6110 396
3407 517 376
3408 0 -1
3409 399 359
3410 487 373
3411 4785 539
3412 1943 345
3413 5611 312
3414 3684 298
3415 5249 361
3416 3263 289
3417 116 376
3418 1029 184
3419 1873 329
3420 1015 399
3421 0 -1
3422 2684 291
3423 5098 345
3424 1864 270
3425 3598 400
3426 6039 323
3427 3377 435
3428 0 -1
3429 619 409
3430 395 304
3431 4827 366
3432 5530 317
3433 179 354
3434 5836 334
3435 3989 426
3436 1486 361
3437 5732 258
3438 4417 343
3439 4980 276
3440 298 244
3441 5799 343
3442 3573 296
3443 3384 353
3444 5371 624
3445 5398 420
3446 3918 285
3447 686 241
3448 5683 392
3449 4044 314
3450 6150 263
3451 2150 402
3452 5411 423
3453 5846 394
3454 3426 374
3455 4776 355
3456 3565 410
3457 4971 235
3458 4475 175
3459 4798 275
3460 5201 319
3461 328 360
3462 5840 478
3463 3550 455
3464 6594 337
3465 0 -1
3466 2266 394
3467 5868 300
3468 1622 375
3469 2236 364
3470 3631 368
3471 1249 365
3472 3539 361
3473 3583 249
3474 4862 252
3475 696 348
3476 2788 378
3477 2357 361
3478 2073 307
3479 2643 450
3480 821 439
3481 3928 296
3482 1238 285
3483 4256 429
3484 1531 357
3485 0 -1
3486 6349 236
3487 642 134
3488 5559 412
3489 1222 447
3490 5577 307
3491 870 322
3492 6467 256
3493 1168 374
3494 6253 398
3495 2253 411
3496 4418 354
3497 3029 399
3498 5142 425
3499 2627 394
3500 6099 559
3501 3096 380
3502 3923 423
3503 4704 99
3504 2885 372
3505 1196 315
3506 83 364
3507 4643 421
3508 541 453
3509 5203 432
3510 587 278
3511 619 324
3512 2376 342
3513 4384 518
3514 1605 440
3515 2827 319
3516 2912 336
3517 3878 231
3518 2319 371
3519 3395 338
3520 2332 284
3521 3771 366
3522 1972 243
3523 0 -1
3524 1080 317
3525 5756 427
3526 4104 312
3527 5055 529
3528 5545 328
3529 221 454
3530 2795 409
3531 6131 566
3532 1340 389
3533 5677 409
3534 5871 386
3535 6001 388
3536 533 448
3537 1076 315
3538 0 -1
3539 6345 279
3540 2408 87
3541 1526 304
3542 3401 473
3543 1647 240
3544 1267 373
3545 2634 510
3546 4478 133
3547 2481 396
3548 4758 297
3549 3291 275
3550 5899 363
3551 2039 235
3552 1557 431
3553 6448 336
3554 615 337
3555 0 -1
3556 342 335
3557 1875 242
3558 3450 376
3559 0 -1
3560 41 361
3561 5248 413
3562 1482 376
3563 5671 355
3564 365 362
3565 1254 372
3566 4622 441
3567 2062 435
3568 6435 298
3569 5128 320
3570 3251 298
3571 2170 441
3572 2934 461
3573 3867 246
3574 2305 482
3575 1968 279
3576 5227 248
3577 2982 367
3578 2177 401
3579 2739 379
3580 1825 327
3581 5347 392
3582 2715 352
3583 1589 217
3584 4488 385
3585 3486 314
3586 4509 221
3587 2436 383
3588 6430 387
3589 2099 337
3590 5337 437
3591 2737 422
3592 1813 275
3593 1278 312
3594 5267 395
3595 4071 308
3596 4482 329
3597 4478 139
3598 5001 384
3599 0 -1
3600 3916 305
3601 1237 495
3602 5932 200
3603 3629 81
3604 605 421
3605 5433 196
3606 1857 436
3607 5410 330
3608 1102 356
3609 700 302
3610 3119 358
3611 4011 378
3612 3486 338
3613 758 330
3614 937 474
3615 5665 294
3616 1664 247
3617 4839 203
3618 2480 322
3619 5413 363
3620 3786 409
3621 2485 399
3622 0 -1
3623 119 431
3624 5013 303
3625 1617 382
3626 5908 327
3627 4384 500
3628 2722 483
3629 15 39
3630 6072 304
3631 2240 318
3632 3005 502
3633 5845 372
3634 3627 513
3635 3626 402
3636 6151 375
3637 856 477
3638 4304 265
3639 5935 443
3640 2462 489
3641 2360 380
3642 0 -1
3643 4489 250
3644 5645 656
3645 0 -1
3646 4243 390
3647 3087 328
3648 0 -1
3649 5335 516
3650 1281 458
3651 5400 260
3652 1926 427
3653 5438 414
3654 6531 331
3655 3046 300
3656 3088 455
3657 5202 367
3658 6274 289
3659 125 370
3660 1296 427
3661 1341 294
3662 2418 235
3663 1792 282
3664 1725 411
3665 0 -1
3666 1027 307
3667 1448 346
3668 663 245
3669 590 380
3670 2470 280
3671 1744 353
3672 3507 500
3673 5681 338
3674 1191 354
3675 2560 343
3676 5738 334
3677 5992 310
3678 0 -1
3679 674 310
3680 1435 564
3681 2079 381
3682 5226 458
3683 1459 290
3684 6482 283
3685 3188 378
3686 1142 304
3687 1102 382
3688 2204 446
3689 0 -1
3690 4516 267
3691 2162 312
3692 3234 239
3693 5582 339
3694 5724 397
3695 3278 430
3696 1082 407
3697 2657 390
3698 2859 303
3699 6543 295
3700 786 251
3701 5306 278
3702 0 -1
3703 5513 317
3704 2477 411
3705 0 -1
3706 5114 414
3707 1337 262
3708 3917 314
3709 701 343
3710 0 -1
3711 0 -1
3712 1966 318
3713 2809 362
3714 0 -1
3715 6216 360
3716 4049 432
3717 2057 328
3718 3818 442
3719 787 375
3720 3893 368
3721 1304 320
3722 3663 344
3723 4411 391
3724 0 -1
3725 1096 397
3726 5852 380
3727 1321 440
3728 2349 334
3729 4584 376
3730 1086 410
3731 2132 308
3732 1614 398
3733 3922 481
3734 43 440
3735 2853 321
3736 4692 275
3737 2538 266
3738 1403 417
3739 0 -1
3740 5176 420
3741 1561 401
3742 4828 438
3743 1530 367
3744 903 491
3745 2635 402
3746 4418 310
3747 1781 302
3748 696 293
3749 5031 503
3750 4275 340
3751 991 352
3752 3995 421
3753 159 530
3754 5006 426
3755 4384 424
3756 2290 338
3757 914 307
3758 6552 508
3759 6561 414
3760 3949 317
3761 5655 395
3762 3520 353
3763 3225 320
3764 2157 410
3765 2438 337
3766 3482 326
3767 99 362
3768 3643 270
3769 1192 375
3770 5333 345
3771 6213 324
3772 2429 313
3773 123 311
3774 4251 321
3775 4384 449
3776 5266 418
3777 5065 319
3778 6458 399
3779 2534 256
3780 6437 300
3781 575 402
3782 5611 320
3783 5597 337
3784 5996 322
3785 0 -1
3786 2747 389
3787 0 -1
3788 899 417
3789 4389 397
3790 172 348
3791 4660 345
3792 2663 281
3793 5764 438
3794 2711 284
3795 2784 334
3796 5069 402
3797 784 324
3798 1214 325
3799 2565 344
3800 5674 323
3801 374 371
3802 5745 257
3803 792 364
3804 5328 458
3805 5302 416
3806 6064 376
3807 5401 311
3808 168 489
3809 942 289
3810 682 457
3811 5827 355
3812 303 505
3813 4517 313
3814 5736 243
3815 1272 336
3816 2084 342
3817 4377 333
3818 2637 347
3819 69 469
3820 1456 435
3821 850 400
3822 5490 335
3823 86 336
3824 2084 361
3825 0 -1
3826 5906 406
3827 0 -1
3828 297 356
3829 2845 292
3830 3593 426
3831 845 269
3832 3615 294
3833 2261 387
3834 5485 487
3835 1680 492
3836 6200 436
3837 3325 349
3838 5633 269
3839 6391 384
3840 700 323
3841 5400 307
3842 4746 353
3843 6139 395
3844 2309 385
3845 3418 270
3846 2449 353
3847 5249 378
3848 4720 381
3849 4440 450
3850 727 380
3851 3097 475
3852 4523 394
3853 639 357
3854 0 -1
3855 6136 328
3856 2270 431
3857 1169 500
3858 5597 371
3859 0 -1
3860 6402 447
3861 202 252
3862 1186 309
3863 5055 472
3864 404 397
3865 3267 375
3866 3779 368
3867 6326 245
3868 2424 515
3869 996 451
3870 4462 281
3871 580 353
3872 1307 449
3873 4672 224
3874 4504 384
3875 6108 336
3876 6417 297
3877 3658 376
3878 1446 185
3879 1055 373
3880 2756 227
3881 3403 373
3882 0 -1
3883 213 248
3884 299 332
3885 6486 525
3886 4485 397
3887 3372 367
3888 5137 115
3889 2549 372
3890 326 383
3891 5878 397
3892 2012 376
3893 3986 257
3894 1448 368
3895 0 -1
3896 5526 394
3897 6595 326
3898 63 249
3899 6553 415
3900 2778 370
3901 2974 313
3902 1288 262
3903 6173 439
3904 3386 457
3905 1869 300
3906 565 376
3907 4050 440
3908 3186 320
3909 5604 344
3910 3916 282
3911 1001 484
3912 4458 357
3913 4328 311
3914 2964 315
3915 1988 435
3916 1663 191
3917 3486 250
3918 4794 257
3919 324 333
3920 1341 333
3921 433 393
3922 5560 436
3923 1951 416
3924 2588 361
3925 6197 388
3926 2048 346
3927 3867 250
3928 2183 205
3929 4063 300
3930 6174 425
3931 1175 432
3932 4448 311
3933 2752 342
3934 667 199
3935 4502 417
3936 3823 368
3937 482 343
3938 5759 297
3939 1670 342
3940 0 -1
3941 4871 337
3942 4544 295
3943 1739 366
3944 0 -1
3945 5193 350
3946 1373 294
3947 718 291
3948 1271 266
3949 4905 300
3950 3260 424
3951 2358 277
3952 383 503
3953 5280 317
3954 4498 332
3955 228 346
3956 1727 420
3957 1932 382
3958 3647 409
3959 5815 345
3960 3624 334
3961 0 -1
3962 1633 410
3963 105 370
3964 798 417
3965 2318 545
3966 1062 275
3967 5138 343
3968 3779 261
3969 2496 437
3970 1545 563
3971 6239 157
3972 674 335
3973 2531 316
3974 4032 276
3975 6512 381
3976 223 188
3977 3929 341
3978 265 353
3979 2701 340
3980 6179 384
3981 4988 430
3982 3833 405
3983 0 -1
3984 985 485
3985 864 346
3986 3232 249
3987 0 -1
3988 3442 407
3989 3286 394
3990 2580 415
3991 1981 483
3992 2605 356
3993 1288 263
3994 2355 417
3995 3728 382
3996 5928 251
3997 6358 300
3998 6008 271
3999 2304 112
4000 4768 397
4001 206 355
4002 3420 408
4003 5195 321
4004 2649 407
4005 5979 319
4006 6107 271
4007 5234 386
4008 725 275
4009 2370 468
4010 6407 324
4011 1594 339
4012 2332 314
4013 3813 386
4014 3193 252
4015 5043 324
4016 3024 426
4017 4191 389
4018 3926 386
4019 5234 304
4020 0 -1
4021 2754 440
4022 5408 217
4023 1353 337
4024 539 235
4025 6117 350
4026 0 -1
4027 2024 401
4028 3551 260
4029 6048 328
4030 3376 351
4031 4406 352
4032 181 212
4033 6007 181
4034 4131 382
4035 6365 379
4036 4319 474
4037 4278 337
4038 1269 396
4039 998 365
4040 423 413
4041 0 -1
4042 6026 329
4043 562 334
4044 2456 262
4045 4198 573
4046 2820 256
4047 1372 378
4048 3287 264
4049 1336 375
4050 5247 365
4051 1933 347
4052 0 -1
4053 3675 426
4054 3912 435
4055 0 -1
4056 5081 349
4057 3080 360
4058 3568 337
4059 3295 365
4060 4246 379
4061 0 -1
4062 783 298
4063 2980 270
4064 135 349
4065 276 381
4066 3233 398
4067 0 -1
4068 767 134
4069 3007 392
4070 1452 362
4071 2042 264
4072 0 -1
4073 4427 610
4074 2072 388
4075 3340 381
4076 2064 467
4077 4266 479
4078 4777 406
4079 4204 384
4080 5610 337
4081 0 -1
4082 2163 369
4083 2294 495
4084 6278 206
4085 103 393
4086 1343 275
4087 5086 447
4088 1619 404
4089 4279 394
4090 1833 236
4091 6548 352
4092 0 -1
4093 28 338
4094 1966 312
4095 6172 257
4096 5409 368
4097 5019 363
4098 2456 309
4099 5889 362
4100 2613 386
4101 1165 253
4102 3951 324
4103 2026 391
4104 4109 284
4105 2233 424
4106 4398 438
4107 3262 358
4108 383 491
4109 3916 233
4110 3894 368
4111 3091 369
4112 3568 336
4113 6068 349
4114 6319 297
4115 1361 352
4116 2664 255
4117 0 -1
4118 617 333
4119 5258 436
4120 54 358
4121 3681 421
4122 3447 352
4123 4463 315
4124 5583 405
4125 1879 411
4126 4803 337
4127 4923 441
4128 3310 361
4129 0 -1
4130 5246 461
4131 3342 355
4132 4102 371
4133 3418 216
4134 1059 409
4135 4214 331
4136 2909 396
4137 4675 383
4138 6502 432
4139 1317 179
4140 2906 318
4141 61 349
4142 6475 276
4143 1709 405
4144 0 -1
4145 2054 245
4146 1804 315
4147 3208 416
4148 4088 411
4149 3451 425
4150 1427 306
4151 1877 348
4152 4323 366
4153 3731 308
4154 1094 317
4155 4012 385
4156 5644 556
4157 2269 483
4158 3189 360
4159 4169 351
4160 2895 411
4161 2454 507
4162 0 -1
4163 4943 329
4164 3238 386
4165 6553 494
4166 2871 395
4167 1202 329
4168 5996 352
4169 3093 313
4170 6422 424
4171 3123 462
4172 3442 360
4173 1222 377
4174 5752 453
4175 2618 413
4176 2648 592
4177 3403 414
4178 3924 425
4179 3661 409
4180 0 -1
4181 3244 247
4182 1601 309
4183 0 -1
4184 395 309
4185 4475 204
4186 3524 380
4187 4118 430
4188 0 -1
4189 4095 267
4190 3862 338
4191 3875 344
4192 6267 323
4193 1449 343
4194 4179 420
4195 2528 340
4196 5484 433
4197 3496 426
4198 4877 460
4199 2151 382
4200 1427 322
4201 4655 256
4202 2940 30
4203 3307 410
4204 1054 364
4205 2241 345
4206 5333 353
4207 6283 481
4208 1003 270
4209 1856 255
4210 6163 359
4211 1681 334
4212 3855 419
4213 5651 390
4214 2973 313
4215 0 -1
4216 6506 295
4217 2162 320
4218 4084 221
4219 1476 367
4220 5470 391
4221 1720 425
4222 3508 566
4223 5817 369
4224 3288 278
4225 1614 368
4226 6145 335
4227 5236 302
4228 866 314
4229 3357 383
4230 5001 366
4231 2190 360
4232 2864 161
4233 678 243
4234 5340 279
4235 4379 343
4236 3506 418
4237 4130 500
4238 2928 299
4239 5851 321
4240 6510 387
4241 629 261
4242 2636 556
4243 1575 304
4244 3540 185
4245 1471 233
4246 3655 305
4247 3737 266
4248 6495 402
4249 2778 304
4250 4185 293
4251 283 303
4252 1278 260
4253 0 -1
4254 1451 367
4255 665 364
4256 4172 403
4257 6014 226
4258 6083 355
4259 5897 246
4260 0 -1
4261 781 376
4262 4338 377
4263 704 335
4264 2888 408
4265 2195 295
4266 5394 416
4267 0 -1
4268 4509 218
4269 6590 423
4270 4511 305
4271 2705 324
4272 1227 390
4273 135 307
4274 0 -1
4275 942 333
4276 2988 374
4277 3256 466
4278 2254 264
4279 6166 337
4280 2391 307
4281 59 355
4282 6595 363
4283 5856 315
4284 5845 379
4285 4588 275
4286 1647 236
4287 3831 294
4288 1825 329
4289 3080 352
4290 5530 328
4291 1674 324
4292 2524 377
4293 1822 290
4294 2162 368
4295 6258 323
4296 0 -1
4297 2191 318
4298 2077 305
4299 420 445
4300 1007 305
4301 0 -1
4302 6324 293
4303 4957 475
4304 6189 236
4305 5596 410
4306 3399 313
4307 5954 321
4308 0 -1
4309 5827 388
4310 6108 388
4311 2787 362
4312 6393 283
4313 0 -1
4314 2857 359
4315 1469 354
4316 1677 371
4317 724 534
4318 3105 287
4319 2483 464
4320 1191 333
4321 3137 309
4322 6395 424
4323 4250 314
4324 0 -1
4325 1486 453
4326 27 306
4327 1712 397
4328 3486 258
4329 174 412
4330 45 304
4331 4625 394
4332 5171 381
4333 1063 376
4334 3849 492
4335 2859 414
4336 5258 387
4337 6035 284
4338 5934 367
4339 5379 342
4340 3141 344
4341 1055 420
4342 143 383
4343 5726 396
4344 2706 373
4345 3355 426
4346 2993 304
4347 144 410
4348 4489 285
4349 1254 408
4350 3362 310
4351 4209 267
4352 6280 341
4353 4391 296
4354 2417 366
4355 4499 347
4356 4767 353
4357 1166 358
4358 3839 457
4359 4794 314
4360 206 370
4361 2502 273
4362 6172 271
4363 4978 381
4364 2419 403
4365 3464 413
4366 472 426
4367 0 -1
4368 5082 299
4369 3189 265
4370 0 -1
4371 5452 346
4372 0 -1
4373 5496 463
4374 2638 373
4375 5527 251
4376 2878 456
4377 4420 301
4378 1454 260
4379 4298 329
4380 3792 344
4381 1826 421
4382 37 382
4383 4587 408
4384 1969 403
4385 163 412
4386 2974 315
4387 1420 342
4388 5319 559
4389 4619 395
4390 2093 358
4391 4506 233
4392 4293 335
4393 522 381
4394 5834 349
4395 870 404
4396 6314 732
4397 323 341
4398 2568 383
4399 3595 325
4400 5433 227
4401 0 -1
4402 772 432
4403 2173 244
4404 2582 419
4405 6216 351
4406 3387 349
4407 0 -1
4408 4068 251
4409 6037 313
4410 5846 427
4411 3490 350
4412 5367 340
4413 1806 257
4414 2225 410
4415 115 500
4416 4846 324
4417 5899 340
4418 576 300
4419 2082 363
4420 3898 298
4421 2841 422
4422 5556 369
4423 0 -1
4424 1168 385
4425 2335 400
4426 3357 357
4427 5472 519
4428 130 212
4429 315 462
4430 540 281
4431 2786 275
4432 6141 408
4433 1869 247
4434 456 424
4435 6052 362
4436 4842 360
4437 1637 337
4438 384 422
4439 5917 403
4440 4520 358
4441 2357 383
4442 751 373
4443 0 -1
4444 2362 442
4445 390 414
4446 5404 233
4447 527 399
4448 2383 292
4449 4115 360
4450 3220 439
4451 4950 513
4452 4837 406
4453 6405 332
4454 2162 365
4455 1019 392
4456 240 311
4457 631 367
4458 4251 345
4459 485 335
4460 744 383
4461 3441 427
4462 1750 222
4463 1228 297
4464 1484 395
4465 0 -1
4466 3766 426
4467 4289 377
4468 2046 423
4469 5078 573
4470 0 -1
4471 4539 446
4472 5182 391
4473 3928 229
4474 6160 471
4475 4704 142
4476 1664 258
4477 5588 349
4478 486 103
4479 1961 370
4480 1776 281
4481 155 237
4482 215 324
4483 5856 378
4484 5013 270
4485 5306 281
4486 1778 339
4487 1528 546
4488 3486 290
4489 740 220
4490 0 -1
4491 4647 325
4492 5189 485
4493 2941 307
4494 2307 314
4495 3351 291
4496 5419 345
4497 0 -1
4498 468 284
4499 1636 347
4500 5139 447
4501 1258 294
4502 4431 327
4503 0 -1
4504 6294 321
4505 3617 232
4506 3251 227
4507 5113 404
4508 4069 433
4509 914 206
4510 2917 395
4511 5686 276
4512 692 428
4513 4800 483
4514 3154 405
4515 1086 362
4516 5998 169
4517 5355 284
4518 2323 368
4519 2548 439
4520 766 317
4521 4414 430
4522 6051 289
4523 4937 341
4524 2377 354
4525 5882 322
4526 2133 387
4527 2853 359
4528 4561 327
4529 1870 383
4530 5704 508
4531 0 -1
4532 3001 384
4533 1053 363
4534 1860 361
4535 5438 404
4536 2349 349
4537 4323 327
4538 5075 293
4539 5702 442
4540 2558 428
4541 334 462
4542 2158 409
4543 5094 375
4544 4475 240
4545 3894 406
4546 3338 422
4547 122 333
4548 5700 305
4549 513 333
4550 1856 346
4551 187 332
4552 5019 321
4553 4700 262
4554 1536 247
4555 1464 413
4556 34 467
4557 0 -1
4558 4259 324
4559 0 -1
4560 344 233
4561 1978 326
4562 2712 377
4563 4122 387
4564 5106 302
4565 1405 417
4566 3369 282
4567 0 -1
4568 5613 282
4569 4871 358
4570 4003 340
4571 2441 424
4572 539 276
4573 2874 473
4574 1803 303
4575 0 -1
4576 3543 347
4577 5329 333
4578 2310 386
4579 3879 444
4580 5201 314
4581 1176 342
4582 5689 337
4583 4201 296
4584 851 349
4585 4574 311
4586 1699 530
4587 2274 385
4588 4505 253
4589 6022 358
4590 3839 424
4591 3016 207
4592 0 -1
4593 4655 337
4594 5838 364
4595 767 134
4596 5512 328
4597 5842 358
4598 3691 418
4599 434 361
4600 5139 392
4601 343 472
4602 5591 457
4603 2016 553
4604 5547 339
4605 3748 341
4606 1251 442
4607 1340 392
4608 4487 659
4609 2890 266
4610 5138 334
4611 2937 379
4612 5593 623
4613 652 421
4614 5572 381
4615 5414 445
4616 1581 545
4617 0 -1
4618 4564 340
4619 44 367
4620 784 304
4621 530 355
4622 5234 326
4623 0 -1
4624 4146 320
4625 3263 280
4626 2929 386
4627 2679 464
4628 3933 461
4629 3661 318
4630 5463 281
4631 3967 407
4632 1497 417
4633 3999 192
4634 375 401
4635 5226 450
4636 0 -1
4637 2823 482
4638 4922 341
4639 5652 346
4640 3418 207
4641 2007 393
4642 0 -1
4643 1397 378
4644 0 -1
4645 3576 334
4646 284 428
4647 3928 301
4648 4670 411
4649 3905 330
4650 4098 330
4651 4913 315
4652 1583 255
4653 2668 331
4654 0 -1
4655 1353 254
4656 3655 350
4657 5762 348
4658 6048 298
4659 0 -1
4660 1015 313
4661 706 395
4662 6597 386
4663 3315 318
4664 595 274
4665 1371 379
4666 2595 391
4667 2761 495
4668 1692 305
4669 4003 339
4670 1479 324
4671 848 355
4672 6014 222
4673 146 455
4674 587 387
4675 3397 317
4676 0 -1
4677 0 -1
4678 264 457
4679 5698 419
4680 3234 243
4681 3247 315
4682 274 324
4683 2341 330
4684 1816 417
4685 5597 265
4686 6246 373
4687 3583 269
4688 205 519
4689 5669 340
4690 4999 381
4691 6354 485
4692 106 217
4693 1220 119
4694 2361 283
4695 5365 297
4696 519 326
4697 4858 378
4698 1989 421
4699 2687 421
4700 2138 241
4701 2293 353
4702 3595 411
4703 2880 328
4704 5137 77
4705 1939 331
4706 3672 589
4707 1783 427
4708 5234 326
4709 5908 295
4710 3274 448
4711 1590 409
4712 0 -1
4713 2809 412
4714 5629 444
4715 70 295
4716 5717 369
4717 3942 310
4718 2160 231
4719 2612 347
4720 2024 341
4721 5587 368
4722 744 377
4723 2002 442
4724 1227 352
4725 113 481
4726 937 417
4727 5687 329
4728 3707 333
4729 0 -1
4730 6331 422
4731 2534 237
4732 4705 362
4733 6434 405
4734 2595 407
4735 48 392
4736 877 205
4737 5572 370
4738 1585 295
4739 5864 354
4740 2057 325
4741 1711 321
4742 1276 329
4743 5116 325
4744 3066 316
4745 5065 308
4746 2392 347
4747 4128 456
4748 4818 284
4749 0 -1
4750 3655 355
4751 3173 384
4752 2820 229
4753 1122 280
4754 3325 369
4755 2808 360
4756 1527 348
4757 4208 384
4758 2694 182
4759 3480 444
4760 3220 400
4761 6443 470
4762 2550 291
4763 5879 333
4764 0 -1
4765 5829 361
4766 2950 340
4767 5410 312
4768 1659 331
4769 2924 441
4770 3131 419
4771 6390 375
4772 5405 494
4773 2240 375
4774 5172 491
4775 4239 374
4776 2008 316
4777 6196 387
4778 1446 226
4779 0 -1
4780 4184 316
4781 6393 342
4782 1381 399
4783 6479 374
4784 3520 401
4785 554 511
4786 3892 470
4787 3747 356
4788 5288 290
4789 2102 471
4790 6319 227
4791 462 355
4792 5311 451
4793 1972 330
4794 2973 232
4795 3926 354
4796 4389 404
4797 3934 241
4798 1288 256
4799 3838 323
4800 4193 384
4801 744 450
4802 3999 152
4803 1425 304
4804 4104 301
4805 0 -1
4806 4874 236
4807 5895 392
4808 0 -1
4809 5842 378
4810 5982 457
4811 0 -1
4812 4006 360
4813 0 -1
4814 2043 379
4815 0 -1
4816 726 323
4817 3243 407
4818 4692 258
4819 2770 361
4820 2616 422
4821 4265 339
4822 3893 326
4823 2361 357
4824 5489 460
4825 6258 402
4826 1564 462
4827 2752 365
4828 5302 414
4829 109 373
4830 350 270
4831 4787 411
4832 4665 424
4833 2414 330
4834 2455 301
4835 1742 358
4836 765 380
4837 4235 389
4838 5120 292
4839 5932 188
4840 654 451
4841 5945 276
4842 6483 301
4843 1576 441
4844 1849 301
4845 3294 439
4846 1647 282
4847 2024 368
4848 4051 432
4849 1729 419
4850 0 -1
4851 2047 400
4852 4520 424
4853 3356 412
4854 1679 382
4855 1292 363
4856 758 307
4857 6588 267
4858 4399 340
4859 1071 395
4860 0 -1
4861 0 -1
4862 1519 219
4863 3228 310
4864 6587 432
4865 0 -1
4866 1540 285
4867 5362 330
4868 3486 292
4869 3999 206
4870 3677 405
4871 2354 275
4872 4650 411
4873 3867 330
4874 1471 229
4875 4723 494
4876 5072 383
4877 5003 416
4878 1830 363
4879 2185 404
4880 3397 388
4881 4980 311
4882 1207 310
4883 5120 337
4884 0 -1
4885 2866 345
4886 6232 322
4887 4118 347
4888 4244 286
4889 4878 403
4890 5974 673
4891 6493 432
4892 2095 451
4893 6575 328
4894 3830 457
4895 733 363
4896 2100 476
4897 594 273
4898 0 -1
4899 4413 347
4900 3819 526
4901 906 262
4902 1966 389
4903 7 478
4904 3300 366
4905 106 300
4906 3515 370
4907 5810 302
4908 0 -1
4909 1996 359
4910 6165 305
4911 1202 334
4912 1923 342
4913 2160 243
4914 3492 340
4915 1207 245
4916 3616 335
4917 6509 411
4918 2079 336
4919 202 251
4920 1425 251
4921 5213 372
4922 2155 285
4923 5552 397
4924 5801 313
4925 5245 402
4926 1082 386
4927 6417 326
4928 1773 320
4929 5126 322
4930 0 -1
4931 2714 286
4932 579 448
4933 4693 198
4934 5140 357
4935 255 357
4936 85 269
4937 5527 290
4938 3121 450
4939 5318 332
4940 759 459
4941 1828 518
4942 639 379
4943 1341 323
4944 5902 304
4945 937 424
4946 686 260
4947 0 -1
4948 1859 383
4949 4400 231
4950 4854 446
4951 0 -1
4952 2684 273
4953 4787 405
4954 3691 371
4955 6172 326
4956 5112 379
4957 5184 373
4958 846 437
4959 3586 233
4960 1926 382
4961 6001 380
4962 4839 242
4963 3094 239
4964 2843 247
4965 1679 424
4966 6179 479
4967 2920 404
4968 2484 331
4969 3819 565
4970 2738 348
4971 2039 227
4972 6212 323
4973 2800 308
4974 2886 312
4975 2116 441
4976 0 -1
4977 1057 422
4978 4589 370
4979 5446 262
4980 5998 195
4981 2756 274
4982 0 -1
4983 5383 372
4984 4248 432
4985 4158 401
4986 4841 283
4987 4609 288
4988 4211 364
4989 1827 363
4990 5340 322
4991 449 405
4992 5695 386
4993 4633 215
4994 4371 394
4995 6146 426
4996 6527 351
4997 0 -1
4998 537 469
4999 2664 291
5000 5264 480
5001 771 362
5002 2705 388
5003 385 325
5004 1923 336
5005 6349 256
5006 1044 376
5007 582 350
5008 1883 358
5009 299 358
5010 1064 439
5011 2957 368
5012 1063 321
5013 3971 225
5014 4933 233
5015 2924 392
5016 3976 202
5017 3418 295
5018 5845 446
5019 1289 264
5020 2859 328
5021 0 -1
5022 2142 278
5023 490 398
5024 0 -1
5025 805 279
5026 0 -1
5027 5272 337
5028 3445 434
5029 5695 407
5030 0 -1
5031 5430 440
5032 0 -1
5033 3797 393
5034 3135 336
5035 343 428
5036 629 334
5037 938 372
5038 0 -1
5039 966 306
5040 4963 320
5041 2378 381
5042 0 -1
5043 4293 324
5044 6192 319
5045 784 322
5046 3777 336
5047 2640 485
5048 507 380
5049 1363 328
5050 5566 338
5051 2179 373
5052 5158 335
5053 303 499
5054 3691 341
5055 2930 442
5056 0 -1
5057 70 265
5058 1884 438
5059 4353 330
5060 1296 362
5061 5835 416
5062 132 275
5063 3317 365
5064 2237 316
5065 6076 200
5066 6009 494
5067 2561 396
5068 5194 426
5069 2017 372
5070 5211 444
5071 4798 292
5072 3096 336
5073 219 348
5074 1082 337
5075 5433 192
5076 4960 386
5077 3128 319
5078 4667 568
5079 5802 413
5080 832 388
5081 298 283
5082 5065 269
5083 4704 165
5084 5878 353
5085 587 338
5086 3171 339
5087 412 345
5088 4293 359
5089 1183 345
5090 1894 462
5091 1008 368
5092 34 395
5093 1969 387
5094 2044 327
5095 4480 396
5096 2987 560
5097 5314 378
5098 6531 335
5099 5716 410
5100 5636 375
5101 1936 185
5102 4873 357
5103 3814 248
5104 2870 431
5105 5744 384
5106 6035 294
5107 3736 280
5108 6162 422
5109 2409 363
5110 520 459
5111 2237 348
5112 3423 353
5113 5338 292
5114 4263 395
5115 526 295
5116 6008 268
5117 561 420
5118 3565 452
5119 5479 380
5120 4591 251
5121 1272 323
5122 5754 365
5123 1227 338
5124 2529 359
5125 1017 514
5126 5527 284
5127 2308 387
5128 5432 300
5129 3166 381
5130 1750 277
5131 6265 228
5132 5183 494
5133 5856 311
5134 159 504
5135 6531 288
5136 155 310
5137 15 6
5138 603 270
5139 6442 327
5140 1063 337
5141 2455 332
5142 5417 364
5143 2862 428
5144 4189 284
5145 1139 345
5146 6450 433
5147 1120 419
5148 2136 461
5149 6477 378
5150 567 341
5151 5597 285
5152 4713 518
5153 3368 425
5154 5285 418
5155 3401 494
5156 1792 302
5157 3348 217
5158 132 300
5159 642 165
5160 1547 322
5161 5851 233
5162 2926 379
5163 2035 310
5164 1961 379
5165 3986 300
5166 6026 313
5167 6218 390
5168 5932 240
5169 4019 368
5170 2691 421
5171 5964 302
5172 1148 423
5173 1446 243
5174 5126 305
5175 1056 441
5176 594 323
5177 4307 338
5178 5965 430
5179 4604 366
5180 3396 473
5181 5048 417
5182 773 273
5183 2143 492
5184 5791 347
5185 3315 303
5186 723 352
5187 4689 394
5188 2298 370
5189 630 400
5190 576 315
5191 4653 397
5192 390 412
5193 1904 338
5194 5954 423
5195 3914 319
5196 5588 403
5197 0 -1
5198 1776 301
5199 3092 347
5200 2704 463
5201 1447 278
5202 5828 329
5203 3674 417
5204 1423 331
5205 0 -1
5206 2018 292
5207 403 442
5208 5309 186
5209 3492 273
5210 1937 410
5211 5510 325
5212 5884 324
5213 5141 360
5214 3595 377
5215 54 298
5216 1306 386
5217 526 277
5218 3783 337
5219 3894 462
5220 3334 340
5221 5455 248
5222 2855 470
5223 4090 343
5224 486 68
5225 344 331
5226 2045 429
5227 2272 219
5228 71 301
5229 1221 398
5230 0 -1
5231 530 360
5232 747 350
5233 2621 326
5234 5321 291
5235 3529 473
5236 5597 294
5237 6369 410
5238 416 350
5239 2693 333
5240 1547 411
5241 5188 415
5242 2763 303
5243 6005 324
5244 3467 303
5245 6108 385
5246 1158 460
5247 3998 324
5248 6297 345
5249 4337 341
5250 5812 374
5251 4505 348
5252 5897 275
5253 5115 314
5254 1549 470
5255 3281 494
5256 6580 305
5257 1651 399
5258 1360 364
5259 2120 375
5260 4897 381
5261 760 377
5262 812 321
5263 5531 372
5264 4834 364
5265 0 -1
5266 832 375
5267 246 297
5268 2429 359
5269 3113 359
5270 4214 433
5271 4635 508
5272 5700 293
5273 217 366
5274 4630 358
5275 1409 351
5276 0 -1
5277 5910 300
5278 0 -1
5279 3633 394
5280 4391 292
5281 4795 371
5282 4973 385
5283 4629 424
5284 5184 385
5285 5332 344
5286 4521 477
5287 4987 335
5288 1833 223
5289 2198 430
5290 3114 348
5291 1858 337
5292 5733 263
5293 43 483
5294 41 383
5295 3211 384
5296 3690 341
5297 4523 345
5298 5179 475
5299 5194 522
5300 1737 350
5301 3186 265
5302 1068 299
5303 5239 357
5304 314 324
5305 5902 329
5306 255 276
5307 550 430
5308 5914 389
5309 2359 182
5310 3149 371
5311 1840 426
5312 3928 281
5313 2980 246
5314 329 319
5315 3189 324
5316 1792 319
5317 671 533
5318 3692 293
5319 5282 495
5320 4999 375
5321 2815 264
5322 2944 363
5323 5808 311
5324 6347 310
5325 503 347
5326 3368 498
5327 3823 403
5328 3211 359
5329 4506 269
5330 576 368
5331 6162 346
5332 3948 321
5333 3213 344
5334 1439 386
5335 309 479
5336 2428 367
5337 953 402
5338 6164 258
5339 3673 358
5340 804 277
5341 2480 324
5342 2156 387
5343 4422 384
5344 0 -1
5345 5741 258
5346 4068 138
5347 4123 376
5348 2759 346
5349 3277 368
5350 344 256
5351 5561 398
5352 5800 395
5353 3370 515
5354 1758 479
5355 6319 260
5356 2078 389
5357 0 -1
5358 6403 408
5359 5671 348
5360 1519 263
5361 1783 407
5362 2502 287
5363 2307 296
5364 4562 451
5365 3459 291
5366 4511 309
5367 3337 333
5368 6466 264
5369 3977 384
5370 0 -1
5371 5896 537
5372 3760 326
5373 5563 378
5374 4478 200
5375 312 409
5376 5004 427
5377 45 324
5378 5474 374
5379 1080 323
5380 5329 372
5381 6449 409
5382 2858 374
5383 518 361
5384 2477 460
5385 2253 419
5386 1629 442
5387 460 388
5388 6392 347
5389 4919 349
5390 1170 475
5391 4436 427
5392 3692 288
5393 2981 462
5394 5897 322
5395 5908 298
5396 0 -1
5397 1424 336
5398 656 320
5399 1191 320
5400 5745 250
5401 1684 250
5402 5454 498
5403 6485 376
5404 2359 221
5405 2047 416
5406 3631 373
5407 3832 404
5408 6236 192
5409 3736 290
5410 4731 290
5411 6590 363
5412 3457 285
5413 1728 349
5414 1401 392
5415 0 -1
5416 5112 384
5417 4869 289
5418 3490 334
5419 5401 253
5420 5903 338
5421 6550 411
5422 3504 429
5423 2114 377
5424 1163 327
5425 4744 432
5426 863 445
5427 298 220
5428 2996 327
5429 5070 531
5430 4697 381
5431 4213 418
5432 515 207
5433 2135 154
5434 0 -1
5435 0 -1
5436 845 317
5437 1463 362
5438 3954 347
5439 4258 437
5440 2702 341
5441 1792 399
5442 0 -1
5443 1416 342
5444 2235 533
5445 5103 268
5446 2764 157
5447 2383 272
5448 3876 405
5449 5600 349
5450 4639 415
5451 5992 256
5452 274 292
5453 4024 271
5454 2748 487
5455 1750 216
5456 0 -1
5457 1634 495
5458 1994 370
5459 135 326
5460 927 348
5461 0 -1
5462 232 425
5463 3265 252
5464 0 -1
5465 4314 454
5466 2916 410
5467 0 -1
5468 6204 315
5469 2238 427
5470 4413 281
5471 966 380
5472 614 413
5473 6026 309
5474 118 275
5475 511 480
5476 2304 170
5477 5857 347
5478 3972 390
5479 5546 346
5480 0 -1
5481 677 335
5482 4462 300
5483 5048 396
5484 5186 361
5485 1304 371
5486 0 -1
5487 123 313
5488 4916 419
5489 3389 453
5490 1278 324
5491 87 363
5492 4862 298
5493 6590 360
5494 1070 295
5495 4436 364
5496 5701 393
5497 3503 211
5498 2236 368
5499 6545 253
5500 0 -1
5501 5161 309
5502 532 374
5503 1564 349
5504 5223 414
5505 703 471
5506 1035 236
5507 6003 383
5508 3215 444
5509 100 382
5510 515 291
5511 1306 386
5512 2361 291
5513 462 315
5514 2301 344
5515 625 488
5516 834 398
5517 4516 172
5518 5459 411
5519 1051 461
5520 3746 411
5521 4032 229
5522 0 -1
5523 1342 310
5524 4854 400
5525 6549 386
5526 1853 337
5527 2785 248
5528 2843 286
5529 2726 310
5530 85 283
5531 3225 311
5532 291 387
5533 5264 386
5534 755 352
5535 6109 457
5536 3007 398
5537 6505 368
5538 0 -1
5539 5006 473
5540 4871 293
5541 3479 456
5542 4720 453
5543 6337 386
5544 6585 311
5545 5445 276
5546 2421 274
5547 5613 292
5548 0 -1
5549 2738 362
5550 845 238
5551 0 -1
5552 851 351
5553 5228 347
5554 5672 347
5555 4140 410
5556 580 368
5557 5383 396
5558 2845 367
5559 3737 360
5560 5870 361
5561 5398 348
5562 5693 488
5563 5856 364
5564 5741 209
5565 0 -1
5566 1909 328
5567 2241 362
5568 4248 431
5569 0 -1
5570 4912 390
5571 2764 169
5572 5477 355
5573 2286 348
5574 0 -1
5575 2359 169
5576 1335 386
5577 2941 242
5578 910 450
5579 3778 436
5580 1167 390
5581 1156 542
5582 322 307
5583 4201 358
5584 1251 361
5585 498 388
5586 2856 284
5587 6317 349
5588 5766 329
5589 1846 376
5590 2180 460
5591 3004 358
5592 0 -1
5593 6142 504
5594 5401 268
5595 2434 339
5596 5677 317
5597 1122 252
5598 3619 398
5599 4689 445
5600 4498 296
5601 1111 412
5602 5195 387
5603 0 -1
5604 5837 322
5605 984 478
5606 1901 335
5607 1584 339
5608 2118 506
5609 464 484
5610 1271 294
5611 1283 265
5612 4750 381
5613 4980 233
5614 4568 356
5615 1447 192
5616 5893 313
5617 5499 321
5618 966 360
5619 6560 306
5620 6043 368
5621 554 494
5622 0 -1
5623 4906 388
5624 2684 192
5625 0 -1
5626 0 -1
5627 5104 462
5628 3809 358
5629 2711 340
5630 575 359
5631 2324 363
5632 6177 335
5633 1265 267
5634 2211 484
5635 233 520
5636 2117 361
5637 2967 372
5638 2584 391
5639 6242 341
5640 4042 375
5641 1003 298
5642 5463 306
5643 5272 384
5644 2518 489
5645 6371 545
5646 5384 510
5647 1095 361
5648 0 -1
5649 1276 321
5650 229 364
5651 4024 317
5652 6240 298
5653 4164 411
5654 6487 385
5655 4280 357
5656 5113 306
5657 3903 468
5658 2351 360
5659 0 -1
5660 0 -1
5661 2560 386
5662 1782 401
5663 2062 429
5664 6192 324
5665 2788 281
5666 3096 331
5667 4206 404
5668 345 285
5669 97 316
5670 5313 280
5671 854 331
5672 4797 312
5673 2822 494
5674 3369 284
5675 4462 245
5676 921 477
5677 1278 306
5678 18 340
5679 2099 339
5680 3492 270
5681 2268 329
5682 0 -1
5683 6444 386
5684 6221 492
5685 4430 387
5686 1317 181
5687 1260 314
5688 3020 281
5689 3109 332
5690 5326 600
5691 895 368
5692 2253 366
5693 4867 394
5694 6181 405
5695 1095 317
5696 4718 279
5697 2793 445
5698 2158 380
5699 2713 386
5700 6479 286
5701 3837 364
5702 6363 334
5703 1833 290
5704 2732 419
5705 991 304
5706 6236 188
5707 2689 362
5708 5198 302
5709 662 341
5710 2412 339
5711 2162 324
5712 1751 381
5713 1310 419
5714 4340 445
5715 4568 327
5716 1097 328
5717 2332 288
5718 1170 429
5719 876 530
5720 4205 400
5721 0 -1
5722 387 475
5723 5498 415
5724 3075 379
5725 1175 373
5726 653 373
5727 533 507
5728 2541 429
5729 2323 343
5730 2592 623
5731 355 348
5732 5597 254
5733 1228 206
5734 1424 225
5735 900 463
5736 6278 241
5737 6192 328
5738 4664 332
5739 0 -1
5740 2690 455
5741 3016 202
5742 3698 387
5743 136 351
5744 6155 366
5745 4478 218
5746 1737 359
5747 0 -1
5748 1786 385
5749 6547 346
5750 2293 341
5751 715 418
5752 4166 418
5753 0 -1
5754 700 361
5755 1462 352
5756 4658 360
5757 6204 384
5758 2901 452
5759 695 277
5760 6532 368
5761 4537 382
5762 4672 325
5763 2633 311
5764 2154 385
5765 839 260
5766 3585 321
5767 718 374
5768 6007 125
5769 4992 409
5770 5586 298
5771 950 303
5772 636 341
5773 6148 467
5774 5749 459
5775 6245 374
5776 44 357
5777 2988 323
5778 1224 317
5779 1388 393
5780 5998 177
5781 4095 356
5782 4333 419
5783 4126 337
5784 4194 467
5785 1861 327
5786 5287 400
5787 1870 456
5788 2700 394
5789 3565 418
5790 3093 340
5791 5801 305
5792 6303 426
5793 4034 481
5794 6051 314
5795 2769 485
5796 2770 343
5797 2052 188
5798 3173 381
5799 3239 295
5800 2258 370
5801 5126 289
5802 3674 374
5803 2530 366
5804 4116 296
5805 6102 384
5806 2985 333
5807 2989 301
5808 4378 281
5809 4046 316
5810 5144 290
5811 2468 726
5812 6309 362
5813 3322 422
5814 1972 281
5815 3021 265
5816 2058 488
5817 1684 321
5818 1663 274
5819 3449 315
5820 6588 310
5821 848 372
5822 0 -1
5823 3913 322
5824 5553 412
5825 5588 335
5826 6559 349
5827 2091 343
5828 5040 324
5829 5731 355
5830 3482 349
5831 1360 321
5832 1465 401
5833 530 383
5834 5365 295
5835 3735 369
5836 71 295
5837 1077 306
5838 5168 329
5839 4086 305
5840 3698 358
5841 1276 315
5842 3265 267
5843 1709 369
5844 5073 376
5845 6519 369
5846 3441 372
5847 2153 310
5848 5150 402
5849 0 -1
5850 1938 394
5851 4839 219
5852 2041 376
5853 302 296
5854 5136 422
5855 3686 365
5856 2743 281
5857 5619 342
5858 3033 520
5859 3459 357
5860 3492 335
5861 3506 364
5862 784 318
5863 2125 414
5864 2074 351
5865 6173 406
5866 2595 435
5867 6284 373
5868 1519 246
5869 4804 385
5870 4252 295
5871 4095 294
5872 5165 416
5873 683 362
5874 0 -1
5875 1464 332
5876 5835 385
5877 3457 323
5878 2094 333
5879 6333 331
5880 6544 355
5881 812 323
5882 854 304
5883 5395 308
5884 565 284
5885 626 307
5886 6150 322
5887 3957 480
5888 1276 343
5889 3315 301
5890 189 232
5891 1108 392
5892 2264 466
5893 5338 297
5894 0 -1
5895 3809 316
5896 5356 451
5897 5521 244
5898 1803 303
5899 567 295
5900 1833 318
5901 1403 433
5902 570 258
5903 2786 330
5904 2535 326
5905 2448 307
5906 4255 388
5907 3452 456
5908 1750 242
5909 1070 369
5910 2717 286
5911 3948 293
5912 28 332
5913 927 376
5914 3932 382
5915 5641 316
5916 749 356
5917 2163 371
5918 0 -1
5919 5881 335
5920 4478 214
5921 6538 496
5922 326 358
5923 2633 323
5924 2094 338
5925 4887 389
5926 297 274
5927 3699 384
5928 526 246
5929 6523 407
5930 302 335
5931 4665 465
5932 2864 158
5933 3325 398
5934 1426 329
5935 1413 389
5936 4285 344
5937 3778 447
5938 1276 338
5939 4633 204
5940 4000 424
5941 3024 477
5942 4562 433
5943 0 -1
5944 4844 382
5945 4403 262
5946 3668 337
5947 1864 292
5948 1435 520
5949 3030 416
5950 1260 322
5951 3077 432
5952 1353 287
5953 4841 315
5954 2601 316
5955 2556 563
5956 3707 288
5957 4996 381
5958 0 -1
5959 4781 382
5960 2410 320
5961 0 -1
5962 1269 342
5963 0 -1
5964 1664 292
5965 4762 395
5966 2350 355
5967 3611 426
5968 3407 428
5969 6560 271
5970 5107 322
5971 4410 440
5972 2396 373
5973 6252 402
5974 2228 650
5975 3183 411
5976 4069 488
5977 2208 440
5978 5033 445
5979 2286 314
5980 1646 431
5981 3840 380
5982 6029 408
5983 0 -1
5984 1692 316
5985 0 -1
5986 0 -1
5987 0 -1
5988 0 -1
5989 100 324
5990 466 382
5991 2444 435
5992 1664 253
5993 3101 440
5994 4109 258
5995 2756 186
5996 6107 299
5997 1674 343
5998 1220 162
5999 4962 269
6000 175 325
6001 5316 320
6002 3596 395
6003 5919 349
6004 4814 383
6005 1408 274
6006 3946 351
6007 4704 99
6008 3094 253
6009 1694 424
6010 666 302
6011 2255 426
6012 4291 379
6013 1875 214
6014 6349 211
6015 4261 403
6016 5329 353
6017 4460 395
6018 3227 411
6019 5575 217
6020 6158 246
6021 1927 363
6022 2254 349
6023 2815 301
6024 1372 310
6025 2813 464
6026 202 301
6027 4119 473
6028 440 417
6029 4767 324
6030 2986 333
6031 4185 246
6032 734 404
6033 5604 379
6034 1795 122
6035 1228 189
6036 4857 325
6037 4244 252
6038 0 -1
6039 6358 297
6040 4214 364
6041 2414 376
6042 721 398
6043 5669 333
6044 588 344
6045 4323 345
6046 0 -1
6047 2481 353
6048 4257 277
6049 5886 375
6050 4195 364
6051 6019 219
6052 4581 360
6053 263 331
6054 4585 322
6055 1360 399
6056 3800 398
6057 0 -1
6058 1495 417
6059 2261 413
6060 639 427
6061 5140 368
6062 666 342
6063 283 337
6064 1910 341
6065 4393 394
6066 864 359
6067 6358 358
6068 3228 288
6069 5831 374
6070 1732 373
6071 5019 273
6072 6580 283
6073 1585 370
6074 3986 254
6075 6512 381
6076 6239 154
6077 0 -1
6078 6395 362
6079 2786 358
6080 6126 314
6081 2189 280
6082 3975 391
6083 663 243
6084 1427 401
6085 0 -1
6086 5808 324
6087 4669 363
6088 2775 254
6089 787 381
6090 3279 356
6091 2099 361
6092 0 -1
6093 1787 384
6094 1536 272
6095 5453 299
6096 86 308
6097 531 503
6098 3022 421
6099 836 469
6100 2156 366
6101 5772 372
6102 2994 378
6103 6588 271
6104 4703 437
6105 2771 372
6106 4767 369
6107 2785 234
6108 6205 324
6109 66 446
6110 5836 314
6111 2642 380
6112 6058 430
6113 4572 341
6114 1148 373
6115 5662 437
6116 2792 468
6117 5470 303
6118 2516 462
6119 2620 340
6120 5665 311
6121 1336 297
6122 0 -1
6123 2035 343
6124 0 -1
6125 3322 375
6126 1073 309
6127 3123 391
6128 5028 510
6129 4252 264
6130 2940 93
6131 4103 455
6132 2355 431
6133 1439 342
6134 1400 470
6135 0 -1
6136 2859 324
6137 1321 348
6138 3839 404
6139 4944 343
6140 5432 323
6141 604 355
6142 5027 435
6143 2182 377
6144 5707 382
6145 1636 313
6146 1928 395
6147 3581 490
6148 4701 368
6149 4101 255
6150 839 261
6151 2302 319
6152 5115 312
6153 3958 411
6154 0 -1
6155 4062 345
6156 0 -1
6157 516 386
6158 4400 238
6159 6422 439
6160 1782 385
6161 4766 379
6162 4862 339
6163 2572 350
6164 5065 218
6165 5910 299
6166 2804 307
6167 2364 382
6168 660 393
6169 3681 418
6170 3277 379
6171 1693 376
6172 5065 232
6173 2114 328
6174 4217 335
6175 132 325
6176 1833 304
6177 2800 298
6178 5810 369
6179 1358 376
6180 4907 363
6181 1115 329
6182 0 -1
6183 4663 335
6184 1464 399
6185 3770 431
6186 881 415
6187 5385 463
6188 1424 223
6189 3234 218
6190 5499 288
6191 5492 401
6192 1559 313
6193 2942 405
6194 4265 353
6195 987 393
6196 2106 337
6197 2827 349
6198 0 -1
6199 2915 391
6200 1272 378
6201 3515 340
6202 2361 386
6203 6422 371
6204 5302 312
6205 3437 301
6206 470 306
6207 3437 262
6208 5465 473
6209 3692 322
6210 0 -1
6211 4542 409
6212 4351 310
6213 4480 287
6214 433 422
6215 2448 337
6216 4731 318
6217 3898 255
6218 5904 380
6219 3450 329
6220 0 -1
6221 1170 430
6222 4241 324
6223 6045 410
6224 3695 451
6225 4191 351
6226 5859 367
6227 2146 464
6228 1385 329
6229 3056 287
6230 2775 191
6231 1470 372
6232 4139 220
6233 421 412
6234 0 -1
6235 1244 333
6236 3888 184
6237 1697 304
6238 0 -1
6239 3540 110
6240 4185 260
6241 4223 413
6242 5952 335
6243 4651 378
6244 2608 321
6245 5838 348
6246 4743 365
6247 5221 289
6248 5232 424
6249 6346 365
6250 1762 344
6251 3522 301
6252 4337 338
6253 3166 333
6254 2795 404
6255 2719 370
6256 5799 302
6257 6597 340
6258 239 284
6259 3677 330
6260 4457 423
6261 2016 508
6262 6466 312
6263 0 -1
6264 6193 405
6265 181 193
6266 2829 388
6267 3845 272
6268 431 422
6269 2739 378
6270 1996 359
6271 4224 378
6272 5786 419
6273 6362 385
6274 3251 233
6275 0 -1
6276 1500 343
6277 6242 404
6278 213 150
6279 3021 321
6280 1271 244
6281 4149 514
6282 2356 240
6283 1448 401
6284 839 322
6285 1961 382
6286 1786 411
6287 2724 313
6288 5900 356
6289 4687 346
6290 5681 371
6291 5817 363
6292 0 -1
6293 3076 382
6294 6454 310
6295 5564 281
6296 4874 275
6297 844 281
6298 3394 388
6299 2361 314
6300 2502 263
6301 6361 264
6302 3510 370
6303 5115 320
6304 927 417
6305 2935 432
6306 0 -1
6307 2693 363
6308 0 -1
6309 1966 336
6310 2656 380
6311 1824 360
6312 2650 429
6313 857 497
6314 3644 710
6315 177 378
6316 1396 377
6317 999 289
6318 6545 199
6319 4591 226
6320 96 406
6321 777 317
6322 4321 401
6323 2355 421
6324 2694 197
6325 4715 308
6326 5932 228
6327 4295 439
6328 5455 238
6329 5817 347
6330 4431 364
6331 1005 369
6332 5217 339
6333 1536 297
6334 4252 271
6335 1404 369
6336 5291 356
6337 6247 344
6338 0 -1
6339 5946 388
6340 1431 389
6341 4307 389
6342 4378 298
6343 2808 340
6344 4369 349
6345 2167 279
6346 2418 272
6347 4919 301
6348 2627 338
6349 767 156
6350 4752 319
6351 1806 307
6352 794 388
6353 110 463
6354 6163 400
6355 362 495
6356 1781 349
6357 0 -1
6358 1278 292
6359 2188 320
6360 3887 386
6361 3440 253
6362 5952 350
6363 4403 250
6364 2115 445
6365 1071 376
6366 5033 482
6367 263 341
6368 4371 395
6369 189 298
6370 0 -1
6371 4000 517
6372 5260 433
6373 2886 304
6374 4360 421
6375 783 327
6376 4302 398
6377 6542 452
6378 1097 336
6379 3049 423
6380 6023 340
6381 0 -1
6382 122 344
6383 4937 381
6384 1186 394
6385 5111 439
6386 1830 371
6387 5109 431
6388 4798 359
6389 1175 363
6390 3974 374
6391 2371 360
6392 2103 296
6393 4553 274
6394 3344 351
6395 6557 329
6396 485 318
6397 6578 510
6398 5407 502
6399 2489 322
6400 0 -1
6401 969 421
6402 5952 354
6403 5034 407
6404 4095 363
6405 6519 288
6406 1737 407
6407 3928 259
6408 1550 402
6409 4719 431
6410 5884 401
6411 4707 446
6412 483 428
6413 3437 349
6414 0 -1
6415 0 -1
6416 2440 330
6417 3380 268
6418 0 -1
6419 2741 405
6420 4582 455
6421 5572 458
6422 1468 341
6423 0 -1
6424 4493 380
6425 0 -1
6426 3193 230
6427 5642 325
6428 0 -1
6429 6108 361
6430 1601 352
6431 4580 386
6432 1060 366
6433 1705 392
6434 5340 325
6435 1585 274
6436 4728 397
6437 4933 233
6438 1405 407
6439 175 323
6440 3666 398
6441 3251 290
6442 2588 300
6443 6511 398
6444 5474 344
6445 3898 330
6446 3554 364
6447 3549 292
6448 76 321
6449 1465 383
6450 4838 315
6451 1462 353
6452 1068 356
6453 0 -1
6454 3239 299
6455 2565 333
6456 377 297
6457 1825 340
6458 1454 374
6459 4537 331
6460 5802 389
6461 447 349
6462 4337 329
6463 4519 455
6464 5282 418
6465 2834 417
6466 1424 254
6467 4022 249
6468 6158 308
6469 5174 410
6470 6207 303
6471 4833 401
6472 0 -1
6473 2566 424
6474 6475 203
6475 3971 161
6476 1102 349
6477 1126 375
6478 2620 394
6479 4446 267
6480 4495 319
6481 4255 465
6482 1408 251
6483 3418 262
6484 3576 257
6485 3204 349
6486 2266 440
6487 925 343
6488 5123 381
6489 589 452
6490 3625 415
6491 6551 454
6492 3546 164
6493 4182 330
6494 1658 446
6495 1142 380
6496 3265 277
6497 1631 490
6498 1667 426
6499 3207 387
6500 2985 289
6501 5768 209
6502 1796 410
6503 6265 244
6504 3449 325
6505 5868 261
6506 2123 240
6507 526 247
6508 557 410
6509 6378 386
6510 2323 374
6511 161 309
6512 4748 284
6513 6458 413
6514 0 -1
6515 4887 390
6516 5085 432
6517 1352 428
6518 6293 410
6519 4993 260
6520 2333 411
6521 4938 540
6522 857 472
6523 1670 320
6524 5256 319
6525 1248 358
6526 2764 121
6527 1283 313
6528 2529 367
6529 1834 354
6530 2752 333
6531 4391 267
6532 359 347
6533 5413 364
6534 3921 425
6535 1968 251
6536 790 360
6537 2101 361
6538 4597 438
6539 3883 364
6540 3673 451
6541 1358 361
6542 1108 385
6543 4731 257
6544 1003 349
6545 2864 148
6546 2944 409
6547 3034 317
6548 1537 323
6549 2193 358
6550 4918 346
6551 1836 410
6552 3681 467
6553 6231 415
6554 889 407
6555 5700 295
6556 3418 211
6557 2168 312
6558 5627 552
6559 5527 310
6560 3342 267
6561 6531 324
6562 3799 357
6563 3193 288
6564 5007 465
6565 950 354
6566 757 346
6567 2966 374
6568 3943 394
6569 2446 335
6570 4686 399
6571 657 388
6572 3167 459
6573 6222 390
6574 255 262
6575 2724 300
6576 3717 365
6577 2701 333
6578 6438 480
6579 432 398
6580 3662 240
6581 4192 420
6582 0 -1
6583 0 -1
6584 6524 422
6585 1343 251
6586 3496 373
6587 2813 362
6588 877 252
6589 268 439
6590 5428 338
6591 3543 257
6592 1357 399
6593 0 -1
6594 4391 288
6595 2103 287
6596 5100 408
6597 644 322
6598 3045 394
6599 3898 349
6600 18 387
