14
1 0 -1
2 3470 551
3 0 -1
4 6032 538
5 5624 526
6 0 -1
7 2732 631
8 149 530
9 192 400
10 3773 484
11 6527 626
12 0 -1
13 1569 459
14 14 0
15 4420 422
16 1402 432
17 6475 406
18 6346 569
19 5431 531
20 3615 499
21 60 507
22 5484 499
23 1293 648
24 2859 442
25 151 601
26 4645 614
27 5499 511
28 5025 573
29 3989 488
30 5037 614
31 0 -1
32 116 473
33 5737 372
34 1486 394
35 3484 549
36 2248 641
37 4818 507
38 5902 509
39 2153 549
40 3846 420
41 3369 412
42 2019 489
43 558 534
44 1206 448
45 1283 554
46 134 613
47 1617 837
48 790 526
49 4119 582
50 3169 611
51 3112 567
52 6208 566
53 2271 527
54 3342 564
55 3324 593
56 1413 533
57 4190 530
58 0 -1
59 1504 628
60 6165 484
61 3728 526
62 2225 508
63 2359 548
64 4824 561
65 1562 511
66 887 460
67 5642 596
68 0 -1
69 3382 611
70 942 492
71 1623 420
72 3349 459
73 6377 558
74 426 489
75 876 494
76 6051 568
77 5142 571
78 410 608
79 420 446
80 4228 401
81 2602 577
82 1108 439
83 101 531
84 2074 547
85 6541 536
86 6301 441
87 4286 578
88 2935 495
89 5345 667
90 20 509
91 227 641
92 0 -1
93 4281 554
94 1782 627
95 4565 594
96 1623 430
97 3520 499
98 1126 639
99 4912 394
100 3416 471
101 2064 530
102 4115 565
103 142 448
104 2593 522
105 4525 539
106 1292 527
107 5962 552
108 5195 440
109 6020 483
110 6389 403
111 5925 533
112 3034 557
113 5487 497
114 3773 522
115 2537 628
116 1311 468
117 939 645
118 252 341
119 4447 586
120 3289 882
121 3867 646
122 777 413
123 99 436
124 0 -1
125 6136 517
126 4100 497
127 1353 523
128 2374 472
129 5545 441
130 1436 614
131 5783 459
132 6591 510
133 6529 456
134 880 595
135 1253 470
136 1491 511
137 1166 644
138 0 -1
139 3453 525
140 2701 519
141 2157 514
142 4261 425
143 5507 510
144 1488 451
145 2453 438
146 4125 600
147 5016 544
148 2669 548
149 129 485
150 521 591
151 2566 510
152 528 655
153 2019 485
154 5218 564
155 5998 524
156 1277 528
157 0 -1
158 456 522
159 4421 709
160 1932 571
161 1968 444
162 1900 560
163 6179 486
164 1850 581
165 0 -1
166 2602 566
167 832 423
168 4970 544
169 3344 589
170 1054 488
171 0 -1
172 4318 429
173 3080 489
174 4548 565
175 4084 645
176 1059 470
177 3570 620
178 3798 315
179 4907 425
180 1767 461
181 4693 524
182 4258 535
183 4728 498
184 3594 663
185 4619 544
186 6061 612
187 6334 523
188 230 561
189 2756 592
190 0 -1
191 1933 583
192 420 400
193 5361 702
194 5482 428
195 0 -1
196 5671 510
197 2424 651
198 2749 523
199 5008 525
200 5568 531
201 3771 519
202 4185 584
203 1482 406
204 4335 565
205 284 673
206 1705 576
207 211 487
208 4526 482
209 6266 531
210 3676 530
211 192 414
212 0 -1
213 6526 551
214 6566 547
215 4871 505
216 1704 620
217 3677 560
218 3897 559
219 2859 477
220 5591 604
221 4765 504
222 4360 612
223 5224 485
224 0 -1
225 0 -1
226 1302 661
227 4125 536
228 2043 491
229 2174 434
230 4186 499
231 5330 520
232 4537 426
233 2397 633
234 3256 537
235 6099 745
236 3801 496
237 0 -1
238 3034 486
239 1849 421
240 1788 436
241 4544 441
242 0 -1
243 6179 458
244 1307 516
245 5612 448
246 842 555
247 2259 499
248 776 436
249 870 620
250 1338 655
251 2053 537
252 1923 321
253 0 -1
254 615 591
255 6189 515
256 2485 513
257 4046 425
258 3244 488
259 0 -1
260 4942 594
261 467 562
262 3972 471
263 2595 527
264 1884 642
265 3231 530
266 279 626
267 274 560
268 4621 523
269 1809 589
270 407 562
271 3932 632
272 1056 555
273 3181 565
274 359 516
275 5440 560
276 1307 500
277 0 -1
278 5281 562
279 5540 533
280 5321 479
281 925 431
282 1878 487
283 5888 531
284 1289 577
285 5697 595
286 1508 574
287 0 -1
288 3822 487
289 683 459
290 93 570
291 2803 604
292 4920 559
293 5711 539
294 665 600
295 0 -1
296 1667 557
297 1784 476
298 5768 556
299 6048 562
300 3367 790
301 6119 450
302 5101 486
303 2532 655
304 461 601
305 4506 557
306 4294 637
307 3620 450
308 4873 507
309 889 526
310 0 -1
311 2846 618
312 2389 451
313 2778 688
314 5468 471
315 5059 563
316 40 428
317 6137 490
318 2066 559
319 0 -1
320 6055 644
321 482 494
322 2606 384
323 5267 579
324 3355 531
325 5234 506
326 5323 468
327 3121 629
328 587 563
329 6176 414
330 0 -1
331 5438 594
332 1088 615
333 3456 694
334 6449 526
335 2752 395
336 4224 477
337 2702 557
338 418 578
339 1149 534
340 5716 482
341 2582 655
342 1659 490
343 5570 416
344 364 489
345 4640 462
346 4126 497
347 548 489
348 3707 416
349 2514 515
350 6236 533
351 530 501
352 4198 387
353 3467 575
354 2839 622
355 429 539
356 982 660
357 5805 516
358 0 -1
359 1185 450
360 2852 579
361 2045 518
362 308 588
363 6168 678
364 6015 463
365 252 326
366 1935 459
367 3844 540
368 4173 534
369 6243 379
370 1172 563
371 1970 405
372 4773 470
373 2631 381
374 2677 426
375 3202 548
376 2766 557
377 3176 559
378 2221 492
379 4793 441
380 0 -1
381 1740 564
382 911 541
383 664 653
384 5025 574
385 4425 169
386 5077 486
387 2346 504
388 3938 475
389 312 504
390 1439 520
391 684 672
392 0 -1
393 2343 601
394 769 679
395 4133 486
396 5343 555
397 984 536
398 5086 630
399 2653 627
400 0 -1
401 4441 508
402 1454 591
403 1114 531
404 2057 456
405 5798 725
406 3682 545
407 998 462
408 3189 532
409 6373 455
410 4123 505
411 6363 565
412 3204 598
413 301 501
414 3764 583
415 1885 585
416 5899 520
417 3636 531
418 1603 553
419 4902 580
420 3347 339
421 630 537
422 4658 569
423 5287 423
424 5469 572
425 19 549
426 793 450
427 4384 598
428 6257 461
429 5703 457
430 569 534
431 1321 477
432 749 537
433 2838 487
434 1918 504
435 6244 537
436 1247 576
437 1660 634
438 4983 487
439 2858 672
440 1722 513
441 3851 575
442 1064 579
443 951 596
444 4924 510
445 6372 604
446 39 560
447 1447 388
448 4937 579
449 2425 440
450 4940 579
451 0 -1
452 1960 520
453 766 577
454 739 568
455 5837 514
456 1732 476
457 4804 635
458 1940 439
459 5196 530
460 1224 478
461 2895 493
462 1647 607
463 5363 513
464 4671 645
465 2111 443
466 2133 422
467 489 478
468 2907 571
469 3086 574
470 97 511
471 3224 604
472 807 408
473 3595 517
474 2757 519
475 3807 480
476 6580 584
477 456 575
478 41 442
479 3382 508
480 4553 569
481 6368 706
482 5005 486
483 583 546
484 4770 688
485 5448 520
486 2408 417
487 2376 559
488 1945 595
489 2716 405
490 5544 635
491 1833 387
492 4828 628
493 164 616
494 2584 549
495 3379 599
496 5288 442
497 4695 584
498 6354 567
499 0 -1
500 1267 459
501 0 -1
502 2090 522
503 3255 496
504 6463 595
505 456 518
506 5020 536
507 3809 576
508 4998 746
509 5169 612
510 4044 499
511 4847 600
512 4153 380
513 4944 559
514 697 391
515 1875 513
516 79 464
517 6129 491
518 3355 536
519 5497 544
520 2003 544
521 3819 589
522 2738 532
523 2261 464
524 4589 529
525 0 -1
526 1583 374
527 4135 459
528 3323 638
529 1933 551
530 4685 501
531 4597 398
532 6378 516
533 4491 498
534 0 -1
535 6596 439
536 3322 407
537 3766 550
538 2693 632
539 473 522
540 3347 392
541 5975 651
542 5904 620
543 1916 494
544 3205 606
545 6594 531
546 3765 603
547 6365 597
548 5259 477
549 0 -1
550 2311 509
551 5135 609
552 749 525
553 1232 536
554 2539 624
555 4039 435
556 667 407
557 1791 476
558 1997 529
559 5275 567
560 0 -1
561 5545 422
562 3201 433
563 2930 540
564 3422 488
565 3846 456
566 1158 582
567 5561 445
568 3904 546
569 5512 499
570 4869 460
571 0 -1
572 1536 553
573 1797 737
574 6188 542
575 4580 461
576 3880 638
577 4800 651
578 944 481
579 3226 549
580 5340 524
581 2254 549
582 447 475
583 6369 544
584 5088 583
585 144 566
586 2893 825
587 4700 466
588 1409 509
589 630 598
590 4922 497
591 4143 548
592 1153 579
593 5689 508
594 1915 527
595 3460 450
596 4406 614
597 1676 422
598 1644 443
599 126 499
600 0 -1
601 5458 283
602 192 464
603 2783 561
604 1878 559
605 178 331
606 1786 537
607 2965 621
608 1194 465
609 804 486
610 0 -1
611 4910 448
612 5838 574
613 5378 557
614 2506 459
615 5166 506
616 5825 589
617 3360 601
618 0 -1
619 2944 348
620 3431 466
621 4399 492
622 3990 495
623 0 -1
624 5438 596
625 1377 546
626 13 546
627 6161 625
628 4554 583
629 5806 542
630 3784 480
631 1066 424
632 5243 667
633 2847 636
634 1650 571
635 1889 635
636 192 417
637 1659 481
638 536 457
639 3537 487
640 5632 527
641 4653 439
642 3603 523
643 569 502
644 2138 493
645 0 -1
646 6211 469
647 2157 461
648 5063 482
649 0 -1
650 6309 621
651 682 572
652 321 593
653 1466 535
654 4164 570
655 0 -1
656 1927 396
657 5236 592
658 2484 612
659 2306 455
660 1584 600
661 5462 551
662 2409 557
663 2719 529
664 4393 614
665 6523 499
666 176 508
667 1676 378
668 2194 533
669 2233 288
670 2449 465
671 6254 622
672 5751 560
673 1482 397
674 6230 626
675 3434 563
676 3053 492
677 3541 462
678 5908 450
679 6289 506
680 2926 449
681 401 527
682 2048 480
683 2899 394
684 3156 567
685 2698 537
686 1271 401
687 4186 609
688 4760 695
689 4051 604
690 2489 493
691 151 524
692 496 513
693 3261 603
694 3512 513
695 1831 494
696 4095 594
697 2944 343
698 4097 488
699 6216 688
700 839 513
701 914 651
702 3717 441
703 3019 542
704 4346 501
705 2506 445
706 3201 480
707 141 628
708 4222 676
709 3106 505
710 724 652
711 4136 624
712 2576 655
713 288 527
714 4581 629
715 149 540
716 5231 591
717 5568 523
718 1548 525
719 5269 359
720 0 -1
721 2642 541
722 5455 477
723 4226 483
724 361 563
725 2236 430
726 5259 503
727 3025 547
728 4352 561
729 6016 580
730 2140 442
731 2427 527
732 140 522
733 4554 591
734 1219 575
735 5875 546
736 2101 519
737 5657 699
738 5187 601
739 4032 473
740 6459 513
741 1007 589
742 2814 604
743 6232 581
744 6500 510
745 6003 543
746 3690 593
747 2406 503
748 5093 612
749 4892 481
750 5732 560
751 531 448
752 6559 445
753 1136 714
754 5167 650
755 2985 555
756 3532 614
757 2308 507
758 5896 629
759 1057 444
760 1292 518
761 4270 469
762 1889 718
763 1385 626
764 1002 569
765 5115 430
766 2236 470
767 5768 507
768 5145 507
769 4853 567
770 4100 601
771 3939 563
772 3650 601
773 2694 595
774 3215 606
775 6464 616
776 2735 407
777 3055 347
778 2035 582
779 1715 554
780 557 531
781 2739 531
782 1626 540
783 2756 631
784 565 465
785 5258 582
786 4118 511
787 3498 502
788 6270 466
789 0 -1
790 2747 511
791 1288 536
792 971 615
793 2351 398
794 2642 484
795 2862 537
796 1597 524
797 6365 677
798 1160 603
799 4529 525
800 1999 583
801 3307 654
802 4806 512
803 0 -1
804 3109 417
805 345 463
806 1295 535
807 2267 340
808 2543 505
809 3965 643
810 0 -1
811 852 721
812 706 557
813 5728 628
814 3154 622
815 0 -1
816 1584 630
817 6243 479
818 476 676
819 0 -1
820 0 -1
821 2883 531
822 4442 525
823 923 586
824 641 486
825 4663 572
826 4222 618
827 1602 475
828 5586 566
829 3083 705
830 4928 436
831 1103 581
832 6407 350
833 1097 600
834 3013 549
835 6218 588
836 558 535
837 6314 941
838 4985 578
839 5302 465
840 4254 426
841 1363 569
842 5834 550
843 1235 552
844 2027 521
845 6265 501
846 510 617
847 937 637
848 2315 540
849 6580 498
850 2706 636
851 6548 559
852 2320 621
853 4878 402
854 3459 477
855 5577 627
856 1574 582
857 2840 451
858 5821 539
859 3231 476
860 4889 494
861 1333 592
862 0 -1
863 1114 512
864 5952 524
865 3315 412
866 4473 343
867 668 549
868 4544 497
869 6133 584
870 5499 552
871 6113 605
872 0 -1
873 4834 555
874 351 520
875 3208 432
876 3198 467
877 2785 480
878 6311 515
879 4876 586
880 1985 507
881 6296 635
882 3365 693
883 0 -1
884 6180 492
885 1526 580
886 5754 571
887 2457 389
888 881 678
889 5670 484
890 1712 604
891 2306 469
892 2859 494
893 1634 531
894 1709 447
895 1339 621
896 5738 577
897 423 481
898 5598 595
899 879 688
900 1383 553
901 265 544
902 3530 604
903 88 587
904 5950 561
905 2625 480
906 1209 567
907 537 556
908 3632 722
909 1317 511
910 4670 578
911 2042 495
912 1077 500
913 2316 500
914 6492 563
915 3855 494
916 1368 534
917 3512 549
918 1822 667
919 4963 632
920 4512 520
921 4914 623
922 4147 543
923 3866 492
924 378 609
925 5545 391
926 3901 428
927 5321 508
928 352 469
929 4608 870
930 4787 676
931 76 598
932 1015 436
933 2364 642
934 4066 506
935 0 -1
936 6194 637
937 3937 556
938 5173 513
939 968 594
940 4134 538
941 5596 510
942 1343 482
943 247 547
944 2926 465
945 2106 541
946 6480 617
947 5121 448
948 0 -1
949 3508 492
950 2147 434
951 4173 516
952 1158 582
953 3737 594
954 4923 534
955 2947 580
956 5004 402
957 2205 528
958 6072 534
959 4963 615
960 4523 618
961 0 -1
962 2986 486
963 5303 508
964 0 -1
965 4871 503
966 5772 472
967 3901 500
968 5190 594
969 1140 517
970 1131 543
971 3274 550
972 864 549
973 2563 306
974 5097 531
975 5290 577
976 3422 500
977 2899 403
978 0 -1
979 2378 577
980 6102 580
981 0 -1
982 2611 542
983 149 583
984 6438 486
985 770 669
986 5263 607
987 564 535
988 3362 585
989 4889 463
990 5069 496
991 1972 601
992 0 -1
993 0 -1
994 968 662
995 5338 626
996 2439 582
997 5373 432
998 2002 349
999 3204 535
1000 4045 502
1001 42 598
1002 5191 502
1003 3244 499
1004 4655 543
1005 2091 590
1006 583 586
1007 132 563
1008 41 462
1009 5383 503
1010 0 -1
1011 0 -1
1012 3123 639
1013 677 477
1014 3277 583
1015 2002 397
1016 1462 469
1017 5472 530
1018 1183 557
1019 2353 554
1020 1372 515
1021 1622 405
1022 5151 522
1023 4058 365
1024 1299 439
1025 4383 482
1026 6597 513
1027 4133 530
1028 4827 555
1029 486 521
1030 1902 589
1031 2464 611
1032 2112 489
1033 4821 684
1034 1246 715
1035 1003 522
1036 5011 490
1037 5123 591
1038 44 499
1039 5139 509
1040 3250 559
1041 2081 655
1042 4756 585
1043 5169 509
1044 5531 594
1045 2374 528
1046 230 619
1047 0 -1
1048 489 427
1049 6180 474
1050 509 621
1051 2267 401
1052 72 470
1053 122 467
1054 3917 456
1055 1974 549
1056 2487 547
1057 4105 353
1058 522 546
1059 561 430
1060 2216 628
1061 2074 566
1062 3917 458
1063 5969 486
1064 3327 550
1065 3209 538
1066 4198 411
1067 0 -1
1068 4920 479
1069 1538 590
1070 5675 527
1071 5163 577
1072 4510 585
1073 3273 545
1074 176 548
1075 2655 639
1076 4690 462
1077 5891 486
1078 2365 585
1079 2002 433
1080 147 554
1081 101 618
1082 5266 490
1083 5004 414
1084 1101 532
1085 0 -1
1086 2184 538
1087 0 -1
1088 4416 558
1089 0 -1
1090 3520 509
1091 0 -1
1092 3981 531
1093 1474 536
1094 373 443
1095 4322 546
1096 252 439
1097 6591 491
1098 428 508
1099 372 539
1100 3544 582
1101 1053 513
1102 4652 443
1103 3670 479
1104 4158 593
1105 2053 561
1106 23 648
1107 0 -1
1108 2117 361
1109 4515 642
1110 717 574
1111 3091 395
1112 4912 345
1113 1289 514
1114 447 501
1115 3437 536
1116 0 -1
1117 2325 551
1118 4942 631
1119 3929 475
1120 1634 594
1121 977 470
1122 912 507
1123 3154 578
1124 4430 511
1125 3091 416
1126 1896 597
1127 2500 591
1128 4397 520
1129 1709 447
1130 4109 495
1131 4913 465
1132 3096 597
1133 536 422
1134 5308 540
1135 914 604
1136 4336 617
1137 0 -1
1138 2941 608
1139 4420 453
1140 1583 491
1141 1866 295
1142 458 460
1143 3608 497
1144 1218 542
1145 2642 566
1146 0 -1
1147 3650 538
1148 3277 533
1149 4422 504
1150 963 624
1151 5207 721
1152 4899 640
1153 6476 480
1154 2926 446
1155 5716 553
1156 621 592
1157 0 -1
1158 2900 489
1159 1918 553
1160 5949 596
1161 3356 516
1162 5736 573
1163 4281 514
1164 2844 587
1165 4516 537
1166 822 548
1167 4596 509
1168 5847 446
1169 5693 635
1170 5327 578
1171 5525 503
1172 4044 495
1173 4967 549
1174 5699 484
1175 6269 332
1176 473 564
1177 2799 507
1178 4767 629
1179 1344 599
1180 4314 429
1181 1144 573
1182 2095 533
1183 236 526
1184 2990 663
1185 4339 403
1186 3938 498
1187 704 511
1188 275 628
1189 3258 640
1190 3158 710
1191 1236 579
1192 1582 597
1193 6555 552
1194 4989 450
1195 2174 506
1196 1784 500
1197 4831 534
1198 349 560
1199 3953 532
1200 1045 551
1201 1848 609
1202 1288 475
1203 4667 728
1204 366 554
1205 3231 515
1206 1393 405
1207 6225 579
1208 5003 252
1209 1659 523
1210 6461 499
1211 2120 515
1212 1267 418
1213 5214 512
1214 2683 518
1215 950 532
1216 3926 588
1217 3527 751
1218 609 537
1219 6530 509
1220 3540 465
1221 407 505
1222 167 432
1223 6366 547
1224 4090 426
1225 2833 582
1226 5650 470
1227 2904 535
1228 6076 513
1229 3247 598
1230 6078 494
1231 0 -1
1232 3521 498
1233 0 -1
1234 5934 556
1235 854 541
1236 2791 482
1237 3475 510
1238 1347 490
1239 1856 594
1240 2985 543
1241 1895 545
1242 3295 410
1243 3897 599
1244 355 548
1245 0 -1
1246 4316 688
1247 4924 514
1248 5709 648
1249 6363 564
1250 5545 397
1251 4322 566
1252 2556 663
1253 1051 465
1254 3003 541
1255 4910 496
1256 6371 754
1257 4791 603
1258 4476 522
1259 4342 590
1260 2890 463
1261 2403 632
1262 6509 516
1263 5053 713
1264 1713 607
1265 2183 487
1266 2580 482
1267 2111 375
1268 1370 530
1269 3726 507
1270 3302 535
1271 1284 377
1272 5956 401
1273 1103 545
1274 2880 488
1275 782 607
1276 3251 546
1277 359 470
1278 5268 462
1279 6121 633
1280 2769 609
1281 3834 569
1282 1655 652
1283 1471 548
1284 1447 361
1285 3764 586
1286 1509 572
1287 2731 701
1288 1827 451
1289 1278 473
1290 1174 520
1291 4368 614
1292 1334 516
1293 6231 584
1294 5877 519
1295 6119 455
1296 2688 479
1297 0 -1
1298 6531 572
1299 3208 399
1300 2353 557
1301 4719 450
1302 2193 569
1303 3316 590
1304 389 541
1305 0 -1
1306 2138 578
1307 3773 500
1308 4762 586
1309 5605 670
1310 4291 510
1311 4723 431
1312 947 464
1313 2297 546
1314 4246 516
1315 581 644
1316 0 -1
1317 2425 493
1318 5632 603
1319 2791 568
1320 1622 426
1321 5884 471
1322 5366 471
1323 186 649
1324 0 -1
1325 2767 650
1326 1405 442
1327 6305 487
1328 5735 665
1329 1623 498
1330 719 472
1331 2312 585
1332 0 -1
1333 6378 513
1334 472 427
1335 1395 548
1336 4554 550
1337 6110 466
1338 3782 640
1339 1228 618
1340 741 630
1341 912 505
1342 1525 473
1343 17 449
1344 2890 536
1345 5627 614
1346 6508 512
1347 6547 461
1348 5681 441
1349 3534 658
1350 777 449
1351 1369 504
1352 5277 547
1353 1968 468
1354 5561 521
1355 5755 491
1356 2016 597
1357 3119 610
1358 6073 392
1359 0 -1
1360 1372 477
1361 1343 557
1362 3640 717
1363 1131 475
1364 682 519
1365 2981 424
1366 3445 599
1367 3088 572
1368 4226 507
1369 5956 502
1370 1083 424
1371 1537 509
1372 2921 408
1373 4911 530
1374 4631 626
1375 4939 527
1376 0 -1
1377 3774 522
1378 0 -1
1379 6402 631
1380 0 -1
1381 416 577
1382 4563 576
1383 1351 540
1384 6021 459
1385 470 526
1386 1731 532
1387 3541 436
1388 886 583
1389 6305 554
1390 4444 614
1391 4283 535
1392 5956 479
1393 4198 376
1394 6552 598
1395 312 488
1396 5360 634
1397 4980 538
1398 1885 645
1399 3939 610
1400 1920 601
1401 1293 594
1402 1066 412
1403 6256 547
1404 3862 524
1405 1683 432
1406 4606 740
1407 1166 580
1408 2986 541
1409 2221 457
1410 6297 550
1411 0 -1
1412 3369 476
1413 2172 479
1414 0 -1
1415 3108 399
1416 6361 637
1417 443 644
1418 252 337
1419 3862 606
1420 3118 544
1421 947 558
1422 0 -1
1423 5352 562
1424 2479 505
1425 5686 581
1426 849 539
1427 1933 528
1428 2645 569
1429 4063 432
1430 4780 556
1431 2152 643
1432 167 490
1433 715 618
1434 4363 574
1435 504 596
1436 3629 531
1437 3386 625
1438 0 -1
1439 1773 501
1440 2770 476
1441 884 516
1442 236 571
1443 142 443
1444 2339 597
1445 3647 555
1446 4058 409
1447 1866 315
1448 3953 539
1449 4286 581
1450 1402 461
1451 3169 562
1452 3169 551
1453 4862 537
1454 4778 491
1455 0 -1
1456 2886 455
1457 2130 539
1458 1045 540
1459 4700 434
1460 2005 668
1461 4669 528
1462 489 444
1463 2147 437
1464 1739 527
1465 3675 495
1466 5586 517
1467 3027 734
1468 3349 472
1469 4261 487
1470 5106 578
1471 6547 503
1472 3044 573
1473 562 436
1474 1850 501
1475 543 528
1476 5531 542
1477 1857 593
1478 4660 440
1479 6470 545
1480 388 518
1481 187 532
1482 1559 308
1483 4153 479
1484 1937 666
1485 0 -1
1486 1057 385
1487 4135 405
1488 3208 428
1489 4896 604
1490 1877 646
1491 4887 455
1492 0 -1
1493 0 -1
1494 0 -1
1495 3005 588
1496 1369 536
1497 4924 503
1498 280 507
1499 6464 589
1500 1525 560
1501 5681 539
1502 1428 624
1503 3226 487
1504 6078 563
1505 2041 421
1506 5154 624
1507 3876 542
1508 34 454
1509 6512 529
1510 3091 408
1511 6255 503
1512 173 515
1513 6459 396
1514 480 635
1515 5366 499
1516 3285 600
1517 4852 613
1518 2560 455
1519 2146 547
1520 0 -1
1521 4974 529
1522 5764 518
1523 0 -1
1524 2518 627
1525 3602 458
1526 5447 493
1527 1260 467
1528 4329 652
1529 1742 509
1530 3691 571
1531 5057 410
1532 4088 586
1533 6010 627
1534 1276 586
1535 3432 529
1536 1940 523
1537 4153 464
1538 4875 491
1539 5761 475
1540 6393 475
1541 5601 466
1542 5856 596
1543 6133 556
1544 5999 538
1545 3950 570
1546 0 -1
1547 1026 531
1548 4318 480
1549 370 654
1550 1224 440
1551 6267 530
1552 2059 516
1553 6208 571
1554 3234 471
1555 0 -1
1556 4248 600
1557 3800 544
1558 5570 488
1559 3347 280
1560 2645 523
1561 374 441
1562 5521 482
1563 2406 506
1564 1583 471
1565 0 -1
1566 6492 618
1567 4187 539
1568 0 -1
1569 2677 403
1570 1515 555
1571 3848 596
1572 4737 520
1573 356 686
1574 865 480
1575 4633 659
1576 5518 468
1577 4665 671
1578 1505 481
1579 0 -1
1580 4152 667
1581 2635 642
1582 5698 569
1583 5615 371
1584 4429 554
1585 1208 262
1586 1860 541
1587 5703 508
1588 26 667
1589 213 573
1590 4565 536
1591 465 463
1592 1917 569
1593 1056 615
1594 6434 482
1595 5553 547
1596 2657 581
1597 2380 424
1598 3927 594
1599 6467 558
1600 4836 571
1601 3315 465
1602 1833 403
1603 2344 534
1604 3662 532
1605 6144 454
1606 2535 630
1607 4980 539
1608 736 550
1609 4990 486
1610 4331 558
1611 0 -1
1612 77 573
1613 4633 580
1614 3643 576
1615 2793 550
1616 1223 630
1617 130 717
1618 6293 574
1619 2480 540
1620 5331 566
1621 980 636
1622 3511 380
1623 3798 391
1624 2425 435
1625 1746 579
1626 2570 448
1627 5238 570
1628 2261 497
1629 3063 548
1630 5351 551
1631 6537 485
1632 1650 570
1633 5870 588
1634 4279 477
1635 6073 372
1636 1446 472
1637 2840 464
1638 2730 527
1639 2115 589
1640 1518 458
1641 4795 495
1642 2729 646
1643 5225 601
1644 5100 401
1645 359 541
1646 3230 557
1647 6076 535
1648 3693 564
1649 0 -1
1650 4279 480
1651 4974 424
1652 2117 449
1653 5526 369
1654 846 688
1655 1059 549
1656 5502 560
1657 784 559
1658 4273 476
1659 1983 462
1660 2784 618
1661 793 405
1662 2090 428
1663 6239 513
1664 449 452
1665 66 537
1666 6561 510
1667 5738 509
1668 3783 587
1669 2774 619
1670 4955 441
1671 0 -1
1672 1941 514
1673 65 520
1674 5969 450
1675 1582 611
1676 3772 341
1677 3838 516
1678 4803 436
1679 5077 517
1680 3317 549
1681 807 403
1682 2374 453
1683 352 387
1684 3038 561
1685 2851 535
1686 5490 551
1687 1888 519
1688 2587 564
1689 0 -1
1690 491 448
1691 2157 513
1692 4505 581
1693 1559 322
1694 5116 579
1695 1130 546
1696 1238 584
1697 3815 489
1698 244 587
1699 2112 539
1700 4489 553
1701 1941 496
1702 795 649
1703 1236 576
1704 4409 580
1705 135 547
1706 857 511
1707 6454 549
1708 3493 566
1709 3511 385
1710 2808 478
1711 1002 594
1712 2644 545
1713 2309 556
1714 2711 580
1715 5783 447
1716 0 -1
1717 0 -1
1718 5777 483
1719 6066 566
1720 6367 532
1721 3475 477
1722 4346 503
1723 2824 593
1724 6100 562
1725 1719 625
1726 3068 557
1727 777 457
1728 4481 570
1729 1481 644
1730 709 607
1731 109 486
1732 4955 453
1733 4479 595
1734 1925 685
1735 0 -1
1736 66 539
1737 6110 466
1738 6346 559
1739 1860 523
1740 3405 483
1741 3799 567
1742 4687 442
1743 6245 607
1744 3510 494
1745 6075 556
1746 5764 521
1747 0 -1
1748 3598 564
1749 5301 472
1750 2812 575
1751 175 656
1752 3918 650
1753 0 -1
1754 482 497
1755 6133 518
1756 3862 547
1757 4564 537
1758 2056 708
1759 2106 565
1760 1350 488
1761 2082 591
1762 5398 438
1763 4224 474
1764 1601 537
1765 0 -1
1766 1272 516
1767 4254 408
1768 5077 491
1769 4450 571
1770 6063 574
1771 0 -1
1772 0 -1
1773 6176 421
1774 2921 430
1775 137 735
1776 1408 569
1777 6495 587
1778 5057 445
1779 1206 441
1780 3731 611
1781 2142 593
1782 3221 586
1783 355 580
1784 4873 450
1785 4912 351
1786 1405 498
1787 3459 473
1788 1447 396
1789 4754 582
1790 1194 499
1791 1662 461
1792 1097 497
1793 1350 529
1794 3786 517
1795 2135 538
1796 2141 612
1797 4036 701
1798 0 -1
1799 0 -1
1800 0 -1
1801 0 -1
1802 2615 585
1803 1124 551
1804 3087 483
1805 5825 577
1806 2986 487
1807 3611 527
1808 698 553
1809 4790 517
1810 3681 497
1811 108 496
1812 5494 522
1813 4394 556
1814 4150 503
1815 4894 579
1816 3049 523
1817 950 505
1818 2063 673
1819 3158 677
1820 0 -1
1821 5191 512
1822 5065 608
1823 401 578
1824 4098 525
1825 24 517
1826 4499 582
1827 6512 449
1828 3830 577
1829 4760 584
1830 5458 295
1831 5162 465
1832 0 -1
1833 1141 317
1834 420 378
1835 4966 545
1836 5544 626
1837 136 512
1838 312 537
1839 3293 736
1840 5166 450
1841 5367 725
1842 5208 497
1843 2704 463
1844 0 -1
1845 3978 566
1846 5115 425
1847 2412 437
1848 5934 532
1849 2608 407
1850 5324 465
1851 6152 536
1852 1715 510
1853 192 407
1854 3764 495
1855 460 562
1856 2565 582
1857 1333 576
1858 5999 503
1859 5209 557
1860 1337 515
1861 1278 554
1862 2918 583
1863 828 618
1864 5802 593
1865 2889 624
1866 4425 231
1867 2259 484
1868 1131 501
1869 3692 537
1870 5397 611
1871 1715 457
1872 5109 461
1873 752 506
1874 1892 560
1875 3232 503
1876 0 -1
1877 5045 555
1878 1119 480
1879 4386 411
1880 3728 533
1881 0 -1
1882 6427 508
1883 2752 454
1884 6329 557
1885 4315 572
1886 0 -1
1887 316 450
1888 4003 497
1889 3343 627
1890 3594 626
1891 2045 538
1892 4254 515
1893 3768 581
1894 4499 686
1895 2753 505
1896 5128 556
1897 6531 509
1898 2820 422
1899 0 -1
1900 1847 448
1901 29 505
1902 1153 519
1903 3659 614
1904 2048 478
1905 1173 602
1906 0 -1
1907 161 461
1908 2328 620
1909 5856 566
1910 6321 484
1911 6374 640
1912 4837 542
1913 0 -1
1914 3007 505
1915 2004 413
1916 192 415
1917 3560 497
1918 3473 458
1919 2631 380
1920 636 491
1921 5774 714
1922 1708 589
1923 2563 307
1924 2255 472
1925 3853 582
1926 359 527
1927 2111 382
1928 678 508
1929 697 437
1930 5897 501
1931 211 497
1932 1439 538
1933 1715 507
1934 4002 511
1935 3369 402
1936 1591 487
1937 4857 661
1938 3414 542
1939 2986 495
1940 4173 427
1941 2236 428
1942 5978 562
1943 2436 397
1944 6047 555
1945 3356 517
1946 5385 797
1947 2568 689
1948 2194 454
1949 6467 574
1950 2746 699
1951 2552 539
1952 4910 455
1953 2295 541
1954 4782 632
1955 5542 680
1956 603 641
1957 6136 483
1958 0 -1
1959 1960 566
1960 3942 518
1961 3384 501
1962 5289 665
1963 5447 535
1964 1111 482
1965 0 -1
1966 1638 568
1967 0 -1
1968 281 439
1969 2231 531
1970 1023 396
1971 5793 806
1972 5572 566
1973 0 -1
1974 460 479
1975 3214 550
1976 1468 534
1977 6103 616
1978 567 462
1979 6043 573
1980 2155 512
1981 436 634
1982 0 -1
1983 1372 461
1984 0 -1
1985 2240 403
1986 5596 505
1987 1368 526
1988 3188 643
1989 4050 499
1990 495 648
1991 4150 554
1992 2267 368
1993 0 -1
1994 2335 189
1995 4750 551
1996 3596 503
1997 4208 520
1998 4441 501
1999 1000 507
2000 6394 588
2001 0 -1
2002 973 322
2003 1651 475
2004 4364 377
2005 6396 605
2006 0 -1
2007 2591 607
2008 178 368
2009 5611 637
2010 1253 515
2011 0 -1
2012 3773 527
2013 2863 571
2014 5651 535
2015 2194 478
2016 5654 539
2017 1111 418
2018 1288 521
2019 3817 452
2020 5541 636
2021 5417 610
2022 5965 550
2023 871 658
2024 535 542
2025 3075 566
2026 4620 536
2027 3616 512
2028 0 -1
2029 6559 530
2030 0 -1
2031 4004 539
2032 2673 549
2033 6492 582
2034 4471 555
2035 2993 488
2036 0 -1
2037 1304 628
2038 0 -1
2039 5649 549
2040 1853 512
2041 5044 377
2042 1898 436
2043 456 478
2044 2453 507
2045 34 465
2046 969 520
2047 4006 534
2048 1393 423
2049 0 -1
2050 2417 582
2051 3797 621
2052 2787 534
2053 686 478
2054 1436 593
2055 6129 503
2056 4874 613
2057 373 388
2058 4547 530
2059 3974 495
2060 4798 541
2061 2099 534
2062 4246 547
2063 1739 621
2064 1255 530
2065 647 550
2066 751 469
2067 4885 559
2068 884 499
2069 4008 455
2070 3628 617
2071 2745 590
2072 3413 616
2073 6031 506
2074 4464 543
2075 5126 696
2076 0 -1
2077 2921 415
2078 3400 497
2079 5897 539
2080 2419 570
2081 5760 573
2082 6474 559
2083 6403 575
2084 3372 540
2085 4191 548
2086 6194 628
2087 634 625
2088 6290 569
2089 1323 721
2090 80 427
2091 5419 570
2092 3513 682
2093 5458 270
2094 4473 414
2095 5091 518
2096 0 -1
2097 796 545
2098 1194 495
2099 5519 533
2100 6247 618
2101 2236 454
2102 5731 469
2103 5665 470
2104 396 566
2105 6054 531
2106 1473 450
2107 3842 589
2108 3994 735
2109 4812 469
2110 3431 541
2111 4793 372
2112 1651 432
2113 3132 739
2114 1552 525
2115 1294 561
2116 1112 446
2117 4738 353
2118 6455 605
2119 5140 655
2120 2300 471
2121 5401 692
2122 2394 494
2123 6239 541
2124 2685 638
2125 3514 466
2126 5828 491
2127 5516 616
2128 0 -1
2129 5393 440
2130 1059 495
2131 1008 511
2132 6013 596
2133 1299 405
2134 4071 538
2135 2940 500
2136 4098 570
2137 4287 519
2138 4273 458
2139 3325 585
2140 4112 433
2141 821 550
2142 764 575
2143 714 658
2144 3385 526
2145 3044 535
2146 2625 526
2147 3473 398
2148 1469 576
2149 4093 662
2150 211 526
2151 348 505
2152 1088 610
2153 2688 441
2154 2274 431
2155 4878 414
2156 4279 519
2157 6382 438
2158 430 583
2159 1505 525
2160 4270 470
2161 4166 547
2162 3968 532
2163 2866 625
2164 1872 477
2165 4302 673
2166 602 564
2167 641 500
2168 1209 527
2169 0 -1
2170 186 625
2171 3302 581
2172 4226 473
2173 4516 567
2174 3436 415
2175 4069 483
2176 4525 508
2177 22 588
2178 640 538
2179 4138 568
2180 3258 679
2181 6244 537
2182 3160 457
2183 316 447
2184 2570 472
2185 2593 476
2186 6021 551
2187 3098 643
2188 4118 497
2189 4428 524
2190 6297 597
2191 5208 604
2192 602 529
2193 4 542
2194 3018 426
2195 3280 550
2196 6091 651
2197 0 -1
2198 6100 602
2199 6561 614
2200 170 577
2201 4793 440
2202 3088 532
2203 3049 550
2204 4048 692
2205 3311 494
2206 2024 584
2207 1105 566
2208 1278 571
2209 0 -1
2210 2887 510
2211 1867 545
2212 5650 486
2213 3336 816
2214 3836 616
2215 587 478
2216 2290 607
2217 4892 547
2218 0 -1
2219 2863 570
2220 5329 628
2221 4147 453
2222 5886 553
2223 2517 585
2224 1162 628
2225 108 465
2226 4973 550
2227 1141 302
2228 5104 707
2229 5520 737
2230 0 -1
2231 2602 483
2232 0 -1
2233 1866 287
2234 2543 558
2235 2773 641
2236 2906 409
2237 784 513
2238 4163 473
2239 2806 471
2240 3717 360
2241 2176 621
2242 4085 645
2243 5602 496
2244 2838 471
2245 2157 478
2246 4053 593
2247 6110 517
2248 913 593
2249 1405 486
2250 4291 489
2251 0 -1
2252 3502 612
2253 3570 600
2254 1644 462
2255 2580 402
2256 0 -1
2257 3186 527
2258 3794 546
2259 2838 482
2260 6201 635
2261 5755 463
2262 3603 498
2263 0 -1
2264 5536 583
2265 0 -1
2266 4122 578
2267 6435 295
2268 5288 413
2269 5946 609
2270 2465 546
2271 2647 462
2272 3157 457
2273 900 626
2274 1299 422
2275 373 477
2276 2704 532
2277 933 739
2278 0 -1
2279 275 565
2280 4911 606
2281 1544 632
2282 5745 669
2283 0 -1
2284 0 -1
2285 1468 547
2286 1289 488
2287 5465 524
2288 3807 527
2289 0 -1
2290 3450 528
2291 2792 525
2292 0 -1
2293 938 561
2294 2400 486
2295 4752 534
2296 6500 565
2297 5516 536
2298 2631 374
2299 9 452
2300 1622 394
2301 3862 528
2302 4063 416
2303 0 -1
2304 3629 502
2305 2174 453
2306 605 377
2307 4964 494
2308 491 469
2309 3141 520
2310 1427 528
2311 1831 466
2312 3756 536
2313 5830 606
2314 4031 674
2315 3776 500
2316 6165 492
2317 2500 474
2318 372 518
2319 1939 535
2320 2760 576
2321 446 620
2322 425 603
2323 2417 550
2324 561 439
2325 232 470
2326 3256 496
2327 6371 696
2328 6584 576
2329 262 587
2330 1634 491
2331 1866 337
2332 4281 495
2333 1652 459
2334 5736 534
2335 14 93
2336 169 612
2337 5494 531
2338 4967 555
2339 2458 540
2340 3282 579
2341 38 512
2342 2345 526
2343 1144 545
2344 4580 534
2345 4652 432
2346 5339 480
2347 3170 569
2348 3448 582
2349 1684 611
2350 2435 478
2351 1418 354
2352 1536 621
2353 4907 474
2354 1271 404
2355 1145 614
2356 6051 503
2357 4420 473
2358 648 490
2359 3603 510
2360 5005 572
2361 5737 421
2362 2609 557
2363 3208 458
2364 6113 542
2365 5672 532
2366 33 413
2367 1591 564
2368 6536 625
2369 4686 548
2370 1382 610
2371 4778 573
2372 5045 521
2373 5069 480
2374 807 448
2375 3194 603
2376 3009 463
2377 2724 515
2378 6219 560
2379 580 619
2380 601 336
2381 0 -1
2382 721 546
2383 6595 553
2384 0 -1
2385 4304 576
2386 3005 560
2387 5482 492
2388 6150 554
2389 2351 436
2390 5346 582
2391 5910 573
2392 3406 568
2393 0 -1
2394 2752 397
2395 3482 529
2396 719 455
2397 1960 611
2398 0 -1
2399 2936 659
2400 1541 471
2401 5700 591
2402 0 -1
2403 6196 541
2404 0 -1
2405 3974 514
2406 5162 485
2407 6243 430
2408 6546 396
2409 4700 531
2410 5510 527
2411 0 -1
2412 1112 393
2413 2819 649
2414 2564 514
2415 0 -1
2416 0 -1
2417 5523 533
2418 865 461
2419 1094 466
2420 6054 507
2421 5259 536
2422 4806 616
2423 1183 550
2424 1036 554
2425 512 396
2426 4600 545
2427 1998 509
2428 1983 538
2429 1707 592
2430 845 559
2431 1697 564
2432 527 481
2433 6241 527
2434 5138 602
2435 1125 426
2436 3105 397
2437 1557 639
2438 135 474
2439 3951 521
2440 5412 573
2441 3582 492
2442 5908 519
2443 3985 672
2444 1066 508
2445 2227 421
2446 1266 505
2447 517 606
2448 470 518
2449 1985 433
2450 6285 583
2451 3515 572
2452 0 -1
2453 2174 424
2454 1859 638
2455 6031 535
2456 3108 457
2457 385 280
2458 3395 536
2459 5617 606
2460 4442 479
2461 2578 597
2462 979 655
2463 0 -1
2464 6279 543
2465 1186 546
2466 2131 540
2467 3855 491
2468 3195 766
2469 6523 582
2470 2701 540
2471 0 -1
2472 4980 495
2473 1501 552
2474 2508 622
2475 680 556
2476 5978 519
2477 232 498
2478 2688 448
2479 5421 402
2480 3087 512
2481 1635 473
2482 4317 646
2483 5340 505
2484 780 531
2485 3233 456
2486 1028 643
2487 1250 497
2488 4949 524
2489 2985 468
2490 6596 481
2491 5178 662
2492 5141 594
2493 0 -1
2494 2465 666
2495 2517 583
2496 3784 583
2497 2352 680
2498 2333 501
2499 0 -1
2500 761 474
2501 1412 509
2502 909 628
2503 10 518
2504 4939 507
2505 4916 529
2506 4889 433
2507 3099 573
2508 3713 561
2509 5623 569
2510 0 -1
2511 3022 576
2512 98 727
2513 1780 678
2514 34 410
2515 971 612
2516 4757 572
2517 5778 537
2518 2362 581
2519 0 -1
2520 2914 649
2521 6552 639
2522 2259 547
2523 2345 540
2524 465 499
2525 2900 462
2526 4611 518
2527 0 -1
2528 4449 536
2529 5878 517
2530 4442 512
2531 3040 418
2532 1395 554
2533 679 526
2534 983 588
2535 1774 519
2536 5310 607
2537 5459 565
2538 347 568
2539 5806 542
2540 6023 460
2541 2271 534
2542 5553 553
2543 108 465
2544 0 -1
2545 2315 500
2546 539 635
2547 705 497
2548 1377 560
2549 5531 550
2550 5932 494
2551 0 -1
2552 3977 476
2553 5300 520
2554 2157 543
2555 2693 564
2556 1226 574
2557 5285 566
2558 6360 523
2559 5253 505
2560 192 439
2561 4663 534
2562 3837 534
2563 2457 300
2564 5928 488
2565 2151 506
2566 5312 425
2567 110 429
2568 4763 586
2569 1942 574
2570 1693 394
2571 754 677
2572 9 406
2573 4390 475
2574 2860 716
2575 3072 612
2576 3214 545
2577 5143 577
2578 433 564
2579 3151 538
2580 3673 395
2581 1893 602
2582 5351 590
2583 6412 733
2584 4498 461
2585 2187 729
2586 1813 592
2587 2921 445
2588 2477 558
2589 1177 518
2590 533 515
2591 889 535
2592 3604 512
2593 3902 456
2594 3360 637
2595 1114 516
2596 5002 709
2597 5123 540
2598 0 -1
2599 0 -1
2600 6227 647
2601 1441 531
2602 3019 478
2603 2871 612
2604 0 -1
2605 3116 474
2606 3583 367
2607 2374 448
2608 540 400
2609 44 475
2610 6576 435
2611 4098 539
2612 4803 444
2613 4829 484
2614 4925 564
2615 1563 521
2616 4664 552
2617 4082 574
2618 636 496
2619 0 -1
2620 3528 403
2621 6020 484
2622 6491 559
2623 0 -1
2624 0 -1
2625 4924 433
2626 483 570
2627 2670 442
2628 4014 557
2629 4078 558
2630 2268 485
2631 2227 364
2632 1740 557
2633 1253 510
2634 1039 624
2635 2112 526
2636 902 621
2637 3116 535
2638 999 596
2639 3514 541
2640 306 651
2641 793 495
2642 2744 482
2643 2353 540
2644 1327 523
2645 5829 454
2646 5348 678
2647 1635 459
2648 2081 684
2649 5020 463
2650 6577 522
2651 0 -1
2652 2989 595
2653 5131 567
2654 2150 570
2655 102 569
2656 3762 571
2657 4261 494
2658 0 -1
2659 4484 649
2660 0 -1
2661 611 486
2662 4823 510
2663 1875 564
2664 2130 498
2665 179 513
2666 2097 588
2667 2041 408
2668 4972 547
2669 2400 501
2670 5526 364
2671 962 504
2672 343 475
2673 5840 538
2674 2918 542
2675 896 594
2676 3489 558
2677 5658 401
2678 673 431
2679 3535 553
2680 140 623
2681 6559 546
2682 3417 675
2683 346 499
2684 1212 485
2685 2325 549
2686 3839 595
2687 1022 607
2688 2255 406
2689 5947 588
2690 1548 549
2691 2797 612
2692 1615 570
2693 2711 513
2694 6130 581
2695 4966 616
2696 1102 557
2697 6188 554
2698 5604 503
2699 281 447
2700 4935 549
2701 379 456
2702 3800 460
2703 0 -1
2704 1676 435
2705 5460 530
2706 5168 581
2707 0 -1
2708 1970 426
2709 5552 542
2710 0 -1
2711 3450 491
2712 1476 568
2713 2962 442
2714 423 442
2715 4804 548
2716 1653 402
2717 3976 484
2718 4359 607
2719 3114 529
2720 293 567
2721 0 -1
2722 2832 571
2723 1849 494
2724 5843 496
2725 4138 532
2726 5221 548
2727 370 567
2728 2744 520
2729 2414 567
2730 2174 502
2731 3677 622
2732 3639 588
2733 5631 490
2734 1499 643
2735 3331 336
2736 5716 545
2737 4874 601
2738 3537 498
2739 5333 462
2740 3499 579
2741 4837 538
2742 3361 839
2743 3817 483
2744 777 412
2745 5628 516
2746 4486 587
2747 248 492
2748 5418 552
2749 4543 440
2750 152 767
2751 1969 576
2752 3707 386
2753 489 505
2754 6332 534
2755 1567 546
2756 6026 550
2757 5771 448
2758 2181 537
2759 5696 545
2760 5127 524
2761 563 599
2762 3510 555
2763 6407 355
2764 3603 510
2765 2967 645
2766 2305 468
2767 3600 576
2768 2998 570
2769 1706 595
2770 4063 437
2771 6086 621
2772 2085 594
2773 6540 557
2774 3072 537
2775 2445 530
2776 172 494
2777 3837 566
2778 3664 572
2779 887 418
2780 406 554
2781 5253 542
2782 47 937
2783 3078 501
2784 3061 520
2785 3232 451
2786 106 582
2787 6480 533
2788 4014 501
2789 1804 539
2790 3811 519
2791 827 476
2792 1767 444
2793 5518 489
2794 1312 557
2795 3558 556
2796 163 501
2797 5251 501
2798 2565 572
2799 2605 497
2800 4794 558
2801 845 577
2802 4877 376
2803 695 536
2804 5939 576
2805 2741 612
2806 5526 453
2807 0 -1
2808 4543 419
2809 1739 543
2810 5491 564
2811 853 494
2812 4943 499
2813 5561 552
2814 5757 546
2815 34 406
2816 1983 504
2817 6493 532
2818 5423 642
2819 2905 538
2820 1023 396
2821 0 -1
2822 228 578
2823 4424 533
2824 2882 532
2825 0 -1
2826 314 502
2827 2318 531
2828 3440 679
2829 4755 454
2830 4650 526
2831 2513 697
2832 3352 526
2833 5445 553
2834 619 429
2835 3976 515
2836 1023 482
2837 665 547
2838 5418 469
2839 6424 579
2840 6407 424
2841 959 668
2842 4389 590
2843 1663 536
2844 2796 520
2845 2899 474
2846 4344 608
2847 6266 587
2848 213 645
2849 0 -1
2850 0 -1
2851 3412 500
2852 1226 491
2853 4142 521
2854 5903 731
2855 5533 528
2856 670 484
2857 1676 352
2858 1377 594
2859 1767 408
2860 198 637
2861 1372 424
2862 2057 462
2863 3756 567
2864 2785 454
2865 5623 589
2866 2584 567
2867 4403 602
2868 1553 660
2869 5090 806
2870 781 589
2871 6219 603
2872 1108 443
2873 750 622
2874 1472 579
2875 0 -1
2876 1878 592
2877 5054 621
2878 1540 557
2879 2988 558
2880 3698 422
2881 369 421
2882 5431 531
2883 5481 490
2884 537 569
2885 6008 575
2886 4090 409
2887 897 509
2888 208 527
2889 3609 521
2890 240 454
2891 6024 526
2892 3995 600
2893 462 723
2894 2768 593
2895 1096 469
2896 5981 571
2897 2337 594
2898 4051 613
2899 832 364
2900 3322 442
2901 203 490
2902 1251 569
2903 3756 595
2904 5908 451
2905 3188 538
2906 4901 377
2907 3990 535
2908 1092 590
2909 2649 513
2910 4878 408
2911 4205 498
2912 6343 496
2913 0 -1
2914 2633 581
2915 1392 570
2916 755 560
2917 321 507
2918 2483 533
2919 3812 730
2920 6078 463
2921 373 388
2922 0 -1
2923 5266 514
2924 3587 494
2925 5913 540
2926 1311 442
2927 0 -1
2928 3999 625
2929 1363 536
2930 6021 529
2931 1002 565
2932 1857 577
2933 2815 483
2934 353 660
2935 4955 408
2936 6497 606
2937 5664 364
2938 4758 669
2939 3909 508
2940 15 440
2941 6164 518
2942 6264 569
2943 3913 563
2944 2233 291
2945 4269 625
2946 6543 563
2947 6113 548
2948 3560 607
2949 2915 612
2950 3107 523
2951 4011 533
2952 2514 471
2953 265 559
2954 116 508
2955 4980 472
2956 1355 507
2957 5451 565
2958 3022 546
2959 5670 510
2960 4804 567
2961 5233 550
2962 2880 438
2963 4605 542
2964 5675 519
2965 2959 537
2966 647 533
2967 3491 525
2968 6416 656
2969 6378 574
2970 0 -1
2971 799 568
2972 6485 473
2973 1931 520
2974 5545 361
2975 3081 550
2976 4698 495
2977 3244 442
2978 108 477
2979 934 549
2980 1447 337
2981 1559 397
2982 2464 554
2983 5694 558
2984 0 -1
2985 1561 448
2986 2612 468
2987 3033 652
2988 5843 449
2989 3661 507
2990 3492 555
2991 5680 590
2992 3473 433
2993 5418 474
2994 5782 574
2995 2380 396
2996 2861 454
2997 2092 709
2998 2829 532
2999 0 -1
3000 374 436
3001 3760 619
3002 1573 791
3003 751 526
3004 435 582
3005 5189 546
3006 4356 657
3007 96 462
3008 1094 532
3009 3876 460
3010 123 478
3011 0 -1
3012 350 598
3013 2645 549
3014 1713 652
3015 1624 502
3016 3287 558
3017 4232 517
3018 601 338
3019 1320 432
3020 2040 513
3021 4862 555
3022 386 506
3023 1433 708
3024 3778 635
3025 705 482
3026 0 -1
3027 1221 622
3028 0 -1
3029 3774 474
3030 2056 645
3031 2406 489
3032 641 540
3033 5127 571
3034 1774 439
3035 0 -1
3036 4941 751
3037 6466 595
3038 1936 505
3039 5453 669
3040 2906 377
3041 2880 523
3042 4377 442
3043 4561 505
3044 346 525
3045 1226 479
3046 686 440
3047 365 379
3048 2245 563
3049 4155 494
3050 5120 497
3051 3778 648
3052 0 -1
3053 5636 414
3054 0 -1
3055 2267 325
3056 4633 586
3057 4626 611
3058 1616 702
3059 3636 603
3060 3527 678
3061 2003 520
3062 5651 573
3063 1224 515
3064 4510 593
3065 0 -1
3066 2592 568
3067 3170 602
3068 905 489
3069 3404 495
3070 5582 565
3071 5400 699
3072 2924 495
3073 2817 643
3074 4950 614
3075 3493 508
3076 2744 418
3077 614 476
3078 1299 485
3079 100 544
3080 3046 474
3081 5035 544
3082 0 -1
3083 672 663
3084 3042 469
3085 2790 575
3086 608 557
3087 3795 475
3088 751 509
3089 0 -1
3090 4660 439
3091 3286 380
3092 258 509
3093 647 492
3094 17 434
3095 5869 568
3096 2302 492
3097 1082 558
3098 3756 541
3099 3255 496
3100 5738 563
3101 5308 522
3102 1186 554
3103 3255 565
3104 0 -1
3105 1833 383
3106 637 495
3107 4723 519
3108 2227 341
3109 998 358
3110 0 -1
3111 0 -1
3112 6336 544
3113 6380 438
3114 784 501
3115 2210 522
3116 2584 471
3117 5373 539
3118 32 534
3119 5399 589
3120 5245 601
3121 3255 535
3122 4943 425
3123 3439 609
3124 0 -1
3125 3907 605
3126 5856 671
3127 0 -1
3128 1743 607
3129 2988 544
3130 0 -1
3131 3142 600
3132 2447 627
3133 3972 495
3134 6205 484
3135 1732 465
3136 4083 641
3137 1711 602
3138 686 520
3139 443 632
3140 4875 510
3141 950 452
3142 263 574
3143 0 -1
3144 1464 581
3145 2855 550
3146 2133 443
3147 0 -1
3148 3768 567
3149 5348 579
3150 3686 556
3151 5519 463
3152 3551 610
3153 3950 524
3154 3327 555
3155 4866 488
3156 6404 501
3157 3094 450
3158 84 640
3159 690 600
3160 3347 352
3161 543 566
3162 0 -1
3163 5944 585
3164 5691 650
3165 1161 632
3166 3375 595
3167 5726 521
3168 0 -1
3169 1727 523
3170 1360 537
3171 1196 517
3172 631 441
3173 54 629
3174 4897 631
3175 3890 518
3176 4595 546
3177 3561 689
3178 1229 651
3179 5470 539
3180 5788 492
3181 951 534
3182 5952 564
3183 784 517
3184 5561 488
3185 530 575
3186 2354 417
3187 6451 547
3188 2055 526
3189 805 531
3190 5059 623
3191 0 -1
3192 3593 551
3193 3300 578
3194 2055 524
3195 1188 722
3196 3593 576
3197 5270 549
3198 5421 456
3199 0 -1
3200 3951 522
3201 1021 431
3202 4829 508
3203 3647 628
3204 5350 527
3205 965 565
3206 0 -1
3207 174 633
3208 4214 359
3209 3135 466
3210 598 459
3211 4913 453
3212 6538 543
3213 4955 430
3214 1363 520
3215 4561 548
3216 598 468
3217 0 -1
3218 6134 630
3219 5048 496
3220 440 550
3221 96 485
3222 4948 695
3223 4670 609
3224 3334 571
3225 4450 534
3226 5121 477
3227 3362 546
3228 3395 551
3229 2644 617
3230 5554 552
3231 3673 455
3232 1212 440
3233 6597 435
3234 6211 426
3235 4796 574
3236 60 587
3237 2360 691
3238 144 510
3239 5932 548
3240 4694 543
3241 0 -1
3242 1165 603
3243 1122 549
3244 1446 410
3245 3677 593
3246 0 -1
3247 4361 557
3248 2159 596
3249 39 575
3250 180 519
3251 4300 463
3252 1415 406
3253 1862 660
3254 5304 503
3255 4812 448
3256 5809 460
3257 5122 591
3258 5818 617
3259 2873 631
3260 2647 469
3261 3115 573
3262 24 467
3263 2749 526
3264 4238 505
3265 2039 559
3266 3395 595
3267 485 578
3268 37 534
3269 6563 592
3270 2065 669
3271 0 -1
3272 5821 543
3273 4163 508
3274 413 522
3275 5321 447
3276 1017 577
3277 239 516
3278 4271 584
3279 4718 546
3280 1463 452
3281 2386 580
3282 449 477
3283 5191 460
3284 0 -1
3285 4946 497
3286 3055 370
3287 5686 546
3288 1283 577
3289 3545 770
3290 2254 536
3291 3214 533
3292 1917 557
3293 5093 636
3294 1826 586
3295 5737 341
3296 5811 946
3297 4760 622
3298 4652 384
3299 4004 567
3300 3804 506
3301 1104 617
3302 3437 505
3303 3982 612
3304 0 -1
3305 6324 581
3306 5399 597
3307 1167 540
3308 5935 593
3309 5512 538
3310 5064 528
3311 1133 467
3312 5297 501
3313 1204 595
3314 910 629
3315 832 382
3316 839 474
3317 3412 455
3318 391 688
3319 395 574
3320 2317 586
3321 5748 532
3322 2995 405
3323 1659 566
3324 133 574
3325 5490 491
3326 1810 603
3327 1429 475
3328 3186 420
3329 5314 569
3330 5222 629
3331 4433 329
3332 3694 553
3333 873 593
3334 1674 473
3335 569 598
3336 4179 715
3337 926 499
3338 4920 532
3339 5521 539
3340 2655 633
3341 672 634
3342 676 541
3343 3811 513
3344 5566 519
3345 83 620
3346 1816 585
3347 1866 276
3348 4126 472
3349 2041 383
3350 2015 480
3351 3380 489
3352 1206 406
3353 0 -1
3354 1312 492
3355 719 440
3356 6576 496
3357 6441 504
3358 6316 562
3359 0 -1
3360 4767 556
3361 5968 726
3362 540 494
3363 952 612
3364 4450 504
3365 94 659
3366 6043 579
3367 6227 708
3368 1690 508
3369 5615 370
3370 6139 621
3371 1976 612
3372 4116 502
3373 0 -1
3374 962 493
3375 3007 539
3376 2254 540
3377 1918 548
3378 1970 494
3379 4728 552
3380 3436 454
3381 1461 554
3382 2704 505
3383 609 580
3384 4979 485
3385 6176 474
3386 2185 547
3387 651 595
3388 3804 515
3389 1355 508
3390 2700 600
3391 241 475
3392 0 -1
3393 1278 515
3394 5777 486
3395 6561 517
3396 2238 566
3397 151 528
3398 1626 457
3399 4428 518
3400 5883 468
3401 4154 534
3402 1024 512
3403 6342 594
3404 5100 415
3405 1651 448
3406 6110 524
3407 517 603
3408 0 -1
3409 4880 627
3410 1022 619
3411 4785 700
3412 1943 455
3413 429 507
3414 3684 479
3415 5249 603
3416 2117 460
3417 116 564
3418 6470 504
3419 1873 538
3420 1015 495
3421 0 -1
3422 3208 463
3423 4723 452
3424 317 610
3425 4723 520
3426 6039 532
3427 3377 578
3428 0 -1
3429 619 437
3430 395 548
3431 4827 465
3432 2140 469
3433 179 457
3434 5836 462
3435 3989 423
3436 1486 404
3437 5732 485
3438 4417 497
3439 4980 531
3440 298 624
3441 1469 513
3442 2866 587
3443 3384 554
3444 5371 783
3445 5398 509
3446 1299 477
3447 686 428
3448 5683 497
3449 4044 522
3450 6150 476
3451 176 577
3452 5411 559
3453 6015 453
3454 3426 583
3455 4776 431
3456 3565 644
3457 5692 495
3458 4475 555
3459 5561 451
3460 5201 448
3461 2802 380
3462 5840 591
3463 3550 609
3464 6594 512
3465 0 -1
3466 2266 603
3467 5868 545
3468 1622 500
3469 2236 468
3470 3631 435
3471 5614 533
3472 2516 598
3473 3583 392
3474 4727 518
3475 4173 438
3476 2788 611
3477 2357 476
3478 2073 564
3479 2643 584
3480 821 568
3481 3928 363
3482 1238 520
3483 4256 440
3484 1531 495
3485 0 -1
3486 2951 597
3487 642 543
3488 1791 525
3489 2435 502
3490 5577 587
3491 2704 502
3492 6467 497
3493 1168 507
3494 4543 486
3495 2914 664
3496 2274 482
3497 5259 502
3498 5421 495
3499 2627 511
3500 6099 730
3501 3096 542
3502 3923 579
3503 4704 479
3504 5071 579
3505 5483 366
3506 4569 578
3507 4643 543
3508 4864 478
3509 1888 560
3510 587 468
3511 619 352
3512 2376 492
3513 4384 682
3514 1605 459
3515 2827 550
3516 990 553
3517 3878 465
3518 5287 447
3519 4076 585
3520 2332 496
3521 3771 453
3522 1972 571
3523 0 -1
3524 3236 605
3525 625 582
3526 4104 529
3527 5055 646
3528 5545 397
3529 221 623
3530 2795 581
3531 6131 750
3532 1480 601
3533 702 455
3534 1638 551
3535 776 489
3536 2457 350
3537 1076 477
3538 0 -1
3539 2400 522
3540 2408 460
3541 2620 433
3542 3401 627
3543 41 458
3544 1267 462
3545 2634 705
3546 597 495
3547 2481 561
3548 796 550
3549 3291 568
3550 5899 517
3551 3883 536
3552 1557 560
3553 6448 566
3554 615 593
3555 0 -1
3556 342 515
3557 1875 548
3558 4916 548
3559 0 -1
3560 41 490
3561 6473 574
3562 1482 352
3563 5671 531
3564 365 358
3565 2342 606
3566 4622 611
3567 2062 621
3568 6435 295
3569 2612 446
3570 3251 573
3571 2170 639
3572 2934 706
3573 3867 552
3574 2305 538
3575 447 497
3576 5227 531
3577 2982 559
3578 4837 590
3579 2566 453
3580 1825 522
3581 5347 581
3582 857 481
3583 3928 360
3584 4488 626
3585 3486 675
3586 4509 565
3587 2436 493
3588 6430 558
3589 2099 541
3590 5337 714
3591 3676 600
3592 375 553
3593 1278 539
3594 4978 619
3595 4071 494
3596 2453 485
3597 2672 479
3598 5054 564
3599 0 -1
3600 194 474
3601 1237 585
3602 4652 424
3603 749 490
3604 605 403
3605 5433 594
3606 1857 585
3607 2245 537
3608 1102 486
3609 700 515
3610 1622 490
3611 4314 426
3612 3486 699
3613 5285 578
3614 937 672
3615 5665 476
3616 6594 473
3617 4839 509
3618 2480 570
3619 621 532
3620 3786 429
3621 2485 475
3622 0 -1
3623 3536 359
3624 5661 510
3625 470 628
3626 5908 529
3627 4384 664
3628 2722 600
3629 15 461
3630 5202 447
3631 2240 385
3632 3005 612
3633 5845 542
3634 3324 662
3635 3075 560
3636 6151 504
3637 856 652
3638 4304 542
3639 5935 566
3640 1041 679
3641 2360 578
3642 0 -1
3643 4504 471
3644 5645 828
3645 0 -1
3646 4243 597
3647 3087 512
3648 0 -1
3649 5504 627
3650 2346 521
3651 907 579
3652 1926 604
3653 5438 589
3654 2400 514
3655 6257 486
3656 3088 593
3657 5202 477
3658 6274 564
3659 125 542
3660 1296 570
3661 1804 504
3662 2418 469
3663 1792 500
3664 5307 552
3665 0 -1
3666 1027 551
3667 2275 512
3668 6171 462
3669 590 570
3670 4318 437
3671 1744 543
3672 3507 622
3673 4738 364
3674 6537 505
3675 2560 455
3676 5738 489
3677 5992 544
3678 0 -1
3679 1976 554
3680 1435 703
3681 5843 458
3682 5226 535
3683 1459 480
3684 5395 464
3685 1551 605
3686 1142 489
3687 1102 512
3688 2204 811
3689 0 -1
3690 4295 588
3691 2162 556
3692 3234 517
3693 5582 482
3694 5724 471
3695 963 609
3696 3650 528
3697 2657 515
3698 2859 416
3699 6543 527
3700 786 576
3701 5306 555
3702 0 -1
3703 905 522
3704 2477 542
3705 0 -1
3706 1970 469
3707 3160 361
3708 3917 518
3709 2137 555
3710 0 -1
3711 0 -1
3712 1966 604
3713 2406 488
3714 0 -1
3715 238 522
3716 3479 596
3717 669 349
3718 3818 677
3719 787 502
3720 5403 499
3721 4279 437
3722 3663 562
3723 4411 623
3724 0 -1
3725 1096 456
3726 5852 403
3727 1321 568
3728 2952 488
3729 4584 600
3730 1086 620
3731 3963 534
3732 6078 531
3733 2034 601
3734 43 611
3735 6140 417
3736 4692 566
3737 1326 543
3738 679 598
3739 0 -1
3740 5176 702
3741 1561 561
3742 3972 574
3743 1474 606
3744 903 697
3745 2635 536
3746 4418 558
3747 1781 605
3748 2380 408
3749 5031 606
3750 875 508
3751 991 680
3752 3995 546
3753 159 813
3754 3488 545
3755 2172 571
3756 1272 489
3757 5031 641
3758 6552 585
3759 6561 598
3760 3949 582
3761 1927 496
3762 3520 565
3763 3225 623
3764 2157 492
3765 2438 565
3766 5487 498
3767 99 494
3768 3643 491
3769 2745 599
3770 5333 436
3771 4611 411
3772 2233 312
3773 123 443
3774 3795 441
3775 4384 613
3776 5266 485
3777 5065 652
3778 1698 620
3779 6321 446
3780 6437 584
3781 575 531
3782 5611 637
3783 5340 527
3784 5847 469
3785 0 -1
3786 2563 409
3787 0 -1
3788 899 715
3789 4389 502
3790 172 465
3791 4660 441
3792 3146 527
3793 1355 539
3794 2711 497
3795 4135 417
3796 5069 449
3797 784 508
3798 2457 307
3799 2565 533
3800 5674 452
3801 6459 445
3802 2923 533
3803 3953 601
3804 307 499
3805 5302 562
3806 1749 589
3807 5900 433
3808 168 651
3809 942 529
3810 682 590
3811 2478 462
3812 303 688
3813 2376 539
3814 5736 512
3815 1272 435
3816 2084 574
3817 4377 448
3818 2637 582
3819 796 528
3820 1456 545
3821 850 682
3822 5490 478
3823 86 498
3824 2084 593
3825 0 -1
3826 5906 549
3827 0 -1
3828 646 521
3829 2845 508
3830 5519 549
3831 845 558
3832 3615 476
3833 4069 494
3834 2981 469
3835 1680 602
3836 6200 535
3837 3325 534
3838 1222 498
3839 6391 550
3840 700 536
3841 779 573
3842 4075 573
3843 536 472
3844 2309 528
3845 65 573
3846 4105 371
3847 5191 484
3848 4720 550
3849 4440 556
3850 727 550
3851 2900 561
3852 4523 635
3853 639 519
3854 0 -1
3855 6136 441
3856 2270 620
3857 1169 667
3858 1365 470
3859 0 -1
3860 6402 643
3861 202 600
3862 1186 498
3863 5055 589
3864 404 533
3865 1572 561
3866 2331 399
3867 6326 551
3868 2424 612
3869 996 648
3870 4462 550
3871 2346 483
3872 1307 619
3873 4672 501
3874 4504 522
3875 6108 512
3876 1311 447
3877 5935 555
3878 1446 419
3879 1055 574
3880 2756 591
3881 3403 626
3882 0 -1
3883 109 517
3884 5540 523
3885 6486 734
3886 6286 656
3887 3372 599
3888 6512 497
3889 382 586
3890 326 515
3891 5878 534
3892 2012 590
3893 3986 532
3894 1448 575
3895 0 -1
3896 5526 395
3897 6595 551
3898 3048 611
3899 6553 624
3900 6336 551
3901 2974 382
3902 6180 437
3903 6173 653
3904 1174 541
3905 5060 513
3906 565 560
3907 4050 538
3908 3186 507
3909 5604 483
3910 3916 615
3911 4710 639
3912 4458 609
3913 639 521
3914 5144 398
3915 1988 662
3916 1663 524
3917 2299 454
3918 4794 557
3919 3075 547
3920 1341 570
3921 433 576
3922 5560 663
3923 1951 572
3924 3475 538
3925 1098 585
3926 2048 479
3927 6021 510
3928 1208 272
3929 4063 429
3930 6174 669
3931 1175 447
3932 4448 568
3933 2752 441
3934 667 429
3935 5720 517
3936 4164 518
3937 482 541
3938 3286 396
3939 3264 513
3940 0 -1
3941 5772 464
3942 4544 469
3943 1917 539
3944 0 -1
3945 5913 507
3946 1373 541
3947 718 538
3948 1271 453
3949 678 565
3950 3260 497
3951 876 474
3952 383 688
3953 3328 524
3954 4498 507
3955 228 512
3956 1727 517
3957 1932 613
3958 6461 558
3959 3113 492
3960 3624 541
3961 0 -1
3962 1815 588
3963 4204 511
3964 2829 560
3965 2318 633
3966 1062 479
3967 1266 534
3968 3779 451
3969 2496 584
3970 1545 636
3971 6239 490
3972 1129 456
3973 2531 420
3974 4032 490
3975 6512 538
3976 1311 455
3977 3929 470
3978 265 565
3979 2701 487
3980 6179 439
3981 4988 528
3982 3833 512
3983 0 -1
3984 985 744
3985 3464 557
3986 1550 524
3987 0 -1
3988 3005 634
3989 3286 391
3990 2580 441
3991 1981 714
3992 2605 545
3993 1288 459
3994 3619 625
3995 3049 507
3996 5928 380
3997 6358 509
3998 3280 459
3999 2304 534
4000 4768 569
4001 206 602
4002 3420 504
4003 5195 404
4004 2649 520
4005 409 529
4006 6107 481
4007 2857 426
4008 725 430
4009 2370 610
4010 6407 391
4011 1594 486
4012 5837 469
4013 3813 612
4014 578 485
4015 527 544
4016 3024 667
4017 1591 497
4018 3926 519
4019 5234 474
4020 0 -1
4021 2754 569
4022 5408 458
4023 1353 568
4024 539 527
4025 6117 554
4026 0 -1
4027 2024 605
4028 1125 497
4029 3980 477
4030 3475 453
4031 4406 610
4032 673 426
4033 6007 561
4034 4131 671
4035 557 570
4036 4319 621
4037 4278 545
4038 1269 592
4039 998 421
4040 423 484
4041 0 -1
4042 1576 509
4043 562 459
4044 2456 470
4045 4198 446
4046 4888 356
4047 1372 514
4048 3287 629
4049 3378 547
4050 5035 463
4051 4138 548
4052 0 -1
4053 3675 538
4054 3912 687
4055 0 -1
4056 5081 697
4057 3080 547
4058 3568 334
4059 3295 424
4060 4246 565
4061 0 -1
4062 1133 490
4063 2980 399
4064 1429 485
4065 276 551
4066 3233 474
4067 0 -1
4068 1365 474
4069 3007 466
4070 2351 395
4071 2042 450
4072 0 -1
4073 4427 686
4074 5692 553
4075 5471 506
4076 5976 575
4077 4266 625
4078 4777 531
4079 4204 495
4080 1779 496
4081 0 -1
4082 5556 510
4083 2294 606
4084 6278 548
4085 103 543
4086 1343 515
4087 5086 633
4088 5466 547
4089 4279 460
4090 1833 346
4091 1140 532
4092 0 -1
4093 28 590
4094 1966 598
4095 6172 557
4096 1845 583
4097 3707 470
4098 2456 517
4099 5889 533
4100 2613 496
4101 3020 528
4102 3951 521
4103 2026 575
4104 4109 501
4105 2233 343
4106 2530 627
4107 3262 530
4108 383 676
4109 447 450
4110 3894 575
4111 3091 411
4112 3568 333
4113 5873 526
4114 3993 554
4115 5381 553
4116 1048 487
4117 0 -1
4118 371 433
4119 621 569
4120 2678 502
4121 3681 498
4122 3447 539
4123 6470 504
4124 5694 634
4125 1879 480
4126 4803 444
4127 4923 578
4128 1463 547
4129 0 -1
4130 6272 540
4131 3342 644
4132 4102 568
4133 3283 460
4134 1059 527
4135 4214 349
4136 2909 533
4137 6218 586
4138 702 517
4139 1317 544
4140 2906 422
4141 61 553
4142 3461 418
4143 1709 433
4144 0 -1
4145 2975 550
4146 1804 499
4147 3208 434
4148 6541 536
4149 3451 600
4150 3105 498
4151 1877 555
4152 4323 661
4153 5483 371
4154 1094 471
4155 4058 431
4156 5644 751
4157 2269 700
4158 4669 513
4159 4169 551
4160 2895 523
4161 2454 748
4162 0 -1
4163 4943 407
4164 3238 518
4165 3347 374
4166 1180 541
4167 1202 525
4168 5996 562
4169 3093 513
4170 6422 633
4171 3123 717
4172 153 564
4173 6040 422
4174 387 584
4175 2618 532
4176 2648 769
4177 77 592
4178 3924 602
4179 3661 619
4180 0 -1
4181 973 373
4182 1601 480
4183 0 -1
4184 395 553
4185 1025 552
4186 1940 498
4187 4118 530
4188 0 -1
4189 4216 401
4190 3862 527
4191 9 515
4192 6267 517
4193 3582 523
4194 4179 630
4195 3681 494
4196 5484 565
4197 3496 554
4198 4877 333
4199 2151 571
4200 730 533
4201 4587 486
4202 2940 452
4203 3307 559
4204 2201 475
4205 6530 492
4206 5333 444
4207 6283 670
4208 719 441
4209 4429 568
4210 6163 471
4211 1681 432
4212 3855 532
4213 5651 538
4214 1482 331
4215 0 -1
4216 2093 321
4217 2162 564
4218 42 505
4219 3171 572
4220 5470 595
4221 1720 565
4222 3508 591
4223 619 456
4224 447 444
4225 1365 508
4226 6145 458
4227 6021 516
4228 866 381
4229 4957 542
4230 1992 455
4231 4978 528
4232 2864 467
4233 678 468
4234 5340 426
4235 4379 479
4236 3506 632
4237 4130 579
4238 6597 414
4239 5851 627
4240 6510 449
4241 4022 537
4242 2636 728
4243 4619 511
4244 5159 550
4245 1985 460
4246 3655 491
4247 3737 543
4248 6495 587
4249 2778 573
4250 4185 641
4251 2476 555
4252 1278 487
4253 0 -1
4254 3208 407
4255 665 532
4256 3772 414
4257 4818 505
4258 6083 483
4259 5897 460
4260 0 -1
4261 40 421
4262 4338 530
4263 4140 516
4264 2888 559
4265 2195 556
4266 5223 562
4267 0 -1
4268 4740 521
4269 6590 559
4270 4511 464
4271 2705 544
4272 1227 592
4273 4366 446
4274 0 -1
4275 3933 531
4276 2988 504
4277 3256 566
4278 2254 472
4279 2041 403
4280 4732 524
4281 5840 493
4282 6595 588
4283 5595 514
4284 5845 549
4285 5191 505
4286 2405 561
4287 5999 475
4288 1825 524
4289 3080 539
4290 5530 566
4291 1674 481
4292 2524 575
4293 1822 623
4294 5576 556
4295 6258 520
4296 0 -1
4297 2238 536
4298 2077 441
4299 420 352
4300 2129 440
4301 0 -1
4302 6324 595
4303 4237 597
4304 6189 513
4305 5596 591
4306 5117 544
4307 5954 509
4308 0 -1
4309 5827 576
4310 6108 564
4311 3945 538
4312 6393 473
4313 0 -1
4314 2857 372
4315 1469 490
4316 1677 600
4317 724 634
4318 3105 397
4319 2483 611
4320 1191 600
4321 3137 612
4322 6395 512
4323 6209 609
4324 0 -1
4325 1486 496
4326 27 552
4327 1712 611
4328 4498 572
4329 1638 597
4330 45 621
4331 945 547
4332 5839 518
4333 1063 600
4334 3849 598
4335 2859 527
4336 1999 569
4337 3655 526
4338 5934 520
4339 2267 396
4340 3141 487
4341 1055 621
4342 143 578
4343 5726 523
4344 2699 537
4345 3355 488
4346 2993 482
4347 144 542
4348 4489 524
4349 1254 642
4350 3362 507
4351 4209 580
4352 6280 528
4353 4391 511
4354 2417 581
4355 4499 581
4356 4767 588
4357 1166 555
4358 676 565
4359 2175 567
4360 3062 590
4361 5566 537
4362 1039 542
4363 4978 531
4364 4105 362
4365 3464 588
4366 472 423
4367 0 -1
4368 730 555
4369 3189 555
4370 0 -1
4371 2353 539
4372 0 -1
4373 5496 648
4374 1688 599
4375 1478 506
4376 2878 650
4377 4420 416
4378 1454 494
4379 4298 465
4380 3792 590
4381 1826 655
4382 37 625
4383 2140 482
4384 1969 567
4385 163 559
4386 2974 384
4387 1420 580
4388 5319 686
4389 4619 500
4390 2093 373
4391 2620 448
4392 5533 524
4393 522 560
4394 5834 525
4395 870 650
4396 6314 904
4397 5387 505
4398 2568 596
4399 875 453
4400 5433 625
4401 0 -1
4402 772 610
4403 6107 547
4404 2582 616
4405 4585 621
4406 3387 607
4407 0 -1
4408 4068 591
4409 6037 554
4410 5846 597
4411 4996 582
4412 3397 591
4413 1727 461
4414 2225 519
4415 5483 467
4416 5468 493
4417 5899 494
4418 5926 548
4419 2082 603
4420 6557 413
4421 2841 705
4422 5556 470
4423 0 -1
4424 1168 518
4425 2335 146
4426 3000 548
4427 5472 595
4428 116 484
4429 1026 553
4430 540 478
4431 1227 556
4432 5439 575
4433 1482 322
4434 456 590
4435 6052 546
4436 4842 601
4437 1637 499
4438 5824 631
4439 413 588
4440 1242 464
4441 2357 498
4442 751 451
4443 0 -1
4444 2201 542
4445 390 580
4446 3343 621
4447 527 538
4448 6413 549
4449 1821 513
4450 2995 460
4451 4950 667
4452 4837 542
4453 6288 575
4454 2567 517
4455 88 600
4456 240 499
4457 631 518
4458 4251 597
4459 485 563
4460 744 543
4461 3441 597
4462 854 491
4463 1228 630
4464 1727 514
4465 0 -1
4466 3766 598
4467 4289 564
4468 3660 580
4469 5078 749
4470 0 -1
4471 4539 550
4472 2716 478
4473 3928 296
4474 6160 641
4475 4704 522
4476 289 498
4477 5588 543
4478 486 476
4479 1961 571
4480 1776 575
4481 155 567
4482 215 511
4483 3695 637
4484 5013 585
4485 5306 558
4486 1778 477
4487 1528 731
4488 558 531
4489 1778 459
4490 0 -1
4491 4647 392
4492 5189 595
4493 2941 587
4494 2307 561
4495 4742 520
4496 5419 630
4497 0 -1
4498 3483 459
4499 1636 581
4500 5139 582
4501 307 468
4502 3169 582
4503 0 -1
4504 6294 459
4505 3617 538
4506 3251 502
4507 4902 548
4508 4069 507
4509 3134 550
4510 6052 584
4511 4189 435
4512 3931 506
4513 4800 663
4514 3154 571
4515 403 550
4516 5998 499
4517 891 539
4518 6273 548
4519 2548 586
4520 766 472
4521 4414 539
4522 6051 557
4523 4937 582
4524 2377 618
4525 5882 498
4526 2133 457
4527 2853 629
4528 4561 481
4529 1970 439
4530 5704 735
4531 0 -1
4532 4824 480
4533 1053 493
4534 3774 495
4535 5438 579
4536 1262 549
4537 2002 389
4538 4447 546
4539 1262 546
4540 2558 540
4541 334 644
4542 2158 640
4543 3055 390
4544 5322 414
4545 3894 613
4546 3338 644
4547 122 422
4548 5700 561
4549 513 561
4550 1856 678
4551 3528 496
4552 5019 548
4553 4700 452
4554 1536 538
4555 5169 616
4556 34 510
4557 0 -1
4558 3694 484
4559 0 -1
4560 344 497
4561 1978 480
4562 2712 595
4563 6040 488
4564 5106 511
4565 1405 484
4566 3369 411
4567 0 -1
4568 4314 436
4569 4871 545
4570 4003 423
4571 2441 590
4572 539 568
4573 2874 658
4574 141 557
4575 0 -1
4576 474 536
4577 776 475
4578 2613 504
4579 3879 645
4580 5201 443
4581 4594 568
4582 5689 393
4583 4201 526
4584 851 573
4585 4574 565
4586 1699 640
4587 2274 472
4588 4669 504
4589 1558 508
4590 1810 585
4591 4205 563
4592 0 -1
4593 4655 568
4594 3696 560
4595 2779 426
4596 5512 477
4597 1585 356
4598 3691 662
4599 434 504
4600 5139 527
4601 343 468
4602 5591 647
4603 2016 654
4604 5547 506
4605 3748 456
4606 1251 660
4607 1340 725
4608 4487 844
4609 2890 454
4610 4822 611
4611 2937 406
4612 5593 672
4613 652 619
4614 5572 488
4615 681 564
4616 1581 679
4617 0 -1
4618 4564 549
4619 44 472
4620 784 488
4621 3735 509
4622 5234 496
4623 0 -1
4624 4146 504
4625 2116 490
4626 2929 583
4627 2271 556
4628 3933 560
4629 3661 528
4630 5463 549
4631 5375 558
4632 1497 536
4633 147 562
4634 375 612
4635 5226 527
4636 0 -1
4637 2823 615
4638 1311 479
4639 5652 523
4640 179 442
4641 744 579
4642 0 -1
4643 4318 500
4644 0 -1
4645 2549 559
4646 6404 579
4647 3928 368
4648 4670 639
4649 3905 543
4650 3796 492
4651 4913 464
4652 1583 384
4653 1141 367
4654 0 -1
4655 1353 485
4656 3655 536
4657 2353 510
4658 5200 537
4659 0 -1
4660 1015 409
4661 167 463
4662 6597 462
4663 4070 467
4664 595 479
4665 1371 563
4666 2595 564
4667 2761 671
4668 5796 591
4669 4003 422
4670 1479 552
4671 848 551
4672 5839 499
4673 146 626
4674 587 577
4675 3397 542
4676 0 -1
4677 0 -1
4678 264 691
4679 2632 586
4680 3234 521
4681 3247 579
4682 274 566
4683 2341 556
4684 5788 519
4685 5597 492
4686 6246 544
4687 5044 374
4688 205 746
4689 3317 547
4690 5421 417
4691 6354 597
4692 6068 508
4693 3109 475
4694 2361 432
4695 5365 473
4696 519 554
4697 4858 506
4698 1940 484
4699 2687 628
4700 1267 431
4701 2293 587
4702 3595 597
4703 2880 441
4704 3583 457
4705 5524 444
4706 3672 711
4707 1783 619
4708 5234 496
4709 5908 497
4710 4956 557
4711 1590 566
4712 0 -1
4713 2809 618
4714 5629 657
4715 70 535
4716 2008 487
4717 6382 471
4718 2160 473
4719 4299 437
4720 4066 510
4721 5587 632
4722 744 537
4723 2002 428
4724 6162 500
4725 113 613
4726 937 615
4727 3135 517
4728 3707 432
4729 0 -1
4730 6399 587
4731 2534 639
4732 4705 475
4733 6434 552
4734 2595 580
4735 48 602
4736 877 511
4737 5572 477
4738 1585 292
4739 1731 565
4740 2057 461
4741 2661 562
4742 6299 519
4743 2552 496
4744 5303 507
4745 2976 576
4746 2392 598
4747 4128 642
4748 840 441
4749 0 -1
4750 3655 541
4751 1140 515
4752 2820 415
4753 1122 536
4754 5726 525
4755 2808 454
4756 1527 536
4757 4208 555
4758 2694 585
4759 3480 573
4760 3220 578
4761 6443 635
4762 4903 557
4763 5879 546
4764 0 -1
4765 5829 418
4766 6577 505
4767 5410 547
4768 1659 503
4769 2924 551
4770 3131 624
4771 1099 583
4772 5405 704
4773 2240 442
4774 5172 688
4775 5310 640
4776 2008 392
4777 6196 512
4778 1446 460
4779 0 -1
4780 153 493
4781 6393 532
4782 1381 615
4783 5867 620
4784 3520 613
4785 554 672
4786 3892 684
4787 2360 573
4788 5288 400
4789 2102 570
4790 2126 507
4791 3417 583
4792 5311 595
4793 1992 372
4794 2973 532
4795 3926 487
4796 4389 509
4797 3470 460
4798 1288 452
4799 3838 552
4800 4193 564
4801 744 610
4802 947 542
4803 3295 411
4804 4104 518
4805 0 -1
4806 4874 500
4807 5895 628
4808 0 -1
4809 4719 538
4810 5982 659
4811 0 -1
4812 4364 390
4813 0 -1
4814 2043 545
4815 0 -1
4816 726 568
4817 1114 594
4818 4776 501
4819 2770 532
4820 2616 636
4821 4265 600
4822 3893 601
4823 2962 487
4824 343 462
4825 6258 599
4826 1564 591
4827 2752 464
4828 5302 560
4829 3151 483
4830 6433 520
4831 349 519
4832 4665 608
4833 5228 512
4834 1831 531
4835 1742 463
4836 80 472
4837 4235 525
4838 5120 525
4839 5932 494
4840 654 647
4841 5945 579
4842 3431 542
4843 1576 536
4844 1849 498
4845 3294 673
4846 3607 553
4847 2024 572
4848 4051 633
4849 1729 646
4850 0 -1
4851 2047 610
4852 4520 579
4853 3356 544
4854 1679 536
4855 485 602
4856 3973 538
4857 6588 573
4858 4399 468
4859 1071 603
4860 0 -1
4861 0 -1
4862 3068 529
4863 3228 595
4864 4597 435
4865 0 -1
4866 2886 423
4867 5406 497
4868 4553 483
4869 2008 432
4870 3677 639
4871 2354 462
4872 4650 573
4873 2962 446
4874 1662 493
4875 4723 480
4876 5072 545
4877 5003 289
4878 1830 348
4879 2185 579
4880 3397 613
4881 4980 566
4882 5740 626
4883 5120 570
4884 0 -1
4885 1000 506
4886 6232 582
4887 4118 447
4888 2227 340
4889 4878 388
4890 5974 845
4891 6493 595
4892 2570 470
4893 6575 592
4894 1295 549
4895 733 654
4896 2676 562
4897 594 555
4898 0 -1
4899 4413 551
4900 3819 585
4901 5144 366
4902 1205 525
4903 788 543
4904 3300 511
4905 2192 587
4906 3515 601
4907 5810 365
4908 0 -1
4909 1996 535
4910 6165 436
4911 1202 530
4912 1923 338
4913 252 392
4914 3713 506
4915 5466 549
4916 5699 496
4917 6509 496
4918 2079 585
4919 20 595
4920 6053 473
4921 5213 550
4922 2155 444
4923 5552 534
4924 3349 432
4925 444 555
4926 1082 588
4927 6417 588
4928 1773 430
4929 4738 365
4930 0 -1
4931 2714 471
4932 5179 651
4933 4693 554
4934 5140 555
4935 3221 513
4936 4120 504
4937 4441 531
4938 3121 616
4939 4216 413
4940 759 528
4941 1828 657
4942 639 541
4943 3108 401
4944 5902 530
4945 937 622
4946 686 447
4947 0 -1
4948 3954 599
4949 1488 487
4950 4854 600
4951 0 -1
4952 2684 579
4953 4787 622
4954 3945 529
4955 4912 361
4956 5112 486
4957 2612 516
4958 1885 620
4959 6378 539
4960 3049 518
4961 6001 588
4962 238 506
4963 3094 522
4964 865 475
4965 1679 578
4966 6179 534
4967 2920 492
4968 6351 500
4969 3819 624
4970 2738 510
4971 5166 494
4972 1883 462
4973 3623 435
4974 2886 422
4975 2116 514
4976 0 -1
4977 1057 454
4978 4589 520
4979 6454 463
4980 3455 450
4981 5596 555
4982 0 -1
4983 5383 428
4984 4248 617
4985 4158 554
4986 4841 586
4987 4609 476
4988 4211 462
4989 697 414
4990 5340 469
4991 449 485
4992 5833 599
4993 1810 582
4994 3811 514
4995 6146 621
4996 4366 515
4997 0 -1
4998 537 648
4999 5597 520
5000 1066 458
5001 4450 551
5002 2705 608
5003 385 198
5004 1923 332
5005 1194 454
5006 1044 594
5007 582 479
5008 1883 457
5009 309 576
5010 1064 581
5011 2802 465
5012 5843 434
5013 942 540
5014 4933 589
5015 2924 502
5016 3976 469
5017 3418 615
5018 5845 616
5019 1289 491
5020 2859 441
5021 0 -1
5022 2142 581
5023 5916 588
5024 0 -1
5025 4100 531
5026 0 -1
5027 5272 501
5028 3445 523
5029 4203 581
5030 0 -1
5031 6320 543
5032 0 -1
5033 2857 436
5034 3135 502
5035 343 424
5036 1346 560
5037 938 606
5038 0 -1
5039 966 505
5040 2570 446
5041 2378 594
5042 0 -1
5043 6042 589
5044 6192 295
5045 784 506
5046 3327 559
5047 1874 649
5048 3429 481
5049 1363 477
5050 5566 525
5051 2179 595
5052 4189 473
5053 303 682
5054 500 520
5055 1129 559
5056 0 -1
5057 1919 403
5058 1884 647
5059 4353 545
5060 1296 505
5061 5835 512
5062 132 544
5063 3317 475
5064 6299 520
5065 6076 533
5066 6009 735
5067 2561 586
5068 5194 614
5069 2017 419
5070 289 574
5071 4798 488
5072 3096 498
5073 219 533
5074 1180 499
5075 4692 559
5076 1676 397
5077 1983 473
5078 4667 744
5079 4002 527
5080 832 455
5081 1344 631
5082 5666 564
5083 1792 500
5084 5878 490
5085 587 528
5086 3171 525
5087 1644 461
5088 5428 554
5089 1183 532
5090 1894 696
5091 1008 497
5092 34 438
5093 1969 551
5094 2044 546
5095 6270 483
5096 2987 670
5097 5314 513
5098 6531 550
5099 5716 564
5100 5636 372
5101 3774 450
5102 4873 473
5103 2057 459
5104 2870 603
5105 5744 576
5106 2524 503
5107 3736 571
5108 4442 510
5109 343 456
5110 520 574
5111 5725 457
5112 3423 460
5113 5338 572
5114 4263 576
5115 526 424
5116 5211 509
5117 561 538
5118 6538 460
5119 1147 553
5120 3514 484
5121 1272 422
5122 5754 565
5123 1227 540
5124 2529 534
5125 1017 607
5126 5527 590
5127 2308 497
5128 2019 526
5129 5769 631
5130 6547 509
5131 2106 509
5132 5183 720
5133 187 540
5134 159 787
5135 6531 503
5136 155 640
5137 15 428
5138 6594 581
5139 6442 462
5140 4723 535
5141 3211 510
5142 5084 522
5143 2862 564
5144 6192 347
5145 1139 460
5146 6450 649
5147 1120 672
5148 5846 644
5149 3579 506
5150 567 495
5151 6272 492
5152 4009 669
5153 3368 535
5154 5285 590
5155 3401 648
5156 6151 519
5157 3348 506
5158 132 569
5159 817 527
5160 5967 520
5161 5851 539
5162 2926 464
5163 2035 488
5164 1961 580
5165 5007 557
5166 6537 419
5167 6218 589
5168 3995 522
5169 2387 496
5170 2691 635
5171 2678 528
5172 1148 620
5173 1446 477
5174 5126 611
5175 1056 589
5176 594 605
5177 4307 526
5178 397 575
5179 4604 533
5180 3396 679
5181 5048 518
5182 6253 532
5183 2143 718
5184 1367 618
5185 3315 474
5186 723 484
5187 4689 601
5188 2298 392
5189 1541 510
5190 4635 541
5191 4653 433
5192 390 578
5193 1904 516
5194 5954 611
5195 3914 402
5196 3858 522
5197 0 -1
5198 1776 595
5199 3092 581
5200 2704 537
5201 1447 407
5202 5748 439
5203 3674 568
5204 289 524
5205 0 -1
5206 4279 424
5207 403 615
5208 2808 493
5209 3492 514
5210 5114 620
5211 5510 460
5212 5884 452
5213 5141 538
5214 352 481
5215 2672 580
5216 1306 618
5217 526 406
5218 3783 527
5219 3894 669
5220 3334 504
5221 5455 482
5222 2855 572
5223 4090 453
5224 486 441
5225 2878 560
5226 2045 506
5227 2272 502
5228 71 429
5229 4858 568
5230 0 -1
5231 530 587
5232 747 586
5233 2621 495
5234 5321 461
5235 3529 642
5236 5597 521
5237 1111 466
5238 3356 514
5239 526 466
5240 6264 574
5241 5188 437
5242 2763 370
5243 6005 549
5244 3467 548
5245 6108 561
5246 1158 592
5247 3998 512
5248 827 562
5249 4337 583
5250 6449 584
5251 5524 493
5252 5897 489
5253 5115 443
5254 3863 652
5255 3281 604
5256 3989 451
5257 1651 509
5258 1360 553
5259 3914 476
5260 3019 527
5261 5093 628
5262 485 551
5263 1224 522
5264 777 466
5265 0 -1
5266 832 442
5267 1348 538
5268 1486 458
5269 1866 338
5270 4214 451
5271 4635 585
5272 2802 457
5273 217 600
5274 133 498
5275 3398 530
5276 0 -1
5277 806 538
5278 0 -1
5279 3633 564
5280 4391 507
5281 4795 504
5282 4973 512
5283 3682 611
5284 5630 525
5285 5332 516
5286 4521 586
5287 3349 406
5288 1833 333
5289 1389 630
5290 3114 532
5291 6208 502
5292 449 528
5293 43 654
5294 41 512
5295 3211 533
5296 5061 548
5297 1295 486
5298 5179 642
5299 5194 710
5300 1737 478
5301 3186 452
5302 6214 445
5303 5239 490
5304 314 484
5305 2590 528
5306 255 553
5307 420 442
5308 5914 511
5309 1644 497
5310 5481 534
5311 1840 570
5312 3928 348
5313 2980 375
5314 329 454
5315 2914 582
5316 1792 537
5317 671 705
5318 3022 525
5319 5282 622
5320 1919 407
5321 2815 434
5322 2944 329
5323 2677 443
5324 6347 417
5325 503 513
5326 3368 608
5327 3823 565
5328 3211 508
5329 4506 544
5330 4994 519
5331 6162 493
5332 3670 493
5333 3213 435
5334 1439 552
5335 309 635
5336 5914 531
5337 953 679
5338 6164 538
5339 3673 384
5340 804 424
5341 4875 482
5342 2156 564
5343 4422 485
5344 0 -1
5345 4471 558
5346 4068 478
5347 4123 565
5348 2759 579
5349 5582 515
5350 344 520
5351 5561 487
5352 5800 531
5353 3370 685
5354 1758 743
5355 6319 616
5356 2078 548
5357 0 -1
5358 6403 574
5359 5671 524
5360 640 570
5361 1783 599
5362 3447 507
5363 352 419
5364 4562 669
5365 3459 467
5366 4511 468
5367 3337 607
5368 6466 546
5369 3977 513
5370 0 -1
5371 5896 696
5372 178 426
5373 1111 428
5374 3295 369
5375 312 537
5376 5004 423
5377 4804 628
5378 1096 506
5379 1187 569
5380 5329 647
5381 6449 521
5382 5661 457
5383 2716 417
5384 2477 591
5385 2253 694
5386 1629 552
5387 460 498
5388 5403 486
5389 6513 676
5390 1170 637
5391 4436 668
5392 387 507
5393 2981 438
5394 5897 536
5395 3866 457
5396 0 -1
5397 1878 576
5398 656 409
5399 1191 587
5400 5745 623
5401 1684 572
5402 5454 677
5403 80 448
5404 2359 630
5405 2047 626
5406 3631 440
5407 3832 586
5408 2677 433
5409 6444 574
5410 2419 525
5411 6590 499
5412 3457 545
5413 206 666
5414 1401 622
5415 0 -1
5416 5112 491
5417 4869 515
5418 2667 437
5419 1631 538
5420 1926 624
5421 420 402
5422 3504 636
5423 2114 591
5424 1163 529
5425 4843 607
5426 863 618
5427 3134 547
5428 2996 463
5429 5070 661
5430 4697 509
5431 316 530
5432 2354 505
5433 1512 552
5434 0 -1
5435 0 -1
5436 845 606
5437 1463 505
5438 3954 522
5439 5572 563
5440 2702 470
5441 1792 617
5442 0 -1
5443 569 515
5444 2235 706
5445 5103 479
5446 2764 566
5447 3843 477
5448 1653 455
5449 5600 524
5450 4639 592
5451 5992 490
5452 467 529
5453 4024 563
5454 2748 666
5455 369 450
5456 0 -1
5457 1634 561
5458 1994 217
5459 135 554
5460 927 518
5461 0 -1
5462 232 487
5463 6054 520
5464 0 -1
5465 4314 467
5466 3053 444
5467 0 -1
5468 6204 461
5469 2238 523
5470 4413 485
5471 6386 458
5472 614 489
5473 6026 527
5474 118 422
5475 511 690
5476 6023 456
5477 5857 636
5478 3972 511
5479 1352 614
5480 0 -1
5481 677 464
5482 4653 375
5483 3160 358
5484 5186 493
5485 5122 579
5486 0 -1
5487 123 445
5488 4916 580
5489 3389 551
5490 3475 467
5491 1321 543
5492 4862 608
5493 6590 496
5494 4776 437
5495 6255 498
5496 5701 578
5497 1023 439
5498 2236 472
5499 5202 499
5500 0 -1
5501 4885 586
5502 532 535
5503 1564 478
5504 5223 524
5505 703 596
5506 24 487
5507 6003 503
5508 3215 637
5509 2607 498
5510 4314 426
5511 853 518
5512 2361 440
5513 5888 630
5514 2301 533
5515 6538 505
5516 5771 519
5517 5100 441
5518 5376 423
5519 1051 458
5520 3223 641
5521 4032 443
5522 0 -1
5523 6011 525
5524 5748 444
5525 2937 440
5526 178 338
5527 2785 554
5528 5556 565
5529 2726 557
5530 5468 521
5531 4143 529
5532 532 561
5533 5264 488
5534 1793 577
5535 6109 552
5536 3007 472
5537 6505 575
5538 0 -1
5539 1726 640
5540 4871 480
5541 3479 590
5542 3834 589
5543 2120 549
5544 6585 551
5545 4473 345
5546 2421 586
5547 1094 459
5548 0 -1
5549 2738 524
5550 845 527
5551 0 -1
5552 1125 488
5553 5228 475
5554 257 476
5555 4140 514
5556 6487 469
5557 5383 452
5558 2845 583
5559 949 554
5560 5870 588
5561 5398 437
5562 5693 655
5563 6185 555
5564 5741 548
5565 0 -1
5566 1914 515
5567 5244 625
5568 1066 464
5569 0 -1
5570 4912 386
5571 2733 531
5572 458 462
5573 1940 498
5574 0 -1
5575 2514 498
5576 6473 506
5577 2941 522
5578 1852 624
5579 2366 511
5580 1167 539
5581 1156 670
5582 322 450
5583 4201 588
5584 1251 579
5585 498 571
5586 5956 456
5587 6317 613
5588 4300 523
5589 1846 505
5590 2180 793
5591 3789 548
5592 0 -1
5593 2287 553
5594 1052 534
5595 2992 488
5596 3670 498
5597 1935 479
5598 3619 567
5599 2279 634
5600 4498 471
5601 1111 459
5602 5195 470
5603 0 -1
5604 5837 461
5605 984 603
5606 1901 596
5607 4875 498
5608 3140 595
5609 464 717
5610 1271 481
5611 1283 582
5612 2570 413
5613 118 452
5614 4605 480
5615 1447 321
5616 5893 493
5617 3800 491
5618 966 559
5619 6560 595
5620 6043 561
5621 554 655
5622 0 -1
5623 4345 547
5624 2684 498
5625 0 -1
5626 0 -1
5627 5978 590
5628 1402 456
5629 2711 553
5630 575 488
5631 2324 481
5632 262 505
5633 1265 514
5634 2211 660
5635 233 694
5636 2117 358
5637 1590 542
5638 1497 558
5639 3042 495
5640 4042 555
5641 1003 532
5642 5463 574
5643 5272 548
5644 2518 684
5645 6371 717
5646 5384 641
5647 1487 496
5648 0 -1
5649 6152 475
5650 229 438
5651 3113 465
5652 3459 475
5653 4164 543
5654 6487 454
5655 4280 574
5656 5716 505
5657 3903 682
5658 2351 356
5659 0 -1
5660 0 -1
5661 6192 403
5662 1782 620
5663 2062 615
5664 6192 300
5665 2069 463
5666 3096 493
5667 4206 495
5668 568 551
5669 97 528
5670 5313 409
5671 854 507
5672 5242 469
5673 2822 660
5674 3369 413
5675 3966 507
5676 921 643
5677 1278 533
5678 18 574
5679 2099 543
5680 3492 511
5681 2268 439
5682 0 -1
5683 1791 491
5684 6221 654
5685 605 445
5686 1317 546
5687 1260 502
5688 3020 549
5689 3109 388
5690 5326 710
5691 892 572
5692 5873 478
5693 4867 561
5694 2872 537
5695 1095 567
5696 4916 512
5697 2793 513
5698 3307 569
5699 4776 465
5700 2977 542
5701 3837 549
5702 6363 611
5703 1833 400
5704 2732 646
5705 4552 577
5706 6236 519
5707 697 381
5708 6557 451
5709 4266 634
5710 2412 423
5711 5372 507
5712 1293 617
5713 1310 576
5714 4340 588
5715 4568 481
5716 129 482
5717 6343 498
5718 3025 552
5719 876 547
5720 2506 485
5721 0 -1
5722 387 545
5723 5498 519
5724 2981 453
5725 1175 388
5726 3221 500
5727 533 574
5728 2541 604
5729 2323 558
5730 2592 605
5731 5664 405
5732 5597 481
5733 1228 539
5734 449 454
5735 900 634
5736 4030 510
5737 6192 304
5738 4835 487
5739 0 -1
5740 2690 601
5741 2150 541
5742 3698 500
5743 136 523
5744 6155 558
5745 4478 591
5746 1737 487
5747 0 -1
5748 1023 412
5749 6547 482
5750 3155 542
5751 3233 548
5752 4166 564
5753 0 -1
5754 1590 561
5755 1462 450
5756 426 546
5757 6204 530
5758 2901 555
5759 695 498
5760 6532 545
5761 4537 444
5762 4672 602
5763 2633 539
5764 2154 498
5765 839 473
5766 3695 643
5767 1384 573
5768 6007 505
5769 4992 622
5770 5586 470
5771 5312 423
5772 636 453
5773 6148 701
5774 5749 595
5775 6245 531
5776 44 462
5777 2988 453
5778 1224 427
5779 1388 593
5780 5121 453
5781 3587 513
5782 5035 485
5783 4126 444
5784 4194 677
5785 1861 554
5786 5287 471
5787 3601 646
5788 1133 489
5789 3496 597
5790 3093 540
5791 4130 580
5792 6303 555
5793 4305 710
5794 6051 582
5795 2769 681
5796 2770 514
5797 2713 494
5798 3173 670
5799 3770 494
5800 245 506
5801 5126 595
5802 561 494
5803 2530 526
5804 472 467
5805 6102 508
5806 2985 493
5807 2989 511
5808 4378 515
5809 4046 416
5810 5144 353
5811 2468 884
5812 6309 634
5813 3322 454
5814 1602 513
5815 6119 508
5816 2058 635
5817 771 563
5818 1663 607
5819 3449 523
5820 5694 547
5821 2126 521
5822 0 -1
5823 3913 532
5824 5553 540
5825 5588 529
5826 6559 479
5827 4224 531
5828 5040 450
5829 5731 412
5830 3226 507
5831 1360 510
5832 1465 513
5833 4824 530
5834 5365 471
5835 3735 465
5836 71 423
5837 4256 445
5838 3459 547
5839 3055 440
5840 3698 471
5841 1276 590
5842 1926 554
5843 1709 397
5844 5073 561
5845 3972 539
5846 3441 542
5847 2153 443
5848 5150 556
5849 0 -1
5850 1938 575
5851 4839 525
5852 2041 399
5853 1787 550
5854 970 629
5855 3686 550
5856 2743 555
5857 5619 631
5858 3033 630
5859 3459 533
5860 3492 576
5861 3506 578
5862 784 502
5863 2125 568
5864 2074 585
5865 6173 620
5866 3000 550
5867 6284 586
5868 2625 491
5869 614 563
5870 4252 522
5871 6577 530
5872 5165 673
5873 683 429
5874 0 -1
5875 1658 531
5876 5835 481
5877 4719 487
5878 2094 470
5879 6333 544
5880 6544 589
5881 812 603
5882 854 480
5883 5395 467
5884 5545 412
5885 2593 485
5886 6150 535
5887 3957 711
5888 5512 513
5889 3315 472
5890 3072 591
5891 1108 389
5892 1634 581
5893 5524 477
5894 0 -1
5895 397 552
5896 5356 610
5897 5521 458
5898 648 526
5899 567 449
5900 1833 428
5901 1403 632
5902 570 484
5903 4656 619
5904 1348 525
5905 2448 541
5906 1133 531
5907 3321 577
5908 2147 444
5909 1070 631
5910 2717 553
5911 3948 480
5912 28 584
5913 5654 468
5914 2840 504
5915 5641 550
5916 749 486
5917 2805 705
5918 0 -1
5919 5881 615
5920 4335 553
5921 6538 494
5922 326 490
5923 2633 551
5924 2094 475
5925 4887 489
5926 297 486
5927 4960 566
5928 526 375
5929 6523 575
5930 302 600
5931 4665 649
5932 2864 464
5933 3325 583
5934 2225 482
5935 1413 512
5936 4285 574
5937 3778 668
5938 4635 540
5939 4633 574
5940 4000 596
5941 1169 676
5942 4562 651
5943 0 -1
5944 6460 528
5945 4403 565
5946 3668 554
5947 5350 575
5948 1435 659
5949 3767 553
5950 1260 510
5951 3077 528
5952 1353 518
5953 5356 598
5954 3698 504
5955 2556 687
5956 3707 387
5957 4996 545
5958 0 -1
5959 1998 535
5960 2993 572
5961 0 -1
5962 1269 538
5963 0 -1
5964 3413 520
5965 3355 549
5966 2350 528
5967 3611 474
5968 3407 655
5969 1334 428
5970 5107 613
5971 4410 610
5972 2396 484
5973 2956 600
5974 2228 822
5975 3183 630
5976 4069 562
5977 2208 667
5978 5033 488
5979 2286 541
5980 1646 560
5981 3533 544
5982 6029 610
5983 0 -1
5984 1692 622
5985 0 -1
5986 0 -1
5987 0 -1
5988 0 -1
5989 100 495
5990 466 499
5991 2444 618
5992 1052 487
5993 6353 565
5994 4109 475
5995 1048 509
5996 6107 509
5997 1674 500
5998 4040 492
5999 1779 443
6000 175 667
6001 2159 528
6002 3596 551
6003 5080 469
6004 4814 549
6005 2793 499
6006 3344 545
6007 4704 479
6008 3094 536
6009 1694 665
6010 666 538
6011 2255 502
6012 4291 536
6013 1446 507
6014 1019 582
6015 4261 448
6016 5102 512
6017 4460 555
6018 2956 584
6019 122 485
6020 4181 415
6021 1927 452
6022 5536 553
6023 3562 383
6024 1372 446
6025 2813 664
6026 3708 519
6027 4119 606
6028 894 540
6029 2811 526
6030 2986 583
6031 4892 503
6032 6078 529
6033 5604 518
6034 1795 544
6035 1228 522
6036 4857 631
6037 3231 493
6038 0 -1
6039 6358 506
6040 4214 382
6041 5809 529
6042 721 553
6043 6272 526
6044 588 562
6045 2602 522
6046 0 -1
6047 2481 518
6048 3425 549
6049 5886 588
6050 4195 518
6051 6019 487
6052 2249 544
6053 5195 471
6054 2926 463
6055 1360 588
6056 301 498
6057 0 -1
6058 5087 573
6059 2261 554
6060 639 589
6061 5140 566
6062 4146 568
6063 1195 570
6064 1910 566
6065 4393 573
6066 4504 532
6067 6358 567
6068 1474 506
6069 1685 556
6070 1732 539
6071 3262 470
6072 6580 509
6073 1585 367
6074 5403 504
6075 6512 538
6076 6239 487
6077 0 -1
6078 6395 450
6079 2786 688
6080 5834 590
6081 5416 544
6082 3975 548
6083 1208 371
6084 1427 630
6085 0 -1
6086 5746 523
6087 4669 446
6088 1038 569
6089 787 508
6090 3279 598
6091 1572 547
6092 0 -1
6093 1057 429
6094 1536 563
6095 109 574
6096 3483 446
6097 531 501
6098 3022 575
6099 836 640
6100 2156 543
6101 5772 484
6102 4803 502
6103 4315 510
6104 4703 550
6105 5378 584
6106 932 541
6107 5670 444
6108 6205 500
6109 66 541
6110 5836 442
6111 2642 535
6112 6058 586
6113 5256 521
6114 1148 570
6115 3448 594
6116 2792 535
6117 5470 507
6118 2516 650
6119 2620 409
6120 5665 493
6121 1336 588
6122 0 -1
6123 2035 521
6124 0 -1
6125 3322 407
6126 1073 663
6127 5552 599
6128 5028 599
6129 4252 491
6130 3459 496
6131 4103 639
6132 5959 634
6133 6510 488
6134 1400 629
6135 0 -1
6136 2859 437
6137 1321 476
6138 3839 570
6139 2812 513
6140 3772 324
6141 604 565
6142 5027 599
6143 2182 514
6144 5707 401
6145 5033 436
6146 494 590
6147 2749 553
6148 4701 602
6149 3807 473
6150 839 474
6151 2302 448
6152 5115 441
6153 3958 560
6154 0 -1
6155 4062 537
6156 0 -1
6157 516 521
6158 3481 415
6159 3621 537
6160 4942 555
6161 4766 544
6162 3855 486
6163 2572 462
6164 70 498
6165 1505 430
6166 1893 648
6167 2364 562
6168 660 654
6169 3681 495
6170 3277 576
6171 1693 352
6172 4528 532
6173 2114 542
6174 4217 579
6175 2305 484
6176 1833 414
6177 5027 544
6178 5810 432
6179 1358 431
6180 4907 426
6181 1115 556
6182 0 -1
6183 4663 484
6184 6211 526
6185 3770 522
6186 2295 603
6187 3637 654
6188 1424 505
6189 2308 495
6190 5499 534
6191 1349 665
6192 1559 289
6193 2400 561
6194 4265 614
6195 987 655
6196 2106 462
6197 4957 560
6198 0 -1
6199 532 612
6200 1272 477
6201 3515 571
6202 2361 535
6203 6422 580
6204 5302 458
6205 1732 477
6206 470 518
6207 3437 489
6208 5465 486
6209 3692 600
6210 0 -1
6211 4889 415
6212 315 588
6213 4480 581
6214 1402 442
6215 2448 571
6216 162 678
6217 6031 571
6218 5904 579
6219 3450 542
6220 0 -1
6221 1170 592
6222 4017 535
6223 6045 587
6224 4691 597
6225 4191 522
6226 5859 543
6227 2146 628
6228 1385 541
6229 1904 577
6230 1558 529
6231 1470 581
6232 3226 480
6233 3795 534
6234 0 -1
6235 1244 592
6236 5935 515
6237 1697 578
6238 0 -1
6239 1415 443
6240 3133 555
6241 4223 500
6242 1924 521
6243 3018 359
6244 2608 518
6245 5398 505
6246 4743 536
6247 5221 523
6248 72 519
6249 6346 599
6250 1762 479
6251 537 556
6252 3134 578
6253 4994 528
6254 2795 576
6255 5382 486
6256 5799 501
6257 6597 416
6258 239 481
6259 3677 564
6260 4457 574
6261 2016 609
6262 6466 594
6263 0 -1
6264 6193 561
6265 1363 482
6266 2829 525
6267 4045 466
6268 431 550
6269 1141 325
6270 3798 376
6271 4224 544
6272 5786 490
6273 638 504
6274 3251 508
6275 0 -1
6276 1500 567
6277 6242 590
6278 2300 492
6279 1478 513
6280 1271 431
6281 4149 689
6282 2356 508
6283 5472 590
6284 839 535
6285 1961 583
6286 1786 568
6287 6485 497
6288 5900 466
6289 4687 451
6290 5681 481
6291 2954 591
6292 0 -1
6293 3076 537
6294 6176 448
6295 1742 526
6296 4874 539
6297 844 521
6298 3394 518
6299 2361 463
6300 5588 554
6301 4570 424
6302 3510 560
6303 5115 449
6304 927 587
6305 2935 467
6306 0 -1
6307 5074 548
6308 0 -1
6309 5606 608
6310 2656 592
6311 2573 512
6312 1098 566
6313 857 564
6314 3644 882
6315 5395 547
6316 4935 546
6317 999 553
6318 6545 505
6319 4591 582
6320 96 480
6321 777 406
6322 2699 505
6323 2315 593
6324 5499 499
6325 3394 494
6326 5932 534
6327 4295 636
6328 5455 472
6329 6488 556
6330 2528 583
6331 1005 654
6332 5217 468
6333 4007 510
6334 4252 498
6335 1404 558
6336 5291 521
6337 6247 578
6338 0 -1
6339 4526 530
6340 620 540
6341 4307 577
6342 4378 532
6343 2808 434
6344 1794 555
6345 2167 569
6346 2418 506
6347 4491 408
6348 2627 455
6349 767 536
6350 4752 505
6351 5810 451
6352 794 543
6353 110 493
6354 6163 512
6355 362 687
6356 1781 652
6357 0 -1
6358 2245 501
6359 2188 516
6360 2400 498
6361 2788 607
6362 4824 501
6363 6565 527
6364 2115 609
6365 1914 572
6366 5033 525
6367 4812 481
6368 4371 588
6369 4577 505
6370 0 -1
6371 4000 689
6372 1358 504
6373 2886 414
6374 4186 597
6375 3449 561
6376 4302 700
6377 6542 449
6378 2981 475
6379 3049 532
6380 6023 422
6381 0 -1
6382 2735 426
6383 5063 517
6384 1186 583
6385 5111 548
6386 1830 356
6387 5109 524
6388 4798 555
6389 1175 378
6390 3974 588
6391 2106 526
6392 2103 521
6393 4553 464
6394 4577 534
6395 6557 417
6396 2776 502
6397 6578 577
6398 5407 684
6399 2489 482
6400 0 -1
6401 969 550
6402 830 550
6403 5034 573
6404 1879 473
6405 4600 601
6406 3398 524
6407 3928 326
6408 1550 548
6409 4719 521
6410 5884 529
6411 4707 638
6412 483 635
6413 4596 516
6414 0 -1
6415 0 -1
6416 2440 590
6417 3380 530
6418 0 -1
6419 2741 541
6420 4582 511
6421 5572 565
6422 1468 550
6423 0 -1
6424 5034 563
6425 0 -1
6426 4700 545
6427 6596 502
6428 0 -1
6429 6108 537
6430 1601 523
6431 4580 515
6432 1060 652
6433 6557 507
6434 5340 472
6435 1585 271
6436 4728 496
6437 3621 517
6438 1405 474
6439 2316 570
6440 3666 642
6441 113 504
6442 1206 435
6443 5777 563
6444 5474 491
6445 3190 673
6446 3554 620
6447 3549 585
6448 1384 551
6449 1465 495
6450 1892 531
6451 1462 451
6452 3364 510
6453 0 -1
6454 5703 463
6455 2565 522
6456 4989 463
6457 4812 496
6458 1454 608
6459 4537 393
6460 5802 509
6461 447 478
6462 4337 571
6463 6420 545
6464 5282 545
6465 2834 542
6466 1424 536
6467 4022 490
6468 6158 485
6469 2872 547
6470 2201 450
6471 5761 516
6472 0 -1
6473 2566 491
6474 6475 443
6475 4955 401
6476 1102 479
6477 563 574
6478 2620 463
6479 4134 538
6480 1974 532
6481 4255 633
6482 1408 545
6483 3418 582
6484 3576 540
6485 6269 424
6486 2266 649
6487 925 412
6488 6478 535
6489 589 599
6490 2777 659
6491 3402 555
6492 3546 526
6493 5672 493
6494 1658 585
6495 1142 565
6496 3265 602
6497 1631 547
6498 1667 581
6499 3207 643
6500 2985 449
6501 5768 589
6502 1796 659
6503 6265 533
6504 3449 533
6505 1952 468
6506 5033 474
6507 526 376
6508 557 500
6509 1915 471
6510 371 436
6511 5617 518
6512 4748 441
6513 2809 622
6514 0 -1
6515 4299 457
6516 5085 622
6517 5449 620
6518 6293 565
6519 4993 627
6520 2333 554
6521 4938 706
6522 857 539
6523 6476 488
6524 5256 465
6525 759 505
6526 2764 530
6527 5304 601
6528 2529 542
6529 1834 430
6530 2752 432
6531 4391 482
6532 359 524
6533 3783 641
6534 3921 608
6535 1968 482
6536 790 570
6537 3109 418
6538 4597 436
6539 5524 511
6540 3673 477
6541 1358 416
6542 1108 382
6543 3494 489
6544 1003 583
6545 2864 454
6546 2944 375
6547 3034 453
6548 1537 507
6549 2193 545
6550 944 499
6551 3254 571
6552 3681 544
6553 6231 624
6554 889 536
6555 5700 551
6556 3418 531
6557 6386 400
6558 5627 680
6559 1079 440
6560 3342 556
6561 6200 508
6562 3799 546
6563 4437 511
6564 5007 594
6565 950 497
6566 757 544
6567 2966 574
6568 3943 567
6569 2467 542
6570 4686 570
6571 657 615
6572 1629 577
6573 6222 601
6574 255 539
6575 2724 564
6576 3717 386
6577 2701 480
6578 6438 547
6579 432 578
6580 4889 466
6581 2559 554
6582 0 -1
6583 0 -1
6584 6524 568
6585 1343 491
6586 122 463
6587 2813 562
6588 877 558
6589 5650 526
6590 5428 474
6591 3543 475
6592 728 613
6593 0 -1
6594 4140 463
6595 2103 512
6596 5100 405
6597 1709 398
6598 3508 522
6599 5728 618
6600 4122 574
