26
1 0 -1
2 3470 504
3 0 -1
4 6032 371
5 5624 369
6 0 -1
7 2732 479
8 3126 419
9 5184 408
10 3773 409
11 6527 456
12 0 -1
13 1569 441
14 2711 379
15 4420 255
16 1402 529
17 6475 381
18 6346 366
19 5431 389
20 3615 382
21 60 356
22 5484 339
23 1293 484
24 2859 316
25 5653 471
26 26 0
27 5499 321
28 5025 364
29 2156 380
30 6534 437
31 0 -1
32 1114 443
33 5737 379
34 1486 406
35 3484 414
36 783 457
37 5142 307
38 1930 461
39 4330 415
40 5840 405
41 3369 403
42 2019 322
43 558 393
44 4291 309
45 1283 355
46 134 504
47 1617 670
48 790 405
49 3776 397
50 3169 330
51 3112 433
52 855 296
53 2095 424
54 5080 368
55 3324 390
56 4057 304
57 5984 420
58 0 -1
59 1504 415
60 6165 333
61 2535 420
62 2317 351
63 3374 262
64 852 419
65 1562 400
66 5960 368
67 5642 458
68 0 -1
69 3382 462
70 1732 370
71 906 455
72 3943 430
73 6377 495
74 1053 307
75 4233 447
76 6051 423
77 5142 303
78 410 375
79 132 450
80 4228 346
81 2602 472
82 1108 376
83 101 337
84 2074 332
85 6541 299
86 2358 316
87 4286 444
88 288 301
89 5345 475
90 20 392
91 227 574
92 0 -1
93 868 416
94 1782 444
95 4266 390
96 3214 329
97 3520 351
98 1126 472
99 1461 333
100 4719 185
101 2064 336
102 4115 356
103 142 387
104 2593 323
105 4525 390
106 1292 396
107 5962 383
108 5195 357
109 6020 363
110 3960 423
111 6464 411
112 3034 460
113 4057 340
114 2851 385
115 2537 464
116 1311 445
117 939 364
118 786 317
119 4447 447
120 3289 735
121 3867 479
122 4339 357
123 99 375
124 0 -1
125 2800 302
126 4100 375
127 1353 421
128 1016 324
129 2273 338
130 1436 447
131 4231 285
132 3617 380
133 2118 404
134 3709 486
135 1253 371
136 1491 273
137 1166 419
138 0 -1
139 3453 464
140 2701 478
141 1000 430
142 4261 364
143 5507 307
144 1488 266
145 5763 350
146 3013 406
147 3003 322
148 2669 369
149 129 382
150 521 476
151 6410 424
152 528 334
153 2019 318
154 5767 479
155 5998 417
156 1277 399
157 0 -1
158 456 380
159 4421 398
160 940 334
161 1968 342
162 1900 495
163 6179 249
164 5680 266
165 0 -1
166 2602 461
167 832 220
168 293 410
169 1667 468
170 1054 243
171 0 -1
172 849 380
173 3080 418
174 4548 417
175 4084 465
176 1059 340
177 3570 509
178 3798 400
179 4907 399
180 6137 326
181 4693 394
182 4258 376
183 6488 356
184 3594 368
185 4619 405
186 6105 403
187 6334 407
188 230 380
189 2756 347
190 0 -1
191 1933 302
192 6503 465
193 5361 495
194 5482 397
195 0 -1
196 824 365
197 1323 319
198 6041 347
199 2248 437
200 1522 422
201 3771 401
202 5799 437
203 2941 167
204 4335 439
205 284 557
206 1705 399
207 3414 366
208 4526 346
209 6266 406
210 3676 379
211 6278 357
212 0 -1
213 4028 304
214 6566 413
215 443 200
216 1704 540
217 1451 319
218 3897 442
219 1249 329
220 5591 329
221 5163 264
222 2095 427
223 6100 343
224 0 -1
225 0 -1
226 1302 494
227 4125 469
228 2043 349
229 1564 396
230 4186 318
231 5330 404
232 2567 374
233 2397 534
234 3256 376
235 6099 604
236 4006 362
237 0 -1
238 4060 337
239 1849 248
240 2639 297
241 1283 405
242 0 -1
243 6179 221
244 1307 431
245 27 421
246 842 377
247 2259 250
248 776 366
249 870 430
250 1338 456
251 3498 421
252 1923 390
253 0 -1
254 615 458
255 6189 349
256 2485 452
257 4046 382
258 3244 383
259 0 -1
260 3699 422
261 467 435
262 5633 414
263 2244 313
264 1884 377
265 147 363
266 279 514
267 4972 419
268 5428 350
269 1809 438
270 3415 422
271 3932 487
272 1056 438
273 3181 384
274 6350 423
275 4583 421
276 1307 415
277 0 -1
278 5281 421
279 2026 421
280 5321 441
281 925 450
282 1878 336
283 1809 385
284 1289 461
285 5697 568
286 1377 498
287 0 -1
288 6244 205
289 683 256
290 93 432
291 2803 386
292 4920 410
293 4964 346
294 6488 338
295 0 -1
296 1667 406
297 1784 350
298 5768 406
299 6048 433
300 3367 737
301 6119 419
302 5101 382
303 3641 548
304 461 532
305 4506 216
306 4294 432
307 3309 455
308 4873 381
309 2931 409
310 0 -1
311 2846 451
312 2077 377
313 2778 426
314 4263 341
315 5059 282
316 4663 389
317 6137 333
318 2066 241
319 0 -1
320 6055 535
321 482 347
322 2606 403
323 5267 267
324 5509 383
325 4668 394
326 3214 297
327 2443 508
328 587 393
329 3362 356
330 0 -1
331 5438 481
332 1088 484
333 3456 469
334 3691 464
335 2752 417
336 4224 377
337 5262 376
338 418 403
339 1149 392
340 3115 329
341 2582 417
342 5417 313
343 1942 362
344 3317 347
345 4964 300
346 4126 367
347 6267 388
348 6030 359
349 2016 476
350 6236 436
351 6319 405
352 5209 234
353 3467 438
354 2839 293
355 429 389
356 982 413
357 3686 377
358 0 -1
359 1185 393
360 2852 426
361 2045 455
362 5864 449
363 6168 468
364 535 359
365 5473 333
366 1935 450
367 1070 296
368 4173 353
369 5153 343
370 1172 372
371 1970 443
372 959 354
373 491 284
374 2677 408
375 5577 191
376 2766 377
377 3176 324
378 3661 368
379 3557 400
380 0 -1
381 1740 389
382 960 395
383 664 505
384 5025 365
385 5144 333
386 5077 389
387 2346 441
388 1619 443
389 6519 426
390 1439 361
391 1328 442
392 0 -1
393 2343 438
394 769 513
395 523 362
396 5343 413
397 984 383
398 4302 487
399 2653 473
400 0 -1
401 4441 341
402 1619 392
403 1114 393
404 2057 359
405 5798 529
406 3682 374
407 340 355
408 4231 292
409 6377 460
410 4123 272
411 6363 510
412 3204 360
413 301 470
414 3764 513
415 5933 410
416 4480 273
417 653 388
418 1603 378
419 5036 448
420 4650 449
421 2681 294
422 5528 448
423 5287 401
424 3374 252
425 19 407
426 4079 430
427 4384 444
428 6257 405
429 6016 307
430 569 465
431 1321 420
432 4220 355
433 4259 235
434 4263 362
435 6244 199
436 5384 447
437 5043 438
438 3288 418
439 2858 501
440 1722 264
441 4164 449
442 1530 464
443 5577 188
444 4924 473
445 6372 367
446 39 426
447 3498 339
448 4937 412
449 2425 314
450 4940 469
451 0 -1
452 1960 421
453 766 421
454 4790 466
455 5837 416
456 4229 334
457 4804 445
458 1940 258
459 1996 334
460 4726 432
461 2959 424
462 1647 500
463 5363 360
464 4671 442
465 1061 452
466 2133 286
467 1451 351
468 553 470
469 3086 443
470 97 363
471 3224 387
472 6473 373
473 4633 373
474 467 392
475 3807 512
476 6580 389
477 456 433
478 41 433
479 3382 359
480 4553 399
481 6368 583
482 6137 339
483 583 338
484 4770 474
485 5368 299
486 2408 299
487 2874 425
488 2461 395
489 2716 340
490 5544 546
491 1427 261
492 1803 478
493 164 301
494 2480 413
495 654 415
496 852 401
497 4695 406
498 6354 434
499 0 -1
500 1267 302
501 0 -1
502 5957 400
503 3255 436
504 1852 495
505 456 376
506 4104 402
507 3809 487
508 4998 605
509 5169 429
510 4044 308
511 2395 443
512 4889 254
513 1249 368
514 2110 312
515 1875 356
516 79 468
517 6129 375
518 3407 436
519 3175 405
520 2003 393
521 3571 474
522 4962 384
523 940 267
524 4589 258
525 0 -1
526 1583 369
527 188 468
528 3323 317
529 1933 270
530 4685 410
531 4597 495
532 3712 383
533 4491 415
534 0 -1
535 2796 286
536 6372 369
537 606 409
538 2693 494
539 473 378
540 6409 236
541 5975 449
542 5904 308
543 4539 398
544 3149 487
545 6594 290
546 3765 472
547 6365 360
548 5259 394
549 0 -1
550 3316 437
551 5135 328
552 318 323
553 1232 418
554 2539 497
555 3412 402
556 667 288
557 1235 332
558 1386 388
559 5275 454
560 0 -1
561 3050 292
562 3201 328
563 2930 380
564 3655 386
565 4025 343
566 1158 390
567 4962 322
568 3427 384
569 2962 430
570 4869 415
571 0 -1
572 6473 350
573 1797 698
574 6188 396
575 4536 309
576 3880 393
577 4800 395
578 2480 317
579 3226 319
580 3171 406
581 1960 466
582 447 426
583 6369 336
584 5088 390
585 144 381
586 2893 718
587 4700 296
588 1752 381
589 630 461
590 4922 330
591 4143 508
592 1153 427
593 513 372
594 4446 353
595 4420 355
596 4406 464
597 3633 373
598 1644 380
599 5651 367
600 0 -1
601 5458 439
602 1847 425
603 940 383
604 1878 408
605 1627 385
606 1786 384
607 2965 533
608 4240 335
609 5430 368
610 0 -1
611 4910 297
612 191 353
613 5378 275
614 2506 292
615 5166 373
616 5825 374
617 3360 374
618 0 -1
619 2944 422
620 3229 341
621 2558 401
622 4353 267
623 0 -1
624 5438 483
625 1377 418
626 3189 393
627 6161 415
628 4554 402
629 85 320
630 3784 343
631 2286 384
632 5243 411
633 2847 374
634 1650 438
635 1889 453
636 4698 315
637 5850 366
638 536 419
639 3537 459
640 5632 314
641 5516 269
642 3603 343
643 569 433
644 2138 291
645 0 -1
646 6211 302
647 4809 334
648 5063 286
649 0 -1
650 6309 377
651 682 464
652 321 446
653 1466 382
654 4164 385
655 0 -1
656 1927 375
657 1246 499
658 6221 419
659 2425 371
660 5013 390
661 5462 499
662 2409 387
663 1677 367
664 4393 466
665 6523 351
666 176 378
667 3234 259
668 2210 464
669 2233 362
670 2334 286
671 6254 446
672 5751 401
673 6032 435
674 6230 446
675 3434 477
676 1980 405
677 3541 431
678 5227 390
679 6289 468
680 2844 364
681 401 360
682 2220 372
683 2899 191
684 5528 458
685 2698 391
686 1271 376
687 4186 428
688 4760 446
689 4493 259
690 2489 356
691 5989 323
692 1576 424
693 3261 388
694 5409 419
695 241 466
696 4095 331
697 2944 417
698 2977 437
699 6216 583
700 839 401
701 4760 431
702 3190 377
703 3019 437
704 4346 252
705 2506 278
706 4363 368
707 2640 454
708 4222 610
709 3106 390
710 724 589
711 4136 498
712 2576 185
713 288 245
714 4581 453
715 4193 345
716 5231 469
717 6229 463
718 408 328
719 2084 398
720 0 -1
721 6372 330
722 5455 411
723 959 323
724 361 500
725 323 313
726 5499 314
727 937 322
728 4352 430
729 6016 355
730 2140 312
731 2427 360
732 140 481
733 4554 410
734 360 450
735 5875 360
736 2101 486
737 5657 547
738 2931 359
739 4798 394
740 5280 269
741 1007 459
742 2323 450
743 6232 351
744 6500 454
745 6003 340
746 3690 420
747 2756 386
748 5093 458
749 1313 301
750 4348 406
751 6144 223
752 6559 383
753 1136 573
754 5167 338
755 999 336
756 3532 497
757 2308 381
758 3898 402
759 4204 334
760 1323 283
761 4270 372
762 1889 536
763 1836 365
764 1002 496
765 6114 399
766 1052 314
767 5768 357
768 5145 340
769 4853 401
770 1258 398
771 3939 371
772 2080 458
773 2694 447
774 1925 356
775 6464 446
776 2735 337
777 5736 346
778 2035 333
779 1715 424
780 557 387
781 6162 357
782 4094 405
783 2756 386
784 565 352
785 5258 485
786 52 309
787 3498 322
788 6270 351
789 0 -1
790 2024 390
791 1288 410
792 6217 423
793 2351 380
794 2642 421
795 547 381
796 1597 467
797 6365 440
798 1160 453
799 4529 506
800 1999 442
801 3307 507
802 4988 354
803 0 -1
804 4692 378
805 345 301
806 1295 491
807 2578 389
808 217 392
809 3965 527
810 0 -1
811 852 458
812 4671 386
813 3649 435
814 3154 521
815 0 -1
816 1584 473
817 6243 535
818 476 481
819 0 -1
820 0 -1
821 2083 483
822 4442 300
823 923 500
824 641 316
825 4663 391
826 4222 552
827 6123 339
828 5493 385
829 3083 546
830 4928 376
831 1103 567
832 2462 147
833 4830 449
834 5656 224
835 6218 276
836 558 394
837 6314 844
838 4985 495
839 217 353
840 4254 300
841 1144 448
842 5834 372
843 1235 322
844 2027 271
845 6265 389
846 510 426
847 937 384
848 2315 337
849 6580 303
850 2706 351
851 6548 528
852 2320 358
853 4878 235
854 3459 371
855 5577 201
856 1574 261
857 2841 397
858 999 305
859 3231 413
860 4259 289
861 2668 383
862 0 -1
863 1114 374
864 5952 286
865 3315 209
866 2731 354
867 668 480
868 6482 308
869 4342 399
870 5499 362
871 6113 490
872 0 -1
873 4834 436
874 2561 360
875 3208 446
876 4435 481
877 2785 323
878 6311 380
879 4876 405
880 200 430
881 6296 456
882 3365 510
883 0 -1
884 5791 447
885 1526 479
886 5754 397
887 2371 441
888 881 499
889 1757 399
890 1712 387
891 1268 506
892 1859 296
893 6574 407
894 5347 445
895 2751 419
896 5738 426
897 3410 444
898 5598 453
899 1890 448
900 1383 229
901 265 377
902 3530 428
903 88 393
904 5950 412
905 5716 372
906 1209 423
907 3747 396
908 3632 543
909 4095 384
910 4670 475
911 2042 439
912 1077 380
913 2316 349
914 2444 433
915 3855 347
916 1368 401
917 3701 456
918 1822 442
919 4963 517
920 4512 463
921 4914 371
922 3423 372
923 406 406
924 378 485
925 5545 410
926 3901 447
927 5321 470
928 352 316
929 4608 751
930 4787 483
931 76 453
932 3492 242
933 5409 449
934 4204 394
935 0 -1
936 6194 453
937 2681 303
938 5173 465
939 968 313
940 4391 266
941 5085 365
942 1343 393
943 247 298
944 5691 386
945 2106 436
946 6480 424
947 524 266
948 0 -1
949 3508 426
950 2147 394
951 4173 335
952 3592 301
953 3737 369
954 4923 431
955 2947 465
956 5004 471
957 2205 473
958 6072 339
959 856 304
960 4523 314
961 0 -1
962 2986 161
963 4457 420
964 0 -1
965 1877 460
966 5772 281
967 3261 469
968 5190 313
969 3634 498
970 1249 386
971 4310 424
972 864 311
973 3950 328
974 5097 345
975 5290 443
976 3422 477
977 2899 200
978 0 -1
979 2378 439
980 4879 418
981 0 -1
982 2611 295
983 2694 436
984 6438 333
985 770 466
986 5263 585
987 1734 380
988 3362 429
989 4889 296
990 42 376
991 1145 347
992 0 -1
993 0 -1
994 968 381
995 5338 200
996 2439 422
997 704 325
998 2002 326
999 3204 297
1000 2891 361
1001 42 431
1002 4068 429
1003 3244 394
1004 4655 331
1005 2091 349
1006 583 378
1007 132 433
1008 41 453
1009 5383 438
1010 0 -1
1011 0 -1
1012 1734 469
1013 2434 363
1014 1608 373
1015 2002 374
1016 5558 285
1017 5472 363
1018 1183 423
1019 5126 469
1020 1372 418
1021 1622 300
1022 5151 299
1023 3874 409
1024 1299 303
1025 4383 352
1026 2178 416
1027 4133 450
1028 1893 415
1029 486 403
1030 1902 437
1031 2464 488
1032 2112 338
1033 4821 500
1034 1246 479
1035 1003 417
1036 5011 399
1037 3640 221
1038 44 360
1039 5139 380
1040 5039 370
1041 2081 598
1042 4756 436
1043 5169 326
1044 5531 554
1045 5619 362
1046 230 438
1047 0 -1
1048 489 362
1049 5129 413
1050 2127 385
1051 4291 344
1052 5198 309
1053 4200 285
1054 3917 211
1055 1974 496
1056 1509 430
1057 4105 424
1058 522 398
1059 561 300
1060 5174 350
1061 2074 351
1062 3917 213
1063 5969 377
1064 2603 469
1065 2950 285
1066 5462 508
1067 0 -1
1068 4920 330
1069 4903 499
1070 5675 282
1071 5163 328
1072 4510 363
1073 3273 390
1074 176 418
1075 2655 430
1076 132 439
1077 545 366
1078 5933 394
1079 966 371
1080 147 332
1081 101 424
1082 5266 287
1083 1442 446
1084 305 302
1085 0 -1
1086 5494 420
1087 0 -1
1088 4416 427
1089 0 -1
1090 3520 361
1091 0 -1
1092 3981 308
1093 4693 413
1094 373 346
1095 4322 379
1096 1403 415
1097 6591 415
1098 428 452
1099 372 423
1100 3544 425
1101 1053 331
1102 3802 392
1103 3670 465
1104 1731 399
1105 273 463
1106 23 484
1107 0 -1
1108 2117 298
1109 4515 459
1110 4361 433
1111 3091 364
1112 4912 414
1113 1289 398
1114 3228 363
1115 3437 429
1116 0 -1
1117 2325 409
1118 4809 334
1119 3929 400
1120 5062 480
1121 977 267
1122 912 387
1123 3154 477
1124 4430 355
1125 3091 385
1126 1896 430
1127 2500 494
1128 4397 285
1129 1709 521
1130 3802 354
1131 4913 353
1132 3096 416
1133 4422 376
1134 5308 530
1135 3561 442
1136 4336 476
1137 0 -1
1138 2941 182
1139 4420 286
1140 1583 486
1141 2175 408
1142 458 279
1143 3518 389
1144 1218 379
1145 2986 246
1146 0 -1
1147 3650 400
1148 3277 360
1149 4422 362
1150 963 536
1151 5207 583
1152 4899 361
1153 52 328
1154 2856 303
1155 5716 439
1156 621 501
1157 0 -1
1158 5997 297
1159 1783 421
1160 5949 446
1161 3356 441
1162 5736 392
1163 4281 388
1164 2844 350
1165 85 356
1166 822 323
1167 4596 364
1168 5847 331
1169 2063 482
1170 5342 369
1171 5525 395
1172 4044 304
1173 4967 382
1174 5699 392
1175 1354 407
1176 473 420
1177 2799 405
1178 4767 402
1179 1344 460
1180 691 345
1181 1144 410
1182 2095 326
1183 236 392
1184 2990 336
1185 4339 346
1186 1659 414
1187 704 262
1188 275 489
1189 3258 487
1190 3158 495
1191 3128 404
1192 1582 399
1193 2202 371
1194 557 403
1195 2254 472
1196 1784 374
1197 4831 434
1198 349 521
1199 3953 259
1200 1045 385
1201 5082 463
1202 1288 349
1203 4667 568
1204 4294 402
1205 5088 437
1206 865 276
1207 5159 411
1208 5003 416
1209 3016 379
1210 6114 405
1211 2120 387
1212 1267 261
1213 5214 359
1214 1686 383
1215 19 457
1216 3926 566
1217 3527 619
1218 1290 374
1219 5801 438
1220 3540 318
1221 1835 320
1222 167 229
1223 6366 575
1224 3022 404
1225 2833 422
1226 1897 317
1227 2323 429
1228 4385 363
1229 3247 401
1230 6078 327
1231 0 -1
1232 3521 380
1233 0 -1
1234 5934 434
1235 221 311
1236 2791 346
1237 3475 329
1238 4218 372
1239 1856 473
1240 2530 351
1241 4602 423
1242 3295 417
1243 6217 445
1244 355 398
1245 0 -1
1246 4316 452
1247 3192 397
1248 5709 408
1249 4057 324
1250 5545 416
1251 83 390
1252 2556 510
1253 4591 366
1254 3003 316
1255 2839 302
1256 6371 657
1257 2279 485
1258 4476 319
1259 4342 387
1260 5169 314
1261 2878 495
1262 6509 520
1263 5053 606
1264 5225 492
1265 835 321
1266 2580 389
1267 2758 218
1268 174 464
1269 937 338
1270 3302 388
1271 5959 352
1272 3063 420
1273 1254 320
1274 2880 362
1275 782 472
1276 1448 332
1277 1527 341
1278 4489 346
1279 6121 452
1280 2070 395
1281 1724 351
1282 1655 522
1283 485 349
1284 1447 356
1285 3764 516
1286 1509 446
1287 2731 398
1288 1827 325
1289 1278 357
1290 1942 352
1291 4368 463
1292 5558 385
1293 2080 420
1294 5877 211
1295 3822 411
1296 2688 364
1297 0 -1
1298 6531 291
1299 1897 263
1300 5853 413
1301 4719 142
1302 2193 402
1303 3316 478
1304 6188 411
1305 0 -1
1306 2138 376
1307 928 415
1308 4762 423
1309 5605 517
1310 4291 293
1311 4723 408
1312 1605 253
1313 2297 279
1314 4246 384
1315 581 561
1316 0 -1
1317 2425 367
1318 5632 390
1319 1822 420
1320 1622 321
1321 5884 414
1322 3004 345
1323 1362 256
1324 0 -1
1325 1719 505
1326 1405 289
1327 6305 386
1328 5735 341
1329 3651 423
1330 1805 477
1331 4471 445
1332 0 -1
1333 160 428
1334 472 392
1335 1308 450
1336 4554 369
1337 6188 396
1338 3782 441
1339 1228 468
1340 741 500
1341 912 385
1342 1525 338
1343 3323 360
1344 2890 397
1345 5627 464
1346 6508 368
1347 6547 364
1348 2689 129
1349 3534 530
1350 3561 369
1351 3216 180
1352 5277 427
1353 1968 366
1354 3092 393
1355 5755 426
1356 2016 463
1357 3119 435
1358 1588 155
1359 0 -1
1360 1372 380
1361 4482 309
1362 3640 217
1363 1131 363
1364 682 411
1365 2981 471
1366 3445 377
1367 3088 347
1368 5484 374
1369 152 370
1370 1083 456
1371 1537 482
1372 2921 311
1373 2639 392
1374 4631 545
1375 4939 482
1376 0 -1
1377 4220 394
1378 0 -1
1379 6402 428
1380 0 -1
1381 416 330
1382 4563 517
1383 1351 216
1384 6021 438
1385 470 378
1386 1731 333
1387 3541 405
1388 886 409
1389 1152 402
1390 4444 463
1391 4283 436
1392 4133 417
1393 3561 374
1394 3958 534
1395 312 414
1396 5360 421
1397 3190 400
1398 3637 337
1399 3939 418
1400 2186 424
1401 1293 430
1402 1066 509
1403 6256 383
1404 3862 440
1405 1683 279
1406 4606 564
1407 1166 355
1408 2986 216
1409 4640 331
1410 6297 300
1411 0 -1
1412 2317 361
1413 2172 387
1414 0 -1
1415 6162 372
1416 6361 473
1417 443 236
1418 5632 319
1419 3862 522
1420 3118 427
1421 947 376
1422 0 -1
1423 5352 428
1424 4035 359
1425 5686 409
1426 849 344
1427 1933 247
1428 6445 444
1429 4063 357
1430 4780 389
1431 2152 508
1432 167 287
1433 5619 340
1434 4363 303
1435 504 496
1436 3629 364
1437 3386 426
1438 0 -1
1439 4249 342
1440 2770 401
1441 884 471
1442 236 437
1443 142 382
1444 2339 347
1445 2156 372
1446 5575 404
1447 1313 310
1448 3953 266
1449 2681 381
1450 1588 169
1451 3169 281
1452 3169 270
1453 4862 429
1454 4889 328
1455 0 -1
1456 1978 367
1457 3115 330
1458 1045 374
1459 4700 264
1460 2005 438
1461 834 259
1462 489 379
1463 2147 397
1464 1739 334
1465 3675 483
1466 5586 364
1467 3027 549
1468 726 319
1469 2552 359
1470 5106 425
1471 721 346
1472 3044 443
1473 562 331
1474 1850 385
1475 543 432
1476 5776 422
1477 3261 447
1478 4660 417
1479 6470 442
1480 5848 401
1481 648 350
1482 1559 453
1483 5700 420
1484 1937 501
1485 0 -1
1486 2683 397
1487 6537 387
1488 3640 243
1489 4896 413
1490 1877 452
1491 4391 217
1492 0 -1
1493 0 -1
1494 0 -1
1495 3005 409
1496 1369 404
1497 4924 466
1498 280 469
1499 6464 419
1500 1525 425
1501 2159 341
1502 1428 499
1503 3226 257
1504 85 350
1505 5314 270
1506 2170 426
1507 3784 450
1508 6342 396
1509 6512 403
1510 3091 377
1511 6255 437
1512 5494 401
1513 6459 373
1514 1407 452
1515 5366 402
1516 6213 305
1517 4852 390
1518 6436 431
1519 909 432
1520 0 -1
1521 4974 555
1522 5764 382
1523 0 -1
1524 2518 389
1525 4249 323
1526 5447 392
1527 1260 318
1528 4329 533
1529 88 383
1530 4355 408
1531 5057 386
1532 4088 483
1533 6010 497
1534 1276 372
1535 3432 399
1536 1940 342
1537 4153 437
1538 4875 468
1539 3755 318
1540 6393 305
1541 4914 287
1542 524 331
1543 6133 409
1544 5999 395
1545 3950 386
1546 0 -1
1547 1026 434
1548 74 329
1549 370 463
1550 1822 402
1551 6267 407
1552 2059 401
1553 858 361
1554 4042 302
1555 0 -1
1556 4248 419
1557 3800 518
1558 5570 557
1559 3347 425
1560 2645 484
1561 5447 385
1562 5521 371
1563 2406 483
1564 6372 378
1565 0 -1
1566 6492 511
1567 4187 483
1568 0 -1
1569 2677 385
1570 1515 458
1571 4549 430
1572 4737 339
1573 356 439
1574 5338 159
1575 4633 437
1576 4182 341
1577 4412 576
1578 1505 330
1579 0 -1
1580 4152 500
1581 2635 491
1582 6561 371
1583 5615 366
1584 4429 397
1585 1208 426
1586 1860 348
1587 6174 462
1588 26 53
1589 213 326
1590 1237 362
1591 2315 302
1592 1917 466
1593 1056 498
1594 6434 345
1595 640 347
1596 90 497
1597 1601 367
1598 3927 473
1599 6467 455
1600 1740 399
1601 3315 262
1602 1833 441
1603 2344 359
1604 3662 329
1605 6144 209
1606 2535 468
1607 4980 494
1608 4482 260
1609 5989 279
1610 1874 426
1611 0 -1
1612 77 305
1613 4633 358
1614 3643 442
1615 2793 523
1616 1223 658
1617 130 550
1618 3565 445
1619 2480 340
1620 5331 333
1621 980 474
1622 1459 275
1623 3798 476
1624 2425 309
1625 1746 392
1626 2570 487
1627 5238 375
1628 2261 432
1629 5416 430
1630 1516 326
1631 6537 448
1632 1650 437
1633 5870 406
1634 6162 367
1635 3498 358
1636 1726 449
1637 4150 321
1638 2730 504
1639 2115 281
1640 2135 367
1641 4795 354
1642 2729 379
1643 5225 431
1644 5100 338
1645 4994 430
1646 3230 403
1647 6076 428
1648 26 0
1649 0 -1
1650 458 347
1651 5860 273
1652 2117 386
1653 5526 375
1654 846 497
1655 1059 419
1656 5502 359
1657 5297 402
1658 4273 320
1659 1983 365
1660 2784 445
1661 793 387
1662 2090 373
1663 2334 360
1664 449 326
1665 66 445
1666 6561 260
1667 5738 358
1668 1996 349
1669 2774 355
1670 3351 284
1671 0 -1
1672 1941 488
1673 65 409
1674 375 233
1675 1582 413
1676 3772 415
1677 1427 280
1678 2543 383
1679 4624 397
1680 3317 353
1681 4251 380
1682 2374 449
1683 352 234
1684 3038 400
1685 5904 293
1686 5490 370
1687 3966 338
1688 2587 467
1689 0 -1
1690 491 322
1691 6598 400
1692 1836 351
1693 1153 361
1694 5088 391
1695 1130 405
1696 1238 466
1697 3815 411
1698 244 502
1699 2112 388
1700 4489 425
1701 5525 401
1702 795 493
1703 1236 440
1704 2291 500
1705 2434 370
1706 857 457
1707 6014 453
1708 3196 406
1709 3511 459
1710 2808 353
1711 6172 459
1712 6212 328
1713 2309 516
1714 2711 442
1715 5783 317
1716 0 -1
1717 0 -1
1718 5777 385
1719 6066 386
1720 6367 383
1721 3475 296
1722 4346 254
1723 2824 446
1724 6100 310
1725 1719 445
1726 3068 449
1727 3596 242
1728 4481 301
1729 1481 462
1730 2751 361
1731 5163 287
1732 6072 318
1733 4479 413
1734 1925 375
1735 0 -1
1736 66 447
1737 6110 415
1738 6346 356
1739 1860 330
1740 3405 308
1741 1745 435
1742 4687 488
1743 5001 462
1744 3510 324
1745 4583 398
1746 4263 334
1747 0 -1
1748 3598 375
1749 5301 434
1750 2812 381
1751 175 476
1752 3918 307
1753 0 -1
1754 482 350
1755 6133 371
1756 6236 457
1757 5135 289
1758 2056 587
1759 228 445
1760 3838 298
1761 2082 471
1762 470 378
1763 4224 374
1764 1601 334
1765 0 -1
1766 270 510
1767 4254 282
1768 3981 316
1769 4450 479
1770 6063 470
1771 0 -1
1772 0 -1
1773 3034 361
1774 2921 333
1775 137 510
1776 1408 244
1777 6495 406
1778 6165 317
1779 1206 312
1780 3731 459
1781 4034 502
1782 1724 403
1783 4128 373
1784 4873 324
1785 1858 377
1786 1405 345
1787 3459 367
1788 1447 391
1789 960 354
1790 5871 415
1791 1662 406
1792 3194 383
1793 1350 449
1794 5823 379
1795 2135 371
1796 4739 475
1797 4036 662
1798 0 -1
1799 0 -1
1800 0 -1
1801 0 -1
1802 2615 432
1803 5959 360
1804 3087 347
1805 5825 362
1806 2986 162
1807 6535 451
1808 698 502
1809 4790 366
1810 5223 325
1811 108 413
1812 5494 397
1813 4394 378
1814 4150 259
1815 3363 376
1816 3049 453
1817 3847 414
1818 2063 480
1819 3158 462
1820 0 -1
1821 5695 450
1822 4172 383
1823 401 411
1824 4098 334
1825 24 391
1826 1043 436
1827 6512 323
1828 713 299
1829 4760 335
1830 2689 128
1831 5162 442
1832 0 -1
1833 4633 355
1834 3265 432
1835 4966 308
1836 354 317
1837 136 274
1838 4863 444
1839 3293 582
1840 5166 317
1841 5367 599
1842 5208 372
1843 6232 324
1844 0 -1
1845 3978 399
1846 5115 420
1847 982 372
1848 5934 410
1849 2608 234
1850 5324 349
1851 3600 503
1852 1715 380
1853 614 302
1854 3764 425
1855 593 430
1856 2565 461
1857 1333 491
1858 5999 360
1859 5209 230
1860 5428 322
1861 1278 438
1862 5946 413
1863 828 437
1864 5159 432
1865 3059 457
1866 4425 535
1867 2259 235
1868 1131 389
1869 5404 351
1870 5397 423
1871 4589 263
1872 5109 396
1873 3701 408
1874 1892 408
1875 3232 346
1876 0 -1
1877 2845 361
1878 1405 329
1879 3489 344
1880 6080 396
1881 0 -1
1882 6427 397
1883 4741 457
1884 6329 292
1885 4315 444
1886 0 -1
1887 5095 370
1888 102 401
1889 3343 445
1890 3594 331
1891 2045 475
1892 3817 363
1893 125 397
1894 4499 637
1895 2753 413
1896 5128 389
1897 6531 228
1898 2820 366
1899 0 -1
1900 1847 383
1901 29 397
1902 1153 367
1903 3659 399
1904 3969 439
1905 4094 361
1906 0 -1
1907 161 359
1908 2328 460
1909 5856 399
1910 1035 479
1911 6374 459
1912 4837 445
1913 0 -1
1914 3007 404
1915 2004 484
1916 198 370
1917 2325 394
1918 293 375
1919 2631 389
1920 636 389
1921 5774 589
1922 1708 429
1923 1752 376
1924 354 309
1925 3755 272
1926 359 470
1927 3372 361
1928 4126 390
1929 1835 313
1930 4823 373
1931 211 440
1932 1439 379
1933 834 226
1934 3432 383
1935 3369 393
1936 1591 326
1937 4857 496
1938 3414 330
1939 2986 170
1940 4173 246
1941 2236 402
1942 323 302
1943 2436 342
1944 6047 398
1945 1810 422
1946 5385 686
1947 2568 567
1948 1751 529
1949 6467 471
1950 2746 571
1951 2552 326
1952 4910 304
1953 2295 433
1954 4782 385
1955 5542 595
1956 603 463
1957 6136 336
1958 0 -1
1959 3762 442
1960 3526 419
1961 3384 319
1962 5289 423
1963 5447 434
1964 6399 402
1965 0 -1
1966 6482 310
1967 0 -1
1968 4591 337
1969 2231 377
1970 4140 434
1971 5793 604
1972 5572 385
1973 0 -1
1974 5815 426
1975 3214 279
1976 1897 292
1977 2666 447
1978 435 292
1979 6043 350
1980 2155 345
1981 436 505
1982 0 -1
1983 1372 364
1984 0 -1
1985 2240 356
1986 5596 428
1987 1368 393
1988 3188 527
1989 2890 425
1990 495 464
1991 4150 310
1992 2267 426
1993 0 -1
1994 5960 345
1995 315 316
1996 3596 229
1997 2507 429
1998 4441 334
1999 1000 366
2000 6394 380
2001 0 -1
2002 4727 299
2003 1651 324
2004 4364 448
2005 3708 375
2006 0 -1
2007 5126 444
2008 1732 323
2009 5611 438
2010 1253 416
2011 0 -1
2012 5890 432
2013 2863 426
2014 5651 357
2015 5072 412
2016 4859 405
2017 1111 387
2018 6590 386
2019 3817 285
2020 5541 560
2021 5417 387
2022 5965 461
2023 2322 525
2024 535 389
2025 3075 451
2026 4620 352
2027 6466 262
2028 0 -1
2029 1293 439
2030 0 -1
2031 3088 358
2032 3305 413
2033 6492 475
2034 4471 384
2035 2993 239
2036 0 -1
2037 1304 498
2038 0 -1
2039 3317 354
2040 1853 407
2041 5044 423
2042 1898 380
2043 456 336
2044 2843 468
2045 864 402
2046 1500 447
2047 2838 296
2048 3697 401
2049 0 -1
2050 2417 397
2051 3797 508
2052 2787 341
2053 686 453
2054 1436 426
2055 6129 387
2056 6533 492
2057 373 291
2058 4416 421
2059 3974 380
2060 4798 415
2061 2099 420
2062 4246 415
2063 1739 428
2064 1255 336
2065 647 423
2066 3569 151
2067 4885 356
2068 2804 249
2069 4008 338
2070 2639 383
2071 2745 590
2072 3413 466
2073 6031 435
2074 4464 328
2075 5126 532
2076 0 -1
2077 2921 318
2078 3400 295
2079 3179 336
2080 5410 364
2081 5760 516
2082 2832 439
2083 6403 418
2084 3372 366
2085 4191 383
2086 6194 444
2087 634 492
2088 6066 400
2089 1323 328
2090 80 372
2091 4193 329
2092 3513 528
2093 3814 343
2094 523 283
2095 5470 311
2096 0 -1
2097 421 354
2098 1194 448
2099 3958 419
2100 6247 519
2101 158 421
2102 3892 327
2103 5665 353
2104 396 424
2105 6054 418
2106 1473 345
2107 547 411
2108 3994 502
2109 4812 416
2110 2027 310
2111 5851 422
2112 1651 281
2113 3132 619
2114 4896 373
2115 1294 253
2116 725 411
2117 4738 290
2118 2070 389
2119 5140 570
2120 2382 343
2121 5401 531
2122 4697 319
2123 6239 434
2124 2685 496
2125 3514 221
2126 96 427
2127 5516 349
2128 0 -1
2129 848 377
2130 1059 365
2131 2079 439
2132 6013 452
2133 1299 269
2134 6315 390
2135 2940 333
2136 4098 379
2137 4698 375
2138 3351 256
2139 3325 400
2140 4899 303
2141 821 502
2142 764 502
2143 714 482
2144 3061 388
2145 3044 405
2146 5785 473
2147 4256 358
2148 1469 448
2149 4093 453
2150 5729 391
2151 348 448
2152 1809 475
2153 2688 326
2154 2274 295
2155 4878 247
2156 1145 267
2157 6382 368
2158 4522 475
2159 855 276
2160 4270 373
2161 4166 463
2162 6345 408
2163 1135 480
2164 2784 362
2165 4302 483
2166 2440 382
2167 641 330
2168 6465 374
2169 0 -1
2170 186 416
2171 5871 420
2172 4226 381
2173 4516 460
2174 738 392
2175 2725 324
2176 5651 341
2177 22 428
2178 640 325
2179 1444 381
2180 3258 526
2181 6244 199
2182 1166 362
2183 1936 361
2184 1980 422
2185 2593 277
2186 3214 313
2187 3229 417
2188 3263 351
2189 4428 430
2190 6297 347
2191 5208 479
2192 4918 469
2193 4 375
2194 3018 502
2195 3638 366
2196 6091 470
2197 0 -1
2198 6100 350
2199 6561 364
2200 170 332
2201 4793 492
2202 3088 307
2203 3049 480
2204 4048 520
2205 3311 439
2206 2024 431
2207 1105 468
2208 1278 455
2209 0 -1
2210 2887 394
2211 1867 296
2212 5650 358
2213 3336 680
2214 3912 491
2215 587 308
2216 797 447
2217 2748 360
2218 0 -1
2219 2297 387
2220 5329 287
2221 4147 346
2222 3179 352
2223 3889 355
2224 1162 447
2225 108 382
2226 5687 325
2227 2418 311
2228 5104 513
2229 5520 620
2230 0 -1
2231 5705 329
2232 0 -1
2233 848 361
2234 3037 370
2235 5861 510
2236 2906 383
2237 784 400
2238 1814 351
2239 2729 315
2240 587 313
2241 2176 454
2242 4085 584
2243 1996 267
2244 2838 222
2245 2157 408
2246 2314 505
2247 6110 466
2248 293 410
2249 1405 333
2250 4291 272
2251 0 -1
2252 3502 399
2253 3570 489
2254 1644 399
2255 1884 304
2256 0 -1
2257 3186 494
2258 3794 408
2259 2838 233
2260 6201 455
2261 5755 398
2262 3603 318
2263 0 -1
2264 5536 413
2265 0 -1
2266 4122 433
2267 6435 353
2268 2923 346
2269 5946 420
2270 2465 462
2271 1976 379
2272 3157 339
2273 900 302
2274 1299 286
2275 864 378
2276 5675 329
2277 933 546
2278 0 -1
2279 275 426
2280 4911 480
2281 1544 489
2282 5745 510
2283 0 -1
2284 0 -1
2285 1468 394
2286 1289 372
2287 5465 568
2288 5962 389
2289 0 -1
2290 3450 390
2291 2792 399
2292 0 -1
2293 938 513
2294 2400 307
2295 2003 426
2296 5554 442
2297 5516 269
2298 2631 383
2299 4273 378
2300 1622 289
2301 4581 404
2302 4914 315
2303 0 -1
2304 3629 335
2305 2174 430
2306 605 431
2307 4964 291
2308 491 343
2309 3141 480
2310 1427 247
2311 1831 443
2312 5125 441
2313 5830 376
2314 4031 496
2315 3776 297
2316 6165 341
2317 6030 300
2318 372 402
2319 1939 210
2320 6030 313
2321 4323 485
2322 425 461
2323 2417 365
2324 561 309
2325 4303 328
2326 3256 335
2327 6371 599
2328 5159 416
2329 566 461
2330 6105 310
2331 4651 454
2332 4281 369
2333 4028 259
2334 3918 247
2335 1040 397
2336 169 491
2337 1258 386
2338 4883 367
2339 2458 290
2340 3282 328
2341 2507 455
2342 6106 380
2343 1144 382
2344 421 359
2345 4800 315
2346 5339 417
2347 3993 406
2348 681 453
2349 2616 448
2350 5675 322
2351 1418 336
2352 1536 440
2353 5182 398
2354 2991 371
2355 1145 294
2356 6051 358
2357 4420 306
2358 648 294
2359 3603 330
2360 1725 524
2361 2156 365
2362 6177 319
2363 3208 472
2364 6113 427
2365 5672 350
2366 2140 337
2367 1591 403
2368 6536 490
2369 4686 335
2370 1382 551
2371 5516 345
2372 5186 361
2373 5069 423
2374 3557 444
2375 3194 394
2376 5886 379
2377 2724 399
2378 6219 422
2379 2668 424
2380 4021 428
2381 0 -1
2382 721 335
2383 6595 436
2384 0 -1
2385 4304 376
2386 3005 381
2387 5482 461
2388 6150 426
2389 5074 378
2390 5346 422
2391 5910 424
2392 3406 463
2393 0 -1
2394 2836 237
2395 163 347
2396 1731 317
2397 1960 512
2398 0 -1
2399 2936 622
2400 1541 292
2401 5700 443
2402 0 -1
2403 6196 436
2404 0 -1
2405 6520 380
2406 5162 462
2407 6243 486
2408 2940 278
2409 4700 361
2410 5082 383
2411 0 -1
2412 1395 418
2413 2819 493
2414 1294 247
2415 0 -1
2416 0 -1
2417 3581 348
2418 865 258
2419 1094 369
2420 5471 355
2421 2337 424
2422 4806 472
2423 4303 387
2424 1036 463
2425 512 270
2426 4600 416
2427 1998 342
2428 2812 408
2429 1707 496
2430 845 447
2431 189 380
2432 527 490
2433 6241 453
2434 5138 361
2435 3698 364
2436 3900 342
2437 1557 613
2438 135 375
2439 3951 361
2440 5412 370
2441 5669 390
2442 5908 479
2443 3985 431
2444 4886 355
2445 3925 309
2446 3380 396
2447 517 490
2448 470 370
2449 125 374
2450 6285 401
2451 3515 456
2452 0 -1
2453 2174 401
2454 1859 311
2455 1237 389
2456 3079 266
2457 385 444
2458 3395 286
2459 5617 492
2460 4442 254
2461 2578 345
2462 1588 132
2463 0 -1
2464 5536 420
2465 1186 462
2466 6315 379
2467 3855 344
2468 3195 627
2469 5361 414
2470 3348 436
2471 0 -1
2472 6318 422
2473 1501 354
2474 2508 452
2475 2844 390
2476 6285 426
2477 2656 431
2478 2688 333
2479 5421 457
2480 1975 312
2481 2706 316
2482 4317 583
2483 5340 466
2484 780 387
2485 3233 395
2486 1028 503
2487 596 492
2488 4949 339
2489 2178 331
2490 5267 280
2491 5178 509
2492 5141 482
2493 0 -1
2494 2465 582
2495 4295 426
2496 2386 426
2497 2352 499
2498 2458 295
2499 0 -1
2500 761 377
2501 1412 394
2502 117 467
2503 10 443
2504 4939 462
2505 4916 353
2506 4889 266
2507 3099 426
2508 3713 391
2509 5623 480
2510 0 -1
2511 3022 420
2512 98 560
2513 1780 526
2514 34 422
2515 971 486
2516 4757 391
2517 5778 413
2518 2362 343
2519 0 -1
2520 2914 550
2521 5968 510
2522 2259 298
2523 5933 421
2524 147 346
2525 2900 467
2526 4611 410
2527 0 -1
2528 4449 375
2529 5878 386
2530 4442 287
2531 3040 392
2532 1395 480
2533 679 488
2534 983 441
2535 4193 357
2536 412 435
2537 5459 401
2538 3288 378
2539 5806 415
2540 4335 407
2541 2271 451
2542 3032 456
2543 108 382
2544 0 -1
2545 2315 297
2546 539 491
2547 705 330
2548 1377 432
2549 2774 305
2550 5932 327
2551 0 -1
2552 6409 263
2553 5300 469
2554 1045 422
2555 6221 392
2556 1226 421
2557 5378 335
2558 6360 344
2559 1312 322
2560 4034 427
2561 4663 353
2562 3837 349
2563 2340 430
2564 2951 419
2565 5211 385
2566 2279 430
2567 3454 309
2568 1442 464
2569 1942 314
2570 1693 433
2571 754 365
2572 9 414
2573 4390 414
2574 2860 540
2575 3072 557
2576 1648 75
2577 2473 405
2578 433 312
2579 3151 440
2580 4909 302
2581 1893 418
2582 3708 352
2583 6412 525
2584 4498 367
2585 2187 503
2586 1813 414
2587 2921 348
2588 3873 479
2589 1594 394
2590 822 373
2591 889 450
2592 3604 547
2593 4346 257
2594 3360 410
2595 1114 378
2596 5002 666
2597 440 301
2598 0 -1
2599 0 -1
2600 6227 594
2601 3247 369
2602 3019 373
2603 5453 387
2604 0 -1
2605 1221 375
2606 3583 386
2607 6551 363
2608 3216 227
2609 44 336
2610 6576 360
2611 4137 292
2612 1588 119
2613 2880 362
2614 4925 417
2615 6579 368
2616 4664 351
2617 4082 432
2618 5163 306
2619 0 -1
2620 3366 372
2621 6020 364
2622 6491 389
2623 0 -1
2624 0 -1
2625 4924 396
2626 483 362
2627 1976 400
2628 4014 393
2629 3951 415
2630 2268 418
2631 2227 373
2632 1740 382
2633 1253 411
2634 3988 477
2635 2112 375
2636 902 445
2637 5410 308
2638 999 358
2639 3514 296
2640 306 446
2641 793 477
2642 2744 419
2643 2353 464
2644 1327 422
2645 4252 415
2646 5348 502
2647 1635 445
2648 2081 627
2649 5020 337
2650 6579 359
2651 0 -1
2652 2989 459
2653 1768 413
2654 2150 435
2655 102 360
2656 3762 423
2657 4261 433
2658 0 -1
2659 4484 385
2660 0 -1
2661 611 335
2662 4823 324
2663 1875 407
2664 2844 346
2665 5530 442
2666 2097 397
2667 5256 337
2668 5028 330
2669 2400 322
2670 5526 370
2671 962 179
2672 343 421
2673 5840 412
2674 4378 386
2675 2795 443
2676 3489 367
2677 5658 383
2678 5763 343
2679 3966 345
2680 140 582
2681 4523 289
2682 3417 652
2683 346 369
2684 1212 328
2685 2325 407
2686 3839 435
2687 1022 384
2688 4420 291
2689 5947 79
2690 1548 398
2691 5501 472
2692 836 464
2693 2711 375
2694 6130 433
2695 4966 379
2696 4302 414
2697 6188 408
2698 5604 357
2699 281 466
2700 4726 413
2701 379 415
2702 3800 434
2703 0 -1
2704 3842 414
2705 6265 487
2706 5680 296
2707 0 -1
2708 1970 464
2709 5552 439
2710 0 -1
2711 3450 353
2712 1476 448
2713 2962 316
2714 4533 337
2715 4804 358
2716 5639 337
2717 2193 415
2718 4359 311
2719 3114 395
2720 293 374
2721 0 -1
2722 5142 344
2723 1849 321
2724 153 380
2725 5378 306
2726 3638 378
2727 370 376
2728 2744 457
2729 2414 300
2730 2174 479
2731 4905 319
2732 4458 436
2733 5631 360
2734 1499 473
2735 3331 266
2736 5716 431
2737 2454 424
2738 2626 416
2739 5969 395
2740 3499 452
2741 4837 441
2742 3361 661
2743 3817 316
2744 5960 349
2745 5628 516
2746 4486 459
2747 4446 390
2748 5418 303
2749 4543 498
2750 152 446
2751 4303 322
2752 3707 408
2753 2505 413
2754 6166 392
2755 5402 428
2756 6026 305
2757 5771 421
2758 2181 199
2759 5696 369
2760 5127 398
2761 563 439
2762 3510 385
2763 4968 319
2764 3603 330
2765 2731 392
2766 323 288
2767 3600 488
2768 3272 406
2769 3443 423
2770 4063 362
2771 5733 477
2772 2085 429
2773 6540 494
2774 6177 273
2775 2445 418
2776 5559 414
2777 3837 381
2778 3310 310
2779 887 470
2780 406 383
2781 5430 432
2782 47 770
2783 3078 362
2784 4495 347
2785 3232 294
2786 106 451
2787 6480 340
2788 4014 337
2789 1804 403
2790 3811 404
2791 827 340
2792 1767 318
2793 4350 462
2794 1312 346
2795 3558 380
2796 163 264
2797 2238 380
2798 2565 451
2799 56 395
2800 4794 215
2801 845 465
2802 2319 285
2803 4507 318
2804 5939 171
2805 391 488
2806 5526 459
2807 0 -1
2808 5708 294
2809 1739 350
2810 6081 422
2811 853 327
2812 2490 305
2813 2916 378
2814 5757 457
2815 348 368
2816 2473 396
2817 6493 337
2818 5423 490
2819 2905 382
2820 5204 340
2821 0 -1
2822 228 436
2823 1545 397
2824 3556 385
2825 0 -1
2826 314 372
2827 2318 415
2828 3440 529
2829 4755 329
2830 4650 381
2831 5058 447
2832 3352 397
2833 1540 393
2834 305 238
2835 3976 454
2836 3569 209
2837 665 399
2838 5418 220
2839 6424 250
2840 2195 436
2841 959 357
2842 4389 451
2843 1663 383
2844 2796 283
2845 2899 271
2846 4344 441
2847 1612 325
2848 213 398
2849 0 -1
2850 0 -1
2851 421 349
2852 1226 338
2853 5345 366
2854 5903 549
2855 5533 467
2856 4655 292
2857 6456 396
2858 4554 423
2859 1767 282
2860 198 461
2861 5135 231
2862 1323 330
2863 5630 422
2864 2785 297
2865 5623 500
2866 2584 473
2867 4403 522
2868 1553 450
2869 5090 757
2870 781 415
2871 1449 442
2872 1108 380
2873 750 468
2874 4914 372
2875 0 -1
2876 1878 441
2877 5054 464
2878 1540 387
2879 6300 496
2880 3698 296
2881 369 385
2882 5431 389
2883 5481 459
2884 537 428
2885 6008 522
2886 4090 447
2887 6365 393
2888 208 391
2889 3609 381
2890 240 315
2891 4249 353
2892 3995 530
2893 462 616
2894 2768 429
2895 1096 445
2896 5981 412
2897 2337 449
2898 4051 360
2899 832 161
2900 3322 447
2901 203 251
2902 1251 393
2903 1294 322
2904 294 366
2905 6493 382
2906 4901 351
2907 2775 435
2908 1092 367
2909 2649 387
2910 4878 241
2911 294 347
2912 6343 371
2913 0 -1
2914 2633 482
2915 469 449
2916 755 341
2917 321 360
2918 2483 494
2919 3812 623
2920 6078 296
2921 373 291
2922 0 -1
2923 5266 311
2924 3587 439
2925 5913 399
2926 1311 419
2927 0 -1
2928 3999 458
2929 1363 424
2930 5314 369
2931 1608 295
2932 5484 439
2933 2815 445
2934 353 523
2935 4231 307
2936 6497 569
2937 318 256
2938 4758 521
2939 3909 362
2940 15 273
2941 6164 92
2942 6264 390
2943 3913 354
2944 2233 365
2945 4269 432
2946 4406 481
2947 6113 433
2948 3560 566
2949 2915 491
2950 3750 237
2951 4011 396
2952 2514 483
2953 4480 309
2954 4678 439
2955 4980 427
2956 1355 442
2957 5451 404
2958 3022 390
2959 3277 422
2960 4804 377
2961 1128 383
2962 2880 312
2963 4605 410
2964 5675 274
2965 2959 449
2966 647 406
2967 3491 401
2968 6416 453
2969 543 506
2970 0 -1
2971 2171 506
2972 6485 424
2973 4802 428
2974 5545 380
2975 1961 386
2976 4698 314
2977 3244 337
2978 108 394
2979 934 437
2980 1447 332
2981 4599 444
2982 2464 431
2983 5694 394
2984 0 -1
2985 1561 392
2986 2612 143
2987 3033 526
2988 4042 403
2989 3661 371
2990 3492 228
2991 5680 263
2992 3473 395
2993 5418 225
2994 5691 395
2995 220 426
2996 2861 261
2997 2092 555
2998 2829 407
2999 0 -1
3000 374 418
3001 3760 313
3002 1573 544
3003 751 301
3004 435 244
3005 5189 367
3006 4356 430
3007 96 361
3008 5563 426
3009 4300 417
3010 3457 304
3011 0 -1
3012 350 501
3013 835 306
3014 1335 555
3015 1624 376
3016 2362 322
3017 4232 301
3018 291 414
3019 1320 327
3020 4029 347
3021 4476 393
3022 3939 350
3023 1433 430
3024 3778 485
3025 705 315
3026 0 -1
3027 1221 437
3028 0 -1
3029 1144 387
3030 3869 515
3031 4145 463
3032 641 370
3033 5127 445
3034 1774 342
3035 0 -1
3036 4941 473
3037 6466 302
3038 1936 344
3039 5453 414
3040 2906 351
3041 2880 397
3042 4377 275
3043 4561 335
3044 346 395
3045 6466 302
3046 686 415
3047 5779 361
3048 2245 493
3049 4155 424
3050 5120 252
3051 3778 498
3052 0 -1
3053 5636 351
3054 0 -1
3055 2267 383
3056 4633 364
3057 4626 499
3058 1616 730
3059 2729 371
3060 3527 546
3061 2003 369
3062 5651 395
3063 2681 401
3064 4510 371
3065 0 -1
3066 6240 481
3067 3170 480
3068 905 381
3069 1172 376
3070 4326 440
3071 5400 540
3072 2924 440
3073 2817 448
3074 4950 474
3075 3493 393
3076 2744 355
3077 614 309
3078 2467 346
3079 100 258
3080 2559 403
3081 6047 465
3082 0 -1
3083 672 504
3084 3042 302
3085 6121 459
3086 2188 426
3087 2609 339
3088 751 284
3089 0 -1
3090 4660 416
3091 5687 349
3092 4583 365
3093 647 365
3094 6034 406
3095 4130 355
3096 2068 311
3097 1082 355
3098 5979 398
3099 1273 349
3100 4391 287
3101 647 437
3102 6335 296
3103 480 402
3104 0 -1
3105 510 403
3106 637 380
3107 4723 496
3108 2227 350
3109 1976 321
3110 0 -1
3111 0 -1
3112 6336 410
3113 5614 363
3114 1290 367
3115 940 307
3116 2584 377
3117 3488 500
3118 5629 417
3119 5399 414
3120 5245 431
3121 3255 475
3122 4943 394
3123 3439 564
3124 0 -1
3125 3679 413
3126 2089 409
3127 0 -1
3128 4237 399
3129 4691 468
3130 0 -1
3131 3142 386
3132 1723 507
3133 3467 414
3134 6205 349
3135 1323 314
3136 4083 462
3137 1711 467
3138 5678 451
3139 443 224
3140 1603 448
3141 950 412
3142 263 360
3143 0 -1
3144 3640 210
3145 2855 489
3146 2133 307
3147 0 -1
3148 3768 433
3149 5348 403
3150 3686 375
3151 1828 365
3152 3551 439
3153 3950 340
3154 3957 454
3155 4866 370
3156 6404 428
3157 4535 332
3158 84 425
3159 690 463
3160 3347 497
3161 543 470
3162 0 -1
3163 5944 431
3164 5691 452
3165 1161 557
3166 3023 446
3167 5726 420
3168 0 -1
3169 2990 242
3170 1942 415
3171 1196 391
3172 1104 399
3173 54 433
3174 4897 457
3175 3890 347
3176 4595 311
3177 3637 371
3178 1229 454
3179 5470 260
3180 5788 417
3181 951 353
3182 5952 326
3183 784 404
3184 5561 467
3185 530 484
3186 2354 384
3187 5001 422
3188 2055 410
3189 805 369
3190 5059 342
3191 0 -1
3192 3593 372
3193 2809 420
3194 5135 315
3195 1188 583
3196 3593 397
3197 1687 394
3198 2450 486
3199 0 -1
3200 3951 362
3201 1021 326
3202 3352 388
3203 3647 451
3204 5350 289
3205 5578 499
3206 0 -1
3207 174 485
3208 4214 373
3209 3135 315
3210 598 396
3211 4913 341
3212 6538 640
3213 3277 363
3214 3323 249
3215 4561 378
3216 26 118
3217 0 -1
3218 6134 453
3219 6225 392
3220 440 301
3221 96 384
3222 4948 393
3223 4670 506
3224 3334 354
3225 5075 415
3226 435 247
3227 3362 390
3228 3395 301
3229 4411 315
3230 5554 398
3231 3673 392
3232 1212 283
3233 3175 374
3234 6211 259
3235 4796 435
3236 60 436
3237 1752 419
3238 144 325
3239 5932 381
3240 4694 345
3241 0 -1
3242 2186 417
3243 1122 429
3244 1828 305
3245 5857 396
3246 0 -1
3247 4361 360
3248 2159 347
3249 39 441
3250 180 384
3251 4300 352
3252 1415 379
3253 1862 490
3254 5304 373
3255 4574 388
3256 3776 299
3257 5122 416
3258 5818 464
3259 2873 477
3260 2716 413
3261 3115 358
3262 24 341
3263 408 318
3264 4238 449
3265 2039 364
3266 3395 345
3267 485 357
3268 37 334
3269 6563 449
3270 2065 542
3271 0 -1
3272 5238 351
3273 1620 353
3274 1182 436
3275 5321 409
3276 2199 404
3277 239 343
3278 1680 471
3279 4718 384
3280 4113 339
3281 2386 401
3282 1301 226
3283 5191 429
3284 0 -1
3285 2167 339
3286 3055 428
3287 5686 374
3288 1283 378
3289 3545 623
3290 4918 453
3291 3214 262
3292 1917 454
3293 5093 482
3294 1826 440
3295 5737 348
3296 5811 807
3297 4760 373
3298 4652 343
3299 1381 333
3300 6301 438
3301 1104 423
3302 1454 358
3303 3982 511
3304 0 -1
3305 6324 391
3306 5399 422
3307 50 393
3308 2571 428
3309 5949 429
3310 900 260
3311 1823 412
3312 5297 297
3313 1204 443
3314 910 526
3315 832 179
3316 839 362
3317 1323 259
3318 391 458
3319 1746 399
3320 2317 412
3321 4148 416
3322 4189 410
3323 6244 245
3324 4800 371
3325 2748 306
3326 1810 431
3327 1429 400
3328 3186 387
3329 5314 383
3330 5327 504
3331 1054 259
3332 3694 487
3333 873 474
3334 1674 256
3335 3463 489
3336 4179 579
3337 1613 373
3338 3755 363
3339 5521 428
3340 2655 424
3341 672 475
3342 2864 401
3343 6041 331
3344 5566 418
3345 2774 364
3346 4114 465
3347 4125 421
3348 4126 342
3349 2041 429
3350 4493 210
3351 6531 247
3352 1206 277
3353 0 -1
3354 1312 281
3355 2549 351
3356 6576 421
3357 6441 347
3358 3894 387
3359 0 -1
3360 4767 329
3361 5968 548
3362 540 338
3363 952 331
3364 4450 412
3365 94 476
3366 6043 356
3367 6227 655
3368 613 286
3369 2844 361
3370 6139 427
3371 1976 370
3372 4116 328
3373 0 -1
3374 962 168
3375 3007 438
3376 1819 473
3377 5558 329
3378 2594 498
3379 4728 441
3380 5571 331
3381 1461 285
3382 6402 356
3383 609 462
3384 4979 303
3385 6176 466
3386 2185 348
3387 4293 445
3388 463 401
3389 1355 443
3390 2700 464
3391 6230 377
3392 0 -1
3393 1278 399
3394 5777 388
3395 6561 267
3396 2238 444
3397 576 422
3398 1837 344
3399 4428 424
3400 5883 266
3401 4154 437
3402 1024 376
3403 6342 427
3404 5100 352
3405 4346 273
3406 5484 419
3407 2365 425
3408 0 -1
3409 2769 457
3410 1022 396
3411 4785 573
3412 1943 400
3413 429 357
3414 3684 267
3415 5249 360
3416 3263 339
3417 116 541
3418 4645 348
3419 1873 440
3420 5583 472
3421 0 -1
3422 2684 440
3423 5098 279
3424 317 453
3425 3598 391
3426 6039 251
3427 3377 359
3428 0 -1
3429 3761 481
3430 395 424
3431 4533 401
3432 2140 339
3433 179 431
3434 4651 376
3435 3989 382
3436 4309 416
3437 755 378
3438 4417 362
3439 4980 486
3440 298 474
3441 5799 378
3442 3573 426
3443 3384 372
3444 5371 581
3445 1313 287
3446 3918 242
3447 686 403
3448 5683 437
3449 4044 331
3450 557 338
3451 648 406
3452 5411 366
3453 6015 392
3454 3426 302
3455 4776 386
3456 3565 419
3457 5692 292
3458 4475 430
3459 4798 345
3460 5201 443
3461 2802 289
3462 5840 465
3463 3550 474
3464 6594 271
3465 0 -1
3466 2266 458
3467 5868 408
3468 1622 395
3469 3960 406
3470 3631 388
3471 3454 307
3472 2516 417
3473 4256 354
3474 4727 293
3475 4173 257
3476 2788 447
3477 2357 309
3478 738 443
3479 2643 508
3480 821 520
3481 3928 442
3482 1238 402
3483 4256 346
3484 4634 360
3485 0 -1
3486 2951 460
3487 642 363
3488 5559 464
3489 1222 311
3490 5577 161
3491 870 378
3492 3750 170
3493 1168 392
3494 1226 425
3495 2914 565
3496 2274 346
3497 5259 419
3498 5142 315
3499 397 384
3500 6099 589
3501 3096 361
3502 3923 366
3503 4704 354
3504 5071 445
3505 1639 364
3506 83 406
3507 4643 432
3508 2122 412
3509 1888 464
3510 587 298
3511 619 426
3512 2376 408
3513 4384 528
3514 1605 214
3515 2827 434
3516 3550 427
3517 1744 370
3518 2319 296
3519 3395 373
3520 125 348
3521 3771 335
3522 1972 390
3523 0 -1
3524 1080 383
3525 1445 434
3526 4104 339
3527 5055 514
3528 5545 416
3529 221 383
3530 2795 405
3531 6131 566
3532 1480 484
3533 702 391
3534 5871 423
3535 6001 347
3536 533 432
3537 309 449
3538 0 -1
3539 2400 343
3540 2856 313
3541 2620 402
3542 4747 425
3543 3209 382
3544 1267 305
3545 2634 558
3546 4478 388
3547 2481 404
3548 2032 426
3549 3291 297
3550 5899 382
3551 2039 365
3552 1557 534
3553 6448 456
3554 3649 393
3555 0 -1
3556 342 338
3557 4025 348
3558 4916 372
3559 0 -1
3560 2632 449
3561 6473 369
3562 1887 393
3563 6262 358
3564 4624 363
3565 1254 381
3566 4622 546
3567 2062 489
3568 6435 353
3569 2612 121
3570 3251 462
3571 2170 430
3572 2934 569
3573 5059 376
3574 2305 515
3575 1968 408
3576 5227 413
3577 4220 347
3578 2177 457
3579 2739 427
3580 4577 365
3581 5347 348
3582 2715 379
3583 1589 379
3584 4488 485
3585 3486 538
3586 4509 430
3587 2436 438
3588 6430 355
3589 2099 427
3590 5337 489
3591 3676 449
3592 375 196
3593 3445 360
3594 5267 324
3595 4071 438
3596 4482 211
3597 5073 393
3598 5001 375
3599 0 -1
3600 3594 386
3601 1237 404
3602 5932 339
3603 749 310
3604 4492 438
3605 5433 451
3606 1857 500
3607 5410 338
3608 1102 435
3609 913 375
3610 1622 385
3611 4011 388
3612 3486 562
3613 1837 393
3614 937 419
3615 5665 359
3616 6594 232
3617 4839 342
3618 2480 370
3619 5413 394
3620 3786 450
3621 2485 414
3622 0 -1
3623 3956 356
3624 5013 354
3625 470 480
3626 5908 489
3627 3759 429
3628 2722 373
3629 15 294
3630 6072 335
3631 2240 338
3632 3005 433
3633 1605 320
3634 3627 442
3635 3075 445
3636 6151 403
3637 856 331
3638 4304 342
3639 2190 460
3640 2462 179
3641 848 442
3642 0 -1
3643 4504 337
3644 5645 731
3645 0 -1
3646 4243 458
3647 5395 335
3648 0 -1
3649 5504 387
3650 1281 383
3651 907 419
3652 1926 547
3653 5438 476
3654 6531 265
3655 3267 372
3656 3088 368
3657 5202 454
3658 959 361
3659 125 327
3660 1296 455
3661 1804 368
3662 2418 266
3663 1792 386
3664 1725 528
3665 0 -1
3666 627 417
3667 1448 280
3668 663 378
3669 590 403
3670 1361 423
3671 1744 373
3672 3507 511
3673 4738 301
3674 1191 446
3675 2560 443
3676 5738 338
3677 5992 383
3678 0 -1
3679 1976 312
3680 1435 603
3681 2079 427
3682 5226 364
3683 1459 310
3684 6482 252
3685 1551 482
3686 1142 308
3687 1102 461
3688 2204 639
3689 0 -1
3690 4295 415
3691 2162 432
3692 3234 350
3693 6343 361
3694 5620 405
3695 963 521
3696 3650 390
3697 1170 400
3698 2859 290
3699 493 346
3700 786 374
3701 5306 389
3702 0 -1
3703 593 395
3704 2477 475
3705 0 -1
3706 5114 365
3707 2330 383
3708 3917 273
3709 2137 411
3710 0 -1
3711 0 -1
3712 1966 346
3713 1837 318
3714 0 -1
3715 238 373
3716 3479 520
3717 2057 367
3718 3818 450
3719 787 322
3720 1147 405
3721 4279 336
3722 3663 448
3723 4411 245
3724 0 -1
3725 1096 432
3726 352 346
3727 1321 511
3728 1005 468
3729 1259 422
3730 1086 502
3731 3963 382
3732 6078 364
3733 2034 430
3734 43 470
3735 2853 436
3736 6166 350
3737 3985 318
3738 1403 452
3739 0 -1
3740 5176 528
3741 5563 457
3742 4828 495
3743 1530 448
3744 903 503
3745 2635 385
3746 4418 429
3747 2681 376
3748 2310 276
3749 5031 438
3750 4275 158
3751 991 426
3752 3995 476
3753 159 502
3754 3488 484
3755 4229 259
3756 2290 413
3757 5031 473
3758 6552 554
3759 4060 319
3760 3949 276
3761 5655 412
3762 3520 417
3763 3225 504
3764 2157 422
3765 4021 434
3766 5487 437
3767 99 433
3768 3643 357
3769 1192 414
3770 1145 272
3771 6213 293
3772 2233 386
3773 850 368
3774 3795 378
3775 4384 459
3776 5266 282
3777 5065 453
3778 6458 470
3779 4596 359
3780 6437 348
3781 575 379
3782 5611 438
3783 5597 473
3784 2490 332
3785 0 -1
3786 3498 430
3787 0 -1
3788 899 475
3789 4389 363
3790 172 416
3791 4660 418
3792 3146 391
3793 376 413
3794 2711 359
3795 2784 354
3796 5069 392
3797 784 395
3798 1214 392
3799 2565 412
3800 2888 426
3801 6459 422
3802 2923 330
3803 3953 328
3804 5328 495
3805 5302 473
3806 5655 402
3807 34 465
3808 168 517
3809 942 440
3810 682 482
3811 2478 347
3812 303 581
3813 4517 442
3814 5736 331
3815 5504 357
3816 2084 400
3817 4377 281
3818 2637 355
3819 69 462
3820 1456 457
3821 850 397
3822 5490 297
3823 6534 365
3824 2084 419
3825 0 -1
3826 5906 426
3827 0 -1
3828 646 354
3829 2845 305
3830 4175 447
3831 3719 388
3832 3615 359
3833 4069 393
3834 2981 516
3835 1680 406
3836 3979 441
3837 3325 349
3838 1222 295
3839 6391 390
3840 3220 382
3841 779 443
3842 4075 406
3843 6139 371
3844 264 415
3845 3418 434
3846 2449 377
3847 5249 377
3848 4720 432
3849 4440 449
3850 727 325
3851 3097 474
3852 4523 331
3853 3549 389
3854 0 -1
3855 6136 294
3856 3994 427
3857 1169 514
3858 3514 318
3859 0 -1
3860 6402 440
3861 202 453
3862 1186 414
3863 5055 457
3864 404 436
3865 1572 380
3866 1917 396
3867 6326 384
3868 2424 521
3869 2252 445
3870 4462 346
3871 153 406
3872 1307 534
3873 4672 393
3874 4961 302
3875 6108 342
3876 5397 404
3877 3658 448
3878 1446 414
3879 1055 521
3880 2756 346
3881 3403 459
3882 0 -1
3883 109 397
3884 5167 367
3885 6486 589
3886 4485 492
3887 3372 425
3888 5137 370
3889 2549 345
3890 326 344
3891 1092 329
3892 5904 297
3893 3986 406
3894 1448 302
3895 0 -1
3896 5526 401
3897 6595 434
3898 63 372
3899 6553 465
3900 1298 335
3901 2974 401
3902 1288 332
3903 6173 501
3904 3386 433
3905 5060 398
3906 565 447
3907 4500 456
3908 1452 375
3909 5604 337
3910 3916 462
3911 4710 466
3912 4458 432
3913 493 312
3914 5717 315
3915 1988 546
3916 1663 371
3917 3374 209
3918 4794 214
3919 324 425
3920 1341 450
3921 433 324
3922 5560 481
3923 1951 359
3924 3475 357
3925 6197 274
3926 2048 457
3927 3867 389
3928 2133 351
3929 4063 354
3930 6174 545
3931 1175 522
3932 4448 423
3933 1445 412
3934 667 310
3935 5720 343
3936 4164 333
3937 5863 368
3938 5182 400
3939 1199 321
3940 0 -1
3941 5772 273
3942 5092 418
3943 1739 379
3944 0 -1
3945 5913 366
3946 1373 403
3947 718 341
3948 1271 428
3949 4905 259
3950 2923 313
3951 2358 314
3952 383 540
3953 5280 251
3954 3659 394
3955 5153 337
3956 1727 302
3957 1884 378
3958 3647 416
3959 3113 417
3960 1516 374
3961 0 -1
3962 1815 385
3963 4204 359
3964 2829 435
3965 2318 517
3966 1062 234
3967 5138 413
3968 3779 364
3969 2496 427
3970 1545 452
3971 6239 383
3972 2912 452
3973 3921 376
3974 3386 375
3975 6512 412
3976 1542 394
3977 3929 395
3978 265 398
3979 1548 339
3980 6179 202
3981 4988 305
3982 3833 411
3983 0 -1
3984 985 541
3985 3464 316
3986 3232 398
3987 0 -1
3988 3005 455
3989 289 350
3990 2580 348
3991 1981 585
3992 2605 446
3993 1871 288
3994 2355 392
3995 3049 437
3996 5928 375
3997 4905 315
3998 3280 346
3999 2304 367
4000 4768 472
4001 206 425
4002 3420 481
4003 5195 321
4004 2649 394
4005 5979 386
4006 3985 324
4007 715 374
4008 725 313
4009 2370 551
4010 2690 415
4011 1594 349
4012 5837 371
4013 3813 515
4014 578 321
4015 5043 378
4016 3024 517
4017 1591 336
4018 3926 497
4019 2249 396
4020 0 -1
4021 2754 427
4022 5408 355
4023 1353 466
4024 539 383
4025 6117 275
4026 0 -1
4027 2024 452
4028 3569 203
4029 3980 240
4030 3475 272
4031 2803 432
4032 6053 362
4033 6007 411
4034 3454 409
4035 6365 338
4036 4319 582
4037 1655 436
4038 1269 423
4039 998 398
4040 4212 377
4041 0 -1
4042 6026 302
4043 562 354
4044 2456 279
4045 4198 559
4046 2937 313
4047 712 221
4048 3287 457
4049 1336 485
4050 1235 391
4051 1933 295
4052 0 -1
4053 3675 526
4054 3912 510
4055 0 -1
4056 3365 521
4057 1461 303
4058 3568 392
4059 568 422
4060 4275 271
4061 0 -1
4062 5850 368
4063 6232 324
4064 1429 410
4065 4110 385
4066 3233 413
4067 0 -1
4068 767 364
4069 3007 365
4070 1452 276
4071 2042 394
4072 0 -1
4073 4427 519
4074 5692 350
4075 5471 339
4076 2064 404
4077 4266 385
4078 4777 426
4079 4204 343
4080 5097 327
4081 0 -1
4082 5556 368
4083 2294 427
4084 6278 368
4085 103 482
4086 1343 426
4087 5086 507
4088 4100 444
4089 4279 359
4090 1833 384
4091 6548 505
4092 0 -1
4093 28 381
4094 1966 340
4095 1408 294
4096 1845 416
4097 5019 474
4098 2456 326
4099 5889 330
4100 2613 374
4101 3020 362
4102 3951 361
4103 2026 391
4104 5675 311
4105 3386 414
4106 2530 402
4107 3262 404
4108 383 528
4109 447 401
4110 3894 302
4111 5108 299
4112 1630 383
4113 5873 323
4114 3190 353
4115 1361 344
4116 5997 313
4117 0 -1
4118 617 377
4119 621 478
4120 2678 414
4121 2650 414
4122 6522 394
4123 689 271
4124 5583 424
4125 1879 413
4126 3013 314
4127 4148 412
4128 3310 297
4129 0 -1
4130 6272 317
4131 3342 504
4132 4102 408
4133 3418 380
4134 1059 397
4135 4214 363
4136 2909 407
4137 6218 274
4138 702 453
4139 1317 418
4140 2906 396
4141 61 447
4142 3461 327
4143 5807 393
4144 0 -1
4145 2975 386
4146 3139 285
4147 354 327
4148 6541 299
4149 3451 429
4150 1427 254
4151 1877 361
4152 4323 494
4153 458 344
4154 1094 374
4155 5807 361
4156 5644 513
4157 2269 511
4158 4669 430
4159 4169 424
4160 2895 499
4161 2454 421
4162 0 -1
4163 4943 376
4164 3238 333
4165 3347 519
4166 1180 457
4167 2729 321
4168 5996 501
4169 3093 386
4170 6422 480
4171 3123 672
4172 1298 315
4173 1222 241
4174 5752 449
4175 2618 342
4176 3627 547
4177 77 324
4178 3924 421
4179 3661 483
4180 0 -1
4181 3244 376
4182 1601 277
4183 0 -1
4184 395 429
4185 1025 422
4186 1940 317
4187 4118 474
4188 0 -1
4189 4095 304
4190 3862 443
4191 3875 350
4192 5870 383
4193 4957 267
4194 4179 494
4195 2528 390
4196 5484 405
4197 3496 418
4198 3994 446
4199 1699 420
4200 1427 270
4201 4655 275
4202 2940 285
4203 3307 412
4204 1054 323
4205 6530 514
4206 5333 377
4207 6283 415
4208 864 354
4209 4429 411
4210 6163 383
4211 6244 209
4212 1727 330
4213 5651 360
4214 2545 345
4215 0 -1
4216 2093 394
4217 2162 440
4218 42 338
4219 5229 416
4220 5470 316
4221 1720 416
4222 3508 525
4223 5817 419
4224 2175 344
4225 1614 455
4226 3732 366
4227 5236 438
4228 342 326
4229 4957 217
4230 5001 357
4231 4978 257
4232 5418 251
4233 678 408
4234 5340 387
4235 4379 382
4236 3506 460
4237 4130 356
4238 6597 358
4239 5851 460
4240 6510 302
4241 629 324
4242 2636 552
4243 4619 372
4244 5159 371
4245 1065 378
4246 5573 359
4247 3737 318
4248 6495 406
4249 2778 311
4250 4185 511
4251 1381 378
4252 1278 371
4253 0 -1
4254 1451 281
4255 665 384
4256 713 320
4257 4818 370
4258 787 324
4259 1348 177
4260 0 -1
4261 4186 360
4262 4338 408
4263 704 286
4264 5580 415
4265 2195 372
4266 5223 322
4267 0 -1
4268 4740 424
4269 6590 366
4270 4511 367
4271 3515 458
4272 3981 421
4273 4229 290
4274 0 -1
4275 1588 151
4276 2988 458
4277 3256 405
4278 6262 409
4279 6166 302
4280 4732 324
4281 5840 367
4282 5916 426
4283 5595 415
4284 5291 485
4285 6285 401
4286 2405 427
4287 5999 332
4288 6464 384
4289 6100 312
4290 5530 391
4291 1674 264
4292 2524 422
4293 1822 398
4294 5576 351
4295 6258 347
4296 0 -1
4297 2238 414
4298 2077 344
4299 420 462
4300 2637 329
4301 0 -1
4302 6324 405
4303 4957 293
4304 3282 313
4305 5596 514
4306 5586 413
4307 5291 377
4308 0 -1
4309 2156 385
4310 6108 394
4311 2787 382
4312 4899 288
4313 0 -1
4314 2857 416
4315 1469 362
4316 1677 364
4317 724 571
4318 934 395
4319 2483 572
4320 1191 425
4321 3137 477
4322 6395 345
4323 6209 442
4324 0 -1
4325 1486 508
4326 27 362
4327 1712 394
4328 2902 428
4329 2719 478
4330 2313 395
4331 945 442
4332 5171 444
4333 4799 438
4334 1815 483
4335 2859 401
4336 1999 428
4337 2758 283
4338 5934 398
4339 5379 339
4340 3141 447
4341 1055 568
4342 143 375
4343 3719 422
4344 2706 370
4345 3355 399
4346 2993 233
4347 144 357
4348 4523 368
4349 1254 417
4350 3362 351
4351 264 387
4352 234 397
4353 4391 230
4354 2417 396
4355 2518 358
4356 4767 361
4357 1166 330
4358 3839 463
4359 4794 271
4360 3062 412
4361 4177 340
4362 6172 398
4363 4978 260
4364 4105 433
4365 3464 347
4366 4266 341
4367 0 -1
4368 3377 404
4369 3189 393
4370 0 -1
4371 1835 416
4372 0 -1
4373 5496 463
4374 2638 399
4375 615 379
4376 2878 480
4377 4420 249
4378 1454 331
4379 4298 368
4380 3792 454
4381 1826 509
4382 37 425
4383 2140 352
4384 1969 413
4385 163 322
4386 2974 403
4387 1420 463
4388 5319 516
4389 4619 361
4390 2117 312
4391 4506 167
4392 4796 406
4393 522 412
4394 5834 347
4395 870 460
4396 6314 807
4397 323 270
4398 2568 474
4399 3363 431
4400 5433 482
4401 0 -1
4402 3142 442
4403 2173 467
4404 2582 378
4405 4585 443
4406 3387 457
4407 0 -1
4408 4068 481
4409 6037 491
4410 5846 462
4411 3490 204
4412 3397 485
4413 1806 182
4414 2225 436
4415 5358 513
4416 3078 362
4417 5899 359
4418 576 419
4419 3230 476
4420 6557 246
4421 2841 394
4422 5556 328
4423 0 -1
4424 1168 403
4425 2335 450
4426 5153 400
4427 5472 428
4428 747 390
4429 315 396
4430 540 322
4431 1227 450
4432 5439 394
4433 1869 355
4434 456 448
4435 6052 393
4436 3441 485
4437 1637 356
4438 384 465
4439 413 557
4440 4520 357
4441 2357 331
4442 751 226
4443 0 -1
4444 3368 391
4445 6246 416
4446 5404 341
4447 1677 399
4448 6413 404
4449 4115 352
4450 3220 368
4451 4950 527
4452 4837 445
4453 6405 476
4454 2567 397
4455 88 406
4456 240 360
4457 2489 392
4458 4251 420
4459 485 342
4460 744 487
4461 3441 462
4462 4595 287
4463 1228 480
4464 1727 299
4465 0 -1
4466 169 500
4467 4289 337
4468 3660 465
4469 5078 589
4470 0 -1
4471 4539 379
4472 2716 413
4473 2498 349
4474 6160 489
4475 4704 397
4476 289 295
4477 1871 370
4478 486 358
4479 1961 389
4480 1776 250
4481 6218 298
4482 215 206
4483 5856 485
4484 5013 321
4485 6123 376
4486 1778 349
4487 1528 612
4488 558 390
4489 1778 331
4490 0 -1
4491 466 309
4492 5189 416
4493 2941 161
4494 2307 358
4495 3351 311
4496 5419 506
4497 0 -1
4498 3483 365
4499 3722 532
4500 2687 438
4501 1383 250
4502 3169 301
4503 0 -1
4504 6039 325
4505 3617 371
4506 2462 161
4507 5113 258
4508 4069 406
4509 3134 415
4510 424 362
4511 4189 338
4512 692 449
4513 4800 407
4514 3154 470
4515 2490 367
4516 5998 392
4517 5355 413
4518 2323 398
4519 2548 458
4520 766 316
4521 4414 456
4522 6051 412
4523 5329 278
4524 2377 502
4525 1065 349
4526 2133 321
4527 2853 474
4528 4561 311
4529 4989 420
4530 5704 583
4531 0 -1
4532 3001 343
4533 1053 311
4534 1860 374
4535 6002 319
4536 1448 304
4537 2002 366
4538 6307 397
4539 2127 375
4540 3088 352
4541 334 582
4542 2158 532
4543 3055 448
4544 3437 446
4545 3894 340
4546 3338 475
4547 122 366
4548 5700 413
4549 513 370
4550 1856 557
4551 6284 421
4552 5019 432
4553 4700 282
4554 1536 357
4555 1464 426
4556 3781 499
4557 0 -1
4558 4259 255
4559 0 -1
4560 344 355
4561 1978 310
4562 2712 475
4563 4122 429
4564 5106 358
4565 1405 331
4566 1674 346
4567 0 -1
4568 5613 356
4569 4871 512
4570 4003 340
4571 2441 488
4572 539 424
4573 2874 451
4574 1803 379
4575 0 -1
4576 2343 384
4577 5329 267
4578 2310 334
4579 3879 592
4580 552 429
4581 4594 392
4582 5689 356
4583 4201 315
4584 1893 440
4585 4574 387
4586 1699 489
4587 2274 336
4588 4505 392
4589 6022 237
4590 1810 413
4591 3016 336
4592 0 -1
4593 4655 356
4594 5838 384
4595 4719 191
4596 1835 332
4597 5356 453
4598 3691 538
4599 434 362
4600 5139 398
4601 343 414
4602 5591 372
4603 2016 520
4604 5547 395
4605 3748 324
4606 1251 484
4607 1340 595
4608 4487 725
4609 2890 315
4610 5138 404
4611 2937 298
4612 5593 696
4613 652 472
4614 5572 307
4615 681 397
4616 1581 528
4617 0 -1
4618 4564 396
4619 44 333
4620 1814 304
4621 530 491
4622 1162 431
4623 0 -1
4624 4146 290
4625 3263 330
4626 2929 471
4627 2679 423
4628 3933 531
4629 4444 392
4630 5463 411
4631 3967 477
4632 1497 499
4633 147 340
4634 375 255
4635 5226 356
4636 0 -1
4637 1072 457
4638 4922 333
4639 5652 329
4640 5243 299
4641 5172 451
4642 0 -1
4643 6369 389
4644 0 -1
4645 2549 314
4646 6404 506
4647 1082 372
4648 4670 536
4649 3905 428
4650 4098 347
4651 4913 352
4652 1897 343
4653 2668 336
4654 0 -1
4655 4047 273
4656 3655 422
4657 2353 434
4658 4733 433
4659 0 -1
4660 1015 386
4661 167 260
4662 6597 406
4663 3315 286
4664 5717 278
4665 1511 530
4666 2595 426
4667 2761 511
4668 1692 381
4669 4003 339
4670 1479 449
4671 848 348
4672 4743 391
4673 146 432
4674 587 407
4675 3397 436
4676 0 -1
4677 0 -1
4678 264 426
4679 2632 411
4680 3234 354
4681 3247 382
4682 274 473
4683 2341 499
4684 5788 444
4685 5597 401
4686 6246 331
4687 5044 420
4688 205 630
4689 3317 351
4690 5421 472
4691 6354 464
4692 6068 325
4693 1220 345
4694 5267 234
4695 5365 295
4696 519 415
4697 4858 313
4698 1940 303
4699 2687 405
4700 2138 261
4701 3048 531
4702 3595 541
4703 1448 313
4704 5137 332
4705 5707 244
4706 3672 600
4707 1783 412
4708 5234 458
4709 5908 457
4710 4956 384
4711 1590 392
4712 0 -1
4713 2809 425
4714 5629 519
4715 83 408
4716 5717 340
4717 3936 380
4718 6043 311
4719 2612 129
4720 2024 392
4721 5587 394
4722 744 481
4723 2002 405
4724 6162 267
4725 113 456
4726 937 362
4727 5687 292
4728 5687 321
4729 0 -1
4730 6399 450
4731 2534 492
4732 4705 275
4733 6434 415
4734 2595 442
4735 48 481
4736 877 354
4737 5572 296
4738 5113 229
4739 1731 366
4740 2057 364
4741 2661 411
4742 1276 390
4743 2552 283
4744 5303 449
4745 2976 395
4746 2392 493
4747 4128 392
4748 840 315
4749 0 -1
4750 3803 375
4751 3173 477
4752 2820 359
4753 1122 416
4754 3325 369
4755 2808 329
4756 1527 387
4757 3115 374
4758 2694 437
4759 5129 502
4760 3220 329
4761 1517 454
4762 1221 394
4763 5879 443
4764 0 -1
4765 6504 399
4766 2950 295
4767 5410 320
4768 1659 406
4769 3945 479
4770 3131 410
4771 1733 414
4772 5405 466
4773 2240 395
4774 5172 515
4775 5310 486
4776 2008 347
4777 6196 407
4778 1446 455
4779 0 -1
4780 153 326
4781 5786 312
4782 1381 368
4783 5867 451
4784 2841 378
4785 554 545
4786 3892 391
4787 6447 380
4788 5288 380
4789 2102 428
4790 6319 356
4791 3419 487
4792 5311 462
4793 4780 424
4794 2689 189
4795 2357 346
4796 4389 370
4797 6482 339
4798 1288 326
4799 3838 349
4800 4193 308
4801 744 554
4802 947 360
4803 2916 398
4804 4104 328
4805 0 -1
4806 4231 356
4807 5895 475
4808 0 -1
4809 4719 230
4810 5982 465
4811 0 -1
4812 5142 337
4813 0 -1
4814 2043 403
4815 0 -1
4816 726 379
4817 1114 456
4818 4692 366
4819 1674 331
4820 2616 435
4821 4265 416
4822 3097 469
4823 622 301
4824 343 408
4825 6374 421
4826 2577 490
4827 4080 430
4828 5302 471
4829 3151 385
4830 6433 353
4831 3222 419
4832 2589 508
4833 2414 265
4834 2455 412
4835 318 323
4836 80 417
4837 4235 428
4838 5120 280
4839 5932 327
4840 654 462
4841 5563 436
4842 6483 443
4843 1576 409
4844 1849 325
4845 3294 527
4846 3607 354
4847 2024 419
4848 4051 380
4849 1729 464
4850 0 -1
4851 3925 333
4852 2796 356
4853 3190 378
4854 2626 396
4855 485 381
4856 758 430
4857 6588 408
4858 4363 275
4859 1071 354
4860 0 -1
4861 0 -1
4862 3068 421
4863 3228 345
4864 6587 458
4865 0 -1
4866 1540 305
4867 5406 369
4868 4553 313
4869 2008 387
4870 3677 478
4871 2354 429
4872 4650 428
4873 2962 320
4874 1471 389
4875 4723 457
4876 5072 364
4877 5003 453
4878 1830 181
4879 2185 380
4880 3397 507
4881 6581 386
4882 5740 475
4883 5120 325
4884 0 -1
4885 3755 303
4886 6232 352
4887 5223 333
4888 2227 349
4889 4878 221
4890 5974 651
4891 6493 400
4892 2095 399
4893 3577 433
4894 3830 478
4895 733 473
4896 2676 371
4897 594 381
4898 0 -1
4899 4413 272
4900 3819 519
4901 5144 340
4902 1966 417
4903 788 428
4904 3300 443
4905 689 259
4906 3515 485
4907 5810 339
4908 0 -1
4909 1996 261
4910 6165 285
4911 1202 404
4912 1923 407
4913 2138 280
4914 3492 254
4915 1207 428
4916 3616 320
4917 6509 500
4918 2079 382
4919 5803 405
4920 6053 324
4921 5213 437
4922 2155 277
4923 5552 431
4924 6444 395
4925 5245 408
4926 1082 385
4927 107 445
4928 1773 370
4929 6179 205
4930 0 -1
4931 2714 366
4932 579 425
4933 4693 424
4934 1877 390
4935 3221 412
4936 6580 312
4937 4441 364
4938 3121 556
4939 5318 368
4940 759 418
4941 1828 379
4942 6042 417
4943 4948 370
4944 2506 378
4945 937 369
4946 686 422
4947 0 -1
4948 1859 297
4949 1488 302
4950 4854 460
4951 0 -1
4952 2684 422
4953 4787 429
4954 4823 360
4955 5640 349
4956 5112 313
4957 2612 191
4958 846 454
4959 2559 370
4960 3049 448
4961 3723 275
4962 856 273
4963 5086 407
4964 865 272
4965 1679 458
4966 6179 297
4967 2920 325
4968 6351 281
4969 3819 558
4970 2738 428
4971 2039 357
4972 6212 320
4973 2800 265
4974 5677 448
4975 1313 376
4976 0 -1
4977 1815 376
4978 4589 249
4979 5368 281
4980 3455 405
4981 2756 393
4982 0 -1
4983 5383 363
4984 4686 434
4985 4158 471
4986 4841 443
4987 4609 337
4988 4211 239
4989 1827 394
4990 5340 430
4991 449 359
4992 5695 469
4993 1837 359
4994 3811 399
4995 6146 485
4996 2371 385
4997 0 -1
4998 537 507
4999 1609 397
5000 5264 521
5001 3454 353
5002 2705 565
5003 385 362
5004 1923 401
5005 1194 407
5006 1044 554
5007 582 430
5008 1883 460
5009 309 459
5010 1280 463
5011 2802 374
5012 5843 408
5013 2991 276
5014 4933 459
5015 2924 447
5016 3976 408
5017 3418 459
5018 5845 590
5019 1289 375
5020 2859 315
5021 0 -1
5022 6052 501
5023 5916 408
5024 0 -1
5025 5342 322
5026 0 -1
5027 5272 410
5028 3445 301
5029 4203 434
5030 0 -1
5031 5430 375
5032 0 -1
5033 3797 464
5034 1942 345
5035 343 370
5036 629 397
5037 938 558
5038 0 -1
5039 966 314
5040 2570 485
5041 2378 456
5042 0 -1
5043 6042 378
5044 6192 341
5045 416 379
5046 3777 470
5047 2640 470
5048 3429 525
5049 1301 227
5050 611 380
5051 3445 383
5052 1940 365
5053 303 575
5054 500 363
5055 2930 427
5056 0 -1
5057 1254 379
5058 1884 382
5059 4353 264
5060 1296 390
5061 5835 477
5062 132 414
5063 3317 279
5064 2237 446
5065 3312 334
5066 6009 547
5067 2561 405
5068 5194 488
5069 5190 362
5070 289 371
5071 6505 354
5072 3096 317
5073 219 385
5074 1082 336
5075 4692 376
5076 4960 452
5077 1983 376
5078 4667 584
5079 5802 403
5080 832 252
5081 1344 492
5082 5666 383
5083 153 372
5084 1348 222
5085 587 358
5086 3171 399
5087 412 371
5088 5428 361
5089 1183 398
5090 1894 647
5091 1008 488
5092 1541 311
5093 1969 397
5094 2044 507
5095 4480 365
5096 3601 496
5097 5314 327
5098 6531 269
5099 5716 450
5100 5636 309
5101 1936 346
5102 4873 347
5103 3814 336
5104 146 409
5105 5744 422
5106 2524 350
5107 3736 355
5108 4442 285
5109 4471 391
5110 520 423
5111 2237 478
5112 3423 287
5113 5338 146
5114 4263 346
5115 526 419
5116 5211 360
5117 561 408
5118 3565 461
5119 1147 415
5120 3514 239
5121 1542 435
5122 2362 390
5123 483 406
5124 2529 403
5125 1017 440
5126 5527 426
5127 2308 371
5128 2019 359
5129 421 402
5130 6547 412
5131 2106 404
5132 5183 544
5133 5856 418
5134 159 476
5135 6531 222
5136 1132 524
5137 15 261
5138 6594 340
5139 6442 333
5140 5926 450
5141 3211 398
5142 5084 254
5143 2862 432
5144 4189 321
5145 1139 293
5146 6450 421
5147 1120 558
5148 2136 478
5149 6477 417
5150 567 372
5151 6272 269
5152 4713 531
5153 3368 313
5154 2231 440
5155 3401 551
5156 5613 383
5157 3348 376
5158 3776 383
5159 2052 348
5160 4047 314
5161 5851 372
5162 2926 441
5163 2035 239
5164 1961 398
5165 4674 421
5166 6026 286
5167 6218 277
5168 6190 349
5169 3368 313
5170 2691 495
5171 646 365
5172 1148 447
5173 2330 429
5174 215 313
5175 1056 472
5176 594 431
5177 2669 349
5178 397 422
5179 4604 422
5180 3396 557
5181 1691 448
5182 4833 331
5183 2143 542
5184 1367 393
5185 3315 271
5186 723 324
5187 4689 405
5188 4988 261
5189 1541 331
5190 305 260
5191 4653 402
5192 390 419
5193 4994 454
5194 5954 485
5195 3914 319
5196 3858 370
5197 0 -1
5198 1776 270
5199 3092 437
5200 2704 516
5201 1447 402
5202 5748 416
5203 3674 509
5204 289 321
5205 0 -1
5206 4279 323
5207 403 477
5208 2808 368
5209 3492 187
5210 5114 390
5211 3949 311
5212 1213 394
5213 1517 425
5214 352 328
5215 54 391
5216 1306 416
5217 526 401
5218 3783 473
5219 3894 396
5220 3334 287
5221 5160 383
5222 2556 448
5223 288 213
5224 486 323
5225 2878 390
5226 943 335
5227 2272 384
5228 71 464
5229 4858 375
5230 0 -1
5231 62 465
5232 1668 461
5233 2621 375
5234 5321 423
5235 3529 402
5236 5597 430
5237 3483 374
5238 416 319
5239 2693 408
5240 6264 395
5241 5188 306
5242 2763 334
5243 6005 293
5244 3467 411
5245 6108 391
5246 1158 400
5247 3998 399
5248 6297 335
5249 4337 340
5250 5812 397
5251 4186 399
5252 1503 263
5253 5115 438
5254 4365 464
5255 3281 425
5256 6580 336
5257 1651 358
5258 1360 456
5259 3914 393
5260 5679 393
5261 760 394
5262 485 330
5263 1224 500
5264 3131 405
5265 0 -1
5266 832 239
5267 1348 226
5268 6141 434
5269 133 404
5270 3776 310
5271 4635 414
5272 2802 366
5273 217 359
5274 4838 394
5275 3398 417
5276 0 -1
5277 5910 418
5278 0 -1
5279 3633 342
5280 4391 226
5281 4795 363
5282 4973 342
5283 3682 440
5284 5630 373
5285 5332 455
5286 4521 503
5287 4987 384
5288 5470 313
5289 2198 388
5290 3114 398
5291 1858 368
5292 449 402
5293 43 513
5294 41 503
5295 3211 421
5296 3690 489
5297 4523 282
5298 5179 531
5299 5194 584
5300 1737 427
5301 4262 414
5302 6214 356
5303 5239 432
5304 314 354
5305 2590 386
5306 255 387
5307 550 531
5308 5914 501
5309 3261 390
5310 4916 380
5311 1840 437
5312 6258 403
5313 2980 370
5314 2838 268
5315 3189 452
5316 1760 398
5317 671 529
5318 56 329
5319 5282 452
5320 4954 367
5321 2815 396
5322 2944 403
5323 5808 382
5324 1837 301
5325 503 453
5326 3368 386
5327 3190 405
5328 3211 396
5329 4506 203
5330 3957 403
5331 6162 260
5332 3197 432
5333 3213 368
5334 6002 316
5335 309 518
5336 2428 413
5337 953 454
5338 6164 112
5339 3673 321
5340 804 385
5341 2480 372
5342 2156 312
5343 4422 343
5344 0 -1
5345 4237 366
5346 3980 318
5347 4123 332
5348 2759 403
5349 3277 392
5350 1070 282
5351 4879 411
5352 1810 397
5353 3370 491
5354 1758 622
5355 6319 389
5356 2078 346
5357 0 -1
5358 6403 417
5359 5671 418
5360 640 357
5361 1783 392
5362 5196 479
5363 352 266
5364 4562 549
5365 2414 289
5366 4511 371
5367 3337 481
5368 6466 253
5369 1975 340
5370 0 -1
5371 5896 494
5372 3760 285
5373 5563 392
5374 2943 375
5375 312 463
5376 5004 492
5377 4804 438
5378 4719 224
5379 1187 320
5380 5329 306
5381 3852 374
5382 2858 484
5383 2716 352
5384 6218 379
5385 2253 583
5386 1629 434
5387 460 452
5388 5403 431
5389 6513 483
5390 1170 428
5391 4436 552
5392 3692 399
5393 1884 410
5394 5897 425
5395 6022 255
5396 0 -1
5397 3037 388
5398 656 388
5399 1191 412
5400 5745 464
5401 1684 411
5402 5454 428
5403 80 393
5404 4905 329
5405 2047 388
5406 977 312
5407 3832 469
5408 3368 330
5409 3736 365
5410 1666 298
5411 6590 306
5412 3457 342
5413 1328 380
5414 5662 396
5415 0 -1
5416 5112 318
5417 288 292
5418 3490 188
5419 5401 414
5420 5903 445
5421 6550 457
5422 3504 502
5423 2114 439
5424 1163 403
5425 4843 480
5426 863 480
5427 3134 412
5428 2996 270
5429 5070 458
5430 4697 316
5431 4213 388
5432 515 356
5433 2135 409
5434 0 -1
5435 0 -1
5436 1865 483
5437 6599 430
5438 3954 409
5439 5572 382
5440 2420 373
5441 2726 497
5442 0 -1
5443 569 446
5444 2235 575
5445 5103 356
5446 2764 386
5447 3843 376
5448 1653 461
5449 5600 430
5450 4639 398
5451 5992 329
5452 467 402
5453 6424 308
5454 2748 417
5455 3838 384
5456 0 -1
5457 1634 451
5458 1994 373
5459 4886 390
5460 927 480
5461 0 -1
5462 232 435
5463 3265 382
5464 0 -1
5465 4314 511
5466 3053 381
5467 0 -1
5468 6204 372
5469 2238 401
5470 4413 206
5471 6386 291
5472 614 322
5473 6026 282
5474 118 398
5475 511 533
5476 2304 425
5477 5857 345
5478 2953 380
5479 5546 473
5480 0 -1
5481 677 433
5482 4653 344
5483 3160 503
5484 5186 333
5485 5122 404
5486 0 -1
5487 123 384
5488 4916 404
5489 3389 486
5490 3475 286
5491 1321 486
5492 666 481
5493 6590 303
5494 1070 312
5495 6255 432
5496 5701 393
5497 4421 410
5498 2236 446
5499 3334 309
5500 0 -1
5501 4885 383
5502 243 334
5503 1564 385
5504 5223 284
5505 1646 476
5506 24 361
5507 6003 300
5508 3215 467
5509 100 267
5510 4444 432
5511 853 351
5512 2361 384
5513 5888 521
5514 2301 409
5515 4698 391
5516 834 252
5517 3569 126
5518 5459 475
5519 1051 401
5520 5311 524
5521 429 332
5522 0 -1
5523 1342 399
5524 4854 414
5525 2937 332
5526 1853 344
5527 3261 390
5528 5556 423
5529 2726 387
5530 85 346
5531 4143 489
5532 532 428
5533 5264 427
5534 755 378
5535 2722 441
5536 1294 302
5537 6505 424
5538 0 -1
5539 1726 532
5540 1667 388
5541 3479 514
5542 4720 504
5543 6337 419
5544 6585 462
5545 5445 364
5546 2127 401
5547 4883 348
5548 0 -1
5549 2738 442
5550 845 415
5551 0 -1
5552 5972 385
5553 5228 510
5554 5672 322
5555 528 357
5556 5190 327
5557 5383 387
5558 689 270
5559 3737 412
5560 5870 406
5561 5398 416
5562 5693 527
5563 6520 378
5564 5741 338
5565 0 -1
5566 1914 414
5567 3806 450
5568 4248 435
5569 0 -1
5570 4912 455
5571 2273 308
5572 458 281
5573 1940 317
5574 0 -1
5575 2359 398
5576 6473 301
5577 2941 96
5578 1852 494
5579 2366 435
5580 1167 394
5581 1156 579
5582 6001 333
5583 4201 377
5584 1251 403
5585 4770 419
5586 2856 303
5587 6317 375
5588 4300 412
5589 1846 500
5590 2180 640
5591 3004 273
5592 0 -1
5593 6142 577
5594 1052 373
5595 2639 389
5596 268 421
5597 1122 388
5598 5454 425
5599 4689 456
5600 4498 377
5601 1111 428
5602 5195 387
5603 0 -1
5604 77 315
5605 984 450
5606 5348 472
5607 1584 405
5608 2118 509
5609 464 514
5610 1271 456
5611 1283 383
5612 4750 401
5613 2618 307
5614 4605 348
5615 1447 316
5616 5893 167
5617 5499 377
5618 966 368
5619 4482 304
5620 6043 338
5621 554 528
5622 0 -1
5623 4345 458
5624 2684 341
5625 0 -1
5626 0 -1
5627 5104 440
5628 199 456
5629 2711 415
5630 575 336
5631 2324 351
5632 6177 292
5633 1265 348
5634 2211 411
5635 233 595
5636 2117 295
5637 3282 330
5638 2584 472
5639 3042 328
5640 4042 348
5641 1003 427
5642 5463 436
5643 2127 446
5644 2518 446
5645 6371 620
5646 5384 429
5647 1095 444
5648 0 -1
5649 4760 344
5650 4614 310
5651 1199 287
5652 5418 281
5653 4164 358
5654 3079 348
5655 4280 374
5656 5113 160
5657 3903 530
5658 2351 338
5659 0 -1
5660 0 -1
5661 6192 449
5662 443 279
5663 2062 483
5664 6192 346
5665 2069 346
5666 3096 312
5667 3909 421
5668 2382 387
5669 97 380
5670 5313 404
5671 854 401
5672 6409 287
5673 2822 518
5674 3369 404
5675 3966 262
5676 921 391
5677 1278 417
5678 18 371
5679 1313 323
5680 3492 184
5681 5916 351
5682 0 -1
5683 6444 431
5684 6221 445
5685 4430 428
5686 6556 374
5687 170 277
5688 3020 383
5689 3109 351
5690 5326 488
5691 892 374
5692 5873 275
5693 4867 433
5694 1310 373
5695 1095 400
5696 4916 336
5697 2793 486
5698 3307 422
5699 2713 373
5700 6479 394
5701 3837 364
5702 421 373
5703 6473 397
5704 2732 494
5705 6310 285
5706 6473 319
5707 2689 136
5708 5198 271
5709 4266 394
5710 670 394
5711 5372 366
5712 1293 453
5713 1310 359
5714 4340 548
5715 1721 314
5716 4661 368
5717 3323 259
5718 1170 382
5719 876 561
5720 6409 311
5721 0 -1
5722 387 482
5723 5498 493
5724 3075 397
5725 1175 463
5726 3221 399
5727 533 491
5728 2541 521
5729 2323 373
5730 2592 640
5731 355 390
5732 5597 390
5733 3594 371
5734 1351 190
5735 900 310
5736 4030 329
5737 5916 311
5738 4664 336
5739 0 -1
5740 2690 450
5741 3016 331
5742 3698 374
5743 136 285
5744 6155 404
5745 6277 432
5746 1737 436
5747 0 -1
5748 1786 389
5749 6547 385
5750 5694 414
5751 715 389
5752 6579 414
5753 0 -1
5754 1590 387
5755 1462 385
5756 4658 495
5757 6204 441
5758 2901 316
5759 695 470
5760 6532 488
5761 892 357
5762 4672 494
5763 900 270
5764 2154 362
5765 839 361
5766 3585 545
5767 843 369
5768 6007 355
5769 4992 492
5770 5586 317
5771 2385 396
5772 100 262
5773 4699 486
5774 2034 470
5775 6245 394
5776 44 323
5777 5889 355
5778 5558 303
5779 1398 359
5780 5998 400
5781 4095 393
5782 5035 431
5783 4126 314
5784 6098 524
5785 1861 438
5786 3640 248
5787 3601 465
5788 2700 414
5789 3565 427
5790 3093 413
5791 4130 357
5792 2386 441
5793 4034 508
5794 6051 437
5795 2769 509
5796 2770 439
5797 2052 342
5798 3173 474
5799 3770 330
5800 2258 445
5801 5126 431
5802 561 364
5803 2530 301
5804 4116 354
5805 6102 406
5806 5304 366
5807 2159 277
5808 4378 352
5809 326 339
5810 5144 327
5811 2468 745
5812 1542 385
5813 3322 459
5814 5106 373
5815 3021 413
5816 2058 526
5817 771 371
5818 1663 454
5819 3449 332
5820 5694 383
5821 848 365
5822 0 -1
5823 3913 323
5824 4755 434
5825 5084 314
5826 6559 417
5827 2091 387
5828 5040 489
5829 5731 397
5830 3226 277
5831 1360 413
5832 1465 501
5833 4824 476
5834 5365 293
5835 968 430
5836 5803 376
5837 6030 347
5838 5662 349
5839 4086 456
5840 3698 345
5841 1276 376
5842 3265 397
5843 4130 371
5844 5073 413
5845 6519 513
5846 3441 407
5847 2153 328
5848 3001 389
5849 0 -1
5850 3850 351
5851 4839 358
5852 6391 388
5853 824 401
5854 970 472
5855 3686 369
5856 2743 388
5857 5619 340
5858 3033 504
5859 3459 427
5860 3492 249
5861 3506 406
5862 2845 349
5863 2125 323
5864 2074 370
5865 6173 468
5866 2595 470
5867 6284 417
5868 5651 354
5869 614 396
5870 5652 340
5871 4095 331
5872 5165 537
5873 683 226
5874 0 -1
5875 1464 345
5876 5835 446
5877 4719 179
5878 2094 339
5879 6333 441
5880 6544 362
5881 812 432
5882 854 374
5883 5395 265
5884 565 355
5885 2593 286
5886 5262 369
5887 3957 476
5888 1276 404
5889 3315 269
5890 189 351
5891 1108 326
5892 1634 471
5893 5338 151
5894 0 -1
5895 397 399
5896 5356 408
5897 5521 347
5898 648 330
5899 5507 314
5900 1833 466
5901 1403 468
5902 570 439
5903 6012 437
5904 1348 213
5905 2448 393
5906 4255 408
5907 3452 399
5908 2147 404
5909 1070 386
5910 4344 404
5911 2172 445
5912 28 375
5913 691 327
5914 3932 494
5915 5641 445
5916 749 306
5917 2163 571
5918 0 -1
5919 729 422
5920 4335 427
5921 6538 591
5922 2460 276
5923 4961 323
5924 2094 344
5925 4887 375
5926 297 360
5927 729 376
5928 526 370
5929 6523 427
5930 302 496
5931 4665 616
5932 5329 297
5933 197 347
5934 1426 360
5935 1755 415
5936 4285 470
5937 879 492
5938 4635 369
5939 5577 169
5940 5701 468
5941 1169 523
5942 4562 531
5943 0 -1
5944 6460 374
5945 4421 449
5946 2273 365
5947 1588 66
5948 1435 559
5949 1310 403
5950 1260 361
5951 3077 361
5952 6166 280
5953 5356 396
5954 3698 378
5955 2556 534
5956 3707 409
5957 1680 383
5958 0 -1
5959 3310 337
5960 2993 323
5961 0 -1
5962 1269 369
5963 0 -1
5964 3413 370
5965 3355 460
5966 2350 372
5967 5758 407
5968 3407 477
5969 5989 319
5970 4905 370
5971 4410 475
5972 2396 346
5973 6252 401
5974 2228 628
5975 5160 428
5976 4069 461
5977 2208 551
5978 5033 516
5979 3240 381
5980 1646 406
5981 1995 385
5982 6029 416
5983 0 -1
5984 4899 390
5985 0 -1
5986 0 -1
5987 0 -1
5988 0 -1
5989 100 209
5990 466 363
5991 2444 465
5992 1052 326
5993 599 440
5994 4109 426
5995 2756 305
5996 6107 448
5997 1674 283
5998 4040 385
5999 4962 300
6000 175 487
6001 2159 279
6002 3596 277
6003 5080 266
6004 4814 407
6005 1408 243
6006 3344 444
6007 1145 329
6008 4807 483
6009 1694 477
6010 666 408
6011 2255 404
6012 4291 319
6013 1875 363
6014 2726 419
6015 4261 387
6016 5329 287
6017 1754 463
6018 3227 452
6019 2154 355
6020 1267 295
6021 1927 431
6022 443 228
6023 3562 424
6024 1372 349
6025 2813 490
6026 3708 274
6027 4119 515
6028 440 346
6029 4767 332
6030 2986 258
6031 4892 432
6032 6078 362
6033 5604 372
6034 1795 377
6035 3658 364
6036 1729 463
6037 3231 430
6038 0 -1
6039 5893 225
6040 4214 396
6041 2414 311
6042 721 342
6043 6272 303
6044 6446 423
6045 2602 417
6046 0 -1
6047 2481 361
6048 3425 420
6049 5886 422
6050 4195 414
6051 6105 342
6052 2249 391
6053 263 322
6054 3498 350
6055 6032 479
6056 301 467
6057 0 -1
6058 1495 453
6059 2774 378
6060 639 561
6061 2202 364
6062 4146 354
6063 283 466
6064 4418 474
6065 4393 425
6066 864 352
6067 4896 376
6068 3228 323
6069 1685 314
6070 3723 319
6071 3262 344
6072 6580 314
6073 1585 531
6074 4232 359
6075 6512 412
6076 6239 380
6077 0 -1
6078 6395 283
6079 2786 557
6080 5262 395
6081 5416 371
6082 3975 422
6083 663 376
6084 1427 349
6085 0 -1
6086 5808 395
6087 4669 363
6088 147 352
6089 787 328
6090 6447 407
6091 1572 366
6092 0 -1
6093 198 429
6094 1536 382
6095 5453 336
6096 86 345
6097 3165 574
6098 3022 419
6099 836 499
6100 2156 291
6101 5772 293
6102 2994 400
6103 4315 382
6104 4703 422
6105 5378 302
6106 932 347
6107 2785 383
6108 2774 330
6109 66 449
6110 1444 391
6111 2642 472
6112 6058 466
6113 5256 406
6114 1148 397
6115 5662 315
6116 2792 409
6117 5470 228
6118 2516 469
6119 2620 378
6120 5665 376
6121 1336 407
6122 0 -1
6123 2035 272
6124 0 -1
6125 3322 412
6126 1073 508
6127 5552 496
6128 5028 377
6129 4252 375
6130 2940 348
6131 4103 455
6132 2355 406
6133 6510 341
6134 1400 452
6135 0 -1
6136 4263 290
6137 4130 319
6138 3839 410
6139 2812 319
6140 3772 398
6141 604 414
6142 5027 508
6143 4743 335
6144 5707 156
6145 2789 409
6146 494 454
6147 3581 446
6148 3806 425
6149 4101 364
6150 1966 346
6151 2302 347
6152 5115 436
6153 3958 418
6154 0 -1
6155 3510 383
6156 0 -1
6157 516 525
6158 1068 428
6159 3621 476
6160 1213 403
6161 4766 334
6162 3596 253
6163 2794 374
6164 5947 72
6165 1505 279
6166 2804 272
6167 5186 424
6168 660 444
6169 3681 464
6170 3277 403
6171 1693 391
6172 1541 359
6173 2114 390
6174 4217 455
6175 528 423
6176 5229 406
6177 2800 255
6178 5810 406
6179 1358 194
6180 4907 400
6181 5516 354
6182 0 -1
6183 4663 303
6184 6211 359
6185 3770 358
6186 2295 495
6187 3637 333
6188 1424 359
6189 3234 329
6190 5499 344
6191 1349 537
6192 2991 335
6193 2400 382
6194 4265 430
6195 1437 467
6196 2106 357
6197 4957 235
6198 0 -1
6199 532 479
6200 6047 469
6201 5477 391
6202 1026 462
6203 6422 427
6204 5302 369
6205 1732 342
6206 470 370
6207 3437 382
6208 5465 530
6209 3692 433
6210 0 -1
6211 4889 248
6212 315 307
6213 4480 256
6214 433 353
6215 2448 423
6216 4731 573
6217 3229 326
6218 5904 267
6219 3450 404
6220 0 -1
6221 1170 383
6222 4017 374
6223 6432 455
6224 4691 464
6225 4191 357
6226 5859 437
6227 2146 575
6228 1385 393
6229 4661 380
6230 1824 349
6231 294 422
6232 3226 250
6233 421 349
6234 0 -1
6235 1244 442
6236 5935 418
6237 2930 448
6238 0 -1
6239 3540 336
6240 1725 453
6241 4492 426
6242 5952 328
6243 4651 415
6244 3750 180
6245 5838 368
6246 4743 323
6247 5221 424
6248 2259 339
6249 6346 396
6250 3847 411
6251 537 415
6252 4337 337
6253 4994 413
6254 2795 400
6255 2719 420
6256 5799 337
6257 6597 360
6258 239 308
6259 3677 403
6260 1975 383
6261 2016 475
6262 6466 301
6263 0 -1
6264 6193 382
6265 1363 370
6266 2829 400
6267 3153 343
6268 134 492
6269 2739 426
6270 1996 261
6271 4224 444
6272 5786 267
6273 6362 378
6274 3251 397
6275 0 -1
6276 5880 404
6277 6242 397
6278 213 312
6279 1014 446
6280 1271 406
6281 4149 518
6282 2356 363
6283 1448 335
6284 247 366
6285 1961 401
6286 1786 415
6287 3228 371
6288 160 398
6289 3044 413
6290 5681 393
6291 5817 413
6292 0 -1
6293 4931 465
6294 6454 440
6295 4578 393
6296 2068 360
6297 844 271
6298 3394 420
6299 2361 407
6300 5588 443
6301 4570 341
6302 2319 330
6303 196 420
6304 927 549
6305 2935 366
6306 0 -1
6307 4858 372
6308 0 -1
6309 1966 364
6310 995 250
6311 1824 377
6312 2650 415
6313 857 510
6314 3644 785
6315 5395 345
6316 4935 445
6317 999 315
6318 6545 348
6319 4591 355
6320 96 379
6321 777 405
6322 2699 524
6323 2315 390
6324 5499 309
6325 3394 396
6326 5932 367
6327 4295 463
6328 5455 406
6329 6488 291
6330 691 400
6331 1005 413
6332 5217 463
6333 1536 407
6334 4252 382
6335 3640 285
6336 5291 387
6337 1612 377
6338 0 -1
6339 4526 394
6340 620 415
6341 4307 445
6342 4800 365
6343 2808 309
6344 3299 398
6345 2167 399
6346 2418 303
6347 4491 325
6348 6028 362
6349 767 386
6350 1054 316
6351 1806 232
6352 4359 388
6353 69 499
6354 410 379
6355 362 548
6356 1781 561
6357 0 -1
6358 1278 403
6359 2188 370
6360 2400 319
6361 2788 443
6362 5952 343
6363 6565 472
6364 2115 301
6365 1071 335
6366 5033 553
6367 263 332
6368 4371 465
6369 4577 297
6370 0 -1
6371 4000 592
6372 1358 267
6373 2886 452
6374 4186 416
6375 3449 370
6376 4302 510
6377 6542 386
6378 870 425
6379 3525 453
6380 1045 388
6381 0 -1
6382 2735 356
6383 5063 321
6384 1186 499
6385 5111 569
6386 1830 189
6387 5109 459
6388 4798 429
6389 5681 413
6390 6225 457
6391 2371 366
6392 2103 404
6393 4553 294
6394 4577 326
6395 6557 250
6396 485 325
6397 6578 424
6398 5407 567
6399 2489 345
6400 0 -1
6401 969 531
6402 5952 347
6403 5034 416
6404 4095 400
6405 6519 432
6406 3398 411
6407 3928 405
6408 1550 510
6409 4719 213
6410 5190 358
6411 3377 424
6412 483 427
6413 4596 371
6414 0 -1
6415 0 -1
6416 2440 387
6417 3380 407
6418 0 -1
6419 5502 414
6420 980 456
6421 5572 384
6422 1468 397
6423 0 -1
6424 4493 234
6425 0 -1
6426 4700 375
6427 418 391
6428 0 -1
6429 6108 367
6430 1601 320
6431 4580 501
6432 1060 374
6433 6557 340
6434 4760 335
6435 6043 329
6436 4728 385
6437 5167 281
6438 1405 321
6439 2316 419
6440 3666 508
6441 113 347
6442 1206 306
6443 6511 455
6444 160 389
6445 3190 392
6446 3554 420
6447 3549 314
6448 5820 441
6449 1465 483
6450 4838 303
6451 1462 386
6452 3364 418
6453 0 -1
6454 3696 429
6455 2565 401
6456 377 354
6457 1825 409
6458 1454 445
6459 4537 370
6460 1871 355
6461 3078 393
6462 4337 328
6463 4519 474
6464 5282 375
6465 2834 351
6466 900 243
6467 4022 387
6468 4996 400
6469 5174 418
6470 4883 347
6471 4833 336
6472 0 -1
6473 712 286
6474 6475 418
6475 3386 376
6476 1102 428
6477 563 414
6478 622 357
6479 4446 375
6480 4495 339
6481 4255 485
6482 1408 220
6483 1760 404
6484 5927 381
6485 3204 375
6486 2266 504
6487 925 431
6488 4275 270
6489 589 462
6490 2777 474
6491 6551 385
6492 3546 419
6493 4182 298
6494 1658 429
6495 1142 384
6496 3265 407
6497 1631 510
6498 1667 430
6499 3207 495
6500 2985 393
6501 5768 439
6502 1796 522
6503 6265 421
6504 3449 342
6505 1952 317
6506 2567 355
6507 6242 340
6508 557 356
6509 6378 475
6510 6272 289
6511 1328 366
6512 4748 315
6513 2809 429
6514 0 -1
6515 4887 376
6516 5085 452
6517 5449 526
6518 3632 444
6519 4993 404
6520 2333 354
6521 4938 646
6522 1835 345
6523 1670 340
6524 5256 350
6525 759 395
6526 2764 350
6527 1283 431
6528 2529 411
6529 5069 408
6530 2752 454
6531 4391 201
6532 359 467
6533 5413 395
6534 3921 356
6535 1968 380
6536 3343 435
6537 3109 381
6538 4597 533
6539 5524 481
6540 3673 414
6541 1358 179
6542 1108 319
6543 3494 428
6544 3708 356
6545 2864 297
6546 2944 449
6547 3034 356
6548 1144 476
6549 2193 378
6550 4918 392
6551 1836 341
6552 3681 513
6553 6231 465
6554 6462 416
6555 5700 403
6556 4303 353
6557 6386 233
6558 5627 530
6559 1079 378
6560 5952 355
6561 6531 258
6562 2687 394
6563 4437 368
6564 2772 471
6565 6160 442
6566 5776 410
6567 2966 447
6568 3760 394
6569 184 368
6570 4686 357
6571 657 522
6572 1629 459
6573 6222 440
6574 255 373
6575 2724 448
6576 4909 311
6577 4070 371
6578 6438 394
6579 2901 342
6580 3662 271
6581 2559 371
6582 0 -1
6583 0 -1
6584 3120 442
6585 1343 402
6586 3496 365
6587 2813 388
6588 4289 393
6589 5650 398
6590 5428 281
6591 3543 399
6592 728 482
6593 0 -1
6594 4391 222
6595 2103 395
6596 5100 342
6597 644 342
6598 3045 383
6599 2355 396
6600 18 418
