27
1 0 -1
2 3470 545
3 0 -1
4 6032 378
5 5624 491
6 0 -1
7 2732 460
8 149 475
9 5184 416
10 3773 444
11 6527 483
12 0 -1
13 1314 347
14 2711 368
15 1809 310
16 3067 523
17 6475 417
18 6346 435
19 5431 437
20 3615 444
21 60 390
22 3342 337
23 1293 512
24 5161 324
25 151 468
26 4645 467
27 27 0
28 5025 442
29 4855 487
30 2858 347
31 0 -1
32 116 453
33 5737 453
34 1486 429
35 3484 482
36 2248 451
37 4818 422
38 1930 466
39 2153 486
40 5840 454
41 3369 374
42 4247 387
43 558 453
44 2815 397
45 1283 410
46 134 435
47 1617 725
48 790 502
49 4119 487
50 3169 563
51 3112 363
52 855 513
53 1132 279
54 3342 329
55 5608 474
56 4057 324
57 4190 359
58 0 -1
59 1504 336
60 6165 367
61 2535 376
62 2317 425
63 3342 323
64 852 588
65 1562 388
66 5960 291
67 5642 272
68 0 -1
69 3382 531
70 4190 406
71 906 388
72 3943 513
73 4828 638
74 1053 413
75 4233 426
76 6051 494
77 5142 470
78 410 479
79 132 365
80 4228 246
81 2602 555
82 1108 523
83 101 414
84 2074 471
85 4959 220
86 6301 376
87 4286 504
88 3510 450
89 5345 429
90 20 454
91 227 597
92 0 -1
93 4281 400
94 1782 581
95 311 536
96 3850 511
97 3520 336
98 1126 453
99 628 354
100 5871 374
101 2064 413
102 4115 523
103 142 394
104 2593 417
105 4525 358
106 1292 367
107 5962 401
108 5195 435
109 6020 404
110 6389 412
111 4445 476
112 3034 509
113 4057 360
114 2851 321
115 2537 462
116 22 448
117 939 505
118 5333 422
119 4672 463
120 3289 741
121 3867 394
122 777 405
123 99 396
124 0 -1
125 6136 440
126 4100 424
127 1353 354
128 3546 417
129 5545 453
130 1436 502
131 4231 417
132 3617 295
133 3117 411
134 3709 417
135 1253 304
136 6091 415
137 1166 516
138 0 -1
139 3453 460
140 3231 516
141 1000 390
142 4895 371
143 5953 404
144 2843 337
145 2453 379
146 3732 461
147 5016 462
148 2669 472
149 5062 430
150 521 467
151 4836 377
152 528 525
153 3277 454
154 5218 392
155 5998 366
156 1277 501
157 0 -1
158 5284 409
159 4421 602
160 1932 372
161 1968 275
162 1900 430
163 5715 363
164 3828 502
165 0 -1
166 2602 544
167 832 449
168 293 403
169 1667 485
170 1054 416
171 0 -1
172 1304 415
173 3080 265
174 4548 449
175 4084 384
176 1059 414
177 3570 517
178 3798 420
179 3946 411
180 1767 428
181 4693 340
182 4258 499
183 1751 426
184 3594 524
185 3472 451
186 418 394
187 6334 441
188 1950 486
189 2756 520
190 0 -1
191 1933 408
192 6093 453
193 5361 564
194 5482 493
195 0 -1
196 5671 404
197 1323 494
198 6041 449
199 2248 430
200 1522 478
201 3771 486
202 5799 456
203 2941 482
204 4290 374
205 284 591
206 1705 347
207 211 349
208 4844 440
209 6266 416
210 3676 457
211 6278 276
212 0 -1
213 6526 428
214 6566 336
215 4510 489
216 1704 422
217 3677 484
218 3897 504
219 1249 349
220 5591 420
221 640 428
222 4360 410
223 5224 422
224 0 -1
225 0 -1
226 1302 501
227 168 492
228 2043 422
229 2174 375
230 1966 424
231 5330 376
232 4537 430
233 2494 497
234 3256 470
235 6099 664
236 4006 363
237 0 -1
238 4060 395
239 1849 274
240 4806 389
241 4544 371
242 0 -1
243 6179 429
244 1307 455
245 27 100
246 842 449
247 2259 453
248 5915 463
249 870 428
250 1338 511
251 2053 543
252 1923 426
253 0 -1
254 615 488
255 6189 421
256 2485 513
257 4046 358
258 3244 426
259 0 -1
260 4942 486
261 467 489
262 5633 486
263 2244 455
264 1884 533
265 3231 500
266 279 468
267 274 431
268 4621 387
269 1809 365
270 3080 370
271 3932 483
272 1056 531
273 3181 532
274 3012 387
275 4583 464
276 1307 439
277 0 -1
278 337 489
279 6233 375
280 5321 363
281 925 443
282 5485 455
283 1809 312
284 1289 495
285 5697 574
286 6431 419
287 0 -1
288 6244 396
289 683 397
290 93 416
291 2803 490
292 4920 525
293 4964 339
294 6488 517
295 0 -1
296 1667 423
297 6535 326
298 5768 442
299 6048 422
300 3367 725
301 6119 365
302 5101 422
303 3641 563
304 461 558
305 4506 454
306 4294 571
307 3620 455
308 2137 346
309 3960 495
310 0 -1
311 2846 508
312 2389 385
313 2778 386
314 1058 328
315 5059 440
316 6121 334
317 6137 442
318 1536 376
319 0 -1
320 6055 509
321 482 428
322 2606 425
323 5267 465
324 5016 476
325 4668 372
326 1757 401
327 2443 600
328 5225 395
329 568 440
330 0 -1
331 5438 517
332 1088 457
333 3411 564
334 3691 520
335 5815 454
336 4224 431
337 5262 431
338 418 339
339 1149 500
340 3115 418
341 2582 590
342 1659 402
343 5570 491
344 1165 295
345 4964 293
346 2653 484
347 6267 433
348 2550 281
349 2514 550
350 1201 315
351 530 292
352 2547 439
353 3467 510
354 2839 539
355 4762 401
356 982 497
357 5805 485
358 0 -1
359 1185 444
360 2852 520
361 6050 439
362 308 427
363 6168 607
364 2613 436
365 252 431
366 1935 421
367 2728 369
368 4173 501
369 6243 458
370 1172 492
371 1970 384
372 3476 520
373 1392 333
374 2677 414
375 3202 486
376 2766 498
377 3176 399
378 3661 407
379 4793 497
380 0 -1
381 1740 522
382 911 388
383 664 435
384 5025 443
385 4300 392
386 5077 398
387 5681 430
388 430 498
389 312 438
390 1439 321
391 684 444
392 0 -1
393 2343 488
394 769 579
395 4133 389
396 5343 521
397 4340 474
398 4302 485
399 2653 518
400 0 -1
401 4441 482
402 1619 495
403 1114 508
404 2057 408
405 5798 490
406 3682 551
407 340 444
408 3189 363
409 6373 485
410 4123 376
411 6363 377
412 3204 404
413 301 416
414 3764 582
415 1885 506
416 5899 327
417 3636 397
418 1603 314
419 5036 369
420 4650 553
421 5666 230
422 5528 329
423 3936 478
424 5888 478
425 19 455
426 3118 446
427 1974 457
428 4895 351
429 5703 444
430 569 484
431 1321 429
432 2931 489
433 4259 353
434 1918 414
435 6244 390
436 1247 470
437 5043 509
438 5501 462
439 2858 358
440 1722 460
441 4164 520
442 1530 531
443 5577 503
444 4924 445
445 23 541
446 39 497
447 3498 472
448 4937 392
449 2425 389
450 4940 642
451 0 -1
452 1960 450
453 766 506
454 4790 393
455 5837 463
456 1019 407
457 4804 568
458 1940 406
459 5196 449
460 1224 506
461 2959 450
462 1647 525
463 5363 427
464 4671 475
465 2111 408
466 5952 367
467 2018 405
468 553 505
469 6584 487
470 97 348
471 3224 370
472 807 492
473 3595 364
474 65 435
475 3807 459
476 6580 475
477 3292 503
478 41 404
479 3382 428
480 4553 439
481 6368 626
482 5005 420
483 583 463
484 4770 593
485 2168 354
486 2408 354
487 3243 328
488 2461 513
489 2716 405
490 3567 463
491 1427 367
492 1803 565
493 164 537
494 2584 511
495 654 486
496 5149 479
497 4757 452
498 6354 427
499 0 -1
500 1267 424
501 0 -1
502 2090 367
503 3255 474
504 6463 588
505 456 449
506 5020 459
507 3765 469
508 4998 638
509 474 531
510 4044 428
511 4847 426
512 4153 391
513 1249 388
514 2110 464
515 1875 478
516 79 383
517 5321 387
518 3407 510
519 4196 499
520 2003 494
521 3571 465
522 4962 314
523 940 356
524 4589 390
525 0 -1
526 1583 492
527 2472 407
528 3323 508
529 1933 376
530 4685 292
531 4597 482
532 93 414
533 4491 442
534 0 -1
535 2796 400
536 3322 482
537 3766 442
538 2693 483
539 473 369
540 3603 491
541 5975 602
542 5904 475
543 4539 440
544 3149 513
545 6594 478
546 3765 437
547 6365 539
548 5259 468
549 0 -1
550 487 387
551 5135 426
552 3070 125
553 6186 453
554 2539 484
555 3412 382
556 3867 368
557 1791 321
558 1997 448
559 4431 495
560 0 -1
561 3050 366
562 4337 372
563 2930 502
564 3655 264
565 2338 485
566 3101 323
567 4962 252
568 114 358
569 5512 449
570 4869 455
571 0 -1
572 1536 316
573 1797 741
574 2031 428
575 4580 249
576 3880 557
577 4992 553
578 6349 384
579 3226 464
580 4911 421
581 2254 471
582 447 559
583 6369 461
584 5919 450
585 144 452
586 2893 743
587 4700 421
588 1409 434
589 630 505
590 3066 474
591 756 524
592 1153 556
593 439 392
594 1007 443
595 2059 438
596 4406 476
597 1589 445
598 6064 423
599 126 426
600 0 -1
601 5458 362
602 1847 509
603 2843 264
604 1122 367
605 178 436
606 6518 545
607 2965 559
608 1194 407
609 2823 397
610 0 -1
611 4910 331
612 5838 410
613 3314 517
614 2506 350
615 1756 403
616 5825 508
617 313 473
618 0 -1
619 2944 430
620 3431 508
621 4399 397
622 4353 425
623 0 -1
624 6535 428
625 1442 455
626 3189 386
627 6161 495
628 4554 259
629 85 241
630 3784 387
631 2286 418
632 850 469
633 2847 521
634 4816 460
635 1889 555
636 3275 441
637 1659 393
638 5835 505
639 3537 379
640 5632 412
641 5516 487
642 3603 410
643 2465 436
644 2138 416
645 0 -1
646 2217 481
647 574 429
648 6350 395
649 0 -1
650 6309 462
651 682 552
652 321 527
653 1466 401
654 4164 456
655 0 -1
656 1927 361
657 5236 383
658 2484 457
659 2425 446
660 1584 529
661 5462 555
662 2409 477
663 2719 402
664 4393 396
665 6523 457
666 6014 404
667 3234 419
668 2210 538
669 3788 392
670 2334 385
671 6254 514
672 5751 438
673 2663 410
674 6230 563
675 3434 531
676 3053 511
677 3541 377
678 5227 421
679 6289 585
680 1974 373
681 401 501
682 4049 460
683 6559 332
684 5528 339
685 1618 433
686 1271 407
687 3366 512
688 4760 617
689 4051 457
690 2489 454
691 151 391
692 1576 510
693 3261 477
694 3512 470
695 241 432
696 4095 401
697 2944 425
698 2977 480
699 6216 534
700 1379 526
701 914 515
702 3410 424
703 3019 562
704 4346 455
705 2506 336
706 3201 476
707 2640 474
708 4222 691
709 3106 401
710 724 573
711 4136 547
712 2576 510
713 288 436
714 4581 487
715 3432 382
716 5231 382
717 6229 532
718 5736 391
719 5269 432
720 0 -1
721 2642 401
722 5455 464
723 4226 398
724 361 484
725 2236 422
726 5499 312
727 937 412
728 4352 492
729 3290 443
730 1018 456
731 114 374
732 140 519
733 4554 267
734 1219 416
735 5875 450
736 4874 452
737 5657 524
738 4918 398
739 4798 394
740 4978 425
741 1007 374
742 2323 469
743 6232 496
744 6500 498
745 6003 512
746 3690 361
747 2696 461
748 5093 557
749 4583 439
750 4348 346
751 1293 464
752 6559 278
753 1136 533
754 5167 505
755 999 380
756 3532 471
757 5332 407
758 3898 463
759 4204 507
760 1292 358
761 6069 412
762 1889 638
763 1385 463
764 1002 398
765 6114 425
766 1052 399
767 5800 259
768 4553 417
769 6000 467
770 3137 474
771 3939 421
772 5337 495
773 2694 489
774 3215 413
775 6464 563
776 2735 484
777 5736 339
778 2035 536
779 67 349
780 557 376
781 2739 470
782 4094 458
783 2756 559
784 413 416
785 5258 447
786 325 426
787 5671 445
788 6270 464
789 0 -1
790 2024 487
791 1288 410
792 971 501
793 6448 463
794 2642 344
795 6231 475
796 1597 553
797 6365 619
798 2270 464
799 4529 504
800 1999 402
801 3307 588
802 4806 357
803 0 -1
804 3109 421
805 345 294
806 1295 450
807 2267 424
808 1986 483
809 3965 598
810 0 -1
811 852 627
812 2173 366
813 5728 600
814 3154 557
815 0 -1
816 1584 559
817 6243 558
818 476 567
819 0 -1
820 0 -1
821 2883 446
822 4442 397
823 923 530
824 641 534
825 4663 477
826 2437 616
827 2719 413
828 1201 394
829 3083 583
830 4928 425
831 1103 542
832 4482 376
833 2173 375
834 5334 442
835 6218 443
836 558 454
837 6314 853
838 4985 470
839 5302 494
840 4254 393
841 1144 498
842 5834 444
843 1235 446
844 2027 438
845 6265 384
846 510 546
847 937 474
848 1404 370
849 6580 389
850 2706 408
851 1484 483
852 2320 527
853 6416 381
854 3459 371
855 487 418
856 1574 465
857 2840 525
858 5821 315
859 1372 424
860 4259 407
861 1333 517
862 0 -1
863 4159 462
864 5952 355
865 3315 295
866 3070 188
867 668 554
868 6482 393
869 6133 405
870 5499 360
871 6113 564
872 0 -1
873 4834 517
874 351 311
875 3208 399
876 3198 420
877 2785 228
878 2728 428
879 4876 217
880 200 486
881 6296 480
882 2422 547
883 0 -1
884 5177 444
885 1526 498
886 113 465
887 312 482
888 881 523
889 1757 497
890 1712 314
891 1268 538
892 2859 417
893 121 467
894 269 478
895 1339 539
896 5738 504
897 3410 439
898 5598 500
899 879 319
900 1383 442
901 2691 464
902 3530 496
903 5853 459
904 1306 476
905 2625 415
906 1209 356
907 537 448
908 3632 637
909 1317 450
910 5993 388
911 2042 342
912 1077 435
913 2316 383
914 419 427
915 3855 417
916 1368 449
917 3701 460
918 1822 541
919 4963 545
920 4512 549
921 6312 553
922 3423 440
923 5681 436
924 378 524
925 5545 403
926 3901 440
927 5321 392
928 1205 518
929 4608 758
930 4787 515
931 76 524
932 1015 440
933 5409 544
934 4066 506
935 0 -1
936 6194 543
937 2681 393
938 5173 431
939 968 454
940 5530 355
941 5085 381
942 1343 493
943 247 501
944 2926 469
945 2106 480
946 6480 475
947 5666 185
948 0 -1
949 3508 507
950 2147 508
951 4173 483
952 4167 490
953 3737 389
954 4923 498
955 2947 539
956 1038 498
957 2205 394
958 6072 425
959 856 508
960 4523 431
961 0 -1
962 6341 411
963 5303 439
964 0 -1
965 4871 509
966 6503 445
967 3901 512
968 6511 454
969 3634 556
970 1249 406
971 4310 436
972 864 380
973 2563 411
974 5097 491
975 5290 500
976 3422 467
977 2899 429
978 0 -1
979 2378 428
980 4879 512
981 0 -1
982 114 379
983 746 387
984 2290 425
985 770 542
986 5263 631
987 564 311
988 4101 417
989 67 352
990 4107 420
991 2878 449
992 0 -1
993 0 -1
994 968 522
995 5338 515
996 2439 531
997 5373 516
998 2002 353
999 3204 341
1000 2891 321
1001 42 496
1002 4068 331
1003 3244 437
1004 4655 374
1005 2091 534
1006 583 503
1007 132 348
1008 41 424
1009 5383 503
1010 0 -1
1011 0 -1
1012 3123 556
1013 2434 311
1014 3277 436
1015 2002 401
1016 5268 419
1017 5472 421
1018 1183 424
1019 5126 381
1020 1372 427
1021 1622 425
1022 5151 333
1023 214 344
1024 1299 406
1025 4383 462
1026 2106 493
1027 4133 433
1028 1893 462
1029 486 458
1030 3969 519
1031 2464 505
1032 2112 546
1033 4821 590
1034 1246 565
1035 1003 460
1036 5011 551
1037 5123 504
1038 2605 378
1039 5139 466
1040 3250 469
1041 2081 649
1042 4756 529
1043 5169 435
1044 910 468
1045 5619 418
1046 230 544
1047 0 -1
1048 489 427
1049 5129 349
1050 509 540
1051 4291 458
1052 5198 394
1053 4200 391
1054 3917 384
1055 1974 407
1056 1509 523
1057 4105 460
1058 522 328
1059 561 374
1060 5174 396
1061 2074 490
1062 3917 386
1063 5969 383
1064 3327 518
1065 2950 422
1066 5462 564
1067 0 -1
1068 2877 436
1069 1538 594
1070 5675 405
1071 2224 507
1072 4510 485
1073 3273 377
1074 176 492
1075 2655 545
1076 132 354
1077 5131 421
1078 2365 481
1079 2002 437
1080 4874 452
1081 101 501
1082 5447 494
1083 1442 447
1084 1101 398
1085 0 -1
1086 2696 438
1087 0 -1
1088 4416 400
1089 0 -1
1090 3520 346
1091 0 -1
1092 3981 409
1093 4693 359
1094 373 395
1095 4322 386
1096 1403 434
1097 6591 404
1098 428 398
1099 2290 458
1100 3544 547
1101 6199 379
1102 4652 420
1103 5022 440
1104 4158 485
1105 2053 567
1106 23 512
1107 0 -1
1108 2117 445
1109 4515 564
1110 4361 533
1111 3091 479
1112 4912 450
1113 1289 432
1114 3228 478
1115 3437 327
1116 0 -1
1117 2325 435
1118 4942 523
1119 3929 515
1120 5062 395
1121 6233 394
1122 2843 269
1123 3154 513
1124 5305 407
1125 3811 479
1126 2434 411
1127 2500 491
1128 1313 474
1129 1709 529
1130 27 115
1131 4913 420
1132 3096 228
1133 4422 484
1134 5308 526
1135 914 468
1136 4336 436
1137 0 -1
1138 2941 497
1139 4420 427
1140 1583 609
1141 569 503
1142 458 427
1143 3608 474
1144 1218 429
1145 2642 426
1146 0 -1
1147 2673 474
1148 3277 386
1149 4422 470
1150 2152 508
1151 5207 698
1152 4899 592
1153 6476 457
1154 2856 346
1155 2182 487
1156 4336 496
1157 0 -1
1158 5997 411
1159 1918 463
1160 5949 556
1161 5336 388
1162 5736 385
1163 4281 360
1164 899 424
1165 85 277
1166 822 420
1167 4596 443
1168 5847 383
1169 2063 540
1170 5342 506
1171 5258 475
1172 4044 424
1173 4967 389
1174 5699 441
1175 1354 397
1176 473 411
1177 2799 372
1178 2063 499
1179 1344 552
1180 4362 394
1181 4685 399
1182 2095 426
1183 236 393
1184 2990 602
1185 4 397
1186 4753 327
1187 325 407
1188 275 532
1189 4131 487
1190 3158 634
1191 3128 509
1192 1582 449
1193 6555 436
1194 557 392
1195 2174 447
1196 1784 423
1197 4831 482
1198 349 595
1199 3953 447
1200 1045 441
1201 5082 275
1202 1288 349
1203 4667 690
1204 366 516
1205 3231 485
1206 865 362
1207 6225 426
1208 211 336
1209 3016 312
1210 3607 389
1211 2120 454
1212 1267 383
1213 5214 441
1214 2683 411
1215 5228 501
1216 3926 642
1217 3527 741
1218 3170 424
1219 5801 350
1220 3080 264
1221 407 487
1222 167 458
1223 6366 639
1224 3022 454
1225 2833 452
1226 5650 411
1227 2323 448
1228 6076 431
1229 3247 501
1230 6078 334
1231 0 -1
1232 3521 465
1233 0 -1
1234 5934 511
1235 854 435
1236 2791 420
1237 3475 477
1238 4218 336
1239 1856 459
1240 2530 448
1241 780 425
1242 3295 405
1243 6439 458
1244 355 410
1245 0 -1
1246 4316 538
1247 3192 408
1248 5709 580
1249 4057 344
1250 5545 409
1251 4322 406
1252 2556 604
1253 4591 299
1254 3003 506
1255 4910 379
1256 6371 666
1257 4791 438
1258 4476 446
1259 4342 484
1260 2890 416
1261 2878 489
1262 6509 518
1263 5053 621
1264 5225 486
1265 2183 393
1266 2580 452
1267 2111 340
1268 174 496
1269 3342 365
1270 3302 326
1271 1284 383
1272 5956 476
1273 2743 493
1274 2880 411
1275 782 525
1276 3251 443
1277 1527 443
1278 4489 380
1279 6121 309
1280 2769 509
1281 1724 488
1282 1655 596
1283 485 404
1284 6427 367
1285 3764 585
1286 1509 539
1287 2731 564
1288 4560 325
1289 1278 391
1290 1174 477
1291 4368 284
1292 4327 356
1293 6231 448
1294 680 492
1295 6119 370
1296 2688 449
1297 0 -1
1298 2666 394
1299 3208 366
1300 5853 386
1301 4604 418
1302 2193 409
1303 2295 467
1304 3085 338
1305 0 -1
1306 2853 400
1307 6296 439
1308 4762 374
1309 5605 600
1310 4291 407
1311 4723 435
1312 947 201
1313 3516 458
1314 2410 280
1315 581 566
1316 0 -1
1317 3503 432
1318 5632 488
1319 2791 506
1320 1622 446
1321 5884 423
1322 5366 444
1323 186 431
1324 0 -1
1325 1719 574
1326 1405 469
1327 6305 517
1328 5735 519
1329 3651 475
1330 719 545
1331 4471 487
1332 0 -1
1333 4283 438
1334 90 462
1335 1308 401
1336 4554 226
1337 6188 434
1338 3782 496
1339 1228 536
1340 741 415
1341 912 440
1342 1525 298
1343 17 460
1344 2890 489
1345 5627 519
1346 6508 357
1347 3595 387
1348 5681 327
1349 3534 550
1350 3995 355
1351 6006 487
1352 5277 462
1353 1968 299
1354 3092 383
1355 5755 491
1356 2016 560
1357 3119 524
1358 3721 363
1359 0 -1
1360 6107 342
1361 4482 476
1362 3640 591
1363 1131 430
1364 2868 498
1365 2981 523
1366 5800 259
1367 1991 532
1368 4226 422
1369 5644 545
1370 1083 457
1371 1537 453
1372 173 320
1373 812 372
1374 4631 493
1375 1500 463
1376 0 -1
1377 3774 458
1378 0 -1
1379 6402 497
1380 0 -1
1381 416 384
1382 4563 543
1383 2813 429
1384 6021 424
1385 470 363
1386 1731 453
1387 3541 351
1388 886 477
1389 2177 445
1390 4444 538
1391 4283 404
1392 1695 238
1393 4527 430
1394 6552 465
1395 312 422
1396 5360 519
1397 4980 455
1398 3637 541
1399 3939 468
1400 2186 544
1401 1293 458
1402 1066 565
1403 6256 402
1404 3862 353
1405 6498 459
1406 4606 580
1407 1166 452
1408 5161 301
1409 1974 382
1410 6297 467
1411 0 -1
1412 1932 361
1413 2172 394
1414 0 -1
1415 1762 388
1416 6361 531
1417 443 551
1418 5632 417
1419 3862 435
1420 3118 416
1421 947 295
1422 0 -1
1423 5352 214
1424 5433 397
1425 4763 426
1426 849 430
1427 1933 353
1428 2645 564
1429 279 400
1430 4780 468
1431 2152 435
1432 181 394
1433 2410 305
1434 4363 435
1435 5348 540
1436 3629 419
1437 3386 520
1438 0 -1
1439 4249 302
1440 3251 457
1441 884 468
1442 236 438
1443 3888 340
1444 3952 499
1445 6333 455
1446 1632 347
1447 5446 472
1448 3953 454
1449 2681 471
1450 1987 510
1451 2635 509
1452 5140 448
1453 4862 472
1454 4778 429
1455 0 -1
1456 1978 344
1457 3115 419
1458 2794 328
1459 4700 389
1460 2005 546
1461 834 477
1462 489 444
1463 2147 511
1464 1739 424
1465 3675 498
1466 5547 383
1467 3027 640
1468 726 317
1469 219 408
1470 5106 534
1471 3888 366
1472 3044 560
1473 562 375
1474 1850 445
1475 543 474
1476 5531 498
1477 1857 518
1478 6454 393
1479 6470 416
1480 5848 375
1481 187 450
1482 1559 421
1483 5700 452
1484 1937 414
1485 0 -1
1486 2683 420
1487 4135 372
1488 3208 395
1489 4896 584
1490 1877 510
1491 4391 405
1492 0 -1
1493 0 -1
1494 0 -1
1495 3005 503
1496 1369 579
1497 4924 438
1498 280 391
1499 5912 429
1500 1525 385
1501 5681 425
1502 1428 619
1503 3226 402
1504 85 271
1505 2325 421
1506 2170 417
1507 3784 494
1508 173 330
1509 6512 496
1510 4669 491
1511 6255 387
1512 173 291
1513 6459 400
1514 480 505
1515 5366 472
1516 6213 390
1517 4852 504
1518 4918 351
1519 2146 482
1520 0 -1
1521 4974 589
1522 5764 438
1523 0 -1
1524 2518 456
1525 4249 283
1526 5445 411
1527 1260 420
1528 4329 540
1529 2168 408
1530 4355 475
1531 5057 406
1532 4088 524
1533 6010 523
1534 1276 483
1535 3432 361
1536 2864 286
1537 3049 408
1538 4875 495
1539 5761 478
1540 6393 345
1541 5119 490
1542 524 463
1543 6133 377
1544 5999 325
1545 3567 492
1546 0 -1
1547 1026 511
1548 74 435
1549 4855 524
1550 1224 468
1551 6267 452
1552 2059 341
1553 858 371
1554 5913 404
1555 0 -1
1556 2065 412
1557 3800 506
1558 5570 563
1559 5945 393
1560 2645 518
1561 374 429
1562 5521 359
1563 2406 510
1564 3890 516
1565 0 -1
1566 6492 502
1567 4187 518
1568 0 -1
1569 5820 376
1570 3152 497
1571 4549 450
1572 4737 467
1573 356 523
1574 865 363
1575 4633 577
1576 4182 427
1577 4412 549
1578 3022 406
1579 0 -1
1580 4152 546
1581 2635 570
1582 4986 421
1583 2060 489
1584 1668 483
1585 1208 346
1586 1860 446
1587 2625 447
1588 26 520
1589 2126 381
1590 6256 433
1591 2315 409
1592 1917 492
1593 5973 521
1594 2172 418
1595 3548 438
1596 90 559
1597 1601 453
1598 3927 388
1599 6467 497
1600 4836 416
1601 3315 348
1602 1833 506
1603 2344 295
1604 3662 415
1605 6144 513
1606 2535 424
1607 4980 456
1608 4482 427
1609 5989 468
1610 4331 497
1611 0 -1
1612 77 472
1613 4633 498
1614 3643 492
1615 2793 529
1616 1223 722
1617 130 605
1618 5291 390
1619 2480 443
1620 5331 489
1621 980 568
1622 1459 400
1623 3798 496
1624 2425 384
1625 1746 499
1626 2570 557
1627 5238 429
1628 2261 497
1629 5416 498
1630 1516 411
1631 6537 489
1632 1423 319
1633 5870 462
1634 2818 498
1635 6073 456
1636 1446 410
1637 603 339
1638 2730 468
1639 2115 562
1640 1518 354
1641 4795 495
1642 2729 481
1643 5225 425
1644 5100 485
1645 4994 515
1646 3230 490
1647 6076 453
1648 26 467
1649 0 -1
1650 458 495
1651 2490 481
1652 5225 419
1653 5526 433
1654 846 617
1655 1059 493
1656 3020 409
1657 784 510
1658 4273 399
1659 1983 374
1660 2784 568
1661 3116 426
1662 2090 273
1663 983 416
1664 449 401
1665 66 368
1666 6561 448
1667 779 375
1668 3783 415
1669 2774 453
1670 270 390
1671 0 -1
1672 1941 506
1673 65 397
1674 5969 347
1675 1582 463
1676 3772 448
1677 3838 366
1678 4803 431
1679 5077 429
1680 3317 474
1681 4251 361
1682 1807 492
1683 352 439
1684 3038 468
1685 2851 320
1686 3012 416
1687 5885 462
1688 2587 516
1689 0 -1
1690 491 428
1691 2157 512
1692 4505 329
1693 1559 435
1694 5088 461
1695 1130 166
1696 1238 430
1697 6526 501
1698 244 526
1699 5933 578
1700 4368 249
1701 5525 482
1702 795 587
1703 1236 514
1704 2291 382
1705 2434 318
1706 942 566
1707 6014 377
1708 3196 417
1709 3511 467
1710 1007 368
1711 1002 423
1712 879 255
1713 2309 477
1714 2711 431
1715 5783 441
1716 0 -1
1717 0 -1
1718 4630 330
1719 6066 455
1720 6367 525
1721 3475 444
1722 6511 450
1723 2824 499
1724 6100 447
1725 1719 514
1726 3992 484
1727 3596 409
1728 4481 412
1729 1481 562
1730 709 503
1731 109 407
1732 6072 404
1733 4479 465
1734 1925 577
1735 0 -1
1736 66 370
1737 6110 434
1738 6346 425
1739 794 420
1740 3405 441
1741 3799 405
1742 4687 523
1743 6245 504
1744 2562 377
1745 4583 441
1746 5764 441
1747 0 -1
1748 3598 458
1749 5301 478
1750 2694 489
1751 175 395
1752 3918 477
1753 0 -1
1754 279 422
1755 6133 339
1756 3862 376
1757 5135 387
1758 2056 553
1759 2106 504
1760 3838 351
1761 2446 536
1762 470 363
1763 4224 428
1764 1601 420
1765 0 -1
1766 270 458
1767 4254 375
1768 5077 403
1769 4450 633
1770 6063 397
1771 0 -1
1772 0 -1
1773 3034 410
1774 2921 382
1775 137 607
1776 1408 329
1777 6495 529
1778 6165 351
1779 1206 398
1780 3731 459
1781 2142 422
1782 1724 540
1783 355 442
1784 4873 373
1785 1858 307
1786 4778 513
1787 4962 297
1788 1518 354
1789 960 471
1790 5871 435
1791 1662 306
1792 1097 410
1793 1350 435
1794 5823 480
1795 2135 426
1796 2141 495
1797 4036 705
1798 0 -1
1799 0 -1
1800 0 -1
1801 0 -1
1802 2615 506
1803 1124 447
1804 3087 386
1805 2441 460
1806 2316 421
1807 6535 384
1808 698 545
1809 4790 293
1810 3681 364
1811 108 491
1812 274 419
1813 983 401
1814 4150 365
1815 4894 494
1816 3049 358
1817 3847 421
1818 2063 538
1819 1908 590
1820 0 -1
1821 5695 457
1822 4172 482
1823 628 332
1824 4098 454
1825 24 399
1826 4499 520
1827 3342 388
1828 713 490
1829 2759 487
1830 5458 374
1831 5162 469
1832 0 -1
1833 5923 420
1834 3265 474
1835 4966 516
1836 5544 562
1837 136 416
1838 312 471
1839 3293 681
1840 4876 235
1841 5367 737
1842 5208 457
1843 2704 467
1844 0 -1
1845 6268 472
1846 3419 394
1847 982 456
1848 5934 487
1849 2608 260
1850 5324 409
1851 3600 561
1852 1715 504
1853 614 360
1854 3764 494
1855 593 450
1856 2565 447
1857 1333 501
1858 5999 290
1859 5209 496
1860 5428 420
1861 1278 472
1862 5946 503
1863 828 446
1864 5802 472
1865 2889 416
1866 4425 599
1867 2259 438
1868 4857 329
1869 3692 416
1870 5397 443
1871 4589 395
1872 5109 438
1873 752 339
1874 1892 527
1875 3232 468
1876 0 -1
1877 5045 419
1878 3078 506
1879 4386 423
1880 6080 451
1881 0 -1
1882 6427 275
1883 4741 491
1884 6329 448
1885 4315 493
1886 0 -1
1887 316 356
1888 4003 492
1889 3343 547
1890 3594 487
1891 2045 544
1892 4254 482
1893 1618 444
1894 4499 624
1895 2753 404
1896 5128 495
1897 6531 416
1898 2820 269
1899 0 -1
1900 6336 318
1901 4068 376
1902 6036 493
1903 3659 525
1904 3969 503
1905 4094 414
1906 0 -1
1907 161 292
1908 2328 506
1909 6103 382
1910 6321 476
1911 6374 482
1912 4837 416
1913 0 -1
1914 98 526
1915 2004 445
1916 5905 391
1917 2325 420
1918 293 368
1919 2631 475
1920 5333 501
1921 5774 631
1922 1708 440
1923 2563 412
1924 2255 442
1925 3853 474
1926 359 521
1927 2111 347
1928 3415 455
1929 1845 474
1930 5897 378
1931 211 359
1932 1439 339
1933 6326 332
1934 3432 345
1935 3369 364
1936 6492 411
1937 4857 409
1938 3414 415
1939 1016 457
1940 4173 394
1941 2236 420
1942 323 500
1943 2436 344
1944 6047 408
1945 1810 461
1946 5385 614
1947 2568 530
1948 1751 448
1949 6467 513
1950 2746 392
1951 2552 474
1952 4910 338
1953 2295 388
1954 4782 439
1955 5542 630
1956 603 344
1957 6136 406
1958 0 -1
1959 3762 427
1960 3942 448
1961 3384 391
1962 5289 556
1963 4970 454
1964 6399 500
1965 0 -1
1966 6482 395
1967 0 -1
1968 4591 270
1969 2943 501
1970 1023 375
1971 5793 631
1972 5639 476
1973 0 -1
1974 53 337
1975 3214 470
1976 1468 379
1977 2666 383
1978 567 269
1979 6043 429
1980 6580 461
1981 436 528
1982 0 -1
1983 1372 373
1984 0 -1
1985 1481 465
1986 5945 378
1987 1368 441
1988 3188 559
1989 4050 515
1990 910 490
1991 4150 416
1992 2267 452
1993 0 -1
1994 5960 268
1995 4750 315
1996 3596 396
1997 2507 439
1998 4441 475
1999 1000 326
2000 6394 495
2001 0 -1
2002 5204 326
2003 485 425
2004 465 409
2005 6396 483
2006 0 -1
2007 5126 356
2008 4999 402
2009 5611 493
2010 1253 349
2011 0 -1
2012 3773 487
2013 2863 366
2014 5651 492
2015 5072 224
2016 1713 502
2017 1111 502
2018 3080 350
2019 3817 426
2020 5541 565
2021 5417 578
2022 5965 450
2023 2322 573
2024 5079 486
2025 487 390
2026 4620 458
2027 1756 429
2028 0 -1
2029 6559 363
2030 0 -1
2031 5424 329
2032 3305 411
2033 2203 433
2034 4471 426
2035 2993 442
2036 0 -1
2037 1304 425
2038 0 -1
2039 181 396
2040 5530 330
2041 5044 458
2042 1898 283
2043 456 409
2044 2843 306
2045 864 471
2046 1500 407
2047 4006 378
2048 1393 477
2049 0 -1
2050 2417 416
2051 3797 572
2052 2787 392
2053 686 484
2054 1436 481
2055 6129 419
2056 4874 458
2057 373 340
2058 4416 394
2059 85 320
2060 4798 415
2061 2099 384
2062 4246 311
2063 3589 486
2064 1255 413
2065 684 351
2066 3569 435
2067 4885 378
2068 3992 444
2069 4008 447
2070 2639 512
2071 2745 583
2072 539 483
2073 1953 454
2074 4564 467
2075 5126 444
2076 0 -1
2077 2921 367
2078 3400 520
2079 5463 234
2080 5410 484
2081 5760 567
2082 2832 525
2083 4285 439
2084 3372 428
2085 4191 395
2086 3578 506
2087 634 514
2088 6290 455
2089 1323 503
2090 80 272
2091 5419 514
2092 3513 652
2093 3814 336
2094 523 372
2095 2276 411
2096 0 -1
2097 421 290
2098 1194 437
2099 54 383
2100 6247 548
2101 2236 446
2102 5731 466
2103 5665 415
2104 396 532
2105 2788 506
2106 1473 389
2107 3842 470
2108 3994 612
2109 4812 493
2110 2720 462
2111 5851 337
2112 1651 489
2113 3132 635
2114 1552 350
2115 1294 534
2116 3155 451
2117 4738 437
2118 6455 470
2119 5140 546
2120 2300 410
2121 5401 599
2122 4697 417
2123 6239 459
2124 2685 522
2125 4568 336
2126 4876 267
2127 5516 567
2128 0 -1
2129 848 410
2130 6133 391
2131 5597 332
2132 6013 534
2133 1299 372
2134 4071 385
2135 2940 388
2136 3674 438
2137 4287 306
2138 4273 381
2139 3325 552
2140 4527 476
2141 4408 433
2142 764 404
2143 714 516
2144 1912 425
2145 2663 417
2146 2625 461
2147 3473 472
2148 1469 497
2149 4093 531
2150 211 388
2151 348 370
2152 1809 402
2153 3204 378
2154 3595 351
2155 6005 400
2156 865 404
2157 6382 437
2158 430 533
2159 2312 457
2160 3927 332
2161 4166 512
2162 637 464
2163 2866 480
2164 1872 454
2165 4302 481
2166 2440 348
2167 5065 461
2168 1209 316
2169 0 -1
2170 186 407
2171 3302 372
2172 4226 388
2173 4516 326
2174 3436 356
2175 2725 432
2176 4525 327
2177 22 426
2178 640 423
2179 1241 529
2180 3258 582
2181 6244 390
2182 6588 374
2183 316 353
2184 2685 473
2185 2593 371
2186 355 433
2187 3098 556
2188 3263 422
2189 3311 395
2190 2953 490
2191 5199 488
2192 4918 367
2193 4 382
2194 3018 505
2195 3638 456
2196 6091 513
2197 0 -1
2198 6100 487
2199 6561 552
2200 170 505
2201 4793 496
2202 2353 492
2203 3049 385
2204 4048 569
2205 3311 360
2206 2024 528
2207 1105 572
2208 1278 489
2209 0 -1
2210 2887 468
2211 1867 499
2212 5650 427
2213 3336 713
2214 3912 472
2215 587 433
2216 2290 458
2217 4583 411
2218 0 -1
2219 2863 365
2220 5329 479
2221 4147 420
2222 5886 428
2223 3889 443
2224 1162 440
2225 108 460
2226 5687 483
2227 2418 397
2228 5104 568
2229 5520 538
2230 0 -1
2231 2602 461
2232 0 -1
2233 848 394
2234 2543 553
2235 5861 587
2236 2906 401
2237 784 464
2238 4426 454
2239 2729 417
2240 3717 427
2241 2176 440
2242 4085 591
2243 1996 434
2244 2325 364
2245 2157 477
2246 2314 545
2247 6110 485
2248 293 403
2249 1405 513
2250 4291 386
2251 0 -1
2252 3781 427
2253 3570 497
2254 1968 384
2255 2580 372
2256 0 -1
2257 3186 533
2258 3794 397
2259 2838 436
2260 6201 466
2261 5755 463
2262 3603 385
2263 0 -1
2264 4322 455
2265 0 -1
2266 2538 441
2267 6435 379
2268 2410 299
2269 5946 510
2270 2465 375
2271 1976 466
2272 3157 370
2273 900 515
2274 1299 389
2275 779 371
2276 2778 329
2277 933 641
2278 0 -1
2279 275 469
2280 4911 480
2281 1544 419
2282 5745 579
2283 0 -1
2284 0 -1
2285 1421 324
2286 1289 406
2287 5465 631
2288 2505 402
2289 0 -1
2290 3450 379
2291 6451 281
2292 0 -1
2293 938 479
2294 5481 471
2295 4752 381
2296 5105 481
2297 5516 487
2298 2631 469
2299 4006 399
2300 1999 333
2301 3862 357
2302 4063 461
2303 0 -1
2304 3629 390
2305 2174 394
2306 605 482
2307 4964 284
2308 5311 375
2309 3141 441
2310 1427 353
2311 1865 459
2312 3756 449
2313 5830 512
2314 4031 536
2315 550 404
2316 6165 375
2317 2500 374
2318 3321 473
2319 6392 441
2320 2760 482
2321 4323 531
2322 425 509
2323 2417 384
2324 561 383
2325 3224 354
2326 3256 429
2327 6371 608
2328 6584 462
2329 566 394
2330 5330 415
2331 4651 521
2332 1525 332
2333 1652 429
2334 5736 346
2335 14 461
2336 169 508
2337 983 392
2338 4967 395
2339 2458 478
2340 3282 418
2341 2507 465
2342 6106 471
2343 1144 432
2344 421 295
2345 4652 409
2346 5339 450
2347 3170 434
2348 3448 427
2349 4131 429
2350 2713 412
2351 1418 434
2352 1536 384
2353 4393 403
2354 1271 410
2355 1145 474
2356 6051 429
2357 4420 447
2358 648 403
2359 3603 397
2360 5005 506
2361 5156 371
2362 5982 386
2363 3208 425
2364 6113 501
2365 4302 428
2366 33 494
2367 254 497
2368 6536 592
2369 4686 483
2370 1382 577
2371 4778 511
2372 5045 385
2373 5069 489
2374 4894 499
2375 3194 492
2376 5886 420
2377 6206 473
2378 6219 411
2379 580 516
2380 601 415
2381 0 -1
2382 721 406
2383 6549 491
2384 0 -1
2385 4304 466
2386 3005 475
2387 5482 557
2388 6150 511
2389 5074 370
2390 5346 374
2391 5910 481
2392 1714 453
2393 0 -1
2394 2836 376
2395 3482 358
2396 6447 398
2397 1960 541
2398 0 -1
2399 2936 663
2400 5280 482
2401 5700 475
2402 0 -1
2403 6196 480
2404 0 -1
2405 6268 470
2406 5162 489
2407 6243 509
2408 2940 333
2409 174 451
2410 5082 195
2411 0 -1
2412 1395 426
2413 2819 540
2414 2307 349
2415 0 -1
2416 0 -1
2417 5523 367
2418 865 344
2419 1094 418
2420 6054 496
2421 2337 430
2422 4806 461
2423 1183 417
2424 5006 582
2425 1512 345
2426 4600 502
2427 1998 483
2428 5352 287
2429 1707 420
2430 845 442
2431 4855 516
2432 527 429
2433 6570 502
2434 5138 309
2435 3698 413
2436 3900 344
2437 1557 601
2438 135 308
2439 3951 470
2440 4290 336
2441 5669 375
2442 5908 592
2443 3985 523
2444 2816 438
2445 3925 444
2446 3380 450
2447 517 502
2448 470 355
2449 1985 495
2450 6285 473
2451 3515 403
2452 0 -1
2453 2174 365
2454 1859 577
2455 806 470
2456 3079 386
2457 1512 385
2458 3395 474
2459 5617 490
2460 4442 351
2461 2578 463
2462 979 506
2463 0 -1
2464 5796 437
2465 1186 375
2466 2131 361
2467 3855 414
2468 3195 670
2469 5361 483
2470 2701 545
2471 0 -1
2472 6318 327
2473 1501 438
2474 2508 476
2475 680 480
2476 6285 498
2477 2656 416
2478 2688 418
2479 5421 355
2480 3087 415
2481 5138 326
2482 4317 567
2483 5340 509
2484 780 376
2485 3233 456
2486 1028 550
2487 596 504
2488 4949 442
2489 2178 429
2490 4663 429
2491 5178 571
2492 5141 549
2493 0 -1
2494 2465 495
2495 4295 452
2496 3784 490
2497 2352 443
2498 1986 432
2499 0 -1
2500 5984 374
2501 1412 394
2502 383 476
2503 10 478
2504 4939 482
2505 567 344
2506 6133 324
2507 3099 436
2508 5879 415
2509 5623 472
2510 0 -1
2511 3022 470
2512 98 541
2513 1780 526
2514 34 445
2515 971 498
2516 2915 369
2517 5778 565
2518 2362 410
2519 0 -1
2520 2914 483
2521 6552 506
2522 4241 327
2523 2345 517
2524 465 464
2525 2900 537
2526 3731 422
2527 0 -1
2528 3478 408
2529 6148 437
2530 4442 384
2531 1458 399
2532 1395 488
2533 679 605
2534 983 392
2535 5168 313
2536 412 479
2537 5459 399
2538 3085 332
2539 5806 402
2540 6023 432
2541 3766 506
2542 3032 515
2543 108 460
2544 0 -1
2545 2315 404
2546 539 482
2547 705 388
2548 1377 496
2549 2774 403
2550 5932 242
2551 0 -1
2552 3977 411
2553 5300 488
2554 3520 416
2555 2693 415
2556 1226 515
2557 5285 456
2558 6360 531
2559 5072 169
2560 4034 454
2561 4663 439
2562 5984 377
2563 2457 405
2564 953 465
2565 2151 371
2566 5312 466
2567 110 438
2568 4763 427
2569 628 343
2570 6344 503
2571 754 532
2572 9 422
2573 4390 541
2574 2860 642
2575 3072 559
2576 6199 400
2577 5901 489
2578 433 430
2579 3151 595
2580 3673 365
2581 1893 465
2582 3708 525
2583 6412 650
2584 4708 423
2585 2187 642
2586 1813 437
2587 2921 397
2588 3873 442
2589 1177 383
2590 105 378
2591 889 548
2592 3604 617
2593 3902 351
2594 3360 530
2595 1114 493
2596 5002 593
2597 5123 453
2598 0 -1
2599 0 -1
2600 6227 582
2601 3247 469
2602 2295 456
2603 2871 463
2604 0 -1
2605 3116 339
2606 3173 408
2607 2472 427
2608 2410 253
2609 44 424
2610 3112 362
2611 4137 459
2612 4803 439
2613 2880 411
2614 4925 429
2615 3663 442
2616 746 427
2617 3674 431
2618 3783 471
2619 0 -1
2620 1712 318
2621 6020 405
2622 2539 450
2623 0 -1
2624 0 -1
2625 4924 368
2626 4593 412
2627 3250 477
2628 4014 451
2629 4572 482
2630 2268 371
2631 2227 459
2632 1740 515
2633 1253 344
2634 3988 483
2635 6511 454
2636 902 513
2637 3116 400
2638 999 402
2639 4408 425
2640 383 466
2641 793 560
2642 2744 342
2643 2353 469
2644 1327 553
2645 4252 449
2646 5348 528
2647 1635 543
2648 2081 678
2649 5020 386
2650 1692 427
2651 0 -1
2652 214 414
2653 5131 458
2654 6349 380
2655 4488 475
2656 3762 408
2657 4944 501
2658 0 -1
2659 4484 540
2660 0 -1
2661 611 369
2662 4823 433
2663 1632 342
2664 2130 394
2665 5530 363
2666 2097 333
2667 5256 423
2668 5028 509
2669 127 425
2670 5526 428
2671 962 429
2672 2894 438
2673 5840 461
2674 4378 487
2675 6426 447
2676 3489 538
2677 1986 389
2678 530 392
2679 3966 518
2680 140 620
2681 6559 379
2682 3417 655
2683 4057 392
2684 1212 450
2685 2325 433
2686 3839 534
2687 1022 418
2688 2255 376
2689 5947 394
2690 5643 452
2691 5501 452
2692 836 524
2693 2711 364
2694 6130 475
2695 216 501
2696 4302 412
2697 6188 446
2698 5604 452
2699 281 459
2700 4726 503
2701 1708 461
2702 3800 422
2703 0 -1
2704 5829 439
2705 5460 414
2706 5168 353
2707 0 -1
2708 1970 405
2709 5552 506
2710 0 -1
2711 3450 342
2712 1476 524
2713 2962 365
2714 845 429
2715 4804 481
2716 5639 402
2717 3976 402
2718 4359 481
2719 911 402
2720 293 367
2721 0 -1
2722 1255 487
2723 1849 347
2724 3833 460
2725 858 414
2726 3638 468
2727 370 496
2728 2173 326
2729 2414 402
2730 2174 443
2731 4905 485
2732 4458 417
2733 5272 321
2734 1499 483
2735 6183 413
2736 3932 429
2737 4874 446
2738 3537 390
2739 5969 401
2740 3499 543
2741 4837 412
2742 3361 735
2743 2534 415
2744 5960 272
2745 5628 509
2746 4630 280
2747 248 519
2748 1124 478
2749 4543 443
2750 152 637
2751 1969 546
2752 3707 461
2753 2505 404
2754 6332 534
2755 1567 525
2756 6026 478
2757 5771 489
2758 2181 390
2759 5696 416
2760 5127 430
2761 563 561
2762 6267 508
2763 4968 327
2764 6413 387
2765 2967 519
2766 2305 409
2767 3600 546
2768 3272 374
2769 3443 495
2770 5408 446
2771 5733 563
2772 2085 441
2773 6540 527
2774 6177 371
2775 6235 466
2776 5559 434
2777 3837 533
2778 733 270
2779 887 511
2780 2562 451
2781 5430 530
2782 47 825
2783 3078 432
2784 3061 470
2785 3070 199
2786 106 422
2787 6480 391
2788 4014 395
2789 1804 442
2790 3792 439
2791 827 414
2792 1767 411
2793 4350 468
2794 1312 294
2795 3558 448
2796 163 378
2797 5251 410
2798 2565 437
2799 2605 362
2800 4794 385
2801 845 460
2802 2319 516
2803 4787 422
2804 5939 486
2805 2741 486
2806 5526 517
2807 0 -1
2808 5708 379
2809 2633 435
2810 3932 463
2811 853 473
2812 2490 454
2813 4289 386
2814 1872 550
2815 348 290
2816 1983 416
2817 1058 384
2818 5423 467
2819 3605 429
2820 5204 243
2821 0 -1
2822 228 509
2823 522 387
2824 2882 438
2825 0 -1
2826 314 359
2827 1353 362
2828 3440 565
2829 1968 379
2830 4650 485
2831 2513 545
2832 3352 483
2833 5445 423
2834 2562 385
2835 3976 433
2836 1230 348
2837 4768 470
2838 5418 423
2839 5798 496
2840 3639 498
2841 959 561
2842 4389 539
2843 3501 221
2844 2796 397
2845 2013 392
2846 4344 498
2847 6266 472
2848 213 522
2849 0 -1
2850 0 -1
2851 421 285
2852 1226 432
2853 3867 305
2854 5903 495
2855 5533 520
2856 4655 335
2857 1676 459
2858 4554 280
2859 5922 331
2860 198 563
2861 5135 329
2862 2057 414
2863 5630 362
2864 2785 202
2865 2741 490
2866 3783 422
2867 4403 388
2868 1553 460
2869 5090 744
2870 781 528
2871 6219 454
2872 1108 527
2873 750 408
2874 1472 566
2875 0 -1
2876 4288 501
2877 1291 338
2878 4753 381
2879 6300 526
2880 3698 345
2881 5303 440
2882 5431 437
2883 5481 405
2884 537 461
2885 6008 488
2886 4759 499
2887 897 467
2888 208 485
2889 5336 313
2890 240 407
2891 4249 313
2892 3995 435
2893 462 641
2894 2768 397
2895 1096 464
2896 5981 411
2897 2337 455
2898 4051 466
2899 832 390
2900 3322 517
2901 3589 441
2902 1251 409
2903 3756 508
2904 5908 524
2905 3188 454
2906 4901 369
2907 2775 483
2908 1092 468
2909 2649 436
2910 4878 487
2911 4448 492
2912 6343 456
2913 0 -1
2914 2633 415
2915 1392 329
2916 755 385
2917 321 441
2918 2483 537
2919 3812 638
2920 6078 303
2921 373 340
2922 0 -1
2923 6115 474
2924 3587 441
2925 5913 467
2926 1311 446
2927 0 -1
2928 3999 513
2929 4588 393
2930 2547 491
2931 1002 394
2932 2973 464
2933 2815 367
2934 353 595
2935 4231 439
2936 6497 610
2937 318 391
2938 4758 563
2939 854 429
2940 15 328
2941 6164 407
2942 4116 487
2943 3913 455
2944 5045 373
2945 4269 530
2946 4406 493
2947 6113 507
2948 3560 569
2949 2915 371
2950 760 374
2951 4011 469
2952 2514 506
2953 4480 394
2954 116 488
2955 4980 389
2956 6328 481
2957 5451 489
2958 3022 440
2959 3277 448
2960 4804 500
2961 5233 471
2962 2880 361
2963 4854 490
2964 5675 397
2965 2959 475
2966 5907 499
2967 3491 399
2968 6416 419
2969 6378 522
2970 0 -1
2971 2171 458
2972 6485 468
2973 4802 347
2974 5545 373
2975 1961 458
2976 4698 462
2977 3244 380
2978 108 472
2979 934 549
2980 1447 494
2981 4599 496
2982 2464 448
2983 5694 444
2984 0 -1
2985 1561 436
2986 2612 463
2987 3033 558
2988 1930 454
2989 3661 410
2990 3492 494
2991 5075 418
2992 3473 507
2993 5418 428
2994 5782 466
2995 2380 475
2996 2861 359
2997 2092 679
2998 2829 457
2999 0 -1
3000 4610 403
3001 3760 479
3002 1573 628
3003 6510 491
3004 435 435
3005 6225 461
3006 4356 550
3007 96 543
3008 1094 484
3009 3876 437
3010 3457 419
3011 0 -1
3012 350 380
3013 835 473
3014 1335 506
3015 1624 451
3016 1700 255
3017 4232 265
3018 601 417
3019 1320 452
3020 2040 331
3021 1126 455
3022 3939 400
3023 1433 395
3024 121 448
3025 705 373
3026 0 -1
3027 5260 528
3028 0 -1
3029 3774 410
3030 2056 490
3031 5481 427
3032 2099 429
3033 5127 477
3034 1774 391
3035 0 -1
3036 4941 621
3037 6466 487
3038 155 412
3039 5453 516
3040 2906 369
3041 2652 445
3042 4377 416
3043 4561 312
3044 346 512
3045 1226 420
3046 686 446
3047 365 484
3048 2245 562
3049 4155 329
3050 5120 326
3051 3778 536
3052 0 -1
3053 2219 433
3054 0 -1
3055 2267 409
3056 4289 378
3057 4626 468
3058 1616 794
3059 3636 469
3060 3527 668
3061 2003 470
3062 143 508
3063 2681 491
3064 4510 493
3065 0 -1
3066 6240 455
3067 3170 467
3068 905 424
3069 3202 454
3070 4326 119
3071 5400 609
3072 2924 442
3073 2817 495
3074 4950 524
3075 3493 445
3076 2744 278
3077 614 367
3078 2467 416
3079 572 378
3080 2559 250
3081 6047 475
3082 0 -1
3083 672 541
3084 3042 443
3085 6121 316
3086 2188 497
3087 61 378
3088 2364 510
3089 0 -1
3090 6455 415
3091 3286 464
3092 4525 355
3093 2853 383
3094 1809 347
3095 5869 459
3096 4326 123
3097 1082 562
3098 3756 454
3099 4736 359
3100 4391 475
3101 4876 263
3102 1186 383
3103 480 442
3104 0 -1
3105 1833 486
3106 1165 391
3107 4723 523
3108 2227 436
3109 998 362
3110 0 -1
3111 0 -1
3112 6336 340
3113 5614 395
3114 1736 424
3115 940 396
3116 3573 336
3117 3488 406
3118 5629 406
3119 5399 503
3120 5245 443
3121 3255 513
3122 4943 519
3123 3439 526
3124 0 -1
3125 3679 464
3126 2089 584
3127 0 -1
3128 1743 504
3129 4691 461
3130 0 -1
3131 3142 505
3132 2447 523
3133 3586 464
3134 6205 326
3135 1732 416
3136 4083 626
3137 1711 431
3138 5678 520
3139 1484 472
3140 1603 384
3141 6222 373
3142 4291 479
3143 0 -1
3144 1045 475
3145 4283 484
3146 487 353
3147 0 -1
3148 4918 399
3149 5348 429
3150 3686 523
3151 5519 520
3152 1665 475
3153 2889 385
3154 3957 490
3155 4866 410
3156 6404 384
3157 3094 363
3158 84 564
3159 690 561
3160 3347 576
3161 543 512
3162 0 -1
3163 5944 464
3164 5691 573
3165 1161 504
3166 3023 411
3167 5726 444
3168 0 -1
3169 1727 475
3170 1360 402
3171 1196 440
3172 631 435
3173 54 394
3174 4897 547
3175 3890 451
3176 4595 386
3177 3637 575
3178 1229 554
3179 5470 446
3180 5788 507
3181 951 501
3182 2535 386
3183 784 468
3184 5561 427
3185 530 366
3186 2354 423
3187 6451 291
3188 2055 442
3189 805 362
3190 5059 500
3191 0 -1
3192 3593 383
3193 4802 350
3194 5135 413
3195 1188 626
3196 3593 408
3197 5270 516
3198 5421 409
3199 0 -1
3200 3951 471
3201 2688 427
3202 4792 446
3203 3647 531
3204 5350 333
3205 5578 493
3206 0 -1
3207 174 517
3208 4214 326
3209 3135 417
3210 598 439
3211 4913 408
3212 6538 627
3213 3277 389
3214 3323 440
3215 4561 355
3216 4988 447
3217 0 -1
3218 6134 573
3219 6225 404
3220 440 497
3221 5067 505
3222 4948 610
3223 4670 480
3224 4846 337
3225 5075 405
3226 3106 392
3227 2645 555
3228 6172 416
3229 4411 518
3230 5554 485
3231 3673 425
3232 1212 405
3233 680 435
3234 1212 419
3235 4015 513
3236 60 470
3237 1752 589
3238 144 396
3239 5932 296
3240 3273 442
3241 0 -1
3242 1165 343
3243 1122 311
3244 1446 348
3245 5857 452
3246 0 -1
3247 4361 460
3248 574 492
3249 39 512
3250 4572 429
3251 1093 360
3252 1415 395
3253 1862 580
3254 5304 360
3255 75 426
3256 5809 393
3257 5122 417
3258 5818 520
3259 2873 417
3260 2716 478
3261 3115 447
3262 24 349
3263 408 389
3264 4238 529
3265 2039 406
3266 3395 533
3267 485 412
3268 37 449
3269 6563 467
3270 2065 470
3271 0 -1
3272 5821 319
3273 2794 340
3274 413 437
3275 5321 331
3276 1017 468
3277 239 369
3278 4271 445
3279 4718 408
3280 4113 480
3281 2386 495
3282 4337 316
3283 870 427
3284 0 -1
3285 4369 392
3286 3055 454
3287 5686 423
3288 1283 433
3289 3545 629
3290 4918 351
3291 3617 294
3292 2537 468
3293 5093 581
3294 1826 524
3295 3017 336
3296 5811 850
3297 4760 544
3298 4652 361
3299 1381 387
3300 6301 456
3301 1104 509
3302 3437 296
3303 3982 565
3304 0 -1
3305 6324 389
3306 5399 511
3307 1167 474
3308 5935 464
3309 5512 488
3310 900 473
3311 1823 333
3312 5297 414
3313 1204 557
3314 910 439
3315 3617 265
3316 1214 428
3317 3412 380
3318 391 460
3319 2032 473
3320 2317 486
3321 5330 446
3322 4189 480
3323 6244 436
3324 133 529
3325 5490 458
3326 1810 470
3327 1429 443
3328 3186 426
3329 1951 532
3330 5327 599
3331 4433 427
3332 3694 543
3333 2059 430
3334 1674 370
3335 3463 431
3336 4179 612
3337 926 511
3338 4920 498
3339 5521 416
3340 2655 539
3341 672 512
3342 2864 306
3343 6041 433
3344 5566 422
3345 2774 462
3346 1816 420
3347 4125 500
3348 4126 466
3349 2041 464
3350 2015 226
3351 3380 420
3352 1206 363
3353 0 -1
3354 1312 229
3355 2549 449
3356 3430 511
3357 6441 367
3358 6066 500
3359 0 -1
3360 4767 449
3361 5968 622
3362 2063 514
3363 952 520
3364 521 565
3365 94 613
3366 6043 435
3367 6227 643
3368 1690 488
3369 5741 332
3370 2998 559
3371 1976 457
3372 4116 390
3373 0 -1
3374 962 418
3375 3117 441
3376 6036 402
3377 1918 458
3378 1970 473
3379 4728 599
3380 5571 385
3381 2290 422
3382 6402 425
3383 6439 468
3384 4979 375
3385 4019 461
3386 2185 442
3387 780 457
3388 463 468
3389 1355 508
3390 3641 532
3391 241 405
3392 0 -1
3393 1278 433
3394 5777 474
3395 6561 455
3396 5094 378
3397 151 395
3398 3684 452
3399 5798 457
3400 5883 491
3401 4154 486
3402 1024 479
3403 4672 473
3404 5100 499
3405 4857 406
3406 6110 492
3407 517 499
3408 0 -1
3409 1504 390
3410 487 391
3411 4785 560
3412 3134 380
3413 5611 485
3414 3684 352
3415 5249 367
3416 3263 410
3417 116 544
3418 6470 375
3419 1873 371
3420 6206 475
3421 0 -1
3422 3208 430
3423 5098 347
3424 1864 493
3425 3598 474
3426 6039 468
3427 3377 488
3428 0 -1
3429 619 519
3430 395 451
3431 4533 507
3432 5530 301
3433 179 443
3434 5836 430
3435 3989 507
3436 564 345
3437 5732 276
3438 4417 304
3439 4980 448
3440 298 510
3441 5799 397
3442 3573 350
3443 3384 444
3444 5371 756
3445 1313 466
3446 5630 324
3447 5234 432
3448 5683 342
3449 4044 451
3450 557 327
3451 2150 483
3452 5411 464
3453 3156 388
3454 3426 519
3455 4776 465
3456 3565 589
3457 4971 407
3458 4475 485
3459 4798 345
3460 5201 568
3461 328 413
3462 5840 514
3463 3550 416
3464 6594 459
3465 0 -1
3466 2266 466
3467 5868 480
3468 5268 492
3469 2236 460
3470 1360 429
3471 1249 422
3472 2516 395
3473 3583 466
3474 4727 451
3475 4173 405
3476 2788 505
3477 2357 450
3478 5311 390
3479 2643 513
3480 821 483
3481 3928 447
3482 1632 349
3483 4256 470
3484 6063 428
3485 0 -1
3486 6349 368
3487 642 430
3488 1791 370
3489 5214 482
3490 2794 364
3491 870 376
3492 6467 436
3493 1168 444
3494 4284 454
3495 2914 498
3496 2274 449
3497 3029 461
3498 5421 448
3499 397 475
3500 6099 649
3501 3096 173
3502 3923 514
3503 6349 403
3504 5071 453
3505 1196 424
3506 83 483
3507 4335 500
3508 4543 493
3509 5203 431
3510 587 423
3511 619 434
3512 2376 449
3513 4384 652
3514 1605 518
3515 2827 381
3516 3550 369
3517 3878 403
3518 4594 486
3519 4076 491
3520 2332 333
3521 3771 420
3522 1972 481
3523 0 -1
3524 3236 488
3525 625 491
3526 4104 462
3527 5055 636
3528 5545 409
3529 221 547
3530 2795 473
3531 6131 672
3532 1480 458
3533 702 438
3534 5871 443
3535 5095 477
3536 2457 455
3537 1076 369
3538 0 -1
3539 5535 459
3540 2856 356
3541 2620 348
3542 4747 559
3543 41 420
3544 1267 427
3545 2634 564
3546 5821 379
3547 2481 414
3548 4101 407
3549 3291 329
3550 5899 324
3551 2039 407
3552 1557 522
3553 6448 437
3554 615 490
3555 0 -1
3556 342 427
3557 1875 513
3558 3450 440
3559 0 -1
3560 41 452
3561 5248 568
3562 1887 379
3563 5671 425
3564 365 463
3565 2342 551
3566 4622 495
3567 2062 385
3568 6435 379
3569 3419 405
3570 3251 470
3571 2170 421
3572 2934 641
3573 3867 300
3574 2305 479
3575 1968 341
3576 5227 444
3577 2982 453
3578 2177 455
3579 2739 433
3580 1825 404
3581 5347 452
3582 2715 502
3583 1589 434
3584 4488 517
3585 3486 446
3586 4509 407
3587 2436 440
3588 6430 441
3589 2099 391
3590 5337 509
3591 3676 527
3592 1813 481
3593 3602 371
3594 4978 480
3595 4071 341
3596 4482 378
3597 5073 413
3598 5001 458
3599 0 -1
3600 2958 444
3601 1237 552
3602 5932 254
3603 3418 377
3604 605 508
3605 5433 370
3606 1857 510
3607 5424 277
3608 1102 463
3609 913 409
3610 4287 374
3611 4393 458
3612 3486 470
3613 5285 468
3614 937 509
3615 5665 421
3616 6594 420
3617 4839 257
3618 6118 451
3619 621 437
3620 3786 434
3621 2485 475
3622 0 -1
3623 3536 464
3624 5013 509
3625 470 465
3626 5908 602
3627 3759 487
3628 2722 516
3629 15 349
3630 1404 366
3631 1751 445
3632 3005 527
3633 2104 546
3634 3627 500
3635 279 447
3636 6151 370
3637 856 535
3638 4304 432
3639 5826 413
3640 2462 553
3641 1606 457
3642 0 -1
3643 4504 387
3644 5645 740
3645 0 -1
3646 4243 546
3647 3087 415
3648 0 -1
3649 5504 578
3650 2346 491
3651 907 471
3652 1926 598
3653 5438 512
3654 6531 453
3655 1700 250
3656 3088 594
3657 5202 456
3658 2535 402
3659 1017 453
3660 1296 540
3661 1804 407
3662 2418 352
3663 1792 413
3664 5307 591
3665 0 -1
3666 1027 454
3667 2275 406
3668 5996 363
3669 1241 526
3670 4318 540
3671 1744 426
3672 3507 579
3673 5681 334
3674 67 353
3675 1598 458
3676 5738 416
3677 5992 468
3678 0 -1
3679 1712 363
3680 1435 647
3681 2079 325
3682 5226 541
3683 1459 435
3684 6482 337
3685 3188 521
3686 1142 456
3687 1102 489
3688 2204 688
3689 0 -1
3690 4516 356
3691 2162 488
3692 2171 396
3693 5582 419
3694 5620 461
3695 3278 511
3696 3650 498
3697 2657 522
3698 2859 339
3699 3647 464
3700 786 491
3701 5306 393
3702 0 -1
3703 593 415
3704 2477 460
3705 0 -1
3706 1970 448
3707 1337 436
3708 3917 446
3709 2137 342
3710 0 -1
3711 0 -1
3712 1966 431
3713 2809 460
3714 0 -1
3715 5094 383
3716 4049 399
3717 2057 416
3718 3818 542
3719 787 445
3720 5403 344
3721 2505 346
3722 3663 475
3723 4411 448
3724 0 -1
3725 1096 451
3726 5852 484
3727 1321 520
3728 2349 474
3729 4584 514
3730 1086 520
3731 3841 382
3732 6078 371
3733 2034 472
3734 43 530
3735 2853 375
3736 4692 445
3737 2538 338
3738 1403 471
3739 0 -1
3740 5176 618
3741 1561 549
3742 4828 575
3743 1530 515
3744 903 569
3745 1950 412
3746 4418 408
3747 1781 434
3748 2310 382
3749 5031 536
3750 875 475
3751 991 528
3752 3995 381
3753 159 706
3754 3488 390
3755 2172 486
3756 2290 402
3757 914 533
3758 6552 452
3759 4060 377
3760 3949 442
3761 1927 461
3762 3520 402
3763 3225 494
3764 2157 491
3765 2438 399
3766 3482 390
3767 99 454
3768 3643 407
3769 1192 464
3770 5333 395
3771 6213 378
3772 2233 419
3773 123 403
3774 4251 377
3775 4384 583
3776 5266 511
3777 5065 570
3778 6458 508
3779 4596 438
3780 6437 472
3781 575 319
3782 5611 493
3783 5597 355
3784 5996 376
3785 0 -1
3786 1791 414
3787 0 -1
3788 899 346
3789 4389 451
3790 172 451
3791 4660 445
3792 2663 365
3793 5764 471
3794 2711 348
3795 4135 384
3796 5069 458
3797 784 459
3798 2457 412
3799 4190 371
3800 5674 414
3801 6459 449
3802 2923 493
3803 792 513
3804 307 504
3805 5302 591
3806 6064 388
3807 1873 412
3808 168 510
3809 942 540
3810 682 570
3811 2478 432
3812 303 596
3813 4517 375
3814 5736 324
3815 1272 510
3816 2084 462
3817 4377 422
3818 2637 447
3819 69 531
3820 1456 434
3821 850 454
3822 5490 445
3823 86 433
3824 2084 481
3825 0 -1
3826 5906 461
3827 0 -1
3828 297 418
3829 2845 426
3830 3593 485
3831 845 441
3832 3615 421
3833 4810 447
3834 5485 521
3835 1680 527
3836 6200 537
3837 3325 501
3838 1132 348
3839 6391 489
3840 2958 495
3841 779 368
3842 4075 454
3843 6139 517
3844 2309 449
3845 2131 416
3846 4105 478
3847 5249 384
3848 4720 467
3849 2739 521
3850 727 415
3851 2900 636
3852 4523 448
3853 639 411
3854 0 -1
3855 6136 364
3856 2270 449
3857 1169 572
3858 5597 389
3859 0 -1
3860 6402 509
3861 202 472
3862 1186 327
3863 5055 579
3864 3752 420
3865 3267 437
3866 1917 422
3867 6326 299
3868 2424 640
3869 2252 473
3870 4462 421
3871 2346 453
3872 1307 558
3873 4672 356
3874 4504 438
3875 6108 354
3876 5397 424
3877 5935 426
3878 1446 357
3879 1055 432
3880 6374 510
3881 3403 505
3882 0 -1
3883 109 438
3884 5540 448
3885 6486 597
3886 4485 512
3887 3372 487
3888 4736 295
3889 382 433
3890 326 448
3891 1092 430
3892 5904 464
3893 3986 433
3894 1448 490
3895 0 -1
3896 5526 459
3897 6595 496
3898 63 433
3899 6553 486
3900 2778 337
3901 2974 394
3902 1288 332
3903 6173 478
3904 1174 498
3905 3788 453
3906 2521 542
3907 4500 490
3908 5671 428
3909 5604 432
3910 3916 518
3911 4710 534
3912 4458 413
3913 639 413
3914 5717 393
3915 1988 578
3916 1663 427
3917 3486 382
3918 4794 384
3919 3992 448
3920 1341 505
3921 433 442
3922 5560 537
3923 1951 507
3924 3475 505
3925 2894 409
3926 2048 533
3927 3867 304
3928 1208 356
3929 4585 469
3930 6174 601
3931 1175 512
3932 4448 419
3933 6552 462
3934 667 470
3935 5720 408
3936 4164 404
3937 4416 405
3938 1484 444
3939 2065 371
3940 0 -1
3941 5772 462
3942 4544 399
3943 1917 462
3944 0 -1
3945 5913 434
3946 1373 383
3947 718 404
3948 1271 459
3949 4905 425
3950 2923 476
3951 2358 423
3952 383 470
3953 5280 439
3954 5979 483
3955 4398 437
3956 1727 469
3957 1932 414
3958 3647 496
3959 3113 449
3960 1516 459
3961 0 -1
3962 2252 431
3963 105 365
3964 2829 485
3965 2318 588
3966 1062 407
3967 5138 361
3968 3779 443
3969 2496 491
3970 1545 558
3971 6239 408
3972 2912 537
3973 2531 401
3974 4032 448
3975 6512 505
3976 67 373
3977 51 405
3978 265 535
3979 1548 445
3980 6179 410
3981 1000 406
3982 3833 465
3983 0 -1
3984 985 617
3985 864 408
3986 5514 425
3987 0 -1
3988 3442 461
3989 3286 475
3990 2580 411
3991 1981 608
3992 2605 410
3993 1288 333
3994 268 502
3995 3049 342
3996 5459 447
3997 6358 445
3998 1013 385
3999 2304 422
4000 4768 481
4001 206 373
4002 3420 484
4003 5195 399
4004 2649 443
4005 5979 464
4006 6107 325
4007 1934 390
4008 725 422
4009 2370 577
4010 2690 469
4011 1594 422
4012 2332 363
4013 3813 448
4014 3193 379
4015 5043 449
4016 3024 480
4017 4191 407
4018 3926 573
4019 5234 358
4020 0 -1
4021 2754 569
4022 5408 397
4023 1353 399
4024 539 374
4025 6117 461
4026 0 -1
4027 2024 549
4028 3551 432
4029 4096 387
4030 3475 420
4031 4406 472
4032 181 384
4033 6007 491
4034 4131 436
4035 557 415
4036 4319 625
4037 4278 467
4038 1269 450
4039 998 425
4040 4212 502
4041 0 -1
4042 2873 438
4043 562 398
4044 2456 399
4045 4198 669
4046 2820 289
4047 557 388
4048 3287 506
4049 1336 342
4050 5247 479
4051 1933 401
4052 0 -1
4053 3675 541
4054 3912 491
4055 0 -1
4056 5081 615
4057 3080 323
4058 3568 418
4059 568 396
4060 4246 329
4061 0 -1
4062 2448 432
4063 6429 444
4064 911 387
4065 276 490
4066 3233 474
4067 0 -1
4068 767 266
4069 3007 547
4070 1452 454
4071 2042 297
4072 0 -1
4073 4427 577
4074 5692 491
4075 6550 387
4076 2064 481
4077 4266 570
4078 4777 470
4079 4526 489
4080 1779 453
4081 0 -1
4082 13 412
4083 2294 591
4084 6278 287
4085 103 489
4086 1343 526
4087 1865 497
4088 6060 485
4089 4279 541
4090 1833 449
4091 6548 480
4092 0 -1
4093 28 459
4094 3567 393
4095 6172 364
4096 5642 321
4097 3149 506
4098 2456 446
4099 5889 416
4100 2613 423
4101 1165 323
4102 3951 470
4103 2026 497
4104 5675 434
4105 2233 450
4106 4398 492
4107 3262 412
4108 383 458
4109 3916 469
4110 3894 490
4111 5108 396
4112 3568 417
4113 5873 464
4114 6319 359
4115 1361 511
4116 4049 375
4117 0 -1
4118 371 412
4119 621 474
4120 54 412
4121 3681 365
4122 5694 460
4123 6470 375
4124 5583 467
4125 1879 492
4126 1667 438
4127 4923 542
4128 3224 431
4129 0 -1
4130 5246 515
4131 3342 409
4132 4102 517
4133 3995 363
4134 3547 448
4135 4214 316
4136 2909 456
4137 6218 441
4138 702 500
4139 6550 384
4140 2906 414
4141 61 403
4142 3461 451
4143 1709 515
4144 0 -1
4145 2975 458
4146 1804 402
4147 3208 401
4148 4088 492
4149 4350 473
4150 1427 360
4151 1877 419
4152 4323 540
4153 3731 382
4154 1094 423
4155 3501 266
4156 5644 580
4157 2269 601
4158 351 405
4159 4169 442
4160 2895 518
4161 2454 687
4162 0 -1
4163 4943 501
4164 3238 404
4165 6553 565
4166 1180 506
4167 1202 399
4168 5996 406
4169 3093 404
4170 6422 478
4171 3123 634
4172 3442 414
4173 6040 389
4174 387 510
4175 2618 507
4176 3627 605
4177 77 491
4178 3924 569
4179 6439 516
4180 0 -1
4181 5204 294
4182 1601 363
4183 0 -1
4184 395 456
4185 4475 514
4186 1940 465
4187 4118 509
4188 0 -1
4189 4095 374
4190 3862 356
4191 3875 362
4192 5870 439
4193 4957 503
4194 4179 527
4195 3681 361
4196 5484 480
4197 3496 521
4198 4877 556
4199 2151 436
4200 1427 376
4201 4655 318
4202 2940 340
4203 707 484
4204 1054 496
4205 2241 502
4206 5333 403
4207 6283 561
4208 864 423
4209 1856 452
4210 6163 331
4211 1681 390
4212 3855 455
4213 5651 495
4214 6559 298
4215 0 -1
4216 2093 387
4217 2162 496
4218 4084 302
4219 1028 482
4220 5225 501
4221 1720 558
4222 3508 606
4223 5817 469
4224 4960 398
4225 1614 505
4226 3732 373
4227 5236 320
4228 866 226
4229 4957 453
4230 5001 440
4231 4978 389
4232 2864 215
4233 4874 387
4234 876 430
4235 59 353
4236 3506 537
4237 4130 554
4238 1686 438
4239 5851 375
4240 6510 392
4241 629 245
4242 2636 620
4243 4619 460
4244 5159 422
4245 1471 413
4246 3655 255
4247 3737 338
4248 6495 529
4249 2778 271
4250 1007 467
4251 283 359
4252 1278 405
4253 0 -1
4254 3208 374
4255 665 490
4256 6416 444
4257 6014 358
4258 787 447
4259 53 295
4260 0 -1
4261 40 455
4262 4338 485
4263 704 489
4264 5580 494
4265 2195 462
4266 5394 507
4267 0 -1
4268 4509 404
4269 6590 464
4270 4511 437
4271 3515 405
4272 1227 505
4273 135 369
4274 0 -1
4275 6120 522
4276 2988 509
4277 3256 499
4278 2254 394
4279 2041 484
4280 2391 482
4281 59 339
4282 3163 468
4283 5595 383
4284 5291 415
4285 4588 329
4286 1647 487
4287 5999 262
4288 1825 406
4289 3080 315
4290 5530 312
4291 1674 378
4292 2524 540
4293 1822 497
4294 5576 490
4295 6258 373
4296 0 -1
4297 2191 509
4298 2077 393
4299 4059 486
4300 1007 359
4301 0 -1
4302 6324 403
4303 4957 529
4304 3282 403
4305 5596 551
4306 5586 456
4307 5291 307
4308 0 -1
4309 1504 385
4310 6108 406
4311 2787 433
4312 6550 322
4313 0 -1
4314 2857 479
4315 1469 411
4316 1677 450
4317 724 555
4318 3105 500
4319 2483 615
4320 1191 530
4321 3137 441
4322 6395 352
4323 6209 488
4324 0 -1
4325 1486 531
4326 27 41
4327 1712 321
4328 3486 390
4329 2719 485
4330 45 477
4331 945 486
4332 5171 565
4333 4799 489
4334 3849 563
4335 2859 450
4336 1999 388
4337 3655 290
4338 5934 475
4339 5379 409
4340 3141 408
4341 1055 479
4342 143 472
4343 5726 446
4344 2706 427
4345 3355 497
4346 2993 436
4347 144 428
4348 173 308
4349 1254 607
4350 3781 357
4351 4209 464
4352 6280 459
4353 1535 388
4354 2417 415
4355 2518 425
4356 4767 481
4357 1166 427
4358 3839 562
4359 4794 441
4360 206 388
4361 5566 440
4362 6172 378
4363 4978 392
4364 4105 469
4365 3464 535
4366 472 507
4367 0 -1
4368 5082 225
4369 3189 386
4370 0 -1
4371 5452 459
4372 0 -1
4373 383 497
4374 2638 443
4375 5527 305
4376 2878 474
4377 4420 390
4378 1454 432
4379 4298 417
4380 3792 428
4381 1826 593
4382 37 540
4383 4587 462
4384 1969 537
4385 163 436
4386 2974 396
4387 1420 452
4388 5319 686
4389 4619 449
4390 2093 439
4391 350 355
4392 4796 494
4393 522 342
4394 5834 419
4395 870 458
4396 6314 816
4397 323 468
4398 2568 437
4399 3595 358
4400 5433 401
4401 0 -1
4402 772 504
4403 2173 333
4404 2582 551
4405 4585 497
4406 3387 469
4407 0 -1
4408 4068 383
4409 6037 460
4410 5846 481
4411 3490 407
4412 3397 458
4413 1727 413
4414 2225 514
4415 115 562
4416 4846 335
4417 5899 301
4418 5926 398
4419 3230 563
4420 6557 387
4421 2841 598
4422 5556 436
4423 0 -1
4424 1168 455
4425 2335 514
4426 3357 434
4427 5472 486
4428 116 464
4429 1026 533
4430 2924 490
4431 2786 445
4432 6141 426
4433 1869 420
4434 456 521
4435 6052 446
4436 313 482
4437 1637 374
4438 286 519
4439 413 503
4440 4520 442
4441 2357 472
4442 6233 323
4443 0 -1
4444 2362 466
4445 390 381
4446 5404 507
4447 1677 485
4448 6413 400
4449 1821 458
4450 3230 522
4451 4950 577
4452 4837 416
4453 6288 539
4454 2567 526
4455 1019 446
4456 3099 407
4457 2489 490
4458 4251 401
4459 485 397
4460 744 531
4461 3441 481
4462 4595 362
4463 1228 548
4464 1484 449
4465 0 -1
4466 3766 490
4467 4289 340
4468 2046 472
4469 5078 711
4470 0 -1
4471 4539 421
4472 2716 478
4473 3928 380
4474 6160 533
4475 4704 452
4476 513 422
4477 5588 462
4478 486 413
4479 1335 441
4480 1776 335
4481 155 409
4482 5848 373
4483 3695 539
4484 5013 476
4485 5306 396
4486 1778 383
4487 1528 619
4488 3486 422
4489 1778 365
4490 0 -1
4491 4096 336
4492 5189 539
4493 2941 476
4494 2307 351
4495 4742 470
4496 5419 574
4497 0 -1
4498 3483 489
4499 1636 519
4500 2687 472
4501 1258 458
4502 4431 497
4503 0 -1
4504 6294 375
4505 3617 286
4506 3251 399
4507 4902 518
4508 4932 518
4509 3134 392
4510 6052 484
4511 4189 408
4512 692 535
4513 4800 588
4514 3154 506
4515 1086 472
4516 4554 258
4517 5355 346
4518 2323 417
4519 2548 522
4520 766 401
4521 4414 534
4522 6051 483
4523 4937 395
4524 2377 576
4525 5882 317
4526 2133 424
4527 2853 413
4528 4561 288
4529 1970 418
4530 5704 564
4531 0 -1
4532 5102 507
4533 1053 417
4534 3774 431
4535 6002 484
4536 2349 489
4537 2002 393
4538 6307 402
4539 5702 417
4540 2558 548
4541 334 638
4542 2158 590
4543 5094 393
4544 3437 344
4545 5216 498
4546 2375 600
4547 122 414
4548 5700 445
4549 513 390
4550 1856 543
4551 187 477
4552 5019 466
4553 1840 322
4554 552 214
4555 1464 516
4556 3781 439
4557 0 -1
4558 4259 373
4559 0 -1
4560 344 303
4561 1978 287
4562 2712 551
4563 6040 455
4564 6362 434
4565 1405 511
4566 3369 373
4567 0 -1
4568 5613 306
4569 4871 551
4570 3437 358
4571 2441 473
4572 539 415
4573 2874 645
4574 141 433
4575 0 -1
4576 2343 434
4577 6064 392
4578 2613 431
4579 3879 503
4580 552 231
4581 4594 426
4582 5689 397
4583 4201 358
4584 1893 487
4585 4574 441
4586 1699 679
4587 2274 439
4588 4505 307
4589 4155 369
4590 1810 452
4591 3016 269
4592 0 -1
4593 2007 399
4594 5838 418
4595 767 266
4596 4689 411
4597 1585 440
4598 3691 594
4599 434 414
4600 5139 484
4601 343 543
4602 5591 463
4603 2016 617
4604 5547 363
4605 3748 430
4606 1251 500
4607 1340 510
4608 4487 732
4609 2890 407
4610 5138 352
4611 2937 433
4612 5593 596
4613 652 553
4614 5572 435
4615 681 538
4616 2228 586
4617 0 -1
4618 4564 472
4619 44 421
4620 1814 410
4621 530 373
4622 5234 380
4623 0 -1
4624 4146 407
4625 3263 401
4626 2929 440
4627 2271 560
4628 3933 581
4629 3661 431
4630 5463 225
4631 3967 425
4632 1497 471
4633 147 480
4634 3144 523
4635 5226 533
4636 0 -1
4637 2823 469
4638 1311 483
4639 5652 385
4640 5243 384
4641 2007 447
4642 0 -1
4643 6369 514
4644 0 -1
4645 2549 412
4646 6404 462
4647 3928 452
4648 4670 510
4649 3905 483
4650 4675 451
4651 4913 419
4652 135 361
4653 2668 515
4654 0 -1
4655 1353 316
4656 3655 300
4657 2353 439
4658 6048 430
4659 0 -1
4660 1015 413
4661 167 489
4662 6597 531
4663 3315 372
4664 5717 356
4665 1511 480
4666 4581 521
4667 2761 633
4668 1692 359
4669 4003 417
4670 1479 423
4671 848 381
4672 6014 354
4673 146 487
4674 587 532
4675 3397 409
4676 0 -1
4677 0 -1
4678 264 582
4679 5698 489
4680 5953 492
4681 3247 482
4682 274 437
4683 2341 509
4684 1816 361
4685 5597 283
4686 6246 479
4687 5044 455
4688 205 664
4689 5669 389
4690 5421 370
4691 6354 457
4692 106 387
4693 1220 291
4694 2361 382
4695 5365 367
4696 519 509
4697 4858 411
4698 1940 451
4699 2687 439
4700 2138 386
4701 2293 505
4702 3595 444
4703 2880 364
4704 5137 387
4705 5524 418
4706 3672 668
4707 1783 481
4708 5234 380
4709 5908 570
4710 4956 452
4711 1590 463
4712 0 -1
4713 2809 510
4714 5629 508
4715 70 449
4716 5717 418
4717 3942 414
4718 2160 335
4719 2612 449
4720 4096 427
4721 5587 438
4722 6304 493
4723 2002 432
4724 6162 423
4725 5848 452
4726 937 452
4727 5687 450
4728 5687 479
4729 0 -1
4730 6399 548
4731 2534 443
4732 4705 449
4733 3073 528
4734 6571 502
4735 6341 422
4736 877 259
4737 5572 424
4738 1585 376
4739 1731 486
4740 1816 408
4741 2661 445
4742 6299 469
4743 2552 431
4744 5303 438
4745 2976 543
4746 2392 483
4747 4128 526
4748 840 408
4749 0 -1
4750 3655 305
4751 3173 438
4752 2820 262
4753 1122 298
4754 5726 448
4755 2808 414
4756 4855 480
4757 279 414
4758 2694 479
4759 5129 438
4760 2216 500
4761 6443 532
4762 2550 345
4763 5879 387
4764 0 -1
4765 5829 415
4766 2950 432
4767 5410 440
4768 1659 415
4769 2924 498
4770 3131 529
4771 1733 466
4772 5405 548
4773 2240 509
4774 5172 541
4775 4239 428
4776 2008 426
4777 6196 451
4778 1446 398
4779 0 -1
4780 1304 405
4781 6393 402
4782 1381 422
4783 6479 514
4784 3520 450
4785 554 532
4786 3892 558
4787 6447 412
4788 4190 458
4789 2102 567
4790 2126 283
4791 3419 418
4792 5311 380
4793 4340 428
4794 2973 359
4795 2357 487
4796 4389 458
4797 6482 424
4798 1288 326
4799 5218 400
4800 5347 489
4801 744 598
4802 947 279
4803 3295 406
4804 4104 451
4805 0 -1
4806 4874 345
4807 3375 532
4808 0 -1
4809 4719 550
4810 5982 430
4811 0 -1
4812 4006 414
4813 0 -1
4814 2043 476
4815 0 -1
4816 726 377
4817 3243 425
4818 236 416
4819 1674 445
4820 2616 511
4821 4265 506
4822 3893 502
4823 2962 410
4824 343 537
4825 6374 444
4826 2577 574
4827 2752 539
4828 5718 551
4829 109 463
4830 350 383
4831 4787 467
4832 2589 497
4833 2414 367
4834 2455 493
4835 318 458
4836 80 317
4837 4235 399
4838 5120 354
4839 5932 242
4840 654 533
4841 5945 365
4842 6483 492
4843 1576 495
4844 1849 351
4845 3294 611
4846 3607 293
4847 1823 398
4848 4051 486
4849 1729 564
4850 0 -1
4851 2047 454
4852 2796 470
4853 1598 504
4854 2626 446
4855 485 436
4856 3442 373
4857 6588 321
4858 4399 373
4859 6291 506
4860 0 -1
4861 0 -1
4862 3068 464
4863 3228 460
4864 6587 466
4865 0 -1
4866 1540 345
4867 6242 465
4868 4553 353
4869 5566 427
4870 3677 563
4871 2354 468
4872 4650 532
4873 2962 369
4874 1662 338
4875 4723 484
4876 5072 176
4877 5003 512
4878 1830 427
4879 2185 474
4880 3397 480
4881 6581 233
4882 1207 508
4883 5120 399
4884 0 -1
4885 1000 325
4886 6232 497
4887 4118 426
4888 2227 435
4889 4878 467
4890 5974 706
4891 3023 416
4892 2095 499
4893 3743 531
4894 1295 464
4895 733 330
4896 2676 542
4897 594 471
4898 0 -1
4899 4413 503
4900 3819 588
4901 906 358
4902 1205 495
4903 7 534
4904 3300 461
4905 2192 425
4906 3515 432
4907 4247 381
4908 0 -1
4909 1996 428
4910 6165 319
4911 1202 404
4912 1923 443
4913 2160 347
4914 3713 478
4915 1207 443
4916 4442 431
4917 6509 498
4918 2079 280
4919 202 471
4920 2508 439
4921 5213 505
4922 2155 430
4923 5552 498
4924 5801 367
4925 5245 420
4926 1082 592
4927 6417 462
4928 1773 419
4929 5126 376
4930 0 -1
4931 2714 458
4932 5179 508
4933 4693 370
4934 5140 446
4935 3221 533
4936 85 253
4937 5527 344
4938 3121 594
4939 5318 388
4940 759 591
4941 6224 527
4942 639 433
4943 1341 495
4944 2506 436
4945 937 459
4946 686 453
4947 0 -1
4948 3695 514
4949 4400 405
4950 4854 510
4951 0 -1
4952 97 439
4953 4787 461
4954 4937 437
4955 6172 433
4956 5112 381
4957 5184 427
4958 1885 541
4959 2559 217
4960 3049 353
4961 3723 478
4962 1130 203
4963 3094 435
4964 2843 265
4965 1679 490
4966 6179 505
4967 2920 332
4968 53 289
4969 3819 627
4970 2738 402
4971 2039 399
4972 6212 478
4973 2800 435
4974 5677 482
4975 2116 519
4976 0 -1
4977 3129 485
4978 4589 381
4979 6454 353
4980 5998 367
4981 5596 515
4982 0 -1
4983 5383 428
4984 4248 559
4985 4158 446
4986 4841 372
4987 4609 429
4988 4211 420
4989 6336 396
4990 5340 473
4991 449 434
4992 5833 470
4993 1810 449
4994 3811 484
4995 6146 583
4996 6527 496
4997 0 -1
4998 537 540
4999 5597 311
5000 5264 574
5001 6573 436
5002 2705 492
5003 385 421
5004 1923 437
5005 6349 388
5006 1044 468
5007 4675 492
5008 1883 494
5009 299 490
5010 1064 549
5011 2957 526
5012 1063 442
5013 2991 431
5014 4933 405
5015 2924 449
5016 3976 387
5017 3418 486
5018 5845 657
5019 1289 409
5020 2859 364
5021 0 -1
5022 67 381
5023 490 466
5024 0 -1
5025 805 400
5026 0 -1
5027 5272 310
5028 3445 480
5029 5695 497
5030 0 -1
5031 5430 473
5032 0 -1
5033 3797 528
5034 3135 453
5035 343 499
5036 629 318
5037 938 524
5038 0 -1
5039 1807 447
5040 4963 516
5041 2378 445
5042 0 -1
5043 6042 449
5044 6192 376
5045 2090 370
5046 5126 403
5047 2640 490
5048 507 513
5049 1363 432
5050 611 414
5051 2656 433
5052 5158 389
5053 303 590
5054 5722 482
5055 2930 549
5056 0 -1
5057 3085 399
5058 1884 538
5059 4353 422
5060 1296 475
5061 5835 470
5062 132 329
5063 3317 400
5064 6299 470
5065 3312 451
5066 6009 617
5067 2561 491
5068 5194 537
5069 6024 428
5070 2034 507
5071 4798 362
5072 3096 129
5073 219 405
5074 3550 328
5075 5433 366
5076 4960 357
5077 1983 385
5078 4667 706
5079 5802 412
5080 5888 464
5081 298 549
5082 5666 195
5083 3092 374
5084 1348 420
5085 4307 374
5086 3171 448
5087 412 415
5088 4539 431
5089 1183 399
5090 1894 634
5091 1008 459
5092 34 473
5093 4288 496
5094 2044 345
5095 4480 450
5096 2987 576
5097 6226 473
5098 899 337
5099 3619 515
5100 5636 456
5101 3774 386
5102 4873 396
5103 3814 329
5104 146 464
5105 5744 461
5106 3703 459
5107 3736 450
5108 4442 382
5109 4471 433
5110 520 524
5111 5725 522
5112 3423 355
5113 498 434
5114 463 514
5115 3912 520
5116 5211 445
5117 561 482
5118 6538 544
5119 1147 489
5120 4591 313
5121 1272 497
5122 2176 391
5123 1227 453
5124 2529 454
5125 1017 498
5126 5527 338
5127 2308 403
5128 2673 465
5129 421 338
5130 6547 461
5131 6265 400
5132 5183 578
5133 3589 446
5134 159 680
5135 4290 320
5136 1132 336
5137 15 316
5138 603 288
5139 6442 419
5140 5926 426
5141 3211 465
5142 4182 421
5143 2862 516
5144 4189 391
5145 1139 434
5146 6450 495
5147 1120 473
5148 5846 528
5149 5272 385
5150 567 302
5151 5597 303
5152 4713 616
5153 3368 515
5154 5285 480
5155 3401 600
5156 5613 333
5157 3348 500
5158 132 354
5159 2052 399
5160 4047 481
5161 5851 287
5162 2926 468
5163 791 425
5164 1961 470
5165 3986 476
5166 4695 389
5167 6218 444
5168 5932 294
5169 4019 422
5170 2691 475
5171 5964 486
5172 1148 473
5173 5801 395
5174 5126 359
5175 1056 565
5176 594 521
5177 4307 324
5178 5965 484
5179 4604 390
5180 3396 491
5181 5048 550
5182 4833 433
5183 2143 576
5184 5791 401
5185 3315 357
5186 723 399
5187 4689 443
5188 4988 442
5189 630 454
5190 305 498
5191 232 502
5192 390 379
5193 3988 499
5194 5954 534
5195 3914 397
5196 3858 441
5197 0 -1
5198 1776 355
5199 3092 427
5200 2704 541
5201 6268 527
5202 5748 418
5203 3674 416
5204 1423 224
5205 0 -1
5206 2018 397
5207 403 592
5208 2808 453
5209 3492 453
5210 1937 464
5211 6573 396
5212 5884 404
5213 5141 493
5214 3595 410
5215 54 352
5216 1306 440
5217 677 421
5218 3783 355
5219 3894 584
5220 3334 401
5221 5888 412
5222 2556 542
5223 288 404
5224 779 378
5225 2878 384
5226 2045 512
5227 2272 415
5228 71 397
5229 3567 445
5230 0 -1
5231 530 378
5232 4134 526
5233 2621 416
5234 5321 345
5235 3529 566
5236 5597 312
5237 3483 498
5238 416 373
5239 2693 397
5240 6264 538
5241 5188 487
5242 2763 342
5243 6005 378
5244 3467 483
5245 6108 403
5246 1158 514
5247 3998 438
5248 827 500
5249 4337 347
5250 5812 487
5251 4505 402
5252 5897 366
5253 2311 526
5254 1549 548
5255 3281 519
5256 6580 422
5257 4078 496
5258 1360 418
5259 2120 467
5260 209 433
5261 760 469
5262 485 385
5263 5531 546
5264 777 458
5265 0 -1
5266 832 468
5267 1348 424
5268 6141 393
5269 133 411
5270 4214 418
5271 4635 591
5272 1423 266
5273 217 524
5274 4630 302
5275 1409 494
5276 0 -1
5277 806 453
5278 0 -1
5279 3633 568
5280 4391 414
5281 4795 504
5282 4973 512
5283 4629 537
5284 5630 313
5285 5332 406
5286 4521 581
5287 4987 476
5288 1833 436
5289 1389 521
5290 3114 455
5291 1858 298
5292 449 477
5293 5621 568
5294 41 474
5295 4825 445
5296 3690 430
5297 4523 399
5298 5179 499
5299 5194 633
5300 1737 446
5301 3186 458
5302 6214 474
5303 5239 421
5304 314 341
5305 2590 391
5306 5736 391
5307 550 481
5308 5914 497
5309 2359 478
5310 684 412
5311 1840 355
5312 2663 389
5313 4321 477
5314 2838 471
5315 2914 416
5316 1792 450
5317 671 597
5318 56 349
5319 5282 622
5320 4999 395
5321 2815 318
5322 2944 411
5323 656 430
5324 6347 361
5325 503 491
5326 3368 588
5327 3823 500
5328 3211 463
5329 2344 395
5330 3438 375
5331 6162 416
5332 6064 383
5333 3213 394
5334 1439 353
5335 309 604
5336 2428 292
5337 953 474
5338 6164 427
5339 3673 354
5340 804 428
5341 2826 407
5342 2156 449
5343 4422 451
5344 0 -1
5345 5741 320
5346 4068 270
5347 4123 436
5348 419 429
5349 3277 418
5350 344 326
5351 5561 426
5352 5800 183
5353 3370 623
5354 1758 588
5355 6319 322
5356 2078 571
5357 0 -1
5358 6403 525
5359 5671 418
5360 640 455
5361 1783 461
5362 274 449
5363 2307 333
5364 4562 625
5365 3459 361
5366 4511 441
5367 3337 619
5368 6466 438
5369 3977 448
5370 0 -1
5371 5896 669
5372 3760 451
5373 1111 512
5374 3295 364
5375 312 471
5376 5004 528
5377 45 497
5378 1096 501
5379 3567 390
5380 5329 498
5381 3852 491
5382 2858 341
5383 2716 417
5384 2477 509
5385 216 511
5386 1629 502
5387 460 526
5388 5403 331
5389 6513 568
5390 1170 565
5391 4436 549
5392 387 433
5393 2981 537
5394 5897 413
5395 3866 480
5396 0 -1
5397 204 408
5398 656 374
5399 5881 501
5400 5745 533
5401 1684 479
5402 5454 603
5403 80 293
5404 4905 495
5405 2047 470
5406 61 474
5407 3832 531
5408 6236 372
5409 3736 460
5410 1535 418
5411 6590 404
5412 3457 457
5413 206 437
5414 1401 486
5415 0 -1
5416 5112 386
5417 288 483
5418 3490 391
5419 5401 482
5420 5903 391
5421 6550 355
5422 3504 510
5423 2114 416
5424 552 211
5425 4744 554
5426 863 568
5427 3134 389
5428 2996 368
5429 5070 594
5430 4697 414
5431 316 436
5432 5859 429
5433 1512 328
5434 0 -1
5435 0 -1
5436 1865 442
5437 3585 504
5438 2010 445
5439 5572 510
5440 3438 382
5441 1792 530
5442 0 -1
5443 569 465
5444 2235 652
5445 5103 349
5446 2764 443
5447 6157 478
5448 6293 430
5449 5600 554
5450 1181 435
5451 5992 414
5452 274 405
5453 4024 410
5454 2748 592
5455 3838 437
5456 0 -1
5457 1634 582
5458 1994 296
5459 135 388
5460 927 402
5461 0 -1
5462 232 491
5463 5352 196
5464 0 -1
5465 4314 574
5466 3053 463
5467 0 -1
5468 6204 490
5469 2238 504
5470 4494 392
5471 2810 529
5472 614 380
5473 6026 455
5474 118 503
5475 511 516
5476 6023 428
5477 5857 401
5478 2953 465
5479 1352 529
5480 0 -1
5481 677 379
5482 4462 440
5483 5048 529
5484 5186 408
5485 5122 405
5486 0 -1
5487 123 405
5488 4810 486
5489 3389 551
5490 3475 434
5491 1321 495
5492 666 507
5493 6590 401
5494 1070 435
5495 6255 382
5496 5701 486
5497 1023 418
5498 2236 464
5499 6545 307
5500 0 -1
5501 5161 363
5502 532 433
5503 2131 451
5504 5223 475
5505 1646 563
5506 24 369
5507 6003 472
5508 3215 444
5509 100 456
5510 4399 379
5511 419 413
5512 2361 390
5513 5888 518
5514 2301 362
5515 4698 539
5516 834 470
5517 4516 261
5518 5459 473
5519 1051 515
5520 5311 442
5521 1312 320
5522 0 -1
5523 1342 359
5524 1950 418
5525 6549 413
5526 1853 402
5527 2785 302
5528 2843 304
5529 5285 464
5530 85 267
5531 3225 485
5532 532 459
5533 5264 480
5534 755 422
5535 6109 383
5536 3007 553
5537 6505 458
5538 0 -1
5539 5006 565
5540 1667 405
5541 3479 519
5542 4720 539
5543 4249 386
5544 3093 487
5545 5445 357
5546 2421 480
5547 5613 316
5548 0 -1
5549 2738 416
5550 845 410
5551 0 -1
5552 5972 452
5553 5228 443
5554 257 409
5555 3033 485
5556 6163 435
5557 5383 452
5558 689 468
5559 3737 432
5560 5870 462
5561 2665 376
5562 607 597
5563 6185 514
5564 5741 271
5565 0 -1
5566 1909 418
5567 3806 436
5568 4248 558
5569 0 -1
5570 6093 461
5571 2733 362
5572 5477 409
5573 3170 440
5574 0 -1
5575 2359 465
5576 1335 440
5577 2941 411
5578 910 488
5579 3778 545
5580 1167 473
5581 1156 574
5582 3357 387
5583 4201 420
5584 1251 419
5585 498 431
5586 2856 346
5587 6317 419
5588 4300 442
5589 1846 474
5590 2180 696
5591 1314 364
5592 0 -1
5593 6142 477
5594 1052 458
5595 2434 357
5596 268 458
5597 1122 270
5598 3619 472
5599 4689 494
5600 4498 501
5601 1111 543
5602 5195 465
5603 0 -1
5604 5837 410
5605 3547 533
5606 1901 467
5607 1804 455
5608 3140 469
5609 464 547
5610 5136 448
5611 1283 438
5612 4750 331
5613 5999 257
5614 4568 380
5615 1447 478
5616 5893 460
5617 5499 375
5618 966 532
5619 6560 360
5620 1291 394
5621 554 515
5622 0 -1
5623 4906 450
5624 2684 463
5625 0 -1
5626 0 -1
5627 5104 495
5628 199 449
5629 2711 404
5630 575 276
5631 2324 425
5632 6177 390
5633 1265 420
5634 2211 614
5635 233 558
5636 2117 442
5637 3282 420
5638 1497 493
5639 2813 393
5640 1045 463
5641 1003 470
5642 5463 250
5643 5272 357
5644 2518 513
5645 6371 629
5646 5384 559
5647 1095 451
5648 0 -1
5649 6151 402
5650 229 379
5651 3113 422
5652 114 337
5653 4164 429
5654 6487 466
5655 1736 473
5656 1148 386
5657 3903 507
5658 2351 436
5659 0 -1
5660 0 -1
5661 6192 484
5662 550 504
5663 2062 379
5664 6192 381
5665 2788 408
5666 3096 124
5667 290 435
5668 568 363
5669 97 365
5670 2150 468
5671 854 401
5672 5242 441
5673 2822 591
5674 3369 375
5675 4462 385
5676 921 573
5677 1278 451
5678 18 440
5679 2099 393
5680 3492 450
5681 2268 325
5682 0 -1
5683 1791 336
5684 6221 582
5685 605 550
5686 6556 423
5687 3684 435
5688 3020 367
5689 3109 392
5690 5326 690
5691 892 495
5692 5873 416
5693 4867 529
5694 6181 423
5695 1095 407
5696 4718 383
5697 2793 492
5698 794 450
5699 2713 422
5700 6479 426
5701 5614 457
5702 421 309
5703 1525 387
5704 2732 475
5705 6310 464
5706 6236 368
5707 2689 451
5708 5198 356
5709 662 566
5710 2412 456
5711 1346 440
5712 1751 462
5713 1310 473
5714 4340 509
5715 4568 351
5716 1097 459
5717 2332 337
5718 3025 443
5719 876 500
5720 2506 376
5721 0 -1
5722 387 471
5723 5498 511
5724 2031 448
5725 1175 453
5726 653 423
5727 533 518
5728 2541 576
5729 2323 392
5730 2592 710
5731 355 402
5732 5597 272
5733 1228 457
5734 1424 399
5735 391 488
5736 6278 322
5737 6192 385
5738 550 414
5739 0 -1
5740 2690 504
5741 3016 264
5742 3698 423
5743 136 427
5744 6155 443
5745 6277 501
5746 1737 455
5747 0 -1
5748 1023 391
5749 6547 434
5750 3155 464
5751 715 426
5752 4166 529
5753 0 -1
5754 1590 458
5755 1462 450
5756 4658 492
5757 6204 559
5758 2901 506
5759 695 436
5760 6532 539
5761 6348 447
5762 4672 457
5763 2633 373
5764 2154 418
5765 1360 353
5766 3585 453
5767 718 487
5768 3305 391
5769 4992 493
5770 5586 360
5771 5312 464
5772 100 451
5773 6148 510
5774 2034 512
5775 6245 428
5776 44 411
5777 5889 441
5778 1224 455
5779 1388 487
5780 5998 349
5781 1710 459
5782 5403 377
5783 4126 438
5784 6098 574
5785 1861 472
5786 5287 541
5787 1870 528
5788 2700 504
5789 3496 564
5790 3093 431
5791 5801 359
5792 2386 535
5793 4034 535
5794 6051 508
5795 2769 581
5796 53 387
5797 2052 393
5798 3173 435
5799 3239 349
5800 245 158
5801 5126 343
5802 3674 373
5803 2530 398
5804 4327 401
5805 6102 477
5806 5304 353
5807 2989 414
5808 4378 453
5809 4046 349
5810 5144 397
5811 2468 788
5812 6309 475
5813 3322 529
5814 5106 482
5815 6119 423
5816 2058 499
5817 771 421
5818 1663 510
5819 3449 452
5820 6588 364
5821 2126 297
5822 0 -1
5823 3913 424
5824 5553 508
5825 5588 448
5826 6559 312
5827 4224 485
5828 5040 520
5829 5731 409
5830 3482 413
5831 1360 375
5832 1465 516
5833 530 401
5834 5365 365
5835 3735 423
5836 71 391
5837 2500 394
5838 5168 383
5839 4529 495
5840 3698 394
5841 1276 487
5842 3265 439
5843 1709 479
5844 4467 432
5845 5627 580
5846 3441 426
5847 2153 380
5848 5150 363
5849 0 -1
5850 3850 441
5851 4839 273
5852 2041 480
5853 1787 374
5854 5136 448
5855 3686 517
5856 2743 487
5857 5619 396
5858 3033 536
5859 3459 427
5860 3492 515
5861 3506 483
5862 784 453
5863 2125 438
5864 2074 509
5865 6173 445
5866 3000 517
5867 6284 615
5868 2625 426
5869 614 454
5870 5652 396
5871 1000 351
5872 5165 592
5873 683 367
5874 0 -1
5875 1464 435
5876 5835 439
5877 3457 495
5878 2094 428
5879 6333 385
5880 6544 527
5881 812 412
5882 5424 299
5883 5395 490
5884 1700 364
5885 2593 380
5886 5683 410
5887 3957 512
5888 4604 401
5889 3315 355
5890 189 524
5891 1108 473
5892 2264 532
5893 1459 444
5894 0 -1
5895 3057 484
5896 6202 583
5897 5521 335
5898 648 439
5899 567 256
5900 1833 531
5901 2949 464
5902 570 479
5903 4656 383
5904 2535 380
5905 2448 378
5906 2522 443
5907 3321 491
5908 3661 517
5909 1070 509
5910 4344 461
5911 2172 452
5912 1201 362
5913 691 395
5914 3932 490
5915 6573 399
5916 749 444
5917 2163 571
5918 0 -1
5919 5881 424
5920 4335 476
5921 6538 578
5922 1201 295
5923 2633 385
5924 2094 433
5925 4887 468
5926 297 336
5927 4960 401
5928 4970 448
5929 1293 531
5930 302 536
5931 4665 566
5932 2864 212
5933 197 522
5934 6173 437
5935 1755 383
5936 4285 398
5937 879 304
5938 1276 510
5939 5577 484
5940 4000 508
5941 3024 531
5942 4562 607
5943 0 -1
5944 6460 407
5945 4403 351
5946 3668 455
5947 5350 381
5948 1435 603
5949 3767 513
5950 1260 463
5951 3077 419
5952 1353 349
5953 4841 404
5954 3698 427
5955 2556 628
5956 3707 462
5957 2280 480
5958 0 -1
5959 4781 442
5960 2410 246
5961 0 -1
5962 3720 387
5963 0 -1
5964 5910 476
5965 4762 449
5966 2350 462
5967 3611 506
5968 3407 551
5969 6560 325
5970 5107 492
5971 4410 494
5972 5218 413
5973 6252 408
5974 2228 683
5975 3183 581
5976 1318 587
5977 2208 585
5978 5623 539
5979 2286 459
5980 1646 493
5981 1995 384
5982 6029 381
5983 0 -1
5984 1692 370
5985 0 -1
5986 0 -1
5987 0 -1
5988 0 -1
5989 100 398
5990 466 444
5991 2444 548
5992 1052 411
5993 3101 339
5994 4109 494
5995 2756 478
5996 6107 353
5997 1674 397
5998 1220 334
5999 4962 230
6000 175 406
6001 5316 451
6002 60 442
6003 5919 438
6004 4814 480
6005 1408 328
6006 3946 440
6007 4704 409
6008 3094 449
6009 1694 547
6010 666 434
6011 2255 472
6012 4291 433
6013 1446 445
6014 6349 343
6015 4261 482
6016 5102 435
6017 1754 535
6018 2956 558
6019 2154 411
6020 4181 336
6021 1927 417
6022 413 479
6023 2815 355
6024 1372 358
6025 2813 498
6026 3708 447
6027 4119 511
6028 822 503
6029 2097 297
6030 3712 460
6031 4892 532
6032 6078 369
6033 5604 467
6034 1795 432
6035 3658 405
6036 4857 379
6037 5882 399
6038 0 -1
6039 6358 442
6040 4214 349
6041 2414 413
6042 721 413
6043 5669 382
6044 588 487
6045 2602 500
6046 0 -1
6047 2481 371
6048 4257 409
6049 5886 463
6050 4195 385
6051 6019 413
6052 4581 444
6053 263 464
6054 4585 452
6055 1360 453
6056 301 413
6057 0 -1
6058 5087 527
6059 2774 476
6060 639 481
6061 5140 457
6062 4146 471
6063 283 393
6064 1392 353
6065 4393 355
6066 864 421
6067 216 446
6068 3228 438
6069 1685 341
6070 4385 436
6071 3262 352
6072 6580 400
6073 1585 451
6074 4232 323
6075 6512 505
6076 6239 405
6077 0 -1
6078 6395 290
6079 2786 528
6080 5262 450
6081 2189 423
6082 1264 503
6083 663 411
6084 1427 455
6085 0 -1
6086 5746 491
6087 4669 441
6088 1038 448
6089 151 446
6090 6447 439
6091 6573 409
6092 0 -1
6093 1787 384
6094 1536 326
6095 5453 438
6096 86 405
6097 3165 521
6098 3022 469
6099 836 559
6100 2156 428
6101 5772 482
6102 2994 471
6103 6588 325
6104 4703 473
6105 5378 579
6106 2151 438
6107 2785 288
6108 6205 342
6109 66 372
6110 5836 410
6111 2642 395
6112 6058 540
6113 4572 480
6114 1148 423
6115 3448 439
6116 2792 502
6117 5470 414
6118 2516 447
6119 2620 324
6120 5665 438
6121 1336 264
6122 0 -1
6123 2035 475
6124 0 -1
6125 3322 482
6126 1073 495
6127 5552 563
6128 5028 556
6129 833 407
6130 3459 390
6131 4103 561
6132 5959 541
6133 1439 309
6134 1400 572
6135 0 -1
6136 2859 360
6137 1321 428
6138 3839 509
6139 2315 465
6140 3275 416
6141 604 373
6142 5027 408
6143 2182 431
6144 2690 460
6145 2789 448
6146 494 552
6147 3581 550
6148 3806 411
6149 4101 325
6150 1966 431
6151 4554 314
6152 5115 537
6153 4721 483
6154 0 -1
6155 1230 422
6156 0 -1
6157 516 440
6158 4400 412
6159 6422 493
6160 4942 447
6161 5156 414
6162 3855 409
6163 2794 322
6164 5947 387
6165 2126 313
6166 1893 511
6167 5186 499
6168 660 583
6169 3681 362
6170 3277 429
6171 1693 465
6172 4528 339
6173 2114 367
6174 4217 511
6175 132 379
6176 5229 476
6177 5027 353
6178 5810 476
6179 1358 402
6180 3841 439
6181 1115 347
6182 0 -1
6183 4663 389
6184 2896 412
6185 3770 481
6186 2295 450
6187 3637 537
6188 1424 397
6189 2308 401
6190 5499 342
6191 1349 557
6192 2417 370
6193 2942 525
6194 4265 520
6195 987 431
6196 2106 401
6197 2827 411
6198 0 -1
6199 2915 376
6200 6047 479
6201 3515 402
6202 2361 485
6203 6422 425
6204 5302 487
6205 3437 319
6206 470 355
6207 3437 280
6208 5465 593
6209 3692 479
6210 0 -1
6211 4889 494
6212 315 465
6213 4480 341
6214 433 471
6215 2448 408
6216 4731 524
6217 3898 439
6218 5904 434
6219 3450 393
6220 0 -1
6221 1170 520
6222 4241 308
6223 6432 501
6224 4691 457
6225 4191 369
6226 5859 437
6227 2146 563
6228 1385 378
6229 3056 449
6230 2775 466
6231 979 445
6232 3226 395
6233 421 285
6234 0 -1
6235 1244 454
6236 3888 364
6237 2930 570
6238 0 -1
6239 2160 361
6240 2205 427
6241 4223 513
6242 5952 397
6243 3018 438
6244 2608 371
6245 5838 402
6246 4743 471
6247 5221 453
6248 2259 542
6249 6346 465
6250 1762 404
6251 537 448
6252 4337 344
6253 3166 456
6254 2795 468
6255 5382 370
6256 5799 356
6257 6597 485
6258 239 334
6259 3677 488
6260 4457 546
6261 2016 572
6262 6296 448
6263 0 -1
6264 6193 525
6265 181 365
6266 1632 410
6267 3153 388
6268 134 423
6269 2739 432
6270 2666 374
6271 4224 498
6272 5786 560
6273 6362 447
6274 3251 405
6275 0 -1
6276 1500 392
6277 6242 466
6278 1130 231
6279 1478 466
6280 3602 362
6281 4149 562
6282 2295 410
6283 5472 481
6284 839 564
6285 1961 473
6286 3506 551
6287 3228 486
6288 2902 430
6289 3044 530
6290 5681 367
6291 5817 463
6292 0 -1
6293 3076 397
6294 6454 364
6295 5564 343
6296 4874 384
6297 844 438
6298 3394 506
6299 2361 413
6300 5588 473
6301 4570 359
6302 3510 515
6303 196 459
6304 927 471
6305 5731 497
6306 0 -1
6307 5074 377
6308 0 -1
6309 1966 449
6310 2656 429
6311 1824 497
6312 1098 456
6313 5562 629
6314 3644 794
6315 2243 538
6316 4935 566
6317 999 359
6318 6545 253
6319 4591 288
6320 2638 506
6321 777 398
6322 2699 517
6323 6307 451
6324 5499 307
6325 2652 460
6326 5932 282
6327 4295 489
6328 2915 364
6329 5817 447
6330 2440 453
6331 1005 598
6332 5553 468
6333 1536 351
6334 4252 416
6335 1404 387
6336 5291 317
6337 6247 508
6338 0 -1
6339 3995 449
6340 1431 445
6341 4307 375
6342 4741 455
6343 2808 394
6344 3299 452
6345 2167 530
6346 6181 372
6347 4491 352
6348 3752 390
6349 767 288
6350 4752 352
6351 1806 491
6352 794 403
6353 110 502
6354 6163 372
6355 362 526
6356 1781 481
6357 0 -1
6358 1278 437
6359 2188 441
6360 3887 506
6361 2788 501
6362 5952 412
6363 4403 339
6364 2115 582
6365 1071 514
6366 5033 617
6367 263 474
6368 4371 508
6369 4577 422
6370 0 -1
6371 4000 601
6372 1358 475
6373 639 444
6374 4360 439
6375 3449 490
6376 4302 508
6377 6542 533
6378 870 423
6379 3049 367
6380 6023 394
6381 0 -1
6382 122 425
6383 4937 435
6384 1186 412
6385 5111 613
6386 1830 435
6387 5109 501
6388 4798 429
6389 5681 387
6390 6225 469
6391 2106 465
6392 2173 401
6393 4553 334
6394 3344 441
6395 2559 257
6396 485 380
6397 6578 599
6398 5407 629
6399 2489 443
6400 0 -1
6401 969 589
6402 5952 416
6403 5034 524
6404 1314 356
6405 6519 511
6406 1737 503
6407 3928 410
6408 1550 576
6409 4719 533
6410 5884 481
6411 4707 500
6412 483 552
6413 3437 367
6414 0 -1
6415 0 -1
6416 2440 353
6417 4847 404
6418 0 -1
6419 2741 415
6420 4582 515
6421 5572 512
6422 1468 395
6423 0 -1
6424 3813 485
6425 0 -1
6426 3193 357
6427 5642 269
6428 0 -1
6429 6108 379
6430 1601 406
6431 4580 303
6432 1060 420
6433 1705 410
6434 5340 476
6435 1585 355
6436 4728 543
6437 4933 405
6438 1405 501
6439 175 404
6440 1442 526
6441 113 367
6442 1206 392
6443 6511 460
6444 6429 425
6445 3898 514
6446 3554 517
6447 3549 346
6448 5820 422
6449 1465 498
6450 4838 377
6451 1695 195
6452 1068 535
6453 0 -1
6454 3239 353
6455 2565 387
6456 377 429
6457 1825 417
6458 2640 483
6459 4537 397
6460 5802 388
6461 2500 441
6462 4337 335
6463 4519 538
6464 4226 492
6465 3409 496
6466 1424 428
6467 4022 429
6468 6158 482
6469 5174 464
6470 6207 321
6471 4833 438
6472 0 -1
6473 2566 532
6474 6475 454
6475 3971 412
6476 1102 456
6477 1126 415
6478 2620 378
6479 1868 407
6480 1974 390
6481 2640 527
6482 1408 305
6483 3418 453
6484 5927 406
6485 3204 419
6486 2266 512
6487 925 424
6488 2516 449
6489 589 506
6490 3625 498
6491 6551 472
6492 3546 410
6493 4182 384
6494 1658 508
6495 4768 507
6496 3265 449
6497 1631 551
6498 1667 447
6499 3207 527
6500 2985 437
6501 5768 475
6502 1796 542
6503 6265 416
6504 3449 462
6505 1952 351
6506 2567 484
6507 6242 409
6508 557 345
6509 6378 473
6510 5782 379
6511 161 371
6512 4748 408
6513 2809 514
6514 0 -1
6515 4887 469
6516 5085 468
6517 3848 575
6518 6293 425
6519 4445 483
6520 2333 524
6521 4938 684
6522 5663 455
6523 1670 446
6524 5256 436
6525 1126 509
6526 2764 407
6527 5304 458
6528 2529 462
6529 5069 474
6530 2752 507
6531 4391 389
6532 359 518
6533 5413 452
6534 3921 474
6535 1968 313
6536 3343 537
6537 3109 422
6538 4597 520
6539 5524 485
6540 3673 447
6541 1358 387
6542 1108 466
6543 3494 457
6544 1003 521
6545 2864 202
6546 2944 457
6547 3034 405
6548 1537 451
6549 2193 385
6550 4918 290
6551 3254 428
6552 3681 411
6553 800 486
6554 5642 364
6555 5700 435
6556 3418 402
6557 2168 374
6558 5627 585
6559 2015 273
6560 3342 321
6561 6531 446
6562 3799 384
6563 4437 386
6564 2772 483
6565 6160 486
6566 1291 333
6567 2805 488
6568 2858 387
6569 2467 465
6570 4289 402
6571 657 406
6572 3167 509
6573 6222 374
6574 255 445
6575 2724 528
6576 3717 453
6577 2701 485
6578 5623 569
6579 4385 483
6580 3662 357
6581 2559 218
6582 0 -1
6583 0 -1
6584 3120 454
6585 1343 502
6586 122 455
6587 2813 396
6588 877 306
6589 268 457
6590 5428 379
6591 4283 388
6592 728 544
6593 0 -1
6594 4391 410
6595 2103 457
6596 5100 489
6597 644 467
6598 3045 501
6599 3898 533
6600 18 487
