8
1 0 -1
2 3470 478
3 0 -1
4 6032 405
5 5624 413
6 0 -1
7 2732 456
8 8 0
9 192 425
10 3773 231
11 6527 443
12 0 -1
13 1569 375
14 1754 365
15 1809 393
16 1402 526
17 6475 283
18 6346 428
19 5431 458
20 3615 304
21 45 347
22 5484 372
23 1293 453
24 2859 373
25 151 372
26 3925 427
27 5499 309
28 5025 435
29 3989 468
30 3486 487
31 0 -1
32 116 432
33 5737 379
34 1486 321
35 3484 371
36 2248 444
37 4818 378
38 5902 395
39 2153 425
40 3846 347
41 3369 445
42 4247 422
43 558 391
44 4291 421
45 1283 344
46 134 444
47 1617 626
48 790 306
49 4119 428
50 3169 472
51 3112 372
52 855 429
53 2095 457
54 3342 468
55 3324 412
56 4057 381
57 4190 344
58 0 -1
59 1504 320
60 894 413
61 3728 382
62 2225 410
63 293 369
64 852 588
65 1562 438
66 5960 413
67 5642 469
68 0 -1
69 3382 504
70 942 212
71 906 438
72 3826 329
73 6377 577
74 5050 349
75 4233 369
76 6051 372
77 5142 480
78 410 320
79 110 387
80 4228 450
81 2805 480
82 5839 349
83 101 434
84 2074 405
85 4825 204
86 2358 239
87 4286 434
88 3510 414
89 5345 432
90 20 314
91 227 560
92 0 -1
93 4281 356
94 1782 443
95 311 437
96 2904 437
97 3520 301
98 1126 446
99 1461 410
100 5871 331
101 2064 433
102 4115 201
103 142 375
104 2593 334
105 4525 350
106 1292 422
107 5962 406
108 3221 369
109 924 467
110 6389 319
111 5925 448
112 1259 443
113 599 382
114 3773 269
115 25 444
116 1311 427
117 939 373
118 786 434
119 4672 433
120 3289 753
121 3867 434
122 4339 367
123 99 452
124 0 -1
125 5109 409
126 4100 361
127 1353 409
128 3546 338
129 2273 467
130 48 403
131 5783 306
132 6591 336
133 3117 468
134 3709 426
135 1253 359
136 1491 266
137 337 420
138 0 -1
139 3453 452
140 3231 508
141 1000 347
142 4261 352
143 5507 352
144 2843 330
145 2453 365
146 3013 458
147 5016 455
148 2279 440
149 5062 471
150 521 461
151 2566 281
152 528 476
153 4123 323
154 5218 349
155 5998 437
156 1277 343
157 0 -1
158 5284 374
159 4421 544
160 1932 300
161 1968 330
162 1900 439
163 5715 372
164 1850 404
165 0 -1
166 2602 493
167 832 331
168 293 396
169 3344 383
170 1054 388
171 0 -1
172 4318 352
173 3080 441
174 4548 299
175 4084 529
176 1059 385
177 3570 410
178 3798 409
179 3946 284
180 6137 414
181 4693 309
182 4258 416
183 2409 328
184 3594 511
185 4619 287
186 3578 388
187 6334 357
188 6361 388
189 2756 391
190 0 -1
191 1933 379
192 6093 425
193 5361 433
194 5482 433
195 0 -1
196 5671 321
197 1323 488
198 699 382
199 3641 308
200 5568 479
201 3771 350
202 4185 412
203 2941 313
204 4257 212
205 284 507
206 1705 340
207 3414 481
208 4526 434
209 4990 340
210 3676 422
211 6278 421
212 0 -1
213 2091 368
214 6566 414
215 443 346
216 1704 503
217 3677 430
218 3897 364
219 1249 406
220 5591 347
221 5163 367
222 4360 330
223 5224 412
224 0 -1
225 0 -1
226 1302 528
227 4125 455
228 2043 398
229 4405 357
230 6106 369
231 5330 368
232 2567 410
233 2397 439
234 3256 487
235 6099 602
236 4006 427
237 0 -1
238 4060 444
239 1849 383
240 4806 332
241 4544 364
242 0 -1
243 6179 461
244 1307 263
245 5612 407
246 842 366
247 2259 396
248 776 351
249 870 418
250 1338 445
251 2053 570
252 1923 415
253 0 -1
254 615 376
255 5540 271
256 2485 440
257 4046 460
258 3244 462
259 0 -1
260 3699 352
261 467 451
262 3972 398
263 2244 459
264 1884 377
265 3231 492
266 279 347
267 274 375
268 4621 380
269 1809 448
270 407 347
271 4452 402
272 1056 490
273 3181 495
274 359 331
275 5440 431
276 1307 247
277 0 -1
278 337 387
279 5540 254
280 5321 406
281 925 443
282 5485 335
283 1809 395
284 1289 411
285 5697 551
286 1508 501
287 0 -1
288 2012 344
289 683 367
290 93 372
291 2803 308
292 4920 416
293 4964 332
294 665 302
295 0 -1
296 1667 449
297 6535 381
298 5768 388
299 6048 181
300 3367 646
301 1959 276
302 4671 247
303 3641 401
304 461 534
305 4506 347
306 4294 408
307 3620 272
308 2137 355
309 3960 405
310 0 -1
311 4179 409
312 3009 282
313 2778 528
314 3661 288
315 5059 413
316 40 355
317 6137 421
318 3050 400
319 0 -1
320 6055 545
321 482 391
322 2606 413
323 5267 410
324 5016 469
325 1232 401
326 4226 367
327 3121 550
328 5225 388
329 2383 369
330 0 -1
331 5438 486
332 1088 422
333 3456 496
334 3691 379
335 2752 396
336 4224 396
337 5262 329
338 418 430
339 2503 294
340 4731 326
341 2582 461
342 5417 422
343 5570 463
344 1165 279
345 4964 286
346 6068 414
347 548 436
348 2550 394
349 2016 427
350 6236 401
351 530 285
352 5209 376
353 3467 451
354 2839 439
355 4762 420
356 982 440
357 3686 354
358 0 -1
359 685 265
360 2852 342
361 6050 313
362 308 436
363 6168 452
364 2613 373
365 5473 377
366 1935 492
367 1373 292
368 4173 464
369 6243 377
370 1172 472
371 1970 434
372 3476 380
373 491 361
374 2677 342
375 5577 337
376 2766 415
377 3176 384
378 3661 271
379 4793 456
380 0 -1
381 1740 520
382 1413 471
383 664 509
384 5025 436
385 4300 263
386 5077 466
387 5681 434
388 1619 361
389 312 335
390 1439 422
391 684 437
392 0 -1
393 2343 364
394 769 493
395 6413 368
396 5343 454
397 4340 433
398 4302 475
399 2653 487
400 0 -1
401 4690 438
402 1619 310
403 1114 493
404 2747 343
405 5798 577
406 3682 449
407 998 247
408 3189 356
409 6373 458
410 4123 217
411 5930 405
412 3204 343
413 301 327
414 3764 498
415 1885 486
416 4480 379
417 653 248
418 222 405
419 5036 353
420 4650 457
421 630 360
422 4658 221
423 5287 336
424 5469 441
425 6008 422
426 6231 427
427 4384 525
428 6257 388
429 5703 430
430 569 418
431 1321 442
432 749 395
433 2838 384
434 1918 407
435 6244 341
436 1880 468
437 2586 321
438 3288 407
439 2858 521
440 1722 410
441 4164 513
442 1530 418
443 5577 334
444 4924 439
445 23 482
446 39 436
447 1447 421
448 4937 437
449 4783 405
450 4940 506
451 0 -1
452 1960 405
453 766 452
454 739 406
455 5837 441
456 1732 398
457 4804 429
458 1940 369
459 5196 395
460 4726 455
461 2895 426
462 1647 479
463 5363 420
464 4671 295
465 4332 394
466 5952 340
467 2018 367
468 2907 408
469 3086 342
470 97 313
471 3224 404
472 6473 349
473 6273 441
474 2757 290
475 2745 393
476 1043 434
477 3292 440
478 41 475
479 3509 334
480 578 341
481 6368 570
482 5005 383
483 583 461
484 4770 591
485 2168 404
486 2408 344
487 3243 321
488 1945 522
489 2716 380
490 5544 355
491 1427 338
492 1803 528
493 164 439
494 2480 331
495 654 477
496 5288 332
497 4757 331
498 6354 379
499 0 -1
500 1267 444
501 0 -1
502 4448 406
503 3255 417
504 6463 380
505 4219 340
506 4104 386
507 3809 296
508 4998 714
509 474 386
510 4044 408
511 4847 477
512 4153 378
513 1249 445
514 697 318
515 1875 400
516 79 405
517 6129 325
518 1802 410
519 4196 457
520 6499 419
521 3571 459
522 2738 433
523 940 340
524 3699 375
525 0 -1
526 1583 407
527 1440 462
528 3323 459
529 1933 347
530 4685 285
531 4597 427
532 93 370
533 4491 469
534 0 -1
535 2796 409
536 3322 455
537 1292 518
538 2693 479
539 6114 336
540 3603 462
541 5975 485
542 5904 510
543 4539 334
544 3149 497
545 6594 421
546 3765 492
547 6365 446
548 5259 424
549 0 -1
550 487 380
551 5135 410
552 629 288
553 1232 367
554 2539 444
555 4039 220
556 667 334
557 3771 328
558 1997 386
559 2081 439
560 0 -1
561 3050 337
562 5665 346
563 2930 443
564 3655 313
565 3846 383
566 4074 455
567 5561 368
568 114 306
569 5512 383
570 4869 346
571 0 -1
572 6473 326
573 1797 522
574 6188 404
575 4536 364
576 3880 437
577 4800 417
578 2480 235
579 3166 323
580 5340 309
581 1960 450
582 447 508
583 6369 459
584 5919 323
585 144 445
586 2893 697
587 4700 385
588 1409 385
589 630 421
590 3200 288
591 4143 475
592 1153 514
593 5689 293
594 4446 235
595 4993 382
596 4406 453
597 1676 349
598 1644 426
599 126 363
600 0 -1
601 5458 484
602 1847 420
603 2843 257
604 1122 360
605 1627 282
606 1786 526
607 2965 516
608 5754 273
609 804 271
610 0 -1
611 4910 391
612 5838 385
613 3314 443
614 2506 442
615 5166 291
616 5825 379
617 3360 347
618 0 -1
619 2944 275
620 3431 467
621 2558 338
622 4353 398
623 0 -1
624 6535 483
625 1377 444
626 3189 379
627 6161 472
628 4554 422
629 85 225
630 3784 303
631 2286 334
632 850 460
633 2847 551
634 4816 450
635 1889 326
636 4698 426
637 2376 349
638 1560 455
639 3537 388
640 5632 429
641 5516 307
642 3603 381
643 569 386
644 4485 361
645 0 -1
646 2217 510
647 2157 376
648 5063 368
649 0 -1
650 6309 108
651 682 546
652 321 490
653 1466 242
654 1691 447
655 0 -1
656 1927 331
657 5236 376
658 2484 361
659 2306 406
660 5013 374
661 5462 518
662 2409 327
663 2719 391
664 4393 470
665 6523 201
666 176 423
667 1676 305
668 2194 489
669 2233 215
670 2449 392
671 6254 450
672 5751 422
673 6032 469
674 6230 452
675 674 502
676 1980 492
677 3541 423
678 5227 385
679 6289 513
680 2926 408
681 401 457
682 2048 454
683 2899 302
684 5528 332
685 1618 236
686 1271 434
687 3366 477
688 4760 592
689 4493 405
690 2489 409
691 151 295
692 496 403
693 3261 461
694 3512 322
695 241 425
696 6217 390
697 2944 270
698 4097 442
699 6216 309
700 839 446
701 914 456
702 3717 368
703 3019 469
704 3570 366
705 691 354
706 3201 407
707 2640 430
708 4222 682
709 3106 357
710 724 447
711 4136 555
712 2576 524
713 288 384
714 4581 374
715 3432 366
716 5231 375
717 2865 462
718 408 392
719 2084 436
720 0 -1
721 4496 461
722 5455 406
723 4226 359
724 361 358
725 302 301
726 5499 302
727 937 345
728 543 448
729 6016 486
730 1018 395
731 114 322
732 140 511
733 4554 430
734 4235 354
735 5875 433
736 4874 395
737 5657 508
738 5187 408
739 4798 311
740 5410 346
741 1007 381
742 2323 395
743 2586 309
744 6500 426
745 174 379
746 3690 136
747 2756 430
748 5546 366
749 1313 339
750 5732 344
751 6144 395
752 1553 316
753 1136 490
754 5167 390
755 999 319
756 3532 500
757 151 374
758 3898 383
759 1057 371
760 4094 301
761 6069 431
762 1889 409
763 1836 394
764 1002 454
765 6114 276
766 1052 345
767 5768 339
768 6420 336
769 3086 381
770 4100 465
771 3939 376
772 2080 431
773 2694 355
774 3215 494
775 6464 524
776 2735 322
777 3055 376
778 2035 479
779 1715 401
780 557 383
781 3393 420
782 4094 264
783 2756 430
784 413 327
785 5258 467
786 4118 426
787 5671 362
788 6270 436
789 0 -1
790 2747 291
791 1288 327
792 971 441
793 6448 434
794 2642 444
795 6231 416
796 1597 578
797 6365 526
798 2270 457
799 4529 373
800 1999 359
801 3307 538
802 4806 300
803 0 -1
804 3109 202
805 345 287
806 1295 548
807 2267 369
808 3615 367
809 3965 553
810 0 -1
811 852 627
812 4671 239
813 3649 518
814 3154 469
815 0 -1
816 1584 440
817 6243 477
818 476 526
819 0 -1
820 0 -1
821 2883 468
822 4442 472
823 923 525
824 641 354
825 4663 502
826 2437 601
827 2719 402
828 5493 467
829 3083 567
830 4928 338
831 1103 504
832 812 258
833 1097 426
834 5656 301
835 6218 328
836 558 392
837 6314 856
838 4985 454
839 5302 398
840 266 353
841 1144 396
842 5834 361
843 1235 363
844 2803 260
845 6265 353
846 510 526
847 937 407
848 4145 190
849 6580 360
850 3892 399
851 5081 443
852 2320 527
853 5347 285
854 3459 288
855 3257 334
856 1574 407
857 2840 420
858 5821 236
859 3231 438
860 6017 463
861 2668 421
862 0 -1
863 4159 407
864 5952 328
865 3315 320
866 4473 392
867 668 505
868 653 358
869 4342 444
870 5499 350
871 2391 502
872 0 -1
873 3570 430
874 2561 242
875 3208 501
876 4435 421
877 2785 367
878 402 386
879 4876 476
880 1985 434
881 6296 423
882 2422 490
883 0 -1
884 5400 434
885 1526 465
886 5754 277
887 312 379
888 881 466
889 1757 481
890 1712 439
891 1268 388
892 2859 425
893 6574 329
894 1709 374
895 1339 493
896 5738 469
897 423 394
898 5598 441
899 879 578
900 1383 409
901 4600 430
902 3530 432
903 5853 407
904 5950 457
905 5716 376
906 1209 406
907 3747 510
908 3632 582
909 1750 397
910 5993 435
911 4217 434
912 1701 381
913 2316 451
914 6492 368
915 6120 394
916 1368 410
917 3512 358
918 1822 431
919 4963 509
920 4512 436
921 6312 409
922 2466 382
923 2846 431
924 378 388
925 1880 403
926 2817 166
927 5321 435
928 1205 434
929 4608 675
930 4787 492
931 76 402
932 3492 384
933 5409 456
934 2529 426
935 0 -1
936 6194 410
937 10 326
938 6147 462
939 968 322
940 5530 339
941 5085 390
942 1343 202
943 247 444
944 2926 424
945 2106 454
946 6480 479
947 524 383
948 0 -1
949 3508 498
950 5296 314
951 4173 446
952 3592 359
953 3737 424
954 4923 455
955 2947 487
956 3809 322
957 2205 470
958 6072 396
959 856 450
960 6499 407
961 0 -1
962 5101 380
963 5303 435
964 0 -1
965 4871 483
966 294 368
967 3121 467
968 594 322
969 3634 537
970 337 340
971 3274 376
972 864 353
973 5588 383
974 5097 408
975 5290 439
976 507 311
977 2899 311
978 0 -1
979 2378 435
980 4879 429
981 0 -1
982 2611 322
983 746 162
984 2290 432
985 770 533
986 5263 590
987 564 360
988 4101 366
989 4889 523
990 4107 412
991 2878 442
992 0 -1
993 0 -1
994 968 390
995 5338 346
996 2439 345
997 5373 356
998 2817 134
999 3204 280
1000 2891 278
1001 42 531
1002 3300 387
1003 3244 473
1004 1535 389
1005 2091 302
1006 583 501
1007 1909 355
1008 41 495
1009 505 425
1010 0 -1
1011 0 -1
1012 3123 557
1013 2434 304
1014 1608 519
1015 4522 373
1016 5268 411
1017 2122 463
1018 302 363
1019 2353 448
1020 4548 314
1021 1622 332
1022 5151 326
1023 4058 394
1024 1299 434
1025 4383 447
1026 6597 440
1027 4581 382
1028 1893 265
1029 1413 428
1030 3969 435
1031 2464 523
1032 2112 445
1033 4821 457
1034 1246 556
1035 3458 350
1036 5011 497
1037 5123 430
1038 2605 353
1039 5139 380
1040 3250 436
1041 2081 470
1042 4756 481
1043 4990 333
1044 910 515
1045 5619 494
1046 230 489
1047 0 -1
1048 6253 321
1049 5129 373
1050 509 395
1051 2267 430
1052 72 340
1053 4200 362
1054 4576 356
1055 1974 526
1056 2487 482
1057 4105 280
1058 522 447
1059 561 345
1060 5174 486
1061 2074 424
1062 6569 362
1063 5969 381
1064 3327 397
1065 2950 365
1066 4198 505
1067 0 -1
1068 4920 336
1069 4903 431
1070 5675 295
1071 5182 414
1072 4510 372
1073 5546 273
1074 176 463
1075 2655 275
1076 4690 363
1077 5131 390
1078 2365 471
1079 966 458
1080 4874 395
1081 101 521
1082 5447 378
1083 6049 391
1084 1101 417
1085 0 -1
1086 2696 428
1087 0 -1
1088 4416 365
1089 0 -1
1090 3520 311
1091 0 -1
1092 3981 366
1093 4693 328
1094 373 423
1095 4993 433
1096 3180 372
1097 6591 317
1098 428 435
1099 154 419
1100 3544 567
1101 6199 398
1102 6527 418
1103 3670 402
1104 4158 469
1105 273 574
1106 23 453
1107 0 -1
1108 2117 390
1109 4515 554
1110 4361 424
1111 3091 378
1112 4912 396
1113 1289 348
1114 3228 463
1115 3437 320
1116 0 -1
1117 2325 469
1118 4942 532
1119 3929 463
1120 5062 436
1121 977 378
1122 2843 262
1123 3154 425
1124 5305 396
1125 3811 399
1126 2434 404
1127 506 496
1128 1313 333
1129 1709 374
1130 4109 289
1131 4913 436
1132 3096 487
1133 4422 417
1134 5308 466
1135 914 409
1136 4336 393
1137 0 -1
1138 2941 328
1139 5924 437
1140 1583 524
1141 2175 427
1142 4731 256
1143 3518 453
1144 1218 327
1145 48 388
1146 0 -1
1147 2673 420
1148 299 237
1149 4422 403
1150 2152 523
1151 5207 683
1152 4899 516
1153 4510 415
1154 2856 401
1155 417 349
1156 621 438
1157 0 -1
1158 5997 374
1159 1918 456
1160 5949 511
1161 3356 443
1162 5736 503
1163 4281 316
1164 2417 354
1165 85 261
1166 822 495
1167 4596 393
1168 5847 322
1169 5693 490
1170 5327 376
1171 5525 361
1172 4044 404
1173 5210 497
1174 5699 429
1175 6269 248
1176 473 488
1177 2799 347
1178 4767 375
1179 1344 495
1180 691 317
1181 1144 358
1182 2095 359
1183 236 457
1184 2990 478
1185 4339 356
1186 4753 320
1187 704 376
1188 275 499
1189 3258 318
1190 3158 475
1191 2349 411
1192 5862 463
1193 6555 286
1194 4989 347
1195 5647 332
1196 1784 411
1197 4904 369
1198 349 472
1199 3953 390
1200 1045 517
1201 5082 397
1202 4731 260
1203 4667 512
1204 4294 378
1205 5088 401
1206 1393 379
1207 6225 419
1208 5003 346
1209 4560 362
1210 6114 282
1211 2120 411
1212 6329 305
1213 5214 441
1214 2683 435
1215 950 412
1216 3926 562
1217 3527 678
1218 609 322
1219 5801 489
1220 78 355
1221 407 290
1222 167 340
1223 6366 474
1224 3022 409
1225 2833 450
1226 4094 233
1227 2323 374
1228 6076 385
1229 3247 392
1230 2761 432
1231 0 -1
1232 3521 329
1233 0 -1
1234 3066 446
1235 854 352
1236 2791 409
1237 3475 440
1238 1347 437
1239 1856 467
1240 2530 427
1241 6174 375
1242 3295 417
1243 3897 404
1244 2349 299
1245 0 -1
1246 4316 529
1247 3192 410
1248 5709 430
1249 4057 401
1250 1483 332
1251 83 487
1252 2556 426
1253 6509 354
1254 5172 443
1255 590 399
1256 6371 669
1257 5668 410
1258 4476 410
1259 3235 363
1260 2890 359
1261 2878 482
1262 6509 362
1263 5053 459
1264 5225 479
1265 835 373
1266 2580 456
1267 2758 360
1268 174 346
1269 937 361
1270 3302 319
1271 1284 410
1272 5956 402
1273 2743 268
1274 2880 399
1275 782 331
1276 2803 307
1277 359 285
1278 4489 296
1279 6121 449
1280 2769 373
1281 3834 461
1282 1655 567
1283 6240 338
1284 1447 394
1285 3764 501
1286 1509 499
1287 2731 544
1288 1827 242
1289 1278 307
1290 1174 465
1291 4368 406
1292 1334 411
1293 6231 389
1294 5877 407
1295 6119 468
1296 2401 326
1297 0 -1
1298 6531 422
1299 1897 394
1300 5853 334
1301 4719 376
1302 2193 436
1303 2295 480
1304 389 372
1305 0 -1
1306 2853 418
1307 3773 247
1308 4762 393
1309 5605 593
1310 4291 405
1311 4723 390
1312 947 399
1313 2297 317
1314 4246 329
1315 581 545
1316 0 -1
1317 3503 461
1318 5632 505
1319 1822 409
1320 1622 353
1321 3992 436
1322 5366 334
1323 186 425
1324 0 -1
1325 2767 492
1326 2480 329
1327 6305 468
1328 5735 512
1329 3651 417
1330 1805 482
1331 4471 381
1332 0 -1
1333 4283 351
1334 90 322
1335 1395 379
1336 114 386
1337 6188 404
1338 3782 430
1339 1228 490
1340 741 422
1341 6274 361
1342 1525 330
1343 4825 169
1344 2890 432
1345 5627 516
1346 6508 364
1347 6547 408
1348 5681 331
1349 3534 507
1350 3561 345
1351 6006 360
1352 5277 391
1353 1968 354
1354 3092 375
1355 5755 454
1356 2016 414
1357 3119 397
1358 3721 395
1359 0 -1
1360 2238 378
1361 1343 277
1362 3640 532
1363 2486 361
1364 2868 419
1365 2981 316
1366 3445 415
1367 1991 479
1368 4226 383
1369 5956 503
1370 1083 401
1371 1537 499
1372 2921 388
1373 812 245
1374 4631 457
1375 1500 495
1376 0 -1
1377 4329 420
1378 0 -1
1379 6402 470
1380 0 -1
1381 416 436
1382 4563 576
1383 1351 396
1384 6021 394
1385 470 328
1386 1731 436
1387 3541 397
1388 886 289
1389 2177 291
1390 4444 546
1391 4283 317
1392 1695 385
1393 3561 350
1394 1064 498
1395 312 319
1396 5360 534
1397 6174 408
1398 3637 483
1399 3939 423
1400 2186 563
1401 1293 399
1402 1066 506
1403 2342 363
1404 3862 338
1405 1683 421
1406 4606 661
1407 5716 470
1408 5161 351
1409 4640 333
1410 6297 289
1411 0 -1
1412 1932 289
1413 2172 355
1414 0 -1
1415 1762 353
1416 6361 391
1417 443 382
1418 252 431
1419 3862 420
1420 3118 423
1421 947 493
1422 0 -1
1423 5352 494
1424 4035 443
1425 3106 440
1426 849 401
1427 1933 324
1428 2645 480
1429 279 279
1430 4780 394
1431 2152 450
1432 5050 347
1433 2410 427
1434 4363 449
1435 504 381
1436 3629 389
1437 3386 437
1438 0 -1
1439 1773 403
1440 3251 350
1441 884 458
1442 5290 456
1443 142 370
1444 2339 464
1445 3647 381
1446 5575 383
1447 1313 348
1448 3953 397
1449 4286 437
1450 1987 448
1451 3169 423
1452 3169 412
1453 4862 433
1454 4778 465
1455 0 -1
1456 2338 414
1457 3115 403
1458 2794 379
1459 4700 353
1460 2005 482
1461 834 336
1462 709 407
1463 3200 379
1464 1739 416
1465 3675 453
1466 6048 224
1467 3027 519
1468 726 307
1469 2069 388
1470 5106 435
1471 3888 399
1472 3044 490
1473 562 349
1474 1850 324
1475 543 368
1476 5531 469
1477 1857 431
1478 6454 352
1479 6470 402
1480 388 404
1481 187 366
1482 1559 434
1483 5700 302
1484 1937 527
1485 0 -1
1486 1057 312
1487 6537 209
1488 1364 486
1489 4896 524
1490 1877 507
1491 2901 210
1492 0 -1
1493 0 -1
1494 0 -1
1495 2253 438
1496 5948 536
1497 4924 432
1498 2208 431
1499 4522 396
1500 1525 417
1501 5681 429
1502 1428 535
1503 3226 358
1504 85 255
1505 5314 411
1506 2170 411
1507 3876 351
1508 34 381
1509 6512 456
1510 3091 391
1511 6255 413
1512 5494 414
1513 6459 379
1514 480 407
1515 5366 362
1516 6213 411
1517 4852 488
1518 1193 380
1519 2146 403
1520 0 -1
1521 4974 485
1522 5764 466
1523 0 -1
1524 2518 464
1525 3602 315
1526 5447 378
1527 1260 363
1528 4329 457
1529 2372 401
1530 3691 362
1531 5057 232
1532 4088 409
1533 6010 388
1534 3037 247
1535 3432 345
1536 5546 366
1537 3049 454
1538 4875 450
1539 1071 456
1540 6393 345
1541 5119 362
1542 5856 303
1543 6133 469
1544 5999 334
1545 3950 478
1546 0 -1
1547 5366 450
1548 74 371
1549 370 563
1550 886 289
1551 5131 475
1552 2059 325
1553 858 292
1554 5913 308
1555 0 -1
1556 4248 396
1557 3800 491
1558 5570 535
1559 4931 406
1560 2645 434
1561 374 357
1562 5521 409
1563 2406 465
1564 3890 482
1565 0 -1
1566 6492 423
1567 1889 402
1568 0 -1
1569 2677 319
1570 1515 418
1571 4549 507
1572 5756 355
1573 356 466
1574 5338 305
1575 4633 569
1576 4182 452
1577 4412 443
1578 685 266
1579 0 -1
1580 4721 492
1581 2635 591
1582 5698 452
1583 5615 404
1584 6574 364
1585 1531 291
1586 1860 430
1587 6174 377
1588 3614 387
1589 3458 347
1590 3344 423
1591 2315 402
1592 1917 526
1593 589 502
1594 6434 267
1595 3548 387
1596 90 419
1597 5007 478
1598 3927 428
1599 6467 474
1600 4836 454
1601 3315 373
1602 1180 432
1603 2344 425
1604 2605 391
1605 6144 381
1606 2535 467
1607 4980 457
1608 4482 406
1609 4990 271
1610 1874 436
1611 0 -1
1612 77 482
1613 4633 490
1614 3643 416
1615 2793 560
1616 1223 557
1617 130 506
1618 650 193
1619 2480 258
1620 5331 479
1621 980 485
1622 3511 307
1623 3798 485
1624 2425 433
1625 1746 506
1626 2570 568
1627 5238 272
1628 2261 460
1629 3063 465
1630 1516 432
1631 6537 270
1632 1650 511
1633 5870 410
1634 4279 418
1635 3916 310
1636 1446 446
1637 603 332
1638 2730 454
1639 2115 477
1640 1259 369
1641 4795 469
1642 2729 474
1643 5225 418
1644 5647 384
1645 359 356
1646 3230 422
1647 6076 407
1648 264 381
1649 0 -1
1650 4279 421
1651 4974 380
1652 5225 412
1653 5526 463
1654 846 597
1655 1059 464
1656 3020 335
1657 784 421
1658 4273 363
1659 4928 431
1660 2784 470
1661 793 441
1662 2090 410
1663 983 191
1664 3484 332
1665 66 490
1666 6561 377
1667 5738 401
1668 3783 372
1669 2774 470
1670 270 367
1671 0 -1
1672 1941 471
1673 4360 416
1674 5969 345
1675 1582 494
1676 3772 268
1677 1427 357
1678 2543 395
1679 4624 378
1680 3317 435
1681 4115 287
1682 2374 482
1683 352 376
1684 3038 406
1685 2851 417
1686 5490 469
1687 1888 268
1688 474 377
1689 0 -1
1690 491 399
1691 6598 340
1692 4505 379
1693 1559 448
1694 5088 355
1695 2789 313
1696 1238 531
1697 3815 336
1698 244 334
1699 2112 495
1700 4368 371
1701 5525 367
1702 795 528
1703 1236 503
1704 4631 463
1705 2434 311
1706 942 275
1707 6454 398
1708 169 414
1709 3511 312
1710 1007 375
1711 6172 429
1712 6212 380
1713 2309 436
1714 1756 433
1715 5783 294
1716 0 -1
1717 0 -1
1718 5341 394
1719 6066 428
1720 6367 415
1721 3475 407
1722 4346 400
1723 2824 469
1724 5163 424
1725 699 309
1726 3068 453
1727 6218 333
1728 4481 353
1729 1481 478
1730 709 459
1731 5163 390
1732 6072 375
1733 4479 403
1734 1925 537
1735 0 -1
1736 66 492
1737 5010 441
1738 6346 418
1739 1860 412
1740 3405 439
1741 3799 390
1742 4687 449
1743 6245 479
1744 2562 333
1745 2971 383
1746 4263 448
1747 0 -1
1748 3598 420
1749 5301 452
1750 2694 355
1751 2571 530
1752 3918 561
1753 0 -1
1754 279 301
1755 2417 336
1756 3862 361
1757 5135 371
1758 2056 496
1759 2106 478
1760 1350 384
1761 2082 434
1762 470 328
1763 4224 393
1764 246 389
1765 0 -1
1766 270 435
1767 905 416
1768 3981 374
1769 4450 565
1770 6063 400
1771 0 -1
1772 0 -1
1773 2439 323
1774 2921 410
1775 137 511
1776 1408 379
1777 6495 383
1778 5057 267
1779 1206 415
1780 2509 455
1781 2142 478
1782 3221 402
1783 355 461
1784 4873 361
1785 1858 316
1786 1405 487
1787 3459 284
1788 1518 383
1789 1534 321
1790 5871 392
1791 1662 443
1792 1097 323
1793 1350 425
1794 5189 457
1795 1745 398
1796 1215 521
1797 4036 486
1798 0 -1
1799 0 -1
1800 0 -1
1801 0 -1
1802 2615 329
1803 4774 410
1804 204 250
1805 5825 367
1806 6297 339
1807 3611 411
1808 698 507
1809 1028 376
1810 4610 391
1811 108 425
1812 274 363
1813 4394 174
1814 4150 312
1815 3363 434
1816 3049 404
1817 1691 355
1818 2063 562
1819 3158 442
1820 0 -1
1821 2451 441
1822 5065 372
1823 628 495
1824 1533 419
1825 5447 412
1826 1043 443
1827 685 240
1828 713 438
1829 4760 481
1830 3325 390
1831 5162 424
1832 0 -1
1833 2336 417
1834 3265 443
1835 4966 548
1836 5544 346
1837 136 267
1838 2483 342
1839 3293 609
1840 5166 235
1841 5367 463
1842 5208 457
1843 2704 390
1844 0 -1
1845 5598 462
1846 5115 370
1847 2412 367
1848 5934 434
1849 2608 369
1850 5324 288
1851 3600 433
1852 1715 357
1853 192 432
1854 3764 410
1855 593 351
1856 1647 455
1857 1333 414
1858 5999 299
1859 5209 372
1860 5428 404
1861 4921 347
1862 2918 368
1863 828 519
1864 5802 409
1865 2889 521
1866 11 560
1867 699 362
1868 2343 400
1869 5404 233
1870 5397 275
1871 3876 279
1872 5109 332
1873 3701 330
1874 3064 418
1875 3232 390
1876 0 -1
1877 2114 416
1878 3078 374
1879 3489 455
1880 6080 349
1881 0 -1
1882 6427 343
1883 2752 455
1884 6329 292
1885 4315 473
1886 0 -1
1887 316 377
1888 102 246
1889 3343 318
1890 3594 474
1891 2045 442
1892 4065 396
1893 1618 247
1894 4499 577
1895 2067 442
1896 6247 439
1897 6531 359
1898 2820 371
1899 0 -1
1900 6336 327
1901 4068 456
1902 1153 454
1903 3659 500
1904 4820 373
1905 4094 220
1906 0 -1
1907 2586 275
1908 2328 499
1909 5856 273
1910 1035 412
1911 6374 402
1912 4837 300
1913 0 -1
1914 3007 512
1915 2004 259
1916 5905 303
1917 2325 454
1918 293 361
1919 4917 393
1920 636 500
1921 5774 525
1922 1708 437
1923 2563 401
1924 2255 374
1925 3755 434
1926 359 342
1927 1210 317
1928 4126 442
1929 697 364
1930 5897 428
1931 3669 466
1932 4715 267
1933 834 303
1934 3432 329
1935 3369 435
1936 6492 332
1937 4857 522
1938 3414 445
1939 2986 435
1940 4173 357
1941 2236 385
1942 323 445
1943 2436 320
1944 1618 268
1945 3356 444
1946 5385 587
1947 2568 567
1948 2194 410
1949 6467 490
1950 2746 521
1951 2552 483
1952 4910 398
1953 2295 401
1954 4782 491
1955 5542 572
1956 603 337
1957 3010 404
1958 0 -1
1959 204 274
1960 3526 403
1961 3384 309
1962 5289 402
1963 5447 420
1964 6399 455
1965 0 -1
1966 6482 445
1967 0 -1
1968 555 325
1969 2231 458
1970 1023 425
1971 5793 686
1972 5639 451
1973 0 -1
1974 460 456
1975 3214 421
1976 1468 369
1977 2666 513
1978 567 385
1979 6043 394
1980 6580 432
1981 436 526
1982 0 -1
1983 1372 441
1984 0 -1
1985 2240 330
1986 422 306
1987 1155 379
1988 3188 477
1989 2890 460
1990 495 526
1991 4150 363
1992 2267 397
1993 0 -1
1994 5960 390
1995 4750 356
1996 5071 314
1997 2507 377
1998 4441 490
1999 1000 283
2000 6394 386
2001 0 -1
2002 4727 391
2003 1651 431
2004 3690 223
2005 3708 419
2006 0 -1
2007 5935 487
2008 4999 319
2009 5611 427
2010 1253 404
2011 0 -1
2012 3773 274
2013 3250 453
2014 5651 488
2015 5528 326
2016 5099 356
2017 1111 401
2018 1288 312
2019 5383 435
2020 5541 530
2021 4319 428
2022 5965 469
2023 2322 540
2024 6300 419
2025 487 383
2026 5133 380
2027 6466 400
2028 0 -1
2029 1293 408
2030 0 -1
2031 5424 449
2032 3305 401
2033 6492 387
2034 4471 320
2035 2993 385
2036 0 -1
2037 4174 449
2038 0 -1
2039 181 365
2040 5530 314
2041 5044 384
2042 1898 385
2043 3618 385
2044 2843 299
2045 5479 369
2046 4796 335
2047 4006 442
2048 1393 397
2049 0 -1
2050 2417 342
2051 3797 483
2052 2787 396
2053 686 511
2054 1436 451
2055 6129 337
2056 4874 401
2057 373 368
2058 4416 359
2059 85 304
2060 4798 332
2061 2099 415
2062 4246 360
2063 1739 510
2064 1255 433
2065 684 344
2066 5734 343
2067 4885 335
2068 2804 395
2069 4008 326
2070 2639 548
2071 2745 452
2072 417 343
2073 6031 425
2074 4564 401
2075 5126 583
2076 0 -1
2077 2921 395
2078 3400 441
2079 5463 431
2080 5410 337
2081 5760 388
2082 6536 402
2083 6403 478
2084 2368 404
2085 4191 388
2086 3578 352
2087 634 504
2088 6066 442
2089 1323 497
2090 2080 409
2091 2903 282
2092 3513 609
2093 3267 376
2094 523 356
2095 1202 344
2096 0 -1
2097 421 420
2098 1194 392
2099 3958 414
2100 6247 468
2101 1889 336
2102 3892 367
2103 5665 275
2104 396 465
2105 1075 366
2106 1473 363
2107 3842 426
2108 3994 581
2109 4812 396
2110 2027 448
2111 5851 387
2112 1651 388
2113 3132 573
2114 1552 334
2115 1294 449
2116 725 399
2117 4738 382
2118 6455 500
2119 5140 576
2120 2300 367
2121 5401 537
2122 4697 410
2123 6239 495
2124 2685 556
2125 4568 345
2126 936 434
2127 5516 387
2128 0 -1
2129 848 230
2130 6010 372
2131 5597 325
2132 6013 496
2133 1299 400
2134 4071 487
2135 2940 471
2136 3674 375
2137 4287 315
2138 4273 345
2139 3325 480
2140 4899 458
2141 4408 469
2142 764 460
2143 714 403
2144 3789 302
2145 6250 451
2146 5785 382
2147 4256 379
2148 3647 452
2149 3258 378
2150 5729 336
2151 348 483
2152 1088 417
2153 3204 317
2154 2274 383
2155 6297 379
2156 1145 409
2157 6382 353
2158 4522 424
2159 855 409
2160 3927 372
2161 4166 435
2162 3968 323
2163 2866 434
2164 1872 348
2165 4302 471
2166 2440 332
2167 5065 307
2168 1209 366
2169 0 -1
2170 186 401
2171 3302 365
2172 4226 349
2173 1356 444
2174 3436 342
2175 3713 343
2176 4525 319
2177 4733 272
2178 640 440
2179 1241 479
2180 3258 357
2181 6244 341
2182 6588 513
2183 1936 367
2184 5794 396
2185 2593 288
2186 355 452
2187 3098 494
2188 5540 250
2189 4428 463
2190 6297 336
2191 5199 377
2192 4088 405
2193 4 409
2194 1959 382
2195 3641 323
2196 6091 486
2197 0 -1
2198 6212 441
2199 2789 420
2200 170 477
2201 4793 455
2202 2353 457
2203 3049 431
2204 4048 529
2205 4001 436
2206 2024 461
2207 1105 579
2208 1278 405
2209 0 -1
2210 2887 423
2211 6039 382
2212 5650 409
2213 3336 583
2214 3912 468
2215 587 397
2216 2290 465
2217 2748 440
2218 0 -1
2219 2297 425
2220 5329 418
2221 3933 443
2222 5886 340
2223 3889 470
2224 1162 558
2225 2180 367
2226 5687 440
2227 2418 394
2228 5955 470
2229 5520 538
2230 0 -1
2231 2602 410
2232 0 -1
2233 848 214
2234 3037 222
2235 5861 607
2236 1334 366
2237 784 375
2238 6096 342
2239 2729 410
2240 3717 287
2241 2176 432
2242 4085 572
2243 1996 352
2244 2838 368
2245 2157 393
2246 2314 427
2247 6110 533
2248 293 396
2249 1405 475
2250 4291 384
2251 0 -1
2252 3502 393
2253 3570 390
2254 6341 430
2255 1884 304
2256 0 -1
2257 3186 507
2258 3641 402
2259 2838 379
2260 6201 507
2261 5755 426
2262 3603 356
2263 0 -1
2264 3554 430
2265 0 -1
2266 2538 476
2267 6435 324
2268 5288 303
2269 5946 549
2270 2465 368
2271 2647 400
2272 3157 334
2273 4539 431
2274 6001 374
2275 864 420
2276 5675 342
2277 933 553
2278 0 -1
2279 275 436
2280 4911 391
2281 1544 428
2282 5745 449
2283 0 -1
2284 0 -1
2285 1468 382
2286 1289 322
2287 5465 451
2288 5962 412
2289 0 -1
2290 3450 386
2291 6451 428
2292 0 -1
2293 938 510
2294 2400 382
2295 3728 394
2296 5554 461
2297 5516 307
2298 2144 415
2299 4273 421
2300 1999 290
2301 4581 325
2302 4914 390
2303 0 -1
2304 3629 360
2305 4039 311
2306 605 328
2307 4964 277
2308 5311 375
2309 3141 400
2310 1427 324
2311 1831 425
2312 3756 456
2313 5830 477
2314 4031 418
2315 550 397
2316 6165 443
2317 2467 377
2318 372 428
2319 6392 366
2320 2760 482
2321 446 496
2322 425 476
2323 2417 310
2324 561 354
2325 3224 388
2326 3256 446
2327 6371 611
2328 6584 455
2329 262 514
2330 5330 407
2331 4651 537
2332 4281 297
2333 1652 422
2334 5736 464
2335 14 458
2336 169 406
2337 983 167
2338 4883 412
2339 2458 407
2340 5906 338
2341 38 398
2342 2345 328
2343 2615 308
2344 421 425
2345 2528 234
2346 5339 454
2347 3993 368
2348 3448 488
2349 2616 299
2350 5675 335
2351 4112 392
2352 1536 464
2353 3207 368
2354 4101 384
2355 1235 426
2356 6051 307
2357 4420 462
2358 942 217
2359 3603 368
2360 1725 388
2361 255 305
2362 5982 394
2363 4282 478
2364 6113 449
2365 4302 418
2366 33 420
2367 3865 385
2368 6536 363
2369 4686 460
2370 5872 592
2371 5516 383
2372 2629 359
2373 5069 463
2374 807 477
2375 3194 437
2376 3009 272
2377 2724 404
2378 6219 418
2379 580 404
2380 4021 470
2381 0 -1
2382 721 466
2383 6595 358
2384 0 -1
2385 4304 482
2386 3005 420
2387 5482 497
2388 6150 487
2389 5074 429
2390 5346 454
2391 5910 388
2392 1714 455
2393 0 -1
2394 2752 398
2395 163 470
2396 1731 420
2397 2918 417
2398 0 -1
2399 2936 444
2400 1541 367
2401 5700 325
2402 0 -1
2403 6196 454
2404 0 -1
2405 3974 410
2406 5162 444
2407 5375 412
2408 6546 323
2409 174 301
2410 5082 317
2411 0 -1
2412 1395 323
2413 2819 483
2414 2307 342
2415 0 -1
2416 0 -1
2417 3581 293
2418 805 341
2419 3832 359
2420 6054 453
2421 2337 205
2422 4806 404
2423 1183 481
2424 1036 561
2425 512 394
2426 4600 416
2427 6034 470
2428 5367 392
2429 1707 441
2430 845 411
2431 1697 411
2432 527 484
2433 6241 454
2434 5138 302
2435 1125 409
2436 3105 320
2437 1557 586
2438 135 363
2439 3951 284
2440 4290 320
2441 5669 340
2442 5908 456
2443 3985 496
2444 4886 456
2445 3925 365
2446 3380 417
2447 517 440
2448 470 320
2449 1985 360
2450 6285 391
2451 4255 333
2452 0 -1
2453 2174 351
2454 1859 453
2455 5182 421
2456 3079 396
2457 385 374
2458 3395 403
2459 5617 480
2460 4589 416
2461 2578 494
2462 1588 466
2463 0 -1
2464 6279 455
2465 1186 368
2466 653 286
2467 5771 282
2468 3195 637
2469 6523 284
2470 3348 488
2471 0 -1
2472 4980 413
2473 1501 442
2474 6536 371
2475 2844 513
2476 6285 416
2477 2656 381
2478 2688 350
2479 5421 448
2480 3852 230
2481 5138 319
2482 4317 441
2483 5340 290
2484 6543 280
2485 3233 383
2486 1028 353
2487 1250 432
2488 4949 509
2489 2985 384
2490 5267 423
2491 5178 555
2492 5141 385
2493 0 -1
2494 2465 488
2495 4295 142
2496 3784 406
2497 2352 523
2498 3388 321
2499 0 -1
2500 5984 424
2501 1412 322
2502 117 476
2503 10 265
2504 4939 507
2505 567 460
2506 6133 416
2507 3099 374
2508 3713 384
2509 1210 384
2510 0 -1
2511 3022 425
2512 98 534
2513 2581 377
2514 34 337
2515 971 438
2516 4757 310
2517 5778 520
2518 2362 418
2519 0 -1
2520 2914 538
2521 5968 522
2522 4241 311
2523 2345 342
2524 465 450
2525 2900 510
2526 3731 420
2527 0 -1
2528 4449 220
2529 3804 356
2530 3600 363
2531 3040 424
2532 1395 385
2533 679 533
2534 983 167
2535 5168 356
2536 412 418
2537 5459 454
2538 3288 367
2539 5806 362
2540 3779 301
2541 3288 466
2542 3032 494
2543 108 394
2544 0 -1
2545 2315 397
2546 539 449
2547 705 406
2548 6330 316
2549 2774 420
2550 5932 355
2551 0 -1
2552 3977 420
2553 5300 495
2554 3520 381
2555 6221 399
2556 1226 337
2557 6536 325
2558 6360 281
2559 5544 345
2560 2034 397
2561 6048 235
2562 1466 333
2563 2457 394
2564 2951 341
2565 5211 454
2566 5312 196
2567 110 345
2568 4763 464
2569 1942 457
2570 6344 514
2571 754 417
2572 9 431
2573 4390 506
2574 2860 575
2575 3072 498
2576 3179 414
2577 5901 473
2578 433 461
2579 3151 567
2580 3673 369
2581 1893 268
2582 3708 396
2583 6412 584
2584 4498 388
2585 2187 580
2586 1813 210
2587 2921 425
2588 3873 412
2589 1594 316
2590 3388 367
2591 889 532
2592 3604 463
2593 3902 268
2594 3360 383
2595 1114 478
2596 5002 610
2597 5123 379
2598 0 -1
2599 0 -1
2600 6227 503
2601 3247 360
2602 3019 405
2603 5453 456
2604 0 -1
2605 6555 314
2606 3221 396
2607 6551 392
2608 5163 362
2609 44 448
2610 6576 362
2611 507 319
2612 4803 414
2613 4576 348
2614 4925 422
2615 6579 265
2616 746 202
2617 3674 368
2618 5163 409
2619 0 -1
2620 3366 416
2621 6020 469
2622 2539 410
2623 0 -1
2624 0 -1
2625 4924 362
2626 4593 433
2627 480 438
2628 4014 311
2629 3951 338
2630 2268 375
2631 2227 456
2632 1740 513
2633 1253 399
2634 1039 495
2635 6511 475
2636 902 449
2637 5410 281
2638 999 341
2639 4408 461
2640 306 422
2641 793 531
2642 2744 442
2643 2353 434
2644 1327 504
2645 4252 365
2646 5348 512
2647 1635 397
2648 2081 499
2649 5020 394
2650 6579 256
2651 0 -1
2652 2989 362
2653 5131 427
2654 2150 380
2655 102 205
2656 3762 373
2657 4261 421
2658 0 -1
2659 4484 369
2660 0 -1
2661 611 429
2662 4823 413
2663 1875 451
2664 2130 375
2665 5530 347
2666 2097 463
2667 5256 394
2668 5028 368
2669 2400 397
2670 5310 427
2671 2483 297
2672 2894 359
2673 5840 407
2674 2918 327
2675 2795 447
2676 3489 478
2677 1986 317
2678 530 385
2679 3535 468
2680 140 612
2681 4523 420
2682 3417 634
2683 346 416
2684 1212 372
2685 2325 467
2686 3839 473
2687 1022 411
2688 2255 308
2689 5947 363
2690 1548 440
2691 5501 451
2692 836 462
2693 635 360
2694 6130 341
2695 216 582
2696 4302 402
2697 3221 395
2698 5604 430
2699 4471 427
2700 4935 365
2701 1708 458
2702 2757 331
2703 0 -1
2704 1676 362
2705 5460 431
2706 5168 396
2707 0 -1
2708 1970 455
2709 5552 463
2710 0 -1
2711 3450 349
2712 1476 495
2713 2962 353
2714 423 355
2715 4804 342
2716 5639 377
2717 3976 395
2718 4359 467
2719 3114 391
2720 293 360
2721 0 -1
2722 1255 507
2723 1849 456
2724 153 385
2725 858 335
2726 2297 417
2727 4820 318
2728 2173 444
2729 2414 395
2730 2174 429
2731 4905 465
2732 4458 413
2733 5272 338
2734 1499 450
2735 3331 251
2736 3932 369
2737 4874 389
2738 3537 399
2739 5969 399
2740 3499 496
2741 4837 296
2742 3361 673
2743 2534 190
2744 108 372
2745 5628 378
2746 4486 409
2747 4446 272
2748 6235 383
2749 4543 436
2750 152 588
2751 1969 503
2752 3707 387
2753 489 480
2754 6166 434
2755 1567 409
2756 6026 349
2757 5771 219
2758 2181 341
2759 5696 436
2760 5127 430
2761 4807 383
2762 3510 474
2763 4968 350
2764 6413 327
2765 2967 509
2766 2305 326
2767 3600 418
2768 3272 295
2769 1706 359
2770 5408 423
2771 5733 490
2772 2085 434
2773 6540 531
2774 6177 388
2775 6235 355
2776 172 417
2777 3837 461
2778 3664 412
2779 887 408
2780 2562 407
2781 1395 436
2782 47 726
2783 3078 300
2784 3061 372
2785 3232 338
2786 3027 428
2787 6480 395
2788 4014 255
2789 1804 306
2790 3811 409
2791 827 403
2792 1767 452
2793 5518 499
2794 3818 345
2795 3558 384
2796 163 387
2797 5251 343
2798 1397 496
2799 2605 337
2800 2783 401
2801 845 429
2802 2449 434
2803 1813 240
2804 5939 317
2805 2741 370
2806 1960 473
2807 0 -1
2808 4543 415
2809 1739 432
2810 748 397
2811 853 377
2812 2490 448
2813 2916 361
2814 1872 444
2815 34 333
2816 4325 456
2817 8 47
2818 5423 451
2819 2905 372
2820 5204 345
2821 0 -1
2822 228 485
2823 4424 371
2824 5367 408
2825 0 -1
2826 314 319
2827 1353 417
2828 3440 429
2829 4755 421
2830 4650 389
2831 2513 396
2832 3352 500
2833 4265 421
2834 2562 341
2835 3976 426
2836 2156 423
2837 665 249
2838 5418 366
2839 6424 396
2840 2195 393
2841 959 503
2842 4389 333
2843 1663 214
2844 2796 406
2845 2899 382
2846 4344 405
2847 1612 502
2848 213 462
2849 0 -1
2850 0 -1
2851 1656 382
2852 1226 254
2853 5345 323
2854 5903 544
2855 5533 463
2856 4655 390
2857 1676 279
2858 4554 443
2859 5217 339
2860 198 496
2861 5135 313
2862 2057 442
2863 5630 477
2864 2785 341
2865 2741 374
2866 3570 376
2867 4403 506
2868 1553 381
2869 5090 697
2870 781 478
2871 6219 461
2872 1108 472
2873 750 406
2874 4914 447
2875 0 -1
2876 3207 481
2877 4435 423
2878 4753 374
2879 6300 397
2880 1144 333
2881 369 419
2882 5431 458
2883 1129 427
2884 630 420
2885 6008 399
2886 4314 412
2887 897 422
2888 2727 364
2889 5336 418
2890 240 350
2891 5754 270
2892 1959 386
2893 462 595
2894 2768 318
2895 1096 402
2896 5981 446
2897 2337 230
2898 4051 437
2899 832 272
2900 3322 490
2901 5295 148
2902 800 414
2903 4394 255
2904 294 330
2905 3188 372
2906 2976 383
2907 2775 372
2908 1092 425
2909 2649 444
2910 4878 468
2911 294 311
2912 468 430
2913 0 -1
2914 2633 470
2915 469 348
2916 755 324
2917 3009 357
2918 2483 318
2919 3812 476
2920 6078 446
2921 373 368
2922 0 -1
2923 4584 403
2924 748 380
2925 5913 371
2926 1311 401
2927 0 -1
2928 6147 477
2929 1363 422
2930 5010 432
2931 1608 441
2932 1857 415
2933 339 352
2934 353 536
2935 4231 389
2936 6497 391
2937 5664 371
2938 4758 429
2939 854 346
2940 15 411
2941 6164 238
2942 6264 465
2943 3913 464
2944 2233 218
2945 4269 514
2946 6543 312
2947 6113 455
2948 3560 590
2949 2915 390
2950 760 317
2951 4011 318
2952 2514 398
2953 5871 361
2954 1195 428
2955 4980 390
2956 1355 470
2957 5451 435
2958 3022 395
2959 5670 517
2960 4804 361
2961 5233 424
2962 2880 349
2963 4854 441
2964 5675 287
2965 6481 432
2966 5544 353
2967 3491 389
2968 6416 403
2969 543 442
2970 0 -1
2971 782 377
2972 6485 389
2973 1931 489
2974 5972 405
2975 8 91
2976 2469 336
2977 3244 416
2978 108 406
2979 934 469
2980 1447 370
2981 4599 289
2982 2464 466
2983 5694 437
2984 0 -1
2985 1561 364
2986 4869 408
2987 3033 558
2988 5843 376
2989 3661 274
2990 3492 370
2991 4243 355
2992 6536 406
2993 5418 371
2994 3553 372
2995 220 444
2996 2861 343
2997 2092 636
2998 2295 475
2999 0 -1
3000 374 352
3001 3760 459
3002 1573 571
3003 2939 460
3004 435 386
3005 5189 406
3006 4356 403
3007 96 469
3008 5563 393
3009 3876 269
3010 3457 299
3011 0 -1
3012 350 466
3013 835 358
3014 1335 484
3015 2105 418
3016 3897 368
3017 4232 404
3018 291 336
3019 1320 359
3020 3337 257
3021 1126 448
3022 3939 355
3023 1433 517
3024 3778 382
3025 359 366
3026 0 -1
3027 1221 407
3028 0 -1
3029 1144 335
3030 2056 433
3031 4145 168
3032 641 408
3033 5127 477
3034 1774 419
3035 0 -1
3036 4941 573
3037 4145 154
3038 1936 350
3039 5453 483
3040 2906 383
3041 2652 393
3042 1961 397
3043 4561 428
3044 346 442
3045 1226 242
3046 5775 439
3047 5779 301
3048 5787 441
3049 4155 375
3050 5120 297
3051 3778 395
3052 0 -1
3053 5636 443
3054 0 -1
3055 2267 354
3056 4289 461
3057 4626 497
3058 1616 629
3059 2729 466
3060 3527 605
3061 2789 372
3062 143 456
3063 808 432
3064 4510 380
3065 0 -1
3066 6240 345
3067 3170 503
3068 905 385
3069 3735 435
3070 4326 428
3071 5400 479
3072 2924 381
3073 2817 158
3074 4950 475
3075 3493 384
3076 2744 378
3077 3818 361
3078 2467 284
3079 572 388
3080 2559 426
3081 6047 468
3082 0 -1
3083 672 525
3084 3042 424
3085 6121 456
3086 2188 325
3087 3561 381
3088 751 456
3089 0 -1
3090 621 362
3091 956 363
3092 4525 347
3093 2853 401
3094 17 311
3095 5869 401
3096 4806 382
3097 1082 446
3098 5979 392
3099 1273 297
3100 4391 418
3101 5308 448
3102 1186 376
3103 480 344
3104 0 -1
3105 4599 306
3106 4343 347
3107 4723 478
3108 2227 433
3109 998 143
3110 0 -1
3111 0 -1
3112 6336 349
3113 5853 394
3114 784 363
3115 940 380
3116 3573 376
3117 5373 463
3118 5629 413
3119 5399 376
3120 5245 436
3121 3255 456
3122 4943 440
3123 3439 527
3124 0 -1
3125 3679 490
3126 5856 378
3127 0 -1
3128 773 470
3129 4691 413
3130 0 -1
3131 3142 503
3132 2447 461
3133 3972 422
3134 4796 287
3135 1732 387
3136 2571 534
3137 1711 437
3138 5678 513
3139 443 370
3140 4875 469
3141 950 332
3142 4291 477
3143 0 -1
3144 1464 470
3145 4283 397
3146 487 346
3147 0 -1
3148 3768 407
3149 5348 413
3150 3686 352
3151 5519 492
3152 3551 450
3153 3950 432
3154 3327 402
3155 4866 410
3156 6404 433
3157 3094 327
3158 4807 405
3159 690 516
3160 3347 483
3161 543 406
3162 0 -1
3163 5944 401
3164 5691 581
3165 1161 559
3166 2897 269
3167 5726 285
3168 0 -1
3169 2990 384
3170 1360 438
3171 1196 428
3172 631 351
3173 3722 481
3174 4897 339
3175 3890 417
3176 4595 371
3177 3561 460
3178 1229 445
3179 5516 380
3180 5788 369
3181 951 464
3182 5952 368
3183 784 379
3184 5561 411
3185 530 359
3186 2354 397
3187 6451 438
3188 2055 360
3189 805 355
3190 5059 473
3191 0 -1
3192 3593 385
3193 3300 400
3194 2055 358
3195 1188 593
3196 3593 410
3197 1687 324
3198 2450 476
3199 0 -1
3200 3951 285
3201 1021 358
3202 4792 446
3203 3647 454
3204 926 272
3205 5578 476
3206 0 -1
3207 174 367
3208 4214 428
3209 3135 388
3210 598 442
3211 4913 424
3212 6538 572
3213 4955 462
3214 3323 391
3215 6161 436
3216 5013 306
3217 0 -1
3218 573 569
3219 5048 355
3220 440 447
3221 5067 301
3222 4948 535
3223 4670 466
3224 4846 371
3225 2195 387
3226 3106 348
3227 2645 471
3228 3701 401
3229 4411 461
3230 5554 417
3231 388 417
3232 1212 327
3233 6597 362
3234 1212 341
3235 4796 317
3236 60 516
3237 2360 507
3238 144 389
3239 5932 409
3240 4694 427
3241 0 -1
3242 1165 327
3243 1122 304
3244 1446 384
3245 3677 463
3246 0 -1
3247 4361 351
3248 574 468
3249 39 451
3250 4572 396
3251 4300 253
3252 1415 360
3253 1862 445
3254 5304 320
3255 75 369
3256 3776 410
3257 5122 297
3258 5818 295
3259 2873 415
3260 2647 407
3261 3115 431
3262 1389 341
3263 408 382
3264 4238 432
3265 2039 375
3266 3395 462
3267 6114 284
3268 37 405
3269 6563 460
3270 2065 463
3271 0 -1
3272 5821 240
3273 1165 381
3274 413 348
3275 5321 374
3276 2199 460
3277 239 478
3278 4271 485
3279 4718 428
3280 4113 337
3281 2386 440
3282 4337 365
3283 553 398
3284 0 -1
3285 6543 312
3286 3055 399
3287 4783 383
3288 1283 367
3289 3545 641
3290 1416 414
3291 3617 344
3292 1507 405
3293 5093 509
3294 1826 447
3295 5737 348
3296 5811 817
3297 843 469
3298 2065 357
3299 1381 439
3300 3804 328
3301 1104 493
3302 3437 289
3303 2163 523
3304 0 -1
3305 6324 379
3306 5399 384
3307 1167 424
3308 5935 461
3309 5512 422
3310 5064 412
3311 4284 453
3312 848 260
3313 1204 419
3314 6216 365
3315 832 290
3316 839 407
3317 3412 341
3318 391 453
3319 395 456
3320 2317 489
3321 5330 438
3322 2995 453
3323 6244 387
3324 4800 393
3325 2748 386
3326 1810 497
3327 1429 322
3328 3186 400
3329 5781 511
3330 5222 421
3331 4433 244
3332 3694 445
3333 2059 414
3334 1674 368
3335 569 482
3336 4179 482
3337 926 237
3338 4920 389
3339 314 397
3340 2655 269
3341 672 496
3342 2864 445
3343 299 204
3344 5566 313
3345 2774 479
3346 4114 434
3347 4125 407
3348 4126 394
3349 2041 390
3350 2015 328
3351 6531 378
3352 1206 380
3353 0 -1
3354 2933 383
3355 2549 466
3356 6576 423
3357 6441 355
3358 6316 378
3359 0 -1
3360 4767 302
3361 5968 560
3362 2063 538
3363 952 389
3364 4450 498
3365 94 475
3366 6043 400
3367 6227 564
3368 613 454
3369 5615 403
3370 6139 563
3371 1976 447
3372 4116 396
3373 0 -1
3374 962 387
3375 5805 434
3376 1819 453
3377 1918 451
3378 5149 385
3379 4728 553
3380 1277 352
3381 1461 362
3382 6402 398
3383 609 365
3384 1959 293
3385 6176 473
3386 2185 359
3387 4293 434
3388 507 316
3389 1355 471
3390 3641 370
3391 2789 316
3392 0 -1
3393 1278 349
3394 5777 413
3395 6561 384
3396 5094 371
3397 151 299
3398 1837 337
3399 4428 457
3400 5883 412
3401 4154 498
3402 4027 495
3403 4672 443
3404 5100 444
3405 1651 404
3406 5484 452
3407 517 437
3408 0 -1
3409 1504 374
3410 487 384
3411 4785 520
3412 3134 341
3413 5611 419
3414 2137 382
3415 5249 416
3416 4885 380
3417 116 523
3418 6470 361
3419 1873 362
3420 6206 440
3421 0 -1
3422 5818 360
3423 5098 384
3424 1864 430
3425 3598 436
3426 6039 336
3427 3377 481
3428 0 -1
3429 619 364
3430 395 430
3431 4827 466
3432 5530 285
3433 179 316
3434 4651 459
3435 3989 403
3436 1486 331
3437 5732 269
3438 4417 406
3439 4980 449
3440 6536 374
3441 543 403
3442 3573 390
3443 3197 346
3444 5371 690
3445 1313 325
3446 2901 248
3447 686 461
3448 5683 403
3449 4044 431
3450 557 334
3451 2150 431
3452 5070 417
3453 6015 380
3454 3426 387
3455 4776 382
3456 3565 446
3457 4971 287
3458 1870 328
3459 4798 262
3460 5201 481
3461 328 406
3462 5840 460
3463 3550 510
3464 6594 402
3465 0 -1
3466 2266 501
3467 402 421
3468 1622 427
3469 3960 401
3470 3631 362
3471 2939 376
3472 2516 336
3473 4256 375
3474 4727 385
3475 4173 368
3476 2788 365
3477 1631 288
3478 1912 339
3479 2643 478
3480 821 505
3481 3928 412
3482 1238 467
3483 4256 367
3484 1531 317
3485 0 -1
3486 2951 382
3487 642 401
3488 1791 507
3489 1222 422
3490 5577 307
3491 870 366
3492 3750 312
3493 1168 383
3494 1226 341
3495 2253 476
3496 2274 434
3497 3029 386
3498 5142 492
3499 3669 428
3500 6099 587
3501 1679 412
3502 4540 360
3503 4704 432
3504 5071 370
3505 5483 364
3506 83 503
3507 4643 466
3508 4864 484
3509 1888 309
3510 587 387
3511 619 279
3512 2376 301
3513 4384 609
3514 1605 386
3515 2827 436
3516 3550 463
3517 1744 379
3518 5287 360
3519 4065 375
3520 2332 298
3521 3771 284
3522 1972 456
3523 0 -1
3524 1080 446
3525 5756 318
3526 4104 323
3527 5055 573
3528 5545 446
3529 221 486
3530 2795 409
3531 6131 594
3532 1480 487
3533 702 382
3534 5871 400
3535 776 404
3536 2457 444
3537 1076 378
3538 0 -1
3539 6345 376
3540 2408 387
3541 1526 394
3542 2870 548
3543 1647 445
3544 1267 447
3545 2634 576
3546 5821 300
3547 2481 407
3548 4101 356
3549 3291 379
3550 5179 418
3551 2039 376
3552 1557 507
3553 5906 335
3554 615 378
3555 0 -1
3556 4042 432
3557 1875 435
3558 1388 376
3559 0 -1
3560 2730 473
3561 6473 345
3562 1887 400
3563 5671 342
3564 4624 344
3565 2342 408
3566 4622 538
3567 2062 434
3568 6435 324
3569 3419 396
3570 3251 363
3571 2170 415
3572 2934 582
3573 3867 340
3574 2305 396
3575 1968 396
3576 5227 408
3577 4220 447
3578 2177 301
3579 2566 224
3580 1825 417
3581 5347 293
3582 2715 363
3583 1589 400
3584 4488 483
3585 3486 460
3586 4509 368
3587 2436 416
3588 6430 466
3589 2099 422
3590 5337 544
3591 2737 474
3592 1813 254
3593 1278 373
3594 5267 467
3595 4071 443
3596 4482 357
3597 2672 363
3598 5054 420
3599 0 -1
3600 3916 316
3601 414 505
3602 2345 281
3603 749 348
3604 605 354
3605 5433 493
3606 1857 423
3607 5410 311
3608 1102 461
3609 700 448
3610 4287 383
3611 4011 310
3612 3486 484
3613 2012 363
3614 6327 274
3615 5665 281
3616 6594 363
3617 4839 307
3618 2480 288
3619 621 378
3620 2566 251
3621 2485 402
3622 0 -1
3623 4119 433
3624 5013 338
3625 470 430
3626 5908 466
3627 3759 536
3628 2722 536
3629 5347 319
3630 1404 351
3631 2240 312
3632 3005 472
3633 5845 469
3634 3324 481
3635 279 326
3636 6151 478
3637 856 477
3638 4304 448
3639 5935 434
3640 1041 494
3641 848 295
3642 0 -1
3643 4489 311
3644 5645 743
3645 0 -1
3646 4243 340
3647 1373 338
3648 0 -1
3649 710 470
3650 1281 493
3651 5400 413
3652 1926 419
3653 5438 481
3654 6531 396
3655 3267 299
3656 3088 540
3657 5202 428
3658 6274 354
3659 3161 428
3660 1296 417
3661 1804 271
3662 2418 349
3663 1792 326
3664 1725 392
3665 0 -1
3666 507 309
3667 1448 411
3668 663 402
3669 590 361
3670 4318 360
3671 1744 382
3672 3507 545
3673 5681 338
3674 6537 290
3675 2560 413
3676 5738 381
3677 5992 414
3678 0 -1
3679 1976 389
3680 1435 488
3681 5843 385
3682 5226 439
3683 1459 399
3684 6482 387
3685 3188 439
3686 1142 285
3687 1102 487
3688 2204 648
3689 0 -1
3690 4295 131
3691 2162 347
3692 2171 389
3693 5099 371
3694 5724 363
3695 963 536
3696 4733 273
3697 1170 407
3698 2859 347
3699 6543 276
3700 786 491
3701 5306 311
3702 0 -1
3703 593 316
3704 2477 425
3705 0 -1
3706 5172 351
3707 6006 362
3708 1388 317
3709 2137 351
3710 0 -1
3711 0 -1
3712 1966 481
3713 1837 311
3714 0 -1
3715 6216 341
3716 3479 490
3717 669 276
3718 3818 423
3719 787 362
3720 5403 418
3721 4279 378
3722 3663 388
3723 4411 391
3724 0 -1
3725 1096 389
3726 5852 304
3727 1321 533
3728 2349 344
3729 4584 317
3730 1086 510
3731 3963 380
3732 3150 447
3733 2034 366
3734 43 468
3735 6140 344
3736 5906 357
3737 2538 373
3738 1403 432
3739 0 -1
3740 5176 410
3741 5563 424
3742 4820 381
3743 1530 402
3744 903 517
3745 2635 485
3746 5752 373
3747 1781 490
3748 2310 353
3749 3330 468
3750 4275 300
3751 991 521
3752 3995 427
3753 159 648
3754 2790 515
3755 4229 421
3756 2290 409
3757 914 474
3758 6552 512
3759 4060 426
3760 3949 422
3761 1927 431
3762 3520 367
3763 714 466
3764 2157 407
3765 2438 454
3766 6054 498
3767 99 510
3768 3643 331
3769 2745 461
3770 1145 414
3771 2234 242
3772 2233 239
3773 4825 190
3774 3795 403
3775 4384 540
3776 5266 393
3777 5065 416
3778 1698 367
3779 2534 237
3780 6437 400
3781 575 434
3782 5611 427
3783 5340 312
3784 4449 292
3785 0 -1
3786 2747 379
3787 0 -1
3788 899 605
3789 4389 245
3790 4796 362
3791 4660 417
3792 3146 430
3793 3330 430
3794 2711 355
3795 2784 379
3796 5069 432
3797 784 370
3798 2457 401
3799 4190 356
3800 2888 399
3801 374 388
3802 5745 410
3803 792 453
3804 307 321
3805 5302 495
3806 1373 357
3807 34 380
3808 168 503
3809 942 249
3810 682 564
3811 5827 352
3812 303 434
3813 2376 348
3814 2629 401
3815 5756 282
3816 3530 431
3817 4377 437
3818 2637 328
3819 69 504
3820 1456 504
3821 850 445
3822 5490 396
3823 86 296
3824 2084 457
3825 0 -1
3826 5906 276
3827 0 -1
3828 297 473
3829 2845 416
3830 3593 487
3831 845 410
3832 3615 281
3833 2719 453
3834 2981 361
3835 1680 488
3836 6200 402
3837 3325 429
3838 5633 402
3839 6391 428
3840 2958 450
3841 779 420
3842 4075 410
3843 6139 507
3844 2309 408
3845 2131 409
3846 4105 298
3847 5249 433
3848 4720 462
3849 4440 480
3850 727 348
3851 3097 565
3852 8 114
3853 639 420
3854 0 -1
3855 6136 372
3856 2270 442
3857 1169 522
3858 1365 362
3859 0 -1
3860 6402 482
3861 1388 376
3862 3166 312
3863 504 398
3864 404 420
3865 3267 309
3866 3779 349
3867 5138 339
3868 2424 619
3869 996 411
3870 1687 306
3871 580 372
3872 1307 366
3873 4672 326
3874 4504 397
3875 6108 347
3876 5397 256
3877 3163 420
3878 6240 358
3879 1055 551
3880 2756 390
3881 3403 475
3882 0 -1
3883 2554 420
3884 299 223
3885 6486 632
3886 4485 430
3887 3372 493
3888 4736 328
3889 2549 460
3890 326 414
3891 1092 387
3892 2012 337
3893 3986 381
3894 1448 433
3895 0 -1
3896 5526 489
3897 6595 356
3898 5347 353
3899 6553 429
3900 6336 356
3901 4343 369
3902 1288 249
3903 6173 462
3904 3386 444
3905 1869 290
3906 565 487
3907 4500 471
3908 5671 345
3909 5604 410
3910 3916 293
3911 4710 488
3912 4458 409
3913 639 422
3914 2964 345
3915 1988 496
3916 1663 202
3917 3486 396
3918 3357 468
3919 3075 423
3920 1341 426
3921 3154 465
3922 5560 485
3923 1951 516
3924 3475 468
3925 2894 330
3926 2048 453
3927 3867 344
3928 1193 321
3929 6015 417
3930 6174 460
3931 1175 363
3932 4448 359
3933 1445 421
3934 667 356
3935 4395 484
3936 3823 328
3937 5199 316
3938 5182 387
3939 6598 326
3940 0 -1
3941 5772 419
3942 4544 392
3943 1739 461
3944 0 -1
3945 5913 338
3946 1373 256
3947 718 405
3948 5057 331
3949 4905 405
3950 2923 405
3951 2358 237
3952 383 544
3953 5280 382
3954 5979 399
3955 228 419
3956 1727 393
3957 1932 342
3958 6461 411
3959 1388 399
3960 3624 369
3961 0 -1
3962 2252 397
3963 105 357
3964 798 503
3965 2318 543
3966 1062 383
3967 5138 354
3968 3779 242
3969 2496 407
3970 1545 544
3971 6239 444
3972 1129 383
3973 105 401
3974 3386 386
3975 3558 456
3976 1542 366
3977 51 414
3978 265 527
3979 1548 381
3980 6179 442
3981 1000 363
3982 3833 471
3983 0 -1
3984 985 608
3985 864 381
3986 1550 373
3987 0 -1
3988 3005 494
3989 307 371
3990 2580 415
3991 1981 606
3992 2605 385
3993 1288 250
3994 3619 471
3995 3049 388
3996 5928 413
3997 6358 361
3998 3280 344
3999 2304 392
4000 3606 484
4001 206 366
4002 3420 449
4003 5195 351
4004 2649 451
4005 5979 380
4006 3985 389
4007 2034 332
4008 725 301
4009 2370 592
4010 6407 440
4011 1594 271
4012 2332 328
4013 3813 421
4014 578 239
4015 5043 421
4016 3024 414
4017 4191 400
4018 3926 493
4019 5234 401
4020 0 -1
4021 2754 469
4022 5408 374
4023 1308 450
4024 539 341
4025 4904 379
4026 0 -1
4027 2024 482
4028 3948 398
4029 6048 219
4030 3475 383
4031 2803 354
4032 181 353
4033 6007 393
4034 3454 494
4035 557 422
4036 4319 406
4037 6224 447
4038 1269 446
4039 998 206
4040 423 397
4041 0 -1
4042 6026 346
4043 4255 236
4044 694 379
4045 4198 540
4046 2820 391
4047 557 395
4048 3287 466
4049 3378 438
4050 1235 432
4051 1933 372
4052 0 -1
4053 3675 496
4054 3912 487
4055 0 -1
4056 5081 457
4057 1461 380
4058 3568 363
4059 568 344
4060 4246 378
4061 0 -1
4062 5850 391
4063 6232 425
4064 1429 332
4065 276 298
4066 3233 401
4067 0 -1
4068 767 346
4069 3007 473
4070 1452 418
4071 2042 399
4072 0 -1
4073 4427 669
4074 5692 348
4075 3340 343
4076 599 449
4077 4266 524
4078 4777 444
4079 4526 474
4080 5097 390
4081 0 -1
4082 5556 428
4083 2294 502
4084 6278 432
4085 103 470
4086 1343 235
4087 3718 514
4088 1619 370
4089 4279 401
4090 1833 446
4091 6548 453
4092 0 -1
4093 28 452
4094 6309 199
4095 6172 354
4096 4392 383
4097 5019 424
4098 2456 456
4099 5889 441
4100 2613 360
4101 3020 272
4102 3951 284
4103 2026 419
4104 4109 295
4105 2233 270
4106 2530 478
4107 3262 404
4108 383 532
4109 3916 244
4110 3894 433
4111 3091 394
4112 3568 362
4113 5873 321
4114 3870 322
4115 5381 189
4116 1048 381
4117 0 -1
4118 1412 348
4119 621 415
4120 4458 455
4121 2650 311
4122 5694 453
4123 102 216
4124 5583 500
4125 3150 399
4126 3013 366
4127 4148 490
4128 3310 449
4129 0 -1
4130 6272 453
4131 3342 548
4132 4102 331
4133 3418 393
4134 3547 441
4135 4960 379
4136 2909 464
4137 6218 326
4138 702 444
4139 6550 477
4140 2906 428
4141 61 409
4142 6475 393
4143 1709 360
4144 0 -1
4145 2975 91
4146 1804 266
4147 1370 442
4148 4088 377
4149 3451 454
4150 4146 307
4151 1877 416
4152 4323 533
4153 5483 369
4154 1260 435
4155 185 312
4156 5644 588
4157 2269 640
4158 6573 389
4159 291 387
4160 2895 456
4161 2454 563
4162 0 -1
4163 4943 422
4164 3238 397
4165 3347 505
4166 1180 429
4167 1202 310
4168 5996 513
4169 2741 368
4170 6422 468
4171 3123 635
4172 153 402
4173 1222 352
4174 5752 346
4175 2618 445
4176 2648 584
4177 77 501
4178 1782 468
4179 3661 386
4180 0 -1
4181 5204 396
4182 1601 388
4183 0 -1
4184 395 435
4185 4475 380
4186 4639 425
4187 4118 445
4188 0 -1
4189 4095 364
4190 3862 341
4191 3875 355
4192 5870 387
4193 3582 405
4194 4179 397
4195 2528 235
4196 5484 438
4197 3496 506
4198 4877 427
4199 1699 527
4200 1427 347
4201 2342 351
4202 1870 312
4203 707 440
4204 1054 468
4205 6530 493
4206 2098 476
4207 6283 546
4208 864 396
4209 1856 460
4210 6163 382
4211 474 297
4212 1727 421
4213 94 451
4214 6559 400
4215 0 -1
4216 2093 427
4217 2162 355
4218 42 438
4219 1028 285
4220 4435 416
4221 1720 448
4222 3508 597
4223 619 383
4224 2175 363
4225 1365 400
4226 6145 334
4227 5236 313
4228 866 430
4229 1698 379
4230 5001 404
4231 2190 339
4232 2864 354
4233 4874 330
4234 5340 211
4235 4379 237
4236 476 520
4237 4130 492
4238 6597 341
4239 5851 425
4240 6510 362
4241 629 229
4242 2636 556
4243 4619 254
4244 5159 426
4245 1985 387
4246 3655 304
4247 3737 373
4248 6495 383
4249 2778 413
4250 4185 469
4251 283 442
4252 1278 321
4253 0 -1
4254 1451 423
4255 665 234
4256 3772 341
4257 2975 117
4258 787 364
4259 1348 379
4260 0 -1
4261 40 348
4262 4338 432
4263 704 400
4264 2888 396
4265 2195 329
4266 5223 461
4267 0 -1
4268 4509 365
4269 6590 448
4270 4511 427
4271 2705 445
4272 1227 431
4273 1163 333
4274 0 -1
4275 942 293
4276 2988 431
4277 3256 516
4278 2254 440
4279 6166 344
4280 2391 389
4281 4235 295
4282 6595 393
4283 5856 296
4284 5291 424
4285 4588 379
4286 2879 417
4287 5999 271
4288 1825 419
4289 6508 398
4290 5530 296
4291 1674 376
4292 1285 502
4293 1822 387
4294 5576 327
4295 6258 63
4296 0 -1
4297 2191 398
4298 3852 199
4299 4059 434
4300 2129 230
4301 0 -1
4302 6324 393
4303 4237 510
4304 6189 419
4305 5596 471
4306 6311 453
4307 5291 316
4308 0 -1
4309 1504 369
4310 6108 399
4311 3945 369
4312 6393 343
4313 0 -1
4314 2857 299
4315 1469 391
4316 1677 441
4317 724 429
4318 3105 320
4319 2483 396
4320 1191 432
4321 3137 447
4322 6395 495
4323 6209 481
4324 0 -1
4325 1486 423
4326 27 350
4327 1712 446
4328 3486 404
4329 174 402
4330 45 411
4331 945 460
4332 5839 343
4333 4799 446
4334 3849 522
4335 2859 458
4336 1999 345
4337 3655 339
4338 5934 422
4339 5393 349
4340 3141 367
4341 4992 564
4342 143 420
4343 5726 287
4344 1594 334
4345 2146 480
4346 2993 379
4347 144 421
4348 4489 346
4349 1254 544
4350 3708 403
4351 5009 336
4352 6280 486
4353 4391 361
4354 2417 341
4355 2518 433
4356 4767 334
4357 55 431
4358 3839 501
4359 2175 427
4360 1944 308
4361 5566 331
4362 6172 368
4363 4978 406
4364 4105 289
4365 3464 478
4366 472 364
4367 0 -1
4368 5082 347
4369 3189 379
4370 0 -1
4371 5452 403
4372 0 -1
4373 5496 543
4374 2638 382
4375 615 297
4376 2878 467
4377 4420 405
4378 2106 408
4379 4298 223
4380 1356 442
4381 1826 516
4382 37 496
4383 4587 447
4384 1969 494
4385 275 443
4386 2974 428
4387 1420 459
4388 5319 642
4389 4619 243
4390 2117 404
4391 4506 298
4392 4796 288
4393 4576 416
4394 6309 143
4395 870 448
4396 6314 819
4397 323 413
4398 2568 474
4399 3595 460
4400 5433 524
4401 0 -1
4402 772 440
4403 2173 451
4404 2582 422
4405 6216 332
4406 3387 446
4407 0 -1
4408 3243 419
4409 6037 452
4410 5846 487
4411 3490 350
4412 5367 352
4413 1727 337
4414 2225 421
4415 5483 465
4416 3078 300
4417 5899 403
4418 5019 406
4419 2082 446
4420 3898 402
4421 2841 540
4422 3477 369
4423 0 -1
4424 3826 356
4425 2335 511
4426 3357 422
4427 5472 578
4428 130 423
4429 1026 480
4430 2924 429
4431 1227 395
4432 6141 419
4433 1869 237
4434 456 512
4435 6052 333
4436 4842 430
4437 1637 367
4438 384 536
4439 413 414
4440 4520 388
4441 2357 487
4442 751 398
4443 0 -1
4444 2362 474
4445 390 482
4446 5404 223
4447 1677 476
4448 6413 340
4449 4115 197
4450 3230 454
4451 4950 528
4452 4837 300
4453 6405 469
4454 2162 400
4455 4336 414
4456 3099 345
4457 631 428
4458 1725 397
4459 3900 418
4460 744 459
4461 3441 487
4462 854 302
4463 1228 502
4464 1727 390
4465 0 -1
4466 169 415
4467 4289 423
4468 2046 400
4469 5078 533
4470 0 -1
4471 4539 315
4472 5182 436
4473 3928 345
4474 6160 506
4475 4343 318
4476 1664 386
4477 5588 333
4478 486 403
4479 1961 379
4480 5668 356
4481 6218 350
4482 215 352
4483 5856 359
4484 5013 305
4485 5306 314
4486 1778 299
4487 1528 536
4488 558 388
4489 1778 281
4490 0 -1
4491 466 363
4492 5189 455
4493 2941 307
4494 2307 344
4495 4742 366
4496 5419 415
4497 0 -1
4498 3483 386
4499 3722 472
4500 5139 453
4501 307 290
4502 3169 443
4503 0 -1
4504 6294 334
4505 3617 336
4506 3251 292
4507 5113 404
4508 4932 439
4509 3134 353
4510 6052 371
4511 4189 398
4512 3931 422
4513 4800 429
4514 3154 418
4515 1086 462
4516 5998 412
4517 891 458
4518 2323 343
4519 2548 342
4520 766 347
4521 4414 441
4522 6051 361
4523 5329 409
4524 2377 507
4525 5882 309
4526 2040 409
4527 2853 431
4528 4561 404
4529 1870 287
4530 5704 500
4531 0 -1
4532 3001 489
4533 5743 387
4534 1860 456
4535 6002 376
4536 2349 359
4537 2002 458
4538 6307 448
4539 5702 311
4540 2558 298
4541 334 497
4542 2158 481
4543 5094 386
4544 3437 337
4545 3894 471
4546 3338 501
4547 122 376
4548 5700 295
4549 513 447
4550 1856 551
4551 187 393
4552 5019 382
4553 1840 322
4554 552 377
4555 1464 508
4556 34 437
4557 0 -1
4558 3694 376
4559 0 -1
4560 344 287
4561 1978 403
4562 2712 522
4563 4122 488
4564 5106 368
4565 1405 473
4566 3369 444
4567 0 -1
4568 5613 315
4569 4871 525
4570 3437 351
4571 2441 438
4572 539 382
4573 2874 526
4574 141 390
4575 0 -1
4576 474 307
4577 776 390
4578 2613 368
4579 3879 622
4580 413 376
4581 4594 313
4582 5689 178
4583 4201 391
4584 1893 290
4585 4574 398
4586 1699 596
4587 2274 424
4588 4505 357
4589 6022 383
4590 3839 468
4591 3016 382
4592 0 -1
4593 6416 420
4594 3696 305
4595 4094 251
4596 5512 361
4597 1585 385
4598 3691 453
4599 2975 207
4600 5139 398
4601 343 515
4602 5591 390
4603 2016 471
4604 5547 372
4605 3221 374
4606 1251 581
4607 1340 517
4608 4487 649
4609 2890 350
4610 5138 345
4611 2937 413
4612 5593 599
4613 652 516
4614 5572 418
4615 5414 480
4616 2228 488
4617 0 -1
4618 3267 365
4619 4115 215
4620 784 350
4621 530 366
4622 5234 423
4623 0 -1
4624 4146 271
4625 3263 394
4626 2929 469
4627 2271 494
4628 3933 540
4629 3661 295
4630 5463 422
4631 5375 389
4632 4641 445
4633 3999 472
4634 375 401
4635 5226 431
4636 0 -1
4637 2823 453
4638 1311 438
4639 5652 333
4640 179 301
4641 5172 328
4642 0 -1
4643 4318 423
4644 0 -1
4645 2549 429
4646 284 489
4647 3928 417
4648 4670 496
4649 3905 320
4650 4675 355
4651 4913 435
4652 135 416
4653 2668 374
4654 0 -1
4655 1353 371
4656 3655 349
4657 2353 404
4658 6048 189
4659 0 -1
4660 1015 385
4661 1888 310
4662 6597 389
4663 3315 397
4664 5717 321
4665 1511 506
4666 4581 408
4667 2761 455
4668 51 397
4669 4003 369
4670 1479 409
4671 848 201
4672 5839 324
4673 146 484
4674 763 470
4675 3397 313
4676 0 -1
4677 0 -1
4678 264 426
4679 5698 491
4680 3234 436
4681 3247 373
4682 274 381
4683 2341 442
4684 5788 396
4685 5597 276
4686 1614 456
4687 5044 381
4688 205 580
4689 5669 354
4690 4999 318
4691 6354 409
4692 6068 331
4693 3109 260
4694 2361 316
4695 5365 284
4696 519 467
4697 2146 404
4698 1940 414
4699 2687 432
4700 2138 350
4701 3048 479
4702 3595 546
4703 2880 352
4704 3621 410
4705 5524 395
4706 3672 634
4707 2805 427
4708 4935 381
4709 5908 434
4710 1232 406
4711 1590 453
4712 0 -1
4713 2809 507
4714 5629 515
4715 70 255
4716 543 373
4717 3936 375
4718 6043 355
4719 6216 363
4720 2024 422
4721 5587 377
4722 744 453
4723 2741 387
4724 1227 393
4725 113 498
4726 937 385
4727 4935 384
4728 3707 433
4729 0 -1
4730 6331 419
4731 2534 218
4732 4705 426
4733 3073 191
4734 6571 495
4735 48 382
4736 10 292
4737 2105 391
4738 1585 321
4739 5864 446
4740 339 353
4741 771 439
4742 1276 365
4743 5116 432
4744 3066 373
4745 5065 405
4746 2392 485
4747 4128 544
4748 840 368
4749 0 -1
4750 5700 346
4751 3173 525
4752 2820 364
4753 1122 291
4754 5726 289
4755 3558 421
4756 1527 432
4757 279 293
4758 2694 345
4759 5129 462
4760 3220 475
4761 1517 552
4762 1221 364
4763 5879 424
4764 0 -1
4765 5829 425
4766 6577 352
4767 5410 293
4768 4297 423
4769 2924 437
4770 3131 527
4771 5812 153
4772 5405 612
4773 2240 369
4774 5172 392
4775 4239 478
4776 2008 343
4777 6196 425
4778 1446 434
4779 0 -1
4780 153 331
4781 6393 402
4782 1381 474
4783 6479 364
4784 3520 415
4785 554 492
4786 3892 431
4787 2360 389
4788 5288 290
4789 2102 468
4790 6319 402
4791 3419 409
4792 5311 380
4793 4340 387
4794 2689 473
4795 3926 461
4796 4389 252
4797 6010 352
4798 1288 243
4799 5218 357
4800 5347 330
4801 744 526
4802 3999 432
4803 2916 381
4804 4104 312
4805 0 -1
4806 4874 288
4807 5895 352
4808 0 -1
4809 4719 464
4810 5982 438
4811 0 -1
4812 4364 317
4813 0 -1
4814 2043 452
4815 0 -1
4816 726 367
4817 3243 418
4818 4692 372
4819 1674 443
4820 2616 286
4821 4265 373
4822 3893 450
4823 2361 390
4824 343 509
4825 6258 142
4826 2577 558
4827 2752 465
4828 5302 493
4829 3151 512
4830 6433 416
4831 349 431
4832 2589 430
4833 2414 360
4834 2455 444
4835 1742 470
4836 765 355
4837 4235 283
4838 5120 325
4839 5397 292
4840 654 524
4841 5563 403
4842 6532 371
4843 1576 520
4844 1849 460
4845 3294 534
4846 3607 327
4847 2024 449
4848 4051 457
4849 1729 480
4850 0 -1
4851 3925 389
4852 4520 454
4853 3356 471
4854 1679 397
4855 485 486
4856 758 411
4857 1532 434
4858 4363 421
4859 2188 358
4860 0 -1
4861 0 -1
4862 3068 425
4863 3228 445
4864 6587 441
4865 0 -1
4866 1540 345
4867 6434 352
4868 4553 353
4869 5566 318
4870 3677 509
4871 2354 442
4872 4650 436
4873 2962 357
4874 2757 281
4875 4723 439
4876 5072 435
4877 5003 383
4878 3979 408
4879 2185 391
4880 3397 384
4881 6581 409
4882 1207 501
4883 5120 370
4884 0 -1
4885 1000 282
4886 6232 453
4887 4118 362
4888 2227 432
4889 4878 448
4890 5974 608
4891 6493 482
4892 2095 432
4893 3743 418
4894 3830 518
4895 733 493
4896 2676 482
4897 594 263
4898 0 -1
4899 4413 427
4900 3819 561
4901 5144 373
4902 1205 411
4903 4796 360
4904 3300 333
4905 689 405
4906 3515 487
4907 5810 372
4908 0 -1
4909 1996 346
4910 6389 379
4911 1202 315
4912 1193 389
4913 608 363
4914 3713 329
4915 1207 436
4916 3008 431
4917 6509 342
4918 2079 477
4919 6555 389
4920 6053 330
4921 5213 341
4922 2155 409
4923 5552 455
4924 6444 361
4925 5245 413
4926 1082 476
4927 107 468
4928 1773 332
4929 4738 394
4930 0 -1
4931 4576 336
4932 579 429
4933 4693 339
4934 1877 445
4935 3221 329
4936 85 237
4937 4726 389
4938 3121 537
4939 5318 413
4940 759 455
4941 6224 479
4942 639 442
4943 1341 416
4944 5902 416
4945 937 392
4946 686 480
4947 0 -1
4948 1859 439
4949 5846 472
4950 4854 461
4951 0 -1
4952 97 404
4953 4787 438
4954 3945 360
4955 5640 393
4956 5112 418
4957 2612 486
4958 1041 485
4959 3586 380
4960 1926 374
4961 6001 419
4962 4839 346
4963 3094 399
4964 2843 258
4965 1679 439
4966 6179 537
4967 2920 475
4968 2484 312
4969 3819 600
4970 2738 411
4971 5166 279
4972 6212 372
4973 2516 416
4974 782 378
4975 1313 414
4976 0 -1
4977 1057 381
4978 4589 395
4979 6454 312
4980 1035 368
4981 5596 435
4982 0 -1
4983 5383 403
4984 4248 413
4985 4158 430
4986 4841 410
4987 2581 272
4988 4211 327
4989 1827 311
4990 5340 254
4991 449 450
4992 5833 463
4993 1837 352
4994 3811 404
4995 6146 403
4996 2371 423
4997 0 -1
4998 537 616
4999 2495 228
5000 5264 533
5001 771 400
5002 2705 509
5003 385 292
5004 1923 426
5005 1194 351
5006 1044 515
5007 4675 396
5008 1883 458
5009 299 249
5010 1064 428
5011 2957 472
5012 5843 361
5013 942 260
5014 4933 374
5015 2924 388
5016 3976 380
5017 3418 472
5018 5845 543
5019 1289 325
5020 2859 372
5021 0 -1
5022 6052 441
5023 490 358
5024 0 -1
5025 805 393
5026 0 -1
5027 5272 327
5028 3445 339
5029 4203 462
5030 0 -1
5031 5430 436
5032 0 -1
5033 2857 363
5034 5718 405
5035 343 471
5036 629 302
5037 938 555
5038 0 -1
5039 966 401
5040 4963 480
5041 2378 452
5042 0 -1
5043 4293 421
5044 6192 302
5045 784 368
5046 3327 406
5047 2640 446
5048 507 340
5049 1363 363
5050 5566 319
5051 2656 398
5052 2936 405
5053 303 428
5054 3691 376
5055 1129 486
5056 0 -1
5057 70 225
5058 1884 382
5059 4353 395
5060 1296 352
5061 5835 439
5062 132 370
5063 3317 361
5064 6299 404
5065 3312 297
5066 6009 511
5067 2561 287
5068 5194 484
5069 2017 402
5070 2034 401
5071 4798 279
5072 3096 388
5073 219 462
5074 1180 387
5075 4692 382
5076 1676 324
5077 1983 453
5078 4667 528
5079 5802 349
5080 832 363
5081 507 391
5082 1028 317
5083 1792 326
5084 4780 399
5085 4307 383
5086 3171 436
5087 412 354
5088 4539 325
5089 1048 441
5090 1894 587
5091 1008 530
5092 34 365
5093 2426 424
5094 2044 338
5095 6270 453
5096 2987 576
5097 6226 390
5098 4754 374
5099 4733 268
5100 5636 401
5101 6579 274
5102 4873 384
5103 3814 406
5104 146 461
5105 5744 477
5106 3703 360
5107 3736 362
5108 4442 457
5109 4471 327
5110 520 449
5111 5725 373
5112 3423 392
5113 5338 292
5114 199 406
5115 3578 369
5116 6008 375
5117 561 453
5118 3565 488
5119 5479 361
5120 276 284
5121 1542 407
5122 5754 271
5123 1227 379
5124 2529 373
5125 1017 540
5126 5527 477
5127 2308 403
5128 2673 411
5129 3166 362
5130 1750 440
5131 6265 369
5132 5183 465
5133 5856 292
5134 159 622
5135 4290 304
5136 155 553
5137 15 399
5138 603 281
5139 2989 333
5140 1063 456
5141 3340 301
5142 5084 431
5143 4707 520
5144 6192 354
5145 1139 444
5146 6450 466
5147 1120 514
5148 2136 474
5149 3579 277
5150 3068 391
5151 5597 296
5152 4713 613
5153 3368 481
5154 5285 459
5155 3401 612
5156 5613 342
5157 1691 414
5158 132 395
5159 2052 403
5160 5967 350
5161 5851 337
5162 2926 423
5163 791 342
5164 1961 388
5165 3986 424
5166 6537 204
5167 6218 329
5168 6190 337
5169 2158 456
5170 2691 474
5171 5964 393
5172 1148 324
5173 1446 451
5174 3126 449
5175 1056 524
5176 594 313
5177 4307 333
5178 5789 468
5179 4604 399
5180 3396 484
5181 5048 377
5182 6253 318
5183 2143 463
5184 1367 525
5185 3315 382
5186 5149 357
5187 4689 408
5188 4988 349
5189 630 370
5190 305 391
5191 4653 440
5192 5450 463
5193 1904 411
5194 5954 481
5195 3914 349
5196 5588 387
5197 0 -1
5198 1776 405
5199 5895 316
5200 2704 464
5201 1447 440
5202 5748 390
5203 3674 353
5204 1210 326
5205 0 -1
5206 2018 359
5207 403 577
5208 5309 453
5209 3492 329
5210 5114 450
5211 6573 380
5212 2146 396
5213 5141 329
5214 3905 410
5215 4179 418
5216 1306 458
5217 1889 321
5218 3783 312
5219 3894 527
5220 4540 340
5221 5888 390
5222 2556 364
5223 288 352
5224 486 368
5225 2878 377
5226 2045 410
5227 2272 379
5228 71 447
5229 1221 382
5230 0 -1
5231 530 371
5232 1668 484
5233 3020 369
5234 5321 388
5235 3529 505
5236 5597 305
5237 3483 395
5238 5296 216
5239 2693 393
5240 6264 470
5241 5188 394
5242 2763 365
5243 6005 365
5244 3009 362
5245 6108 396
5246 1158 477
5247 3998 397
5248 6297 324
5249 4337 396
5250 5812 133
5251 3884 335
5252 4394 242
5253 5115 388
5254 3863 461
5255 3281 464
5256 6580 393
5257 1651 465
5258 881 438
5259 3914 423
5260 209 357
5261 760 412
5262 812 283
5263 1224 505
5264 3697 417
5265 0 -1
5266 832 350
5267 246 369
5268 1486 385
5269 3113 449
5270 3776 421
5271 4635 489
5272 5700 283
5273 217 470
5274 4838 439
5275 3398 410
5276 0 -1
5277 5910 382
5278 0 -1
5279 3633 491
5280 4391 357
5281 4795 478
5282 4973 493
5283 4629 401
5284 4796 278
5285 5332 385
5286 4521 488
5287 4987 319
5288 2586 223
5289 1389 367
5290 3114 394
5291 1858 307
5292 5733 441
5293 43 511
5294 41 545
5295 4825 143
5296 3690 205
5297 6567 394
5298 5179 508
5299 5194 580
5300 1737 453
5301 3186 432
5302 1068 378
5303 5239 417
5304 314 301
5305 2590 380
5306 255 309
5307 550 474
5308 5914 437
5309 2359 449
5310 684 405
5311 1840 355
5312 6258 119
5313 2980 408
5314 329 409
5315 3189 438
5316 4065 358
5317 671 533
5318 3022 374
5319 2206 578
5320 4999 312
5321 2815 361
5322 2944 256
5323 2677 359
5324 4115 240
5325 503 434
5326 3368 554
5327 3823 363
5328 3764 458
5329 4506 334
5330 3957 367
5331 6162 406
5332 3197 362
5333 3213 467
5334 6002 373
5335 504 488
5336 2428 397
5337 953 509
5338 6164 258
5339 3673 358
5340 804 209
5341 2480 290
5342 2156 454
5343 4422 384
5344 0 -1
5345 4471 323
5346 4068 350
5347 4123 277
5348 419 413
5349 5582 436
5350 1070 295
5351 5561 410
5352 1810 463
5353 3370 627
5354 1758 531
5355 6319 435
5356 2078 492
5357 0 -1
5358 6403 477
5359 5671 335
5360 941 470
5361 1388 330
5362 274 393
5363 2307 326
5364 4562 596
5365 3459 278
5366 6589 331
5367 3337 345
5368 6466 391
5369 523 435
5370 0 -1
5371 5896 603
5372 3760 431
5373 3525 352
5374 3295 376
5375 312 368
5376 5004 517
5377 4804 422
5378 1096 439
5379 1187 434
5380 5787 435
5381 3852 157
5382 5661 464
5383 2716 392
5384 6218 431
5385 2253 484
5386 1629 469
5387 460 475
5388 6392 377
5389 4919 487
5390 1170 435
5391 4436 497
5392 387 437
5393 2981 330
5394 5897 463
5395 6022 401
5396 0 -1
5397 3037 240
5398 656 344
5399 5881 374
5400 5745 403
5401 1684 417
5402 5454 508
5403 6485 367
5404 2975 211
5405 2047 534
5406 3631 367
5407 3832 391
5408 2677 349
5409 3736 372
5410 4731 271
5411 6590 388
5412 3457 337
5413 206 430
5414 1401 427
5415 0 -1
5416 3646 389
5417 4869 401
5418 3490 334
5419 1631 323
5420 1926 439
5421 6550 448
5422 3504 427
5423 2114 400
5424 1163 331
5425 4744 489
5426 863 513
5427 3134 350
5428 2996 352
5429 5070 488
5430 765 377
5431 316 457
5432 5859 346
5433 1512 451
5434 0 -1
5435 0 -1
5436 845 458
5437 1463 447
5438 3954 414
5439 4258 446
5440 2702 341
5441 1792 443
5442 0 -1
5443 569 399
5444 2235 672
5445 2629 413
5446 2764 383
5447 2383 362
5448 3876 364
5449 5600 451
5450 1181 394
5451 5992 360
5452 274 349
5453 4024 377
5454 2748 497
5455 1750 379
5456 0 -1
5457 1634 502
5458 1994 418
5459 135 443
5460 3865 419
5461 0 -1
5462 104 454
5463 3265 393
5464 0 -1
5465 4314 394
5466 2916 419
5467 0 -1
5468 6204 394
5469 2238 392
5470 4413 361
5471 2810 463
5472 614 472
5473 6026 326
5474 118 515
5475 3203 556
5476 2304 450
5477 2180 397
5478 2953 432
5479 5546 327
5480 0 -1
5481 677 425
5482 4462 380
5483 5048 356
5484 5186 366
5485 5122 285
5486 0 -1
5487 123 461
5488 4810 494
5489 3389 514
5490 1278 385
5491 1321 508
5492 4862 504
5493 6590 385
5494 1070 325
5495 6255 408
5496 5701 473
5497 1023 468
5498 2236 429
5499 2503 297
5500 0 -1
5501 4885 362
5502 532 389
5503 2131 444
5504 5223 423
5505 1646 495
5506 1035 389
5507 6003 345
5508 3215 525
5509 100 413
5510 4314 353
5511 419 397
5512 2361 324
5513 5888 496
5514 2301 330
5515 3061 471
5516 5771 290
5517 6555 316
5518 1083 433
5519 1051 487
5520 5311 442
5521 4032 370
5522 0 -1
5523 1342 391
5524 5748 395
5525 1627 298
5526 178 432
5527 2785 441
5528 2843 297
5529 2726 426
5530 85 251
5531 4143 456
5532 291 366
5533 3969 423
5534 755 361
5535 182 490
5536 5938 467
5537 6505 518
5538 0 -1
5539 1726 536
5540 746 201
5541 3479 484
5542 3834 481
5543 6337 443
5544 6585 271
5545 4473 394
5546 2421 255
5547 5613 325
5548 0 -1
5549 2738 425
5550 845 379
5551 0 -1
5552 5972 409
5553 5228 493
5554 6532 341
5555 3033 485
5556 580 387
5557 5383 427
5558 689 416
5559 3737 467
5560 5870 410
5561 2665 360
5562 5693 510
5563 5856 345
5564 5741 358
5565 0 -1
5566 1909 309
5567 3806 405
5568 4248 412
5569 0 -1
5570 6093 433
5571 2733 379
5572 458 392
5573 2286 409
5574 0 -1
5575 3669 377
5576 6473 277
5577 2941 242
5578 1852 471
5579 3778 404
5580 1167 423
5581 1156 516
5582 2805 371
5583 4201 453
5584 1251 500
5585 3696 325
5586 2856 401
5587 6317 358
5588 4300 313
5589 1846 450
5590 2180 471
5591 3789 291
5592 0 -1
5593 2287 480
5594 1052 404
5595 2434 350
5596 5677 378
5597 1122 263
5598 3619 413
5599 4689 459
5600 4498 398
5601 1111 442
5602 5195 417
5603 0 -1
5604 5837 388
5605 3547 526
5606 5348 482
5607 1804 319
5608 3140 554
5609 464 367
5610 5010 486
5611 1283 372
5612 4750 372
5613 5999 266
5614 4568 389
5615 1447 354
5616 5893 313
5617 5499 365
5618 966 455
5619 6560 436
5620 6043 382
5621 554 475
5622 0 -1
5623 4906 505
5624 2684 385
5625 0 -1
5626 0 -1
5627 5104 492
5628 3809 318
5629 2711 411
5630 575 391
5631 2324 396
5632 6177 407
5633 1265 400
5634 2211 497
5635 233 500
5636 2117 387
5637 2967 416
5638 1497 487
5639 2813 368
5640 4042 392
5641 1003 506
5642 5463 447
5643 5272 374
5644 2518 521
5645 6371 632
5646 5384 481
5647 1487 300
5648 0 -1
5649 1276 357
5650 229 361
5651 1199 418
5652 114 285
5653 4164 422
5654 6487 466
5655 4280 439
5656 1148 237
5657 3903 491
5658 2351 394
5659 0 -1
5660 0 -1
5661 6192 410
5662 443 425
5663 2062 428
5664 6192 307
5665 2788 268
5666 3096 383
5667 290 391
5668 568 311
5669 97 330
5670 2150 416
5671 854 318
5672 4797 423
5673 2822 567
5674 950 363
5675 4599 275
5676 921 429
5677 1278 367
5678 18 433
5679 1313 361
5680 3492 326
5681 2268 329
5682 0 -1
5683 6444 397
5684 6221 452
5685 605 396
5686 6556 409
5687 1855 392
5688 3020 293
5689 3109 173
5690 5326 656
5691 892 503
5692 5873 273
5693 4867 416
5694 6181 416
5695 57 435
5696 4718 403
5697 841 469
5698 2158 452
5699 2713 410
5700 6479 276
5701 3837 444
5702 4145 203
5703 6473 373
5704 2486 411
5705 4552 411
5706 6473 295
5707 697 308
5708 5198 406
5709 662 416
5710 2412 353
5711 2162 359
5712 1293 422
5713 1310 471
5714 4340 468
5715 4568 360
5716 1097 372
5717 2332 302
5718 1170 389
5719 876 501
5720 2506 468
5721 0 -1
5722 387 475
5723 5498 476
5724 2981 345
5725 1175 304
5726 653 264
5727 533 545
5728 2541 536
5729 2323 318
5730 2592 556
5731 5664 412
5732 5597 265
5733 2177 384
5734 6114 286
5735 391 481
5736 4030 440
5737 6192 311
5738 4664 379
5739 0 -1
5740 2690 492
5741 2150 351
5742 3698 431
5743 136 278
5744 6155 459
5745 3661 371
5746 1960 444
5747 0 -1
5748 2046 363
5749 6547 429
5750 5694 457
5751 715 410
5752 6579 311
5753 0 -1
5754 4255 267
5755 1462 413
5756 4658 251
5757 6204 463
5758 2901 213
5759 695 429
5760 6532 360
5761 2971 469
5762 4672 427
5763 2633 428
5764 2336 446
5765 1360 389
5766 3585 467
5767 843 410
5768 6007 337
5769 4992 486
5770 5586 415
5771 5312 194
5772 100 408
5773 6148 479
5774 2034 406
5775 6245 403
5776 44 435
5777 2988 380
5778 1224 410
5779 1388 299
5780 204 257
5781 3587 436
5782 5403 451
5783 1959 291
5784 4194 444
5785 1861 347
5786 5287 384
5787 1870 360
5788 2700 366
5789 3565 454
5790 3093 449
5791 4130 493
5792 2386 480
5793 4305 590
5794 6051 386
5795 2769 445
5796 2770 500
5797 2052 397
5798 3173 522
5799 3239 462
5800 2258 439
5801 5126 482
5802 3674 310
5803 2530 377
5804 472 408
5805 6102 383
5806 5304 313
5807 2989 278
5808 301 368
5809 326 409
5810 5144 360
5811 2468 755
5812 6309 121
5813 3322 502
5814 5106 383
5815 3021 468
5816 2058 464
5817 771 376
5818 1663 285
5819 3449 432
5820 5694 426
5821 848 218
5822 0 -1
5823 3913 433
5824 4755 526
5825 5588 319
5826 6559 414
5827 2091 340
5828 5040 484
5829 5731 419
5830 3226 378
5831 168 406
5832 1465 471
5833 530 394
5834 5365 282
5835 3735 392
5836 5512 439
5837 4256 372
5838 3459 358
5839 4086 265
5840 1373 340
5841 1276 351
5842 1926 369
5843 1709 324
5844 2486 433
5845 3972 466
5846 3441 432
5847 2153 319
5848 5150 452
5849 0 -1
5850 3850 374
5851 4839 323
5852 1631 300
5853 302 322
5854 970 426
5855 3686 346
5856 2743 262
5857 5619 472
5858 3033 536
5859 3459 344
5860 3492 391
5861 3506 503
5862 784 364
5863 2125 447
5864 2074 443
5865 1533 412
5866 3000 466
5867 6284 519
5868 5992 417
5869 4804 396
5870 5652 344
5871 1000 308
5872 5165 540
5873 3579 224
5874 0 -1
5875 1658 418
5876 5835 408
5877 3457 375
5878 2094 412
5879 6333 422
5880 6544 406
5881 812 285
5882 854 291
5883 5395 411
5884 565 395
5885 2593 297
5886 5262 322
5887 3957 440
5888 1276 379
5889 3315 380
5890 189 395
5891 220 415
5892 2264 507
5893 5338 297
5894 0 -1
5895 3809 276
5896 6202 517
5897 5521 385
5898 648 412
5899 5324 358
5900 6128 512
5901 1403 448
5902 570 370
5903 4656 432
5904 1348 415
5905 3826 290
5906 4255 258
5907 3452 450
5908 3661 381
5909 1070 399
5910 4344 368
5911 3948 358
5912 4016 427
5913 691 299
5914 3932 430
5915 6573 383
5916 749 344
5917 2805 463
5918 0 -1
5919 5881 297
5920 5955 462
5921 6538 523
5922 2522 389
5923 5473 396
5924 2094 417
5925 4887 404
5926 297 391
5927 3699 365
5928 526 408
5929 6523 277
5930 302 361
5931 4665 592
5932 2783 325
5933 3325 478
5934 2225 384
5935 1755 380
5936 4285 448
5937 3778 415
5938 1276 374
5939 5577 315
5940 4000 511
5941 3024 465
5942 4562 578
5943 0 -1
5944 6460 344
5945 5957 464
5946 3668 494
5947 5350 350
5948 1435 444
5949 3030 468
5950 1260 406
5951 3077 413
5952 6166 322
5953 3504 426
5954 2601 374
5955 2556 450
5956 3707 388
5957 2280 391
5958 0 -1
5959 4781 442
5960 2410 368
5961 0 -1
5962 1269 392
5963 0 -1
5964 5910 383
5965 4762 468
5966 2350 385
5967 5758 304
5968 3407 489
5969 1334 323
5970 5107 404
5971 4410 500
5972 5218 370
5973 6252 445
5974 2228 585
5975 5160 464
5976 4069 569
5977 2208 501
5978 5033 415
5979 2286 375
5980 1646 425
5981 1064 419
5982 6029 389
5983 0 -1
5984 1692 420
5985 0 -1
5986 0 -1
5987 0 -1
5988 0 -1
5989 1871 335
5990 466 417
5991 2444 566
5992 1052 357
5993 1889 386
5994 4109 269
5995 2756 349
5996 6107 460
5997 970 360
5998 4040 405
5999 2561 239
6000 175 551
6001 5316 359
6002 2558 334
6003 5919 311
6004 4814 456
6005 6555 315
6006 3946 313
6007 1276 311
6008 4807 360
6009 1694 441
6010 70 299
6011 2255 404
6012 4291 431
6013 1875 407
6014 6349 384
6015 4261 375
6016 5329 418
6017 1754 414
6018 3227 533
6019 1827 289
6020 6158 400
6021 1927 387
6022 443 374
6023 2815 398
6024 2000 416
6025 2813 473
6026 3708 318
6027 4119 452
6028 894 467
6029 4767 305
6030 3712 510
6031 4185 422
6032 734 396
6033 5220 428
6034 1795 404
6035 3658 357
6036 1729 479
6037 5882 391
6038 0 -1
6039 339 310
6040 4214 451
6041 2414 406
6042 721 473
6043 5669 347
6044 6446 408
6045 2602 449
6046 0 -1
6047 2481 364
6048 4257 168
6049 5895 345
6050 4195 259
6051 6019 291
6052 4581 331
6053 5347 328
6054 4585 409
6055 1360 489
6056 301 324
6057 0 -1
6058 5087 466
6059 2774 493
6060 639 490
6061 5140 487
6062 4146 335
6063 1195 396
6064 4649 380
6065 4393 429
6066 864 394
6067 6358 419
6068 1474 329
6069 4281 360
6070 4385 443
6071 5019 334
6072 6580 371
6073 1585 396
6074 3986 378
6075 6512 465
6076 1273 359
6077 0 -1
6078 6395 433
6079 2786 534
6080 5262 348
6081 5416 442
6082 3975 466
6083 1805 388
6084 1427 426
6085 0 -1
6086 5808 411
6087 4669 393
6088 2775 418
6089 151 350
6090 3279 480
6091 1572 382
6092 0 -1
6093 1057 356
6094 1956 405
6095 5453 405
6096 86 268
6097 531 530
6098 3022 424
6099 836 497
6100 4064 414
6101 5772 439
6102 2994 377
6103 4315 411
6104 4703 461
6105 5378 517
6106 4767 350
6107 3694 395
6108 6205 335
6109 66 494
6110 5836 458
6111 2642 495
6112 6058 479
6113 3519 428
6114 1148 274
6115 5662 461
6116 1596 500
6117 5470 383
6118 2516 388
6119 2620 422
6120 5665 298
6121 5199 404
6122 0 -1
6123 2035 418
6124 0 -1
6125 3322 455
6126 1073 391
6127 5552 520
6128 5028 415
6129 4252 325
6130 5756 256
6131 4103 483
6132 2355 538
6133 6510 401
6134 1400 591
6135 0 -1
6136 2859 368
6137 2888 407
6138 3839 448
6139 4944 455
6140 3772 251
6141 604 366
6142 5027 425
6143 4343 290
6144 5707 328
6145 2789 312
6146 494 372
6147 3581 391
6148 3806 380
6149 4101 274
6150 839 407
6151 2302 422
6152 5115 386
6153 3958 413
6154 0 -1
6155 4062 438
6156 0 -1
6157 6216 410
6158 2194 392
6159 3621 464
6160 1782 420
6161 4766 391
6162 3596 399
6163 2794 373
6164 70 218
6165 5910 381
6166 1893 314
6167 5186 457
6168 660 428
6169 3681 422
6170 3277 538
6171 1693 478
6172 5065 329
6173 2114 351
6174 4217 370
6175 2305 342
6176 5229 413
6177 5027 370
6178 5810 439
6179 1358 434
6180 4907 433
6181 1115 340
6182 0 -1
6183 4663 414
6184 2896 447
6185 616 479
6186 2295 463
6187 3637 479
6188 768 367
6189 2308 401
6190 5499 332
6191 1349 514
6192 2417 296
6193 2400 457
6194 4265 387
6195 1437 478
6196 2106 375
6197 2827 466
6198 0 -1
6199 2915 395
6200 1531 344
6201 5477 443
6202 2361 419
6203 6422 415
6204 5302 391
6205 3437 312
6206 470 320
6207 3437 273
6208 5465 413
6209 3692 472
6210 0 -1
6211 4889 475
6212 1706 359
6213 4480 362
6214 433 502
6215 2448 373
6216 4731 299
6217 3898 359
6218 102 319
6219 3450 400
6220 0 -1
6221 1170 390
6222 4241 292
6223 6045 514
6224 4691 409
6225 4191 362
6226 5859 354
6227 2146 484
6228 1385 343
6229 4661 430
6230 2775 355
6231 294 386
6232 3226 351
6233 421 415
6234 0 -1
6235 1244 343
6236 5935 383
6237 1697 425
6238 0 -1
6239 1415 397
6240 1725 317
6241 4223 427
6242 5952 370
6243 3018 357
6244 3750 322
6245 5838 377
6246 4743 472
6247 4539 373
6248 72 389
6249 6346 458
6250 1762 369
6251 4666 481
6252 3134 381
6253 3166 314
6254 2795 404
6255 3826 396
6256 5799 469
6257 6597 343
6258 8 24
6259 3677 434
6260 5880 479
6261 2016 426
6262 6296 391
6263 0 -1
6264 6193 457
6265 181 334
6266 2829 492
6267 3845 411
6268 134 432
6269 2566 241
6270 1996 346
6271 4224 463
6272 5786 403
6273 6362 420
6274 3251 298
6275 0 -1
6276 1500 424
6277 6242 439
6278 213 376
6279 1478 425
6280 3602 389
6281 4149 543
6282 2356 312
6283 1448 466
6284 839 468
6285 1961 391
6286 1786 557
6287 5133 370
6288 160 364
6289 4687 458
6290 5681 371
6291 5817 418
6292 0 -1
6293 4931 435
6294 6454 323
6295 4578 427
6296 4874 327
6297 844 260
6298 3394 445
6299 2361 347
6300 5588 344
6301 4570 352
6302 3510 479
6303 196 376
6304 927 514
6305 2935 448
6306 0 -1
6307 2693 423
6308 0 -1
6309 8 95
6310 5576 388
6311 6440 405
6312 2650 312
6313 857 533
6314 3644 797
6315 177 443
6316 4935 362
6317 999 298
6318 6545 392
6319 4591 401
6320 6106 419
6321 777 435
6322 2699 485
6323 6316 465
6324 5499 297
6325 4715 268
6326 5932 395
6327 4295 179
6328 2915 383
6329 6488 291
6330 2528 267
6331 1005 366
6332 5217 383
6333 6420 388
6334 4252 332
6335 1404 372
6336 5291 326
6337 3197 401
6338 0 -1
6339 505 430
6340 1431 460
6341 4307 384
6342 4800 387
6343 2805 404
6344 4369 463
6345 2167 376
6346 6181 365
6347 4491 379
6348 3752 436
6349 2129 329
6350 4752 454
6351 1806 409
6352 4013 454
6353 110 409
6354 410 324
6355 362 535
6356 1781 537
6357 0 -1
6358 1278 353
6359 2188 269
6360 4394 256
6361 2788 361
6362 5952 385
6363 6565 407
6364 2115 497
6365 1071 421
6366 5033 452
6367 3525 364
6368 4371 452
6369 4577 420
6370 0 -1
6371 4000 604
6372 5260 409
6373 2886 417
6374 4360 359
6375 3449 470
6376 4302 498
6377 6542 468
6378 2981 367
6379 3525 337
6380 6023 437
6381 0 -1
6382 2735 341
6383 5063 403
6384 1186 405
6385 5111 464
6386 1830 451
6387 5109 395
6388 4798 346
6389 1175 294
6390 6225 462
6391 2371 404
6392 2103 326
6393 4553 334
6394 3344 332
6395 5952 400
6396 2776 425
6397 6578 566
6398 5407 489
6399 2489 398
6400 0 -1
6401 969 570
6402 5952 389
6403 5034 476
6404 1314 405
6405 6519 425
6406 3398 404
6407 3928 375
6408 1550 397
6409 4719 447
6410 2700 378
6411 4707 446
6412 4194 486
6413 5754 307
6414 0 -1
6415 0 -1
6416 2440 337
6417 3380 428
6418 0 -1
6419 2741 299
6420 4582 296
6421 6589 390
6422 1468 385
6423 0 -1
6424 4493 380
6425 0 -1
6426 3193 407
6427 5172 337
6428 0 -1
6429 6108 372
6430 1601 431
6431 4580 448
6432 1060 510
6433 1705 403
6434 5340 257
6435 1585 300
6436 4728 497
6437 5167 333
6438 1405 463
6439 2466 385
6440 3666 400
6441 3251 355
6442 1195 390
6443 6511 481
6444 160 355
6445 3898 434
6446 3554 405
6447 3549 396
6448 76 393
6449 1465 453
6450 4838 348
6451 1695 342
6452 1068 435
6453 0 -1
6454 3696 312
6455 76 417
6456 4989 360
6457 4812 423
6458 2640 439
6459 6056 376
6460 5802 325
6461 3078 331
6462 4337 384
6463 6420 330
6464 4226 453
6465 2834 454
6466 4452 381
6467 4022 406
6468 4996 438
6469 5174 554
6470 5754 307
6471 6143 331
6472 0 -1
6473 2566 262
6474 6475 320
6475 1534 278
6476 1102 454
6477 1126 408
6478 142 427
6479 4446 257
6480 4495 394
6481 4255 335
6482 1408 355
6483 3418 439
6484 5927 370
6485 6269 340
6486 2266 547
6487 925 424
6488 4255 270
6489 589 422
6490 3625 463
6491 6551 414
6492 3546 331
6493 1202 380
6494 1658 472
6495 1142 361
6496 3265 418
6497 1631 332
6498 1667 473
6499 3207 377
6500 2985 365
6501 5768 421
6502 1796 568
6503 6265 385
6504 3449 442
6505 1952 411
6506 2567 391
6507 6050 323
6508 557 352
6509 1915 317
6510 2323 349
6511 5617 392
6512 4748 368
6513 6458 478
6514 0 -1
6515 4887 405
6516 5085 477
6517 1352 510
6518 6293 463
6519 4993 397
6520 5369 515
6521 4938 627
6522 5663 504
6523 3852 190
6524 5256 407
6525 759 432
6526 2764 347
6527 5304 418
6528 2529 381
6529 5069 448
6530 2752 433
6531 4391 332
6532 359 339
6533 3783 426
6534 3921 497
6535 1968 368
6536 3343 308
6537 3109 203
6538 4597 465
6539 4581 412
6540 3673 451
6541 1358 419
6542 1709 401
6543 4731 238
6544 3708 400
6545 2864 341
6546 2944 302
6547 2176 400
6548 1144 424
6549 2193 412
6550 4190 383
6551 1836 370
6552 3681 471
6553 6231 429
6554 4479 456
6555 5700 285
6556 3418 388
6557 2168 424
6558 5627 582
6559 2015 375
6560 1850 397
6561 6200 375
6562 3799 369
6563 4437 379
6564 2772 476
6565 950 377
6566 757 411
6567 2805 372
6568 3943 489
6569 2467 333
6570 4867 470
6571 657 399
6572 3167 350
6573 6222 358
6574 255 295
6575 2724 453
6576 3717 313
6577 4343 327
6578 6438 536
6579 2901 239
6580 691 328
6581 266 394
6582 0 -1
6583 0 -1
6584 3120 447
6585 1343 211
6586 122 417
6587 2813 371
6588 877 445
6589 4820 326
6590 5428 363
6591 4283 301
6592 1357 453
6593 0 -1
6594 4391 353
6595 2103 317
6596 5100 434
6597 1709 325
6598 3045 323
6599 3898 453
6600 18 480
