13
1 0 -1
2 3470 629
3 0 -1
4 6032 500
5 5624 460
6 0 -1
7 2732 495
8 378 456
9 4316 331
10 3773 407
11 6527 546
12 0 -1
13 13 0
14 2711 414
15 4420 411
16 1402 628
17 6475 384
18 6346 453
19 1860 509
20 3615 336
21 60 423
22 5484 426
23 1293 337
24 5161 325
25 151 553
26 6553 359
27 5499 393
28 5025 453
29 2156 469
30 5037 500
31 0 -1
32 116 462
33 5737 459
34 1486 434
35 3484 517
36 2248 510
37 4818 402
38 5902 486
39 2153 479
40 3846 482
41 3369 443
42 4247 361
43 558 373
44 2815 398
45 1283 445
46 134 529
47 1617 589
48 790 436
49 4119 547
50 3169 524
51 3112 457
52 855 424
53 2095 452
54 1702 442
55 3324 353
56 849 343
57 5984 401
58 0 -1
59 1504 458
60 795 400
61 2535 377
62 2317 316
63 293 435
64 852 622
65 1562 409
66 5960 496
67 5642 540
68 0 -1
69 3382 542
70 942 425
71 906 488
72 3826 508
73 6377 526
74 426 350
75 4233 422
76 6051 451
77 5142 471
78 410 486
79 132 366
80 4085 418
81 2805 510
82 1108 407
83 101 465
84 2074 460
85 4959 342
86 6301 356
87 4286 471
88 288 444
89 5345 555
90 20 346
91 227 631
92 0 -1
93 868 502
94 1782 533
95 4266 533
96 3850 391
97 3520 342
98 1126 437
99 6196 447
100 3416 415
101 2064 464
102 4115 484
103 142 313
104 2593 436
105 4525 432
106 2054 371
107 5962 353
108 5195 372
109 6020 464
110 3960 438
111 5925 485
112 3034 485
113 599 449
114 4103 419
115 2537 550
116 1311 457
117 2515 529
118 786 435
119 4447 365
120 3289 742
121 3867 395
122 777 483
123 99 489
124 0 -1
125 2800 376
126 4100 471
127 1353 495
128 1016 432
129 5545 521
130 1436 366
131 5783 308
132 3617 296
133 6529 484
134 3709 511
135 1253 445
136 6091 340
137 1166 485
138 0 -1
139 3453 390
140 2701 502
141 1000 526
142 4261 290
143 5953 419
144 60 421
145 6021 352
146 1120 484
147 3003 388
148 2669 459
149 5062 431
150 4541 513
151 6410 462
152 528 597
153 2019 472
154 5218 487
155 5998 298
156 1277 476
157 0 -1
158 3497 325
159 4421 526
160 1932 457
161 1968 416
162 1900 524
163 4383 388
164 1850 523
165 0 -1
166 2602 597
167 832 410
168 4970 437
169 1227 516
170 5698 330
171 0 -1
172 849 317
173 3080 387
174 4548 422
175 4084 471
176 1059 450
177 3570 539
178 3798 433
179 4907 415
180 6137 458
181 3862 447
182 4258 450
183 2409 451
184 3889 514
185 3472 377
186 6061 476
187 6334 376
188 230 468
189 2756 477
190 0 -1
191 1933 409
192 6503 520
193 5361 565
194 6082 481
195 0 -1
196 5671 403
197 1323 576
198 6041 543
199 3641 352
200 1522 435
201 3771 487
202 5799 457
203 2941 295
204 4257 495
205 284 526
206 1705 331
207 211 436
208 4526 527
209 6266 492
210 3676 463
211 6278 363
212 0 -1
213 6526 317
214 6566 369
215 443 328
216 1704 465
217 3677 485
218 3897 396
219 1249 396
220 5591 412
221 2330 370
222 4360 321
223 6100 432
224 0 -1
225 0 -1
226 1302 385
227 168 526
228 2043 443
229 2174 403
230 548 406
231 2783 278
232 4537 490
233 2397 343
234 3256 530
235 6099 584
236 4006 441
237 0 -1
238 3034 414
239 1849 408
240 5501 364
241 1647 430
242 0 -1
243 18 504
244 1307 439
245 27 493
246 842 448
247 2259 378
248 776 361
249 870 502
250 1338 546
251 2053 525
252 1923 527
253 0 -1
254 615 560
255 6189 496
256 2485 538
257 4046 418
258 3244 526
259 0 -1
260 4942 487
261 467 541
262 3972 430
263 2595 419
264 1530 450
265 147 429
266 279 449
267 4972 499
268 5428 454
269 1809 512
270 3080 492
271 3932 372
272 1056 527
273 3181 574
274 6350 519
275 4583 509
276 4203 330
277 0 -1
278 5281 520
279 2026 356
280 5321 364
281 925 511
282 1878 269
283 1805 347
284 1289 430
285 5697 646
286 1508 479
287 0 -1
288 3822 348
289 4289 396
290 93 518
291 2803 484
292 4920 491
293 5711 398
294 6488 443
295 0 -1
296 1667 471
297 1784 415
298 5768 516
299 6048 463
300 3367 706
301 1959 278
302 5101 457
303 3641 445
304 461 552
305 4506 476
306 4294 491
307 5971 493
308 2137 440
309 3960 425
310 0 -1
311 2846 509
312 3009 400
313 2778 597
314 5468 403
315 5059 362
316 4663 476
317 6137 465
318 2066 400
319 0 -1
320 6055 615
321 482 479
322 2606 416
323 5696 459
324 3355 516
325 4668 373
326 5323 383
327 3121 603
328 5225 446
329 2383 386
330 0 -1
331 5438 499
332 1088 310
333 3456 470
334 3691 386
335 1436 344
336 4224 411
337 5262 466
338 418 421
339 2503 470
340 5716 443
341 2582 547
342 5417 456
343 5570 538
344 1165 329
345 4964 387
346 4126 395
347 548 360
348 2550 282
349 2016 500
350 6236 449
351 530 396
352 2547 392
353 3467 537
354 2839 421
355 4762 402
356 982 573
357 309 437
358 0 -1
359 1185 494
360 2852 548
361 6050 484
362 308 521
363 6168 601
364 6015 328
365 3276 449
366 1935 476
367 1070 333
368 4173 543
369 4269 491
370 1172 510
371 1970 417
372 959 482
373 491 391
374 2677 429
375 5577 319
376 2766 526
377 3176 534
378 1469 386
379 4793 424
380 0 -1
381 1740 517
382 911 448
383 664 529
384 5025 454
385 4300 392
386 5077 496
387 2346 547
388 374 520
389 1848 381
390 1439 406
391 684 548
392 0 -1
393 2343 484
394 769 559
395 6413 317
396 5343 542
397 4340 401
398 5086 519
399 2653 491
400 0 -1
401 4690 463
402 5698 396
403 1114 423
404 2057 466
405 5798 603
406 3682 502
407 2054 437
408 3189 403
409 6373 486
410 4123 383
411 6363 392
412 3204 397
413 301 329
414 3764 592
415 1885 450
416 4480 359
417 653 445
418 222 396
419 5036 460
420 3347 588
421 2681 403
422 5528 433
423 5287 460
424 5888 530
425 19 527
426 6231 311
427 4384 434
428 1302 364
429 3496 404
430 569 561
431 3926 450
432 749 485
433 2838 366
434 1918 473
435 6244 462
436 1247 471
437 2586 497
438 5501 423
439 2858 619
440 1722 392
441 3851 596
442 1530 425
443 5577 316
444 4924 571
445 23 366
446 5154 476
447 1447 434
448 4937 384
449 2425 492
450 4940 564
451 0 -1
452 1960 230
453 766 507
454 739 508
455 6131 453
456 1732 428
457 4804 254
458 1940 448
459 4082 185
460 4726 402
461 2895 444
462 1647 492
463 4670 517
464 2100 465
465 2111 409
466 5952 400
467 489 457
468 2907 324
469 3086 508
470 1088 349
471 3224 459
472 807 478
473 3595 424
474 65 456
475 2745 446
476 6580 476
477 456 527
478 41 473
479 3382 439
480 5678 495
481 6368 696
482 6137 471
483 583 471
484 4770 577
485 2168 389
486 2408 426
487 3243 432
488 1945 475
489 2716 384
490 5544 568
491 1427 368
492 1803 555
493 164 558
494 2584 454
495 640 504
496 2208 495
497 4757 432
498 6354 448
499 0 -1
500 1892 387
501 0 -1
502 4448 355
503 3255 470
504 1852 474
505 456 470
506 4104 211
507 3809 509
508 4998 730
509 5169 539
510 5962 384
511 4847 478
512 4889 432
513 1249 435
514 2110 419
515 1875 479
516 79 384
517 6129 344
518 3407 467
519 3175 491
520 2547 456
521 3571 547
522 4962 408
523 2261 430
524 4589 386
525 0 -1
526 1583 420
527 2472 398
528 3323 580
529 1933 377
530 4685 396
531 4597 484
532 3712 469
533 4491 529
534 0 -1
535 2796 425
536 3322 498
537 3766 534
538 2693 529
539 473 429
540 3603 538
541 5975 515
542 5904 476
543 1916 471
544 3205 519
545 6594 388
546 5795 510
547 6365 488
548 2870 348
549 0 -1
550 487 491
551 5135 509
552 2509 386
553 4448 358
554 3196 523
555 3412 399
556 3867 369
557 1235 438
558 1997 368
559 4431 499
560 0 -1
561 3050 402
562 5665 378
563 2930 433
564 3655 476
565 3846 518
566 3101 457
567 5561 338
568 6374 442
569 2962 526
570 4869 502
571 0 -1
572 1536 505
573 1797 715
574 2031 523
575 332 361
576 3880 468
577 4800 358
578 2480 421
579 3226 423
580 3171 421
581 1960 275
582 447 521
583 6369 469
584 2813 463
585 666 531
586 2893 710
587 4700 432
588 1409 458
589 630 507
590 3200 401
591 756 462
592 1153 555
593 513 439
594 1007 444
595 4993 456
596 4406 512
597 1589 403
598 1644 503
599 6288 430
600 0 -1
601 5140 567
602 1847 471
603 2783 248
604 1878 341
605 178 449
606 1786 542
607 2965 571
608 4240 414
609 5430 370
610 0 -1
611 4910 406
612 5838 411
613 5378 508
614 2506 435
615 5166 475
616 5825 491
617 3360 404
618 0 -1
619 2944 430
620 3431 376
621 4399 457
622 4353 448
623 0 -1
624 5438 501
625 1442 475
626 13 87
627 6161 573
628 5154 426
629 85 363
630 3784 389
631 2286 353
632 850 470
633 2847 542
634 4816 534
635 1889 535
636 3275 442
637 5850 336
638 1560 474
639 3537 380
640 5632 388
641 5516 397
642 3603 457
643 5119 505
644 2138 446
645 0 -1
646 2217 426
647 2157 518
648 5063 424
649 0 -1
650 6309 463
651 682 530
652 321 578
653 1466 439
654 4164 540
655 0 -1
656 1927 289
657 1246 417
658 2484 493
659 4333 378
660 1584 523
661 5462 615
662 2409 450
663 1677 285
664 4393 490
665 6523 380
666 6014 469
667 3234 420
668 2194 491
669 2233 468
670 2199 409
671 4514 491
672 5751 364
673 230 524
674 6230 368
675 674 418
676 1980 522
677 3541 362
678 5227 365
679 6289 496
680 2926 438
681 401 482
682 2048 438
683 2899 381
684 5528 443
685 4963 475
686 1271 389
687 3366 518
688 4760 574
689 3443 370
690 2489 430
691 5989 476
692 5496 461
693 3261 547
694 3512 440
695 1831 483
696 4095 417
697 2944 425
698 4097 461
699 6216 549
700 839 521
701 4760 559
702 4436 449
703 3019 573
704 4346 380
705 2506 421
706 4363 496
707 2640 513
708 4222 612
709 3106 360
710 724 618
711 4136 588
712 2576 544
713 288 388
714 4581 488
715 4193 308
716 5231 434
717 2865 492
718 1548 417
719 2084 481
720 0 -1
721 6372 497
722 5455 296
723 6177 410
724 361 529
725 2236 419
726 5499 386
727 937 292
728 4352 493
729 6016 519
730 2140 486
731 2472 396
732 140 505
733 4554 528
734 1755 510
735 5875 455
736 2101 431
737 5657 627
738 5187 372
739 4798 413
740 5410 403
741 1007 375
742 2323 475
743 6232 455
744 6500 449
745 174 502
746 3690 376
747 2406 492
748 5093 448
749 1313 429
750 5534 445
751 1293 289
752 1553 422
753 1136 669
754 5167 506
755 999 373
756 3532 409
757 5332 329
758 3898 549
759 4204 429
760 704 416
761 4270 458
762 1889 618
763 1385 464
764 1002 562
765 5115 476
766 1052 400
767 5768 467
768 5145 496
769 4853 447
770 1258 538
771 3939 371
772 2080 488
773 2694 463
774 3215 499
775 6464 520
776 3307 332
777 3055 417
778 2035 461
779 1426 397
780 6088 412
781 6162 269
782 4094 491
783 2756 516
784 413 329
785 5258 553
786 325 427
787 5671 444
788 6270 479
789 0 -1
790 2024 421
791 1288 429
792 971 443
793 2351 454
794 2642 447
795 6231 300
796 1597 554
797 6365 568
798 1160 507
799 4529 491
800 1999 538
801 3307 394
802 5708 452
803 0 -1
804 4692 408
805 345 388
806 1295 435
807 2267 410
808 3615 399
809 3965 642
810 0 -1
811 852 661
812 2173 381
813 3649 578
814 3154 490
815 0 -1
816 1584 553
817 6243 603
818 476 568
819 0 -1
820 0 -1
821 2883 431
822 4442 366
823 923 543
824 641 444
825 4663 478
826 4222 554
827 2719 404
828 5493 458
829 3083 509
830 4928 401
831 1103 552
832 4482 337
833 2173 390
834 5656 352
835 6218 444
836 558 374
837 6314 927
838 4985 510
839 5302 473
840 2237 389
841 1144 494
842 5834 443
843 1235 428
844 2027 378
845 6265 444
846 510 502
847 937 354
848 1404 443
849 5885 240
850 2706 409
851 5081 443
852 2320 561
853 4878 413
854 3459 370
855 5577 329
856 1574 389
857 2840 464
858 999 342
859 5936 468
860 4259 470
861 2668 498
862 0 -1
863 1114 404
864 5952 388
865 3315 296
866 4473 423
867 668 507
868 6482 394
869 6133 490
870 5499 434
871 2391 509
872 0 -1
873 4834 469
874 351 415
875 3208 502
876 3198 489
877 2785 446
878 2728 443
879 4876 472
880 200 443
881 6296 523
882 3365 599
883 0 -1
884 6180 482
885 1526 482
886 5754 456
887 312 497
888 881 566
889 5670 434
890 1712 467
891 1268 511
892 2859 464
893 1634 333
894 4282 501
895 1339 506
896 5738 510
897 423 518
898 5598 449
899 879 574
900 1383 421
901 2691 425
902 3530 508
903 5853 528
904 1306 477
905 5716 447
906 1209 456
907 3747 505
908 3632 633
909 4095 470
910 4670 453
911 2042 402
912 1701 380
913 2316 458
914 419 518
915 3855 173
916 1368 488
917 3512 476
918 1822 542
919 4963 532
920 4512 500
921 4914 461
922 3423 406
923 3866 449
924 378 503
925 5545 471
926 6543 427
927 5321 393
928 352 474
929 47 691
930 4787 516
931 76 481
932 315 454
933 1733 510
934 4204 489
935 0 -1
936 6194 454
937 3937 273
938 5173 399
939 6084 507
940 4134 443
941 5596 409
942 1343 415
943 247 426
944 4062 406
945 2106 486
946 6480 541
947 5331 206
948 0 -1
949 3508 428
950 2147 466
951 4173 525
952 3592 429
953 3737 467
954 4923 485
955 2947 515
956 1038 499
957 2205 461
958 6072 426
959 856 432
960 4523 423
961 0 -1
962 2986 495
963 4457 475
964 0 -1
965 4871 491
966 6465 483
967 3121 520
968 5473 516
969 3634 478
970 5029 346
971 3274 378
972 864 413
973 3950 495
974 5097 473
975 5290 441
976 3422 490
977 2899 390
978 0 -1
979 2378 535
980 4879 531
981 0 -1
982 1728 455
983 746 402
984 6438 491
985 770 606
986 5263 585
987 5401 434
988 4679 372
989 4889 474
990 42 415
991 1145 486
992 0 -1
993 0 -1
994 968 584
995 5338 328
996 2439 458
997 704 453
998 1038 382
999 3204 334
1000 2891 457
1001 42 470
1002 3300 495
1003 3244 537
1004 4447 398
1005 2091 312
1006 583 511
1007 132 349
1008 41 493
1009 5383 482
1010 0 -1
1011 0 -1
1012 3123 488
1013 2434 295
1014 1608 501
1015 4522 452
1016 5268 393
1017 2122 374
1018 1183 502
1019 2353 544
1020 4548 437
1021 1622 436
1022 5151 425
1023 214 377
1024 1299 484
1025 4383 372
1026 2178 490
1027 4133 417
1028 4827 465
1029 1413 468
1030 3969 521
1031 2464 565
1032 2112 484
1033 4821 501
1034 1246 397
1035 3458 468
1036 5011 534
1037 5123 499
1038 2605 379
1039 5139 467
1040 5039 525
1041 2081 644
1042 4756 513
1043 5169 436
1044 910 533
1045 5619 490
1046 230 526
1047 0 -1
1048 489 406
1049 6180 464
1050 2127 513
1051 4291 442
1052 5198 395
1053 4200 392
1054 3917 387
1055 1974 473
1056 1509 519
1057 4105 533
1058 522 422
1059 561 410
1060 5174 478
1061 2074 479
1062 6569 250
1063 5969 413
1064 3327 418
1065 2800 407
1066 4938 607
1067 0 -1
1068 4920 411
1069 1538 579
1070 5675 319
1071 5163 456
1072 4510 486
1073 3273 302
1074 176 528
1075 2655 493
1076 132 355
1077 5891 454
1078 5933 441
1079 2002 497
1080 147 398
1081 101 552
1082 5447 395
1083 1442 467
1084 1101 429
1085 0 -1
1086 5494 457
1087 0 -1
1088 4416 253
1089 0 -1
1090 3520 352
1091 0 -1
1092 3693 419
1093 893 390
1094 1522 420
1095 4993 507
1096 3180 390
1097 6591 388
1098 4264 352
1099 3057 540
1100 3544 548
1101 3759 410
1102 4652 489
1103 709 450
1104 4158 525
1105 2053 549
1106 23 337
1107 0 -1
1108 5316 329
1109 4515 534
1110 717 543
1111 3091 451
1112 4912 513
1113 1289 367
1114 3228 393
1115 3437 431
1116 0 -1
1117 709 480
1118 4942 524
1119 3929 401
1120 1634 396
1121 977 457
1122 2843 373
1123 3154 446
1124 5305 397
1125 3958 393
1126 2434 395
1127 506 321
1128 1313 423
1129 1709 522
1130 4109 478
1131 4913 421
1132 3096 483
1133 4422 505
1134 5308 415
1135 914 559
1136 4336 572
1137 0 -1
1138 2941 310
1139 4420 442
1140 1583 537
1141 2175 442
1142 458 469
1143 3518 513
1144 1444 425
1145 3958 385
1146 0 -1
1147 3650 489
1148 299 519
1149 4422 491
1150 2152 411
1151 5207 613
1152 4899 553
1153 52 456
1154 2926 435
1155 5716 514
1156 621 557
1157 0 -1
1158 5997 380
1159 1783 491
1160 5795 500
1161 3356 396
1162 5736 472
1163 4281 482
1164 2417 434
1165 4516 311
1166 822 389
1167 4596 249
1168 5847 376
1169 2063 459
1170 5342 458
1171 5525 360
1172 5451 442
1173 4967 511
1174 5699 488
1175 1354 428
1176 473 471
1177 2799 373
1178 2063 418
1179 1344 481
1180 4362 480
1181 1144 456
1182 2095 354
1183 236 471
1184 2990 599
1185 1829 447
1186 4753 400
1187 704 390
1188 275 577
1189 3258 507
1190 3158 616
1191 1669 491
1192 1582 337
1193 2202 437
1194 3412 497
1195 5647 446
1196 62 389
1197 4904 477
1198 349 545
1199 3953 440
1200 1315 396
1201 1848 424
1202 1288 368
1203 4667 621
1204 4294 461
1205 3508 507
1206 865 363
1207 5159 485
1208 4071 422
1209 4560 412
1210 6461 240
1211 6493 503
1212 1267 384
1213 5214 483
1214 2683 416
1215 950 564
1216 3926 546
1217 3527 672
1218 609 421
1219 6530 514
1220 3080 386
1221 2198 456
1222 167 419
1223 6366 552
1224 3022 404
1225 2833 397
1226 5650 439
1227 2323 454
1228 6076 398
1229 3247 473
1230 6078 456
1231 0 -1
1232 3521 466
1233 0 -1
1234 5934 371
1235 221 417
1236 2791 411
1237 3475 504
1238 4218 411
1239 1856 460
1240 2530 417
1241 6174 382
1242 3295 497
1243 3897 436
1244 355 411
1245 0 -1
1246 4316 370
1247 3192 409
1248 5709 551
1249 6363 391
1250 5545 477
1251 1500 485
1252 2556 626
1253 4591 440
1254 3003 382
1255 2839 430
1256 6371 740
1257 2279 532
1258 4476 459
1259 4342 499
1260 2890 391
1261 2878 541
1262 6509 546
1263 5053 503
1264 1713 455
1265 1684 413
1266 2580 517
1267 2111 341
1268 174 469
1269 937 308
1270 3302 430
1271 1284 365
1272 5956 406
1273 1254 386
1274 2880 458
1275 782 558
1276 3251 465
1277 1527 418
1278 301 315
1279 6121 570
1280 2769 354
1281 1724 440
1282 1655 632
1283 485 439
1284 6526 349
1285 3764 595
1286 1509 535
1287 2731 509
1288 1692 344
1289 1278 326
1290 1174 524
1291 4368 539
1292 1334 443
1293 6231 273
1294 5877 458
1295 6119 355
1296 2688 486
1297 0 -1
1298 6531 472
1299 1897 444
1300 1713 435
1301 4719 471
1302 2193 293
1303 2295 527
1304 389 418
1305 0 -1
1306 2853 401
1307 3773 423
1308 4762 375
1309 5605 584
1310 4291 391
1311 4723 420
1312 947 222
1313 2297 407
1314 4246 488
1315 581 370
1316 0 -1
1317 3503 511
1318 5632 464
1319 3542 484
1320 1622 457
1321 3992 462
1322 3004 428
1323 186 513
1324 0 -1
1325 2767 570
1326 1405 447
1327 6305 514
1328 5735 533
1329 3651 532
1330 1805 399
1331 2312 476
1332 0 -1
1333 4283 422
1334 90 354
1335 4264 382
1336 4554 487
1337 6110 389
1338 3782 531
1339 1228 503
1340 741 416
1341 912 385
1342 1525 304
1343 4825 382
1344 5031 418
1345 5627 396
1346 6508 474
1347 6547 389
1348 2689 407
1349 3534 616
1350 5259 431
1351 6006 502
1352 5277 398
1353 1968 440
1354 5561 414
1355 5755 457
1356 2016 487
1357 3119 444
1358 5187 448
1359 0 -1
1360 6107 448
1361 4482 437
1362 3640 576
1363 1131 431
1364 682 477
1365 2981 552
1366 3445 492
1367 3088 413
1368 5484 461
1369 5956 507
1370 206 442
1371 1537 499
1372 2921 418
1373 812 387
1374 4631 477
1375 1500 469
1376 0 -1
1377 3774 493
1378 0 -1
1379 6402 508
1380 0 -1
1381 416 416
1382 5232 614
1383 2813 408
1384 6021 352
1385 470 364
1386 1731 461
1387 3541 336
1388 886 468
1389 2177 534
1390 4444 545
1391 4283 388
1392 4133 384
1393 4527 431
1394 3958 417
1395 1817 370
1396 5360 495
1397 4980 387
1398 3637 465
1399 3939 418
1400 2186 545
1401 1293 283
1402 1066 608
1403 2342 401
1404 3862 426
1405 1683 437
1406 4606 659
1407 1166 421
1408 5161 302
1409 6337 406
1410 6297 407
1411 0 -1
1412 2317 326
1413 4615 395
1414 0 -1
1415 6162 284
1416 6361 552
1417 443 364
1418 5632 393
1419 3862 508
1420 3118 357
1421 947 316
1422 0 -1
1423 5352 485
1424 4035 487
1425 3106 443
1426 849 281
1427 1933 354
1428 2645 499
1429 4063 366
1430 4780 452
1431 2152 338
1432 167 477
1433 715 386
1434 506 276
1435 504 475
1436 4596 283
1437 3386 539
1438 0 -1
1439 6340 387
1440 2770 410
1441 884 506
1442 5290 458
1443 142 308
1444 2339 377
1445 2892 411
1446 5575 496
1447 5446 361
1448 3953 447
1449 4286 474
1450 1588 528
1451 3169 475
1452 3169 464
1453 4862 472
1454 4889 506
1455 0 -1
1456 1978 430
1457 3115 507
1458 2794 349
1459 4700 400
1460 2005 556
1461 834 387
1462 709 410
1463 2147 469
1464 1739 429
1465 3675 499
1466 5586 421
1467 3027 589
1468 726 391
1469 4261 352
1470 5106 491
1471 6547 431
1472 3044 471
1473 562 381
1474 1850 443
1475 158 398
1476 5776 511
1477 1857 502
1478 6454 394
1479 3967 420
1480 5848 417
1481 187 385
1482 1559 436
1483 5700 488
1484 1937 483
1485 0 -1
1486 2683 425
1487 6537 429
1488 3208 498
1489 4896 517
1490 1877 510
1491 4391 398
1492 0 -1
1493 0 -1
1494 0 -1
1495 3005 499
1496 1369 541
1497 4924 564
1498 280 392
1499 4522 475
1500 1525 391
1501 2159 469
1502 1428 554
1503 3226 361
1504 85 393
1505 5314 398
1506 5154 436
1507 3876 469
1508 6342 359
1509 6512 492
1510 4669 428
1511 6255 435
1512 173 413
1513 6459 381
1514 1407 518
1515 5366 488
1516 6213 391
1517 4852 529
1518 6436 518
1519 1420 439
1520 0 -1
1521 4974 524
1522 5764 395
1523 0 -1
1524 2518 463
1525 3602 289
1526 5447 395
1527 1260 395
1528 4329 531
1529 2372 427
1530 3691 369
1531 5410 435
1532 4088 525
1533 6010 523
1534 1276 505
1535 3432 483
1536 5546 475
1537 335 454
1538 4875 480
1539 3755 483
1540 2481 351
1541 4914 377
1542 524 459
1543 6133 462
1544 5999 419
1545 3950 553
1546 0 -1
1547 1026 508
1548 74 372
1549 4855 559
1550 1224 418
1551 6267 537
1552 5156 444
1553 858 398
1554 4042 432
1555 0 -1
1556 4248 483
1557 3800 575
1558 5570 610
1559 5945 408
1560 2645 453
1561 5447 388
1562 5521 380
1563 2406 495
1564 3266 444
1565 0 -1
1566 6492 599
1567 4187 491
1568 0 -1
1569 2677 406
1570 3152 538
1571 4549 497
1572 3274 399
1573 356 599
1574 5338 287
1575 4633 503
1576 4182 428
1577 4412 603
1578 3022 356
1579 0 -1
1580 4721 546
1581 2635 637
1582 5698 309
1583 5615 417
1584 4429 477
1585 1208 432
1586 1860 443
1587 6174 384
1588 26 412
1589 213 339
1590 6256 434
1591 465 429
1592 1917 581
1593 1056 587
1594 6434 460
1595 4416 302
1596 2657 446
1597 1601 454
1598 3927 389
1599 6467 555
1600 1740 527
1601 3315 349
1602 1833 502
1603 2344 468
1604 3662 416
1605 6144 487
1606 2535 425
1607 4980 388
1608 4482 388
1609 5989 432
1610 1874 376
1611 0 -1
1612 77 473
1613 4633 424
1614 3643 493
1615 4725 591
1616 1223 635
1617 130 469
1618 3565 446
1619 2480 444
1620 5331 245
1621 468 415
1622 1459 411
1623 3798 509
1624 2425 487
1625 1746 456
1626 2570 576
1627 5238 450
1628 2261 463
1629 5416 464
1630 1516 412
1631 6537 490
1632 4292 540
1633 5870 441
1634 6162 279
1635 3916 499
1636 1726 485
1637 603 323
1638 2730 496
1639 2115 528
1640 271 462
1641 6088 422
1642 2518 515
1643 5225 476
1644 5100 461
1645 4994 445
1646 4159 524
1647 6076 420
1648 26 359
1649 0 -1
1650 4279 507
1651 4974 419
1652 5225 470
1653 5526 487
1654 846 573
1655 1059 529
1656 3020 508
1657 784 423
1658 3395 413
1659 1983 472
1660 2784 576
1661 3116 427
1662 2090 445
1663 5397 380
1664 3484 478
1665 66 573
1666 6561 290
1667 779 423
1668 1996 477
1669 2774 429
1670 1634 341
1671 0 -1
1672 1941 503
1673 4360 407
1674 375 361
1675 1582 351
1676 3403 435
1677 3838 198
1678 2543 398
1679 4624 515
1680 3317 491
1681 4251 396
1682 2374 489
1683 352 392
1684 3038 400
1685 5904 461
1686 5490 488
1687 5885 211
1688 474 543
1689 0 -1
1690 491 429
1691 6598 475
1692 4505 330
1693 1559 450
1694 5088 495
1695 2789 450
1696 1238 505
1697 6526 390
1698 244 510
1699 5933 450
1700 4368 504
1701 5525 366
1702 795 412
1703 1236 505
1704 2291 425
1705 2434 302
1706 942 488
1707 6454 440
1708 3196 418
1709 2777 460
1710 1007 369
1711 6172 525
1712 6212 408
1713 2309 404
1714 2711 477
1715 5783 296
1716 0 -1
1717 0 -1
1718 5777 472
1719 6066 483
1720 6367 489
1721 3475 471
1722 4346 382
1723 2824 514
1724 6100 399
1725 1719 542
1726 3992 485
1727 3596 370
1728 4481 344
1729 1481 497
1730 2751 451
1731 5163 415
1732 6072 405
1733 4479 405
1734 1925 540
1735 0 -1
1736 954 552
1737 6110 389
1738 6346 443
1739 1860 425
1740 3405 436
1741 3799 433
1742 4687 512
1743 6245 500
1744 2562 345
1745 4583 486
1746 5764 398
1747 0 -1
1748 3598 417
1749 5301 371
1750 2694 463
1751 175 482
1752 3918 498
1753 0 -1
1754 279 403
1755 2417 416
1756 3862 449
1757 5430 400
1758 2056 628
1759 2106 510
1760 3838 183
1761 2446 518
1762 5398 331
1763 4224 408
1764 1601 421
1765 0 -1
1766 1272 521
1767 4254 476
1768 4527 423
1769 4450 607
1770 6063 432
1771 0 -1
1772 0 -1
1773 3034 386
1774 2921 440
1775 137 576
1776 1408 330
1777 6495 470
1778 6165 426
1779 1206 399
1780 2509 413
1781 2142 586
1782 1724 492
1783 355 443
1784 4873 389
1785 1858 401
1786 1405 503
1787 3459 366
1788 1447 442
1789 4754 422
1790 5871 501
1791 1662 478
1792 1097 394
1793 1350 511
1794 5823 481
1795 2339 431
1796 2141 512
1797 4036 679
1798 0 -1
1799 0 -1
1800 0 -1
1801 0 -1
1802 2615 490
1803 1124 437
1804 3087 387
1805 2441 284
1806 1431 356
1807 206 406
1808 698 526
1809 4790 440
1810 4610 382
1811 108 428
1812 5494 434
1813 2509 350
1814 4150 366
1815 4894 479
1816 3049 494
1817 3958 324
1818 2063 457
1819 3158 583
1820 0 -1
1821 5695 542
1822 4172 483
1823 628 499
1824 1533 554
1825 24 400
1826 4499 544
1827 6512 412
1828 713 442
1829 5701 402
1830 3325 306
1831 5162 454
1832 0 -1
1833 4513 416
1834 3265 529
1835 4966 601
1836 354 445
1837 136 341
1838 4863 474
1839 3293 572
1840 5166 419
1841 5367 665
1842 5208 458
1843 6232 428
1844 0 -1
1845 3978 465
1846 5115 471
1847 2412 418
1848 5934 347
1849 2608 394
1850 5324 407
1851 3600 511
1852 1715 359
1853 614 445
1854 3764 504
1855 460 486
1856 2565 448
1857 1333 485
1858 5999 384
1859 5209 493
1860 2590 417
1861 1278 407
1862 5946 436
1863 828 510
1864 5159 506
1865 2889 530
1866 4425 645
1867 2259 363
1868 4857 398
1869 1885 445
1870 5397 393
1871 1715 306
1872 5109 481
1873 752 483
1874 1892 358
1875 3232 469
1876 0 -1
1877 5045 419
1878 3078 262
1879 3489 448
1880 6080 426
1881 0 -1
1882 6427 415
1883 2752 459
1884 6329 397
1885 4315 437
1886 0 -1
1887 5095 456
1888 4003 429
1889 3343 527
1890 3594 483
1891 2045 551
1892 1960 313
1893 125 471
1894 4499 648
1895 2753 484
1896 6247 408
1897 6531 409
1898 2820 329
1899 0 -1
1900 6336 412
1901 1106 379
1902 1153 495
1903 3659 473
1904 2048 436
1905 4094 447
1906 0 -1
1907 161 433
1908 2328 534
1909 6103 432
1910 1035 530
1911 6374 393
1912 4837 524
1913 0 -1
1914 3007 466
1915 2004 446
1916 5905 392
1917 2325 509
1918 293 427
1919 1852 425
1920 636 516
1921 2893 631
1922 1708 441
1923 5156 513
1924 354 437
1925 3755 437
1926 359 571
1927 1210 275
1928 4126 418
1929 1845 467
1930 5897 399
1931 211 446
1932 1439 424
1933 6326 333
1934 3432 467
1935 5984 419
1936 1591 453
1937 4857 478
1938 3414 416
1939 1016 431
1940 4173 436
1941 2236 417
1942 323 494
1943 2436 339
1944 2783 259
1945 3356 397
1946 5385 657
1947 2568 588
1948 2194 412
1949 6467 571
1950 2746 660
1951 2552 465
1952 4910 413
1953 2295 448
1954 4782 394
1955 5542 626
1956 603 328
1957 6136 453
1958 0 -1
1959 1960 276
1960 3526 228
1961 3384 311
1962 5289 512
1963 5447 437
1964 6399 476
1965 0 -1
1966 6482 396
1967 0 -1
1968 4591 411
1969 2231 367
1970 1023 408
1971 5793 705
1972 5639 455
1973 0 -1
1974 460 403
1975 3214 506
1976 6194 432
1977 6103 481
1978 567 355
1979 6043 435
1980 6580 462
1981 436 529
1982 0 -1
1983 1372 471
1984 0 -1
1985 1481 400
1986 5945 393
1987 1368 480
1988 3188 496
1989 2890 492
1990 495 553
1991 4150 417
1992 2267 438
1993 0 -1
1994 5960 473
1995 1874 390
1996 3596 357
1997 4208 359
1998 4441 490
1999 1000 462
2000 6394 513
2001 0 -1
2002 4727 386
2003 485 460
2004 465 410
2005 6396 493
2006 0 -1
2007 5606 491
2008 1732 410
2009 5611 528
2010 1253 490
2011 0 -1
2012 3773 450
2013 2863 478
2014 1598 499
2015 2194 436
2016 1713 429
2017 1111 474
2018 1288 414
2019 5383 439
2020 4496 621
2021 5417 530
2022 5965 451
2023 871 562
2024 332 420
2025 487 494
2026 3078 287
2027 3616 369
2028 0 -1
2029 1293 292
2030 0 -1
2031 3088 424
2032 1702 482
2033 5377 290
2034 4471 512
2035 2993 367
2036 0 -1
2037 1304 505
2038 0 -1
2039 3317 492
2040 5530 452
2041 5044 464
2042 1898 343
2043 456 430
2044 2843 410
2045 5479 478
2046 1500 413
2047 2838 424
2048 3697 381
2049 0 -1
2050 2417 422
2051 3797 485
2052 2787 415
2053 686 466
2054 1436 345
2055 6129 356
2056 6533 533
2057 373 398
2058 4416 247
2059 85 442
2060 4798 434
2061 2099 303
2062 1178 431
2063 3589 405
2064 1255 464
2065 684 455
2066 751 310
2067 4885 514
2068 1401 316
2069 3582 292
2070 3628 558
2071 2745 505
2072 417 540
2073 6031 463
2074 4464 456
2075 5126 662
2076 0 -1
2077 2921 425
2078 3400 423
2079 5897 437
2080 5410 394
2081 5760 562
2082 2832 526
2083 4285 440
2084 3372 449
2085 4191 457
2086 6194 445
2087 634 588
2088 5817 450
2089 1323 585
2090 80 444
2091 4193 292
2092 3513 518
2093 3814 423
2094 523 446
2095 2276 339
2096 0 -1
2097 421 463
2098 4159 480
2099 3958 302
2100 6247 437
2101 158 366
2102 5731 467
2103 5665 307
2104 396 553
2105 6285 476
2106 1473 395
2107 547 539
2108 3994 638
2109 4812 571
2110 2027 417
2111 5851 338
2112 1651 427
2113 3132 592
2114 1552 453
2115 1294 500
2116 3155 427
2117 5308 413
2118 6455 471
2119 5140 608
2120 2382 498
2121 5401 531
2122 4697 321
2123 6239 426
2124 2685 611
2125 4568 416
2126 936 478
2127 5516 477
2128 0 -1
2129 848 483
2130 1059 475
2131 5597 436
2132 6013 575
2133 1299 450
2134 4615 408
2135 2940 487
2136 4987 500
2137 4287 400
2138 3351 411
2139 3325 396
2140 4527 477
2141 821 450
2142 764 568
2143 714 517
2144 3992 459
2145 3044 433
2146 5785 442
2147 3473 430
2148 1469 441
2149 4093 542
2150 577 378
2151 348 371
2152 1088 305
2153 3204 371
2154 2274 308
2155 6005 401
2156 1293 356
2157 6382 495
2158 4522 503
2159 855 404
2160 3927 333
2161 4166 577
2162 3968 330
2163 2866 530
2164 1634 370
2165 4302 555
2166 2440 470
2167 5065 428
2168 5029 351
2169 0 -1
2170 186 489
2171 3302 476
2172 4226 461
2173 4516 341
2174 3436 384
2175 3713 358
2176 4525 401
2177 22 515
2178 640 399
2179 1444 411
2180 3258 546
2181 6244 462
2182 1166 428
2183 1936 488
2184 4994 440
2185 2593 390
2186 355 434
2187 3098 513
2188 3263 416
2189 4428 426
2190 6297 454
2191 5199 518
2192 4088 521
2193 3838 266
2194 1959 384
2195 3641 367
2196 6091 438
2197 0 -1
2198 6100 439
2199 6561 394
2200 170 419
2201 4793 423
2202 3088 373
2203 3049 521
2204 4048 572
2205 4001 427
2206 2024 462
2207 1105 554
2208 1278 424
2209 0 -1
2210 2887 522
2211 1867 424
2212 5650 455
2213 3336 720
2214 3912 507
2215 587 444
2216 286 554
2217 2748 356
2218 0 -1
2219 2863 477
2220 5329 547
2221 927 432
2222 5886 477
2223 3889 429
2224 1162 527
2225 108 397
2226 5687 412
2227 2418 398
2228 5104 445
2229 5520 612
2230 0 -1
2231 4596 319
2232 0 -1
2233 848 467
2234 2543 490
2235 5861 638
2236 1334 398
2237 784 377
2238 1814 458
2239 2806 316
2240 587 449
2241 2176 514
2242 4085 510
2243 1996 395
2244 2838 350
2245 2157 535
2246 2314 581
2247 6110 440
2248 293 462
2249 1405 491
2250 4291 370
2251 0 -1
2252 3502 513
2253 3570 519
2254 4244 514
2255 1884 409
2256 0 -1
2257 3186 515
2258 3794 443
2259 2838 361
2260 6201 583
2261 5755 429
2262 6231 356
2263 0 -1
2264 5536 544
2265 0 -1
2266 4122 547
2267 1595 365
2268 5558 475
2269 5946 443
2270 2465 448
2271 5147 497
2272 3517 413
2273 900 494
2274 6001 299
2275 779 419
2276 5869 257
2277 933 607
2278 0 -1
2279 3188 473
2280 4911 499
2281 1544 513
2282 5745 586
2283 0 -1
2284 0 -1
2285 4316 325
2286 1289 341
2287 5465 611
2288 5962 359
2289 0 -1
2290 3450 486
2291 1960 324
2292 0 -1
2293 938 447
2294 2400 397
2295 4752 441
2296 5105 444
2297 5516 397
2298 2631 470
2299 9 383
2300 4184 425
2301 3862 430
2302 4063 350
2303 0 -1
2304 3629 491
2305 2174 422
2306 2536 478
2307 4964 378
2308 491 450
2309 3141 368
2310 1427 354
2311 1831 455
2312 1874 427
2313 5830 480
2314 4031 572
2315 3776 487
2316 6165 450
2317 2467 265
2318 3321 517
2319 6392 398
2320 6030 516
2321 4323 532
2322 425 581
2323 2417 390
2324 5561 412
2325 3224 443
2326 3256 489
2327 6371 682
2328 5159 490
2329 566 528
2330 1634 293
2331 4651 522
2332 1525 338
2333 1652 480
2334 5736 433
2335 14 507
2336 169 539
2337 1997 370
2338 20 453
2339 2458 320
2340 3282 466
2341 38 489
2342 1874 366
2343 1144 428
2344 421 468
2345 4800 278
2346 5339 523
2347 4184 439
2348 681 575
2349 1870 430
2350 5675 359
2351 1418 410
2352 1536 573
2353 4907 464
2354 1271 392
2355 1145 433
2356 6051 386
2357 4420 462
2358 942 430
2359 3603 444
2360 4474 573
2361 5156 449
2362 6177 393
2363 4282 510
2364 6113 477
2365 1246 414
2366 33 500
2367 3865 516
2368 6536 535
2369 4686 474
2370 5872 604
2371 5516 473
2372 5045 385
2373 5069 510
2374 4894 484
2375 3194 456
2376 3009 390
2377 2724 417
2378 6219 518
2379 580 516
2380 3324 430
2381 0 -1
2382 2202 490
2383 6549 375
2384 0 -1
2385 4304 514
2386 3005 471
2387 5482 576
2388 6150 512
2389 5074 456
2390 1484 490
2391 5910 395
2392 3406 491
2393 0 -1
2394 2836 398
2395 3482 450
2396 6447 399
2397 1960 321
2398 0 -1
2399 2936 664
2400 1541 382
2401 5700 511
2402 0 -1
2403 6196 486
2404 0 -1
2405 3974 497
2406 5162 474
2407 5375 530
2408 741 405
2409 174 424
2410 5082 450
2411 0 -1
2412 1395 374
2413 2819 502
2414 2307 443
2415 0 -1
2416 0 -1
2417 5523 373
2418 865 345
2419 3832 391
2420 5471 482
2421 2509 356
2422 4806 571
2423 1183 495
2424 1036 598
2425 512 448
2426 5010 450
2427 1998 498
2428 1983 548
2429 1707 483
2430 4432 483
2431 1697 465
2432 527 420
2433 6570 481
2434 5138 293
2435 5698 339
2436 2091 339
2437 1557 670
2438 3833 422
2439 3951 397
2440 4290 458
2441 3582 199
2442 5908 551
2443 3985 529
2444 2816 441
2445 3925 464
2446 3380 432
2447 517 459
2448 470 356
2449 1985 430
2450 6285 393
2451 4255 512
2452 0 -1
2453 2174 393
2454 1859 574
2455 2458 422
2456 3079 496
2457 385 503
2458 3395 316
2459 1150 462
2460 4442 320
2461 2578 476
2462 1588 491
2463 0 -1
2464 6279 497
2465 1186 448
2466 2131 465
2467 3855 170
2468 3195 715
2469 6523 463
2470 3348 464
2471 0 -1
2472 6569 318
2473 4264 377
2474 2508 460
2475 2844 529
2476 6285 418
2477 2656 422
2478 2688 455
2479 5421 505
2480 3087 416
2481 5138 310
2482 4317 612
2483 5340 483
2484 780 412
2485 3233 481
2486 1028 553
2487 596 540
2488 4949 484
2489 2178 405
2490 4663 430
2491 5178 527
2492 5141 550
2493 0 -1
2494 2465 568
2495 4804 249
2496 3784 492
2497 2352 632
2498 3388 322
2499 0 -1
2500 5984 375
2501 1412 359
2502 383 570
2503 10 441
2504 4939 501
2505 567 430
2506 6133 409
2507 3099 492
2508 3713 399
2509 1210 342
2510 0 -1
2511 3022 420
2512 98 525
2513 1780 480
2514 34 450
2515 971 440
2516 1960 295
2517 5778 515
2518 2362 417
2519 0 -1
2520 2914 616
2521 5968 541
2522 2259 426
2523 2345 386
2524 147 412
2525 2900 553
2526 3731 470
2527 0 -1
2528 4449 436
2529 2286 422
2530 4442 353
2531 1458 420
2532 1395 436
2533 679 516
2534 983 407
2535 5168 314
2536 5310 450
2537 5459 487
2538 347 439
2539 5806 477
2540 3779 308
2541 3288 567
2542 3032 434
2543 108 397
2544 0 -1
2545 2315 487
2546 539 542
2547 2029 341
2548 1377 531
2549 2774 379
2550 5932 243
2551 0 -1
2552 3977 402
2553 5300 443
2554 3520 422
2555 3032 406
2556 3024 537
2557 5285 378
2558 6360 434
2559 1312 291
2560 5123 551
2561 4663 440
2562 3837 345
2563 2457 523
2564 5928 534
2565 2151 372
2566 2279 477
2567 3454 437
2568 1442 485
2569 1942 506
2570 1693 522
2571 754 533
2572 9 337
2573 4390 537
2574 2860 736
2575 3072 554
2576 1648 434
2577 2473 428
2578 433 443
2579 3151 579
2580 4909 430
2581 1893 492
2582 3708 482
2583 6412 595
2584 4498 366
2585 2187 599
2586 1813 386
2587 2921 455
2588 2477 482
2589 1177 384
2590 3388 368
2591 889 485
2592 3604 630
2593 3902 370
2594 3360 440
2595 1114 408
2596 5002 594
2597 440 429
2598 0 -1
2599 0 -1
2600 6227 563
2601 3247 441
2602 3019 509
2603 5453 515
2604 0 -1
2605 3116 340
2606 3583 399
2607 2472 418
2608 5163 387
2609 44 425
2610 3112 456
2611 4137 460
2612 4803 468
2613 2880 458
2614 4925 485
2615 3663 426
2616 4664 435
2617 4082 129
2618 5163 434
2619 0 -1
2620 6549 303
2621 5789 447
2622 6491 517
2623 0 -1
2624 0 -1
2625 264 479
2626 483 495
2627 678 465
2628 4014 472
2629 3951 451
2630 3247 491
2631 2227 460
2632 1740 510
2633 3279 477
2634 3988 484
2635 2112 521
2636 902 525
2637 5410 338
2638 999 395
2639 4408 572
2640 306 505
2641 901 528
2642 2744 445
2643 2353 530
2644 1327 550
2645 4252 384
2646 5348 535
2647 1635 586
2648 2081 673
2649 6110 427
2650 1692 428
2651 0 -1
2652 214 447
2653 3532 431
2654 2150 422
2655 4488 423
2656 3762 414
2657 4261 359
2658 0 -1
2659 4484 552
2660 0 -1
2661 611 444
2662 4823 480
2663 1875 530
2664 2130 478
2665 5530 485
2666 2097 506
2667 5256 424
2668 5028 445
2669 2400 412
2670 5310 399
2671 5251 480
2672 2894 545
2673 5840 508
2674 1595 410
2675 6426 468
2676 3489 471
2677 1986 404
2678 530 496
2679 3966 382
2680 140 606
2681 4523 398
2682 3417 664
2683 346 397
2684 1212 451
2685 2325 522
2686 3839 540
2687 1022 510
2688 2255 413
2689 5947 357
2690 3022 435
2691 5501 413
2692 836 444
2693 2711 410
2694 5407 449
2695 216 544
2696 4302 486
2697 1922 482
2698 5604 453
2699 281 527
2700 4726 383
2701 379 439
2702 3800 491
2703 0 -1
2704 5829 440
2705 5460 415
2706 5168 354
2707 0 -1
2708 1970 438
2709 5552 493
2710 0 -1
2711 4841 388
2712 1476 537
2713 2962 412
2714 4533 403
2715 4804 167
2716 5639 381
2717 2193 306
2718 4359 482
2719 3114 393
2720 293 426
2721 0 -1
2722 5142 512
2723 6256 412
2724 3833 398
2725 858 441
2726 5221 367
2727 370 514
2728 2173 341
2729 2414 496
2730 2174 471
2731 4905 430
2732 4458 452
2733 575 461
2734 1499 529
2735 3331 393
2736 3932 318
2737 4874 556
2738 3537 391
2739 5969 431
2740 3499 470
2741 3497 326
2742 3361 692
2743 2534 430
2744 108 375
2745 5628 431
2746 4630 548
2747 248 417
2748 6235 299
2749 4543 510
2750 152 709
2751 1969 412
2752 3707 391
2753 489 484
2754 6166 520
2755 5402 424
2756 6026 435
2757 5771 503
2758 2181 462
2759 5696 402
2760 5127 501
2761 563 492
2762 3510 521
2763 4968 467
2764 6413 276
2765 2731 503
2766 2305 437
2767 3600 496
2768 3272 481
2769 3443 340
2770 4063 371
2771 6086 403
2772 2085 503
2773 6540 600
2774 6177 347
2775 6235 271
2776 172 382
2777 3837 377
2778 3310 481
2779 887 526
2780 2562 419
2781 5430 434
2782 47 689
2783 3078 188
2784 3061 478
2785 3232 417
2786 106 426
2787 3874 414
2788 4014 416
2789 1804 443
2790 3811 419
2791 827 405
2792 5256 495
2793 4350 540
2794 1312 315
2795 3558 460
2796 163 403
2797 5251 411
2798 2565 438
2799 2605 363
2800 2783 289
2801 845 520
2802 2319 473
2803 1813 416
2804 5939 299
2805 2741 400
2806 1960 298
2807 0 -1
2808 5708 380
2809 1739 445
2810 3932 352
2811 853 505
2812 2490 455
2813 4289 365
2814 5757 478
2815 348 291
2816 2473 419
2817 6493 424
2818 5423 570
2819 2905 391
2820 5204 303
2821 0 -1
2822 228 530
2823 4424 463
2824 5523 453
2825 0 -1
2826 314 434
2827 1353 503
2828 3440 601
2829 4755 415
2830 4650 539
2831 2513 499
2832 3352 484
2833 6231 368
2834 2562 353
2835 3976 504
2836 2156 370
2837 665 428
2838 5418 348
2839 6424 378
2840 2195 437
2841 959 485
2842 4389 540
2843 5998 325
2844 2796 422
2845 2899 461
2846 4344 499
2847 1612 493
2848 213 411
2849 0 -1
2850 0 -1
2851 3412 442
2852 1226 460
2853 3867 306
2854 5903 616
2855 5533 452
2856 670 428
2857 6456 439
2858 4554 541
2859 5922 378
2860 198 657
2861 5135 412
2862 6103 470
2863 5630 474
2864 2785 420
2865 2741 404
2866 2584 472
2867 4403 403
2868 1553 487
2869 5090 768
2870 781 327
2871 1449 535
2872 1108 411
2873 750 507
2874 4914 462
2875 0 -1
2876 1878 374
2877 5054 484
2878 1540 433
2879 6300 526
2880 3698 392
2881 3393 484
2882 5431 540
2883 5481 390
2884 630 506
2885 6008 540
2886 4090 508
2887 6365 521
2888 39 531
2889 5336 427
2890 240 382
2891 5754 449
2892 1959 388
2893 462 608
2894 2768 504
2895 1096 420
2896 5981 467
2897 2337 433
2898 4051 467
2899 832 351
2900 3322 533
2901 3589 360
2902 4571 327
2903 4394 530
2904 294 471
2905 3188 391
2906 4901 437
2907 2775 288
2908 1092 478
2909 2649 477
2910 4878 419
2911 4448 381
2912 468 346
2913 0 -1
2914 2633 548
2915 1392 475
2916 755 378
2917 3009 475
2918 2483 511
2919 3812 520
2920 6078 425
2921 373 398
2922 0 -1
2923 6115 478
2924 3587 436
2925 6285 400
2926 1311 431
2927 0 -1
2928 3999 564
2929 4588 394
2930 6021 422
2931 1608 423
2932 2973 485
2933 2815 368
2934 353 622
2935 4231 435
2936 6497 611
2937 318 415
2938 4758 537
2939 854 428
2940 2719 427
2941 6164 220
2942 6264 480
2943 3913 456
2944 5045 373
2945 4269 505
2946 6543 451
2947 6113 483
2948 3560 632
2949 2915 517
2950 760 432
2951 4011 511
2952 2514 511
2953 4480 395
2954 116 497
2955 4980 321
2956 6328 408
2957 5451 472
2958 3022 390
2959 5670 460
2960 4804 186
2961 5233 513
2962 2880 408
2963 4605 517
2964 5675 311
2965 2959 487
2966 5907 386
2967 3491 470
2968 6416 541
2969 6378 550
2970 0 -1
2971 799 534
2972 6485 461
2973 4802 368
2974 5545 441
2975 1961 378
2976 4698 504
2977 3244 480
2978 108 409
2979 934 532
2980 1447 383
2981 1559 525
2982 2464 508
2983 5694 492
2984 0 -1
2985 3850 387
2986 5476 477
2987 3033 629
2988 1930 475
2989 3661 411
2990 3492 491
2991 5075 458
2992 3473 465
2993 5418 353
2994 5782 455
2995 2380 490
2996 2870 365
2997 2092 545
2998 2829 493
2999 0 -1
3000 4610 387
3001 3760 424
3002 1573 704
3003 751 367
3004 1302 327
3005 5189 457
3006 4356 460
3007 96 423
3008 6567 504
3009 3876 387
3010 3457 483
3011 0 -1
3012 350 514
3013 835 474
3014 1335 487
3015 2105 528
3016 2362 396
3017 5398 420
3018 291 512
3019 1320 463
3020 4227 430
3021 1126 439
3022 3939 350
3023 1433 476
3024 121 449
3025 705 458
3026 0 -1
3027 5260 477
3028 0 -1
3029 4104 236
3030 2056 565
3031 5481 412
3032 2099 348
3033 5127 548
3034 4247 367
3035 0 -1
3036 4941 616
3037 4145 441
3038 155 344
3039 5453 542
3040 2906 437
3041 2652 478
3042 1961 399
3043 4561 398
3044 346 423
3045 1226 448
3046 686 428
3047 5779 480
3048 497 550
3049 4155 465
3050 5120 362
3051 3778 571
3052 0 -1
3053 5636 474
3054 0 -1
3055 2267 395
3056 4289 357
3057 4626 469
3058 1616 707
3059 3636 537
3060 3527 599
3061 2996 478
3062 143 523
3063 808 464
3064 4510 494
3065 0 -1
3066 6240 516
3067 3170 573
3068 905 456
3069 3735 467
3070 5582 453
3071 5400 616
3072 2924 437
3073 2817 535
3074 4950 607
3075 3493 438
3076 2744 381
3077 3818 418
3078 2467 172
3079 100 488
3080 2559 372
3081 6047 459
3082 0 -1
3083 672 467
3084 3042 426
3085 2790 475
3086 2188 491
3087 61 379
3088 751 350
3089 0 -1
3090 6455 416
3091 5687 436
3092 4525 429
3093 2853 384
3094 17 412
3095 5869 226
3096 2068 378
3097 1082 463
3098 5979 411
3099 1273 415
3100 4391 468
3101 5308 397
3102 1186 456
3103 1391 472
3104 0 -1
3105 510 479
3106 637 350
3107 4723 508
3108 2227 437
3109 998 391
3110 0 -1
3111 0 -1
3112 6336 434
3113 6380 411
3114 784 365
3115 940 484
3116 3573 337
3117 3488 578
3118 663 347
3119 5399 423
3120 5245 505
3121 3255 509
3122 4943 464
3123 3439 458
3124 0 -1
3125 3679 491
3126 445 461
3127 0 -1
3128 1743 500
3129 4691 482
3130 0 -1
3131 3142 489
3132 2447 480
3133 3972 454
3134 6205 430
3135 1732 417
3136 4083 552
3137 1711 533
3138 686 508
3139 443 352
3140 4875 499
3141 457 300
3142 4291 463
3143 0 -1
3144 1464 483
3145 4283 468
3146 487 457
3147 0 -1
3148 3768 484
3149 5348 436
3150 3686 530
3151 5519 504
3152 3551 516
3153 2889 499
3154 3327 423
3155 3118 386
3156 6404 514
3157 3094 428
3158 4807 546
3159 690 537
3160 3347 601
3161 543 543
3162 0 -1
3163 5944 474
3164 5691 620
3165 1161 512
3166 2897 472
3167 5726 482
3168 0 -1
3169 1727 436
3170 1360 508
3171 1196 406
3172 631 370
3173 54 507
3174 4897 548
3175 3890 433
3176 6150 521
3177 3637 499
3178 1229 526
3179 1387 442
3180 5788 387
3181 951 543
3182 2535 387
3183 784 381
3184 5561 381
3185 530 470
3186 2354 405
3187 5001 464
3188 2055 379
3189 1595 402
3190 5059 422
3191 0 -1
3192 3593 384
3193 4802 371
3194 2055 377
3195 1188 671
3196 3593 409
3197 1687 267
3198 2450 478
3199 0 -1
3200 3951 398
3201 3489 461
3202 3352 475
3203 3647 532
3204 5350 326
3205 5578 478
3206 0 -1
3207 174 490
3208 4214 429
3209 3135 418
3210 598 519
3211 4913 409
3212 6538 629
3213 1896 477
3214 1363 476
3215 4561 441
3216 26 477
3217 0 -1
3218 6134 574
3219 6225 466
3220 440 429
3221 96 446
3222 4948 600
3223 4670 484
3224 3334 426
3225 2195 431
3226 3106 351
3227 3362 485
3228 3395 331
3229 4411 443
3230 5554 545
3231 3673 498
3232 1212 406
3233 3175 460
3234 1212 420
3235 4796 496
3236 60 503
3237 1752 610
3238 144 480
3239 5932 297
3240 3273 367
3241 0 -1
3242 1165 377
3243 1122 415
3244 1828 448
3245 3677 518
3246 0 -1
3247 5933 432
3248 2159 475
3249 39 505
3250 4572 489
3251 4300 382
3252 1415 291
3253 1862 513
3254 5304 435
3255 75 422
3256 5809 453
3257 5122 473
3258 5818 484
3259 2873 516
3260 2716 457
3261 4965 517
3262 24 350
3263 2193 383
3264 4238 560
3265 56 461
3266 3395 375
3267 485 447
3268 37 429
3269 6563 451
3270 2065 574
3271 0 -1
3272 5238 426
3273 1620 265
3274 413 350
3275 5321 332
3276 1017 421
3277 239 503
3278 4271 469
3279 4718 409
3280 4113 430
3281 2386 491
3282 4588 364
3283 553 389
3284 0 -1
3285 4369 432
3286 3055 440
3287 5310 426
3288 1283 468
3289 3545 630
3290 1560 498
3291 3617 295
3292 1507 523
3293 5093 472
3294 1826 548
3295 5737 428
3296 5811 895
3297 3266 405
3298 4652 430
3299 1381 419
3300 6301 436
3301 736 537
3302 3437 400
3303 3982 503
3304 0 -1
3305 6324 463
3306 5399 431
3307 1167 280
3308 5935 509
3309 5949 527
3310 5064 431
3311 4284 496
3312 5297 401
3313 1204 502
3314 910 504
3315 3617 266
3316 1214 433
3317 3412 397
3318 391 564
3319 395 405
3320 2317 377
3321 5330 490
3322 4189 496
3323 6244 508
3324 4800 334
3325 2748 302
3326 1810 488
3327 1959 343
3328 3186 408
3329 5314 511
3330 5222 553
3331 1234 386
3332 3694 542
3333 2397 414
3334 2058 328
3335 3463 517
3336 4179 619
3337 1613 439
3338 4920 464
3339 5521 437
3340 2655 487
3341 672 438
3342 2864 524
3343 3811 413
3344 3876 454
3345 2774 438
3346 4114 377
3347 4125 525
3348 4126 370
3349 2041 470
3350 4493 338
3351 3380 402
3352 1206 364
3353 0 -1
3354 1312 250
3355 2549 425
3356 6086 376
3357 6441 456
3358 4834 480
3359 0 -1
3360 4767 359
3361 5968 579
3362 2063 433
3363 952 459
3364 4450 540
3365 94 565
3366 6043 441
3367 6227 624
3368 1690 489
3369 2061 401
3370 6139 577
3371 5679 419
3372 4116 411
3373 0 -1
3374 962 502
3375 3007 500
3376 6036 471
3377 5558 440
3378 1970 506
3379 4728 528
3380 5571 367
3381 1461 413
3382 6402 436
3383 609 464
3384 1959 295
3385 4019 462
3386 2185 461
3387 780 493
3388 3870 317
3389 1355 474
3390 3641 414
3391 6230 299
3392 0 -1
3393 1278 368
3394 5777 475
3395 6561 297
3396 5094 482
3397 2173 449
3398 1837 411
3399 4428 420
3400 5883 394
3401 4154 511
3402 4027 496
3403 6342 390
3404 5100 475
3405 4346 401
3406 6110 447
3407 517 456
3408 0 -1
3409 2769 374
3410 487 495
3411 4785 599
3412 1943 397
3413 429 454
3414 3684 353
3415 3922 543
3416 3263 404
3417 116 553
3418 4645 422
3419 262 499
3420 6206 476
3421 0 -1
3422 2288 453
3423 581 313
3424 1864 527
3425 2736 421
3426 6039 379
3427 3377 470
3428 0 -1
3429 3761 458
3430 395 379
3431 4827 375
3432 5530 423
3433 179 447
3434 4651 444
3435 3989 493
3436 5316 373
3437 5732 380
3438 4417 390
3439 4980 380
3440 6536 546
3441 1469 378
3442 3573 351
3443 3197 289
3444 5371 709
3445 5398 402
3446 6005 403
3447 686 416
3448 5683 514
3449 5059 429
3450 6150 434
3451 2150 473
3452 3095 345
3453 6015 318
3454 3426 430
3455 4776 470
3456 3565 420
3457 4971 471
3458 1870 446
3459 5561 344
3460 5201 494
3461 328 464
3462 5840 561
3463 3550 502
3464 6594 369
3465 0 -1
3466 2266 572
3467 402 507
3468 5268 466
3469 3960 421
3470 3631 513
3471 3454 435
3472 2516 321
3473 3583 424
3474 4727 380
3475 2912 432
3476 2788 526
3477 2357 465
3478 738 456
3479 2643 574
3480 821 468
3481 6099 533
3482 1238 441
3483 4256 484
3484 6063 463
3485 0 -1
3486 2951 575
3487 642 477
3488 5559 542
3489 2435 415
3490 5577 289
3491 3119 447
3492 3750 433
3493 1168 437
3494 6253 493
3495 2253 605
3496 2274 359
3497 3029 287
3498 5142 483
3499 397 402
3500 6099 569
3501 3096 428
3502 4540 480
3503 4704 482
3504 5071 450
3505 1196 390
3506 83 534
3507 4643 525
3508 2122 414
3509 1888 492
3510 587 434
3511 619 434
3512 2376 419
3513 4384 518
3514 1605 492
3515 2827 522
3516 2912 416
3517 1744 391
3518 3464 420
3519 3395 403
3520 2332 339
3521 3771 421
3522 1972 460
3523 0 -1
3524 1080 449
3525 1445 473
3526 4104 148
3527 5055 567
3528 5545 477
3529 221 489
3530 2795 485
3531 6131 501
3532 4264 396
3533 1387 444
3534 5871 509
3535 6001 352
3536 533 546
3537 1076 370
3538 0 -1
3539 2400 433
3540 2856 449
3541 2620 333
3542 2870 397
3543 1647 458
3544 1267 428
3545 2634 565
3546 597 476
3547 2481 398
3548 4101 441
3549 3291 330
3550 5899 410
3551 3883 442
3552 1557 591
3553 6448 459
3554 3649 536
3555 0 -1
3556 342 481
3557 1875 514
3558 4916 452
3559 0 -1
3560 2730 515
3561 5248 510
3562 1887 479
3563 5671 424
3564 4624 481
3565 3324 382
3566 4622 496
3567 2062 505
3568 6435 416
3569 2612 470
3570 3251 492
3571 2170 503
3572 2934 668
3573 3867 301
3574 2305 507
3575 1968 482
3576 5227 388
3577 2982 513
3578 2177 544
3579 2739 463
3580 1825 405
3581 5347 459
3582 2715 188
3583 1589 392
3584 4488 465
3585 3486 653
3586 4509 448
3587 2436 435
3588 6430 442
3589 2099 310
3590 5337 587
3591 3676 533
3592 375 324
3593 3602 372
3594 4978 476
3595 4071 401
3596 4482 339
3597 5073 460
3598 5001 417
3599 0 -1
3600 2958 394
3601 1237 579
3602 5932 255
3603 3418 424
3604 605 521
3605 5433 491
3606 1857 494
3607 5410 368
3608 1102 532
3609 913 484
3610 5187 449
3611 4011 503
3612 3486 677
3613 5285 390
3614 937 389
3615 5665 313
3616 6594 330
3617 4839 258
3618 6118 377
3619 5413 435
3620 2566 532
3621 2485 500
3622 0 -1
3623 119 465
3624 5013 521
3625 470 466
3626 5908 561
3627 3759 488
3628 2722 541
3629 15 450
3630 5202 367
3631 3000 463
3632 3005 523
3633 5845 460
3634 3324 422
3635 279 428
3636 6151 438
3637 856 459
3638 4631 479
3639 5935 482
3640 2462 538
3641 5580 339
3642 0 -1
3643 4504 388
3644 5645 814
3645 0 -1
3646 1629 534
3647 3087 416
3648 0 -1
3649 5504 530
3650 1281 472
3651 907 528
3652 1926 648
3653 5438 494
3654 2400 425
3655 3267 462
3656 3088 434
3657 5202 397
3658 2535 403
3659 125 401
3660 1296 577
3661 1804 408
3662 2418 353
3663 1792 397
3664 717 567
3665 0 -1
3666 1027 438
3667 2275 454
3668 663 296
3669 590 474
3670 2470 467
3671 1744 394
3672 3507 604
3673 1678 407
3674 6537 510
3675 1598 459
3676 5738 422
3677 5992 469
3678 0 -1
3679 674 390
3680 1435 582
3681 2079 528
3682 5226 492
3683 1459 446
3684 6482 338
3685 3188 458
3686 1240 463
3687 1102 558
3688 2204 691
3689 0 -1
3690 4516 371
3691 2162 354
3692 2171 500
3693 5582 370
3694 5724 460
3695 3278 535
3696 3650 479
3697 2657 380
3698 2859 386
3699 6543 415
3700 3656 480
3701 1186 469
3702 0 -1
3703 593 462
3704 2477 466
3705 0 -1
3706 4571 398
3707 2330 366
3708 222 403
3709 2137 436
3710 0 -1
3711 0 -1
3712 1966 432
3713 506 326
3714 0 -1
3715 238 450
3716 3479 586
3717 2057 474
3718 3818 480
3719 5220 429
3720 1335 438
3721 2505 432
3722 3663 459
3723 4411 373
3724 0 -1
3725 2509 391
3726 5852 490
3727 1321 559
3728 1005 431
3729 4584 484
3730 1086 539
3731 3841 430
3732 6078 493
3733 4197 494
3734 43 450
3735 2853 376
3736 4692 413
3737 3985 416
3738 1403 470
3739 0 -1
3740 5176 619
3741 1561 508
3742 3972 533
3743 1530 409
3744 903 638
3745 2635 531
3746 4418 435
3747 2681 485
3748 2310 383
3749 5031 440
3750 4275 421
3751 991 565
3752 3995 517
3753 159 630
3754 2790 525
3755 4384 424
3756 1272 494
3757 5031 475
3758 6552 655
3759 6561 378
3760 3949 387
3761 1927 389
3762 3520 408
3763 3225 520
3764 6060 501
3765 2438 513
3766 3482 482
3767 591 510
3768 3643 408
3769 1192 352
3770 1145 411
3771 6213 379
3772 5620 474
3773 3118 366
3774 4251 412
3775 4384 449
3776 5266 472
3777 5065 537
3778 1698 543
3779 4596 244
3780 6437 516
3781 575 431
3782 5611 528
3783 2933 450
3784 3022 378
3785 0 -1
3786 2747 524
3787 0 -1
3788 899 601
3789 4389 452
3790 172 353
3791 4660 496
3792 3146 541
3793 5764 428
3794 2711 394
3795 1166 464
3796 5069 479
3797 784 372
3798 1214 425
3799 2565 399
3800 5674 483
3801 6459 430
3802 2923 497
3803 792 455
3804 307 542
3805 5302 570
3806 5655 474
3807 5401 472
3808 1034 477
3809 942 462
3810 682 548
3811 5827 362
3812 303 478
3813 2376 466
3814 5736 411
3815 5756 438
3816 2084 483
3817 4377 437
3818 2637 385
3819 69 542
3820 1456 520
3821 850 455
3822 795 339
3823 86 413
3824 2084 502
3825 0 -1
3826 5906 455
3827 0 -1
3828 646 478
3829 6157 482
3830 3593 486
3831 3719 495
3832 3615 313
3833 2876 385
3834 5485 577
3835 1680 544
3836 3979 484
3837 3325 345
3838 4082 180
3839 6391 495
3840 2958 445
3841 779 416
3842 4746 527
3843 6139 521
3844 2309 376
3845 65 471
3846 2449 433
3847 5191 568
3848 4720 463
3849 4440 535
3850 727 295
3851 3097 582
3852 4523 440
3853 639 412
3854 0 -1
3855 13 120
3856 2270 522
3857 1169 491
3858 5597 493
3859 0 -1
3860 6402 520
3861 202 473
3862 1186 400
3863 1874 421
3864 404 543
3865 1572 440
3866 3779 356
3867 6326 300
3868 2424 656
3869 996 524
3870 1687 249
3871 580 484
3872 1307 542
3873 4672 421
3874 4961 371
3875 6108 416
3876 5397 374
3877 5935 471
3878 1446 506
3879 1055 498
3880 6374 421
3881 3403 422
3882 0 -1
3883 213 423
3884 5540 484
3885 6486 701
3886 4485 599
3887 3372 508
3888 690 445
3889 2549 419
3890 326 430
3891 1092 440
3892 5904 465
3893 3986 476
3894 1448 483
3895 0 -1
3896 5526 513
3897 6595 388
3898 5347 519
3899 6553 313
3900 6336 441
3901 2974 462
3902 1288 351
3903 6173 581
3904 1174 545
3905 1869 502
3906 2521 577
3907 4050 538
3908 5671 427
3909 5604 433
3910 3916 482
3911 4710 500
3912 4458 448
3913 639 414
3914 231 330
3915 1988 515
3916 1663 391
3917 2299 385
3918 4794 405
3919 3992 449
3920 1341 450
3921 433 455
3922 5560 516
3923 1951 498
3924 3475 532
3925 1098 429
3926 2048 437
3927 3867 305
3928 1208 442
3929 6015 355
3930 6174 467
3931 1175 543
3932 4448 308
3933 2752 446
3934 667 471
3935 5720 493
3936 3823 445
3937 4416 258
3938 3286 466
3939 5377 321
3940 0 -1
3941 5746 370
3942 5529 437
3943 1739 474
3944 0 -1
3945 5913 470
3946 1373 398
3947 1426 368
3948 1271 441
3949 4905 370
3950 2923 480
3951 3472 350
3952 383 564
3953 5280 432
3954 4498 412
3955 228 464
3956 1727 430
3957 1884 483
3958 6461 299
3959 3113 465
3960 282 389
3961 0 -1
3962 1815 488
3963 105 439
3964 2829 521
3965 2318 632
3966 1062 271
3967 5138 345
3968 3779 249
3969 2496 493
3970 1545 619
3971 6239 375
3972 674 415
3973 2531 422
3974 3890 473
3975 6512 501
3976 1311 444
3977 3929 396
3978 265 464
3979 1548 382
3980 4934 477
3981 4988 521
3982 3833 403
3983 0 -1
3984 985 681
3985 3464 414
3986 5790 468
3987 0 -1
3988 3442 462
3989 3286 461
3990 2580 476
3991 1981 609
3992 2605 411
3993 1871 331
3994 3619 528
3995 3049 478
3996 5928 426
3997 6358 380
3998 1013 369
3999 5447 473
4000 3606 555
4001 206 357
4002 3420 485
4003 5195 336
4004 3833 447
4005 5979 399
4006 3116 403
4007 715 337
4008 725 419
4009 2370 604
4010 2690 452
4011 1594 464
4012 2332 369
4013 3813 539
4014 3193 400
4015 527 483
4016 1246 475
4017 1591 463
4018 3926 477
4019 5234 359
4020 0 -1
4021 2754 555
4022 145 455
4023 1308 432
4024 539 434
4025 6117 467
4026 0 -1
4027 2024 483
4028 3551 467
4029 6048 501
4030 3475 447
4031 4406 508
4032 2397 422
4033 885 529
4034 3454 537
4035 6365 466
4036 4319 599
4037 6224 516
4038 1269 393
4039 998 454
4040 4212 258
4041 0 -1
4042 6026 432
4043 562 404
4044 694 497
4045 4198 669
4046 2820 349
4047 4518 504
4048 3287 509
4049 3378 559
4050 5247 463
4051 1933 402
4052 0 -1
4053 3675 542
4054 3912 526
4055 0 -1
4056 5081 457
4057 1461 431
4058 3568 455
4059 568 480
4060 4275 534
4061 0 -1
4062 5850 338
4063 849 333
4064 1429 419
4065 276 381
4066 3233 499
4067 0 -1
4068 767 474
4069 3007 427
4070 2351 451
4071 2042 357
4072 0 -1
4073 4427 662
4074 6028 496
4075 5471 466
4076 599 516
4077 4266 528
4078 4777 476
4079 4204 438
4080 1779 454
4081 0 -1
4082 13 65
4083 2294 517
4084 6278 374
4085 103 408
4086 1343 448
4087 5086 522
4088 6060 486
4089 4279 487
4090 1833 445
4091 6548 526
4092 0 -1
4093 28 470
4094 1966 426
4095 1408 380
4096 3101 464
4097 5019 443
4098 2456 556
4099 5889 417
4100 2613 470
4101 1165 357
4102 3951 397
4103 2026 326
4104 4082 120
4105 2233 523
4106 2530 468
4107 3262 413
4108 383 552
4109 3916 433
4110 3894 483
4111 5108 262
4112 3568 454
4113 6068 414
4114 3870 265
4115 1361 472
4116 5997 396
4117 0 -1
4118 1412 385
4119 621 534
4120 4458 494
4121 2650 483
4122 5694 508
4123 689 382
4124 5583 512
4125 1879 517
4126 3324 342
4127 4923 529
4128 1367 430
4129 0 -1
4130 5246 484
4131 3342 627
4132 4338 391
4133 233 347
4134 3547 432
4135 4214 419
4136 2909 497
4137 6218 442
4138 702 525
4139 6550 534
4140 2691 444
4141 61 404
4142 5696 451
4143 1709 508
4144 0 -1
4145 2975 378
4146 1804 403
4147 354 455
4148 4088 493
4149 3451 496
4150 1427 361
4151 1877 419
4152 4323 541
4153 3731 430
4154 1094 448
4155 185 402
4156 5644 587
4157 2269 534
4158 4669 445
4159 4169 436
4160 2895 474
4161 2454 684
4162 0 -1
4163 4943 446
4164 3238 488
4165 6553 392
4166 5117 571
4167 1098 417
4168 5996 512
4169 2741 398
4170 6018 546
4171 3123 566
4172 3442 415
4173 1222 431
4174 1017 472
4175 2618 470
4176 3627 606
4177 3403 463
4178 1782 558
4179 3661 523
4180 0 -1
4181 5204 354
4182 1601 364
4183 0 -1
4184 395 384
4185 1025 442
4186 1940 507
4187 4118 482
4188 0 -1
4189 4095 390
4190 3862 429
4191 3875 424
4192 5870 418
4193 3582 230
4194 2870 408
4195 2450 406
4196 5484 492
4197 3496 431
4198 4877 556
4199 2151 437
4200 1427 377
4201 4587 363
4202 2288 409
4203 3307 299
4204 4264 418
4205 6530 497
4206 5333 491
4207 6283 596
4208 452 280
4209 1856 453
4210 6163 352
4211 1681 425
4212 3855 211
4213 5651 511
4214 2481 401
4215 0 -1
4216 6506 462
4217 2162 362
4218 42 377
4219 5229 418
4220 5470 508
4221 1720 522
4222 3508 527
4223 5817 419
4224 2175 378
4225 1614 506
4226 6145 446
4227 6021 409
4228 866 461
4229 4957 511
4230 5001 399
4231 4978 385
4232 5708 375
4233 678 383
4234 5340 404
4235 4379 461
4236 476 562
4237 4130 523
4238 6597 469
4239 5851 376
4240 6510 381
4241 629 367
4242 2636 632
4243 4619 461
4244 5159 445
4245 1985 457
4246 309 463
4247 849 312
4248 6495 470
4249 2778 482
4250 1007 468
4251 283 394
4252 1278 340
4253 0 -1
4254 1451 475
4255 665 413
4256 4172 458
4257 4818 400
4258 4338 398
4259 5897 358
4260 0 -1
4261 781 286
4262 4338 345
4263 704 414
4264 5580 300
4265 2195 373
4266 5223 465
4267 0 -1
4268 4740 419
4269 6590 439
4270 4511 453
4271 2705 429
4272 1227 511
4273 5582 429
4274 0 -1
4275 6120 414
4276 2988 530
4277 3256 559
4278 2254 524
4279 6166 430
4280 2391 396
4281 59 461
4282 6595 425
4283 5595 367
4284 5845 467
4285 4588 330
4286 1647 454
4287 5999 356
4288 1825 407
4289 4416 294
4290 5530 434
4291 4103 362
4292 2524 488
4293 1822 498
4294 2162 410
4295 6258 443
4296 0 -1
4297 2238 521
4298 2077 451
4299 1628 569
4300 2637 359
4301 0 -1
4302 6324 477
4303 4237 541
4304 3282 451
4305 5596 490
4306 5586 470
4307 5291 401
4308 0 -1
4309 5827 395
4310 6108 468
4311 2787 456
4312 6393 434
4313 0 -1
4314 2857 459
4315 1469 355
4316 1677 282
4317 724 600
4318 934 490
4319 2483 589
4320 1191 512
4321 3137 543
4322 6395 474
4323 4250 489
4324 0 -1
4325 1486 536
4326 5595 427
4327 1712 474
4328 2902 362
4329 2719 476
4330 2313 499
4331 945 492
4332 5171 479
4333 4799 323
4334 3849 577
4335 2859 497
4336 1999 524
4337 6035 501
4338 5934 335
4339 2267 466
4340 3141 335
4341 1055 545
4342 143 487
4343 5726 484
4344 2706 428
4345 3355 473
4346 2993 361
4347 144 512
4348 173 430
4349 1254 483
4350 6291 429
4351 264 460
4352 6280 460
4353 4391 411
4354 2417 421
4355 2518 432
4356 4767 391
4357 55 372
4358 3839 568
4359 2175 442
4360 1944 299
4361 4177 479
4362 6172 464
4363 4978 388
4364 2419 482
4365 3464 445
4366 4266 484
4367 0 -1
4368 5082 480
4369 3189 426
4370 0 -1
4371 2353 529
4372 0 -1
4373 5496 459
4374 1961 425
4375 4264 411
4376 2878 526
4377 4420 405
4378 2106 440
4379 4825 447
4380 1356 515
4381 1826 617
4382 37 520
4383 4587 372
4384 1969 403
4385 163 461
4386 2974 464
4387 1420 393
4388 5319 590
4389 4619 450
4390 2117 435
4391 2620 348
4392 5533 448
4393 522 436
4394 5834 418
4395 870 532
4396 6314 890
4397 5387 429
4398 2568 495
4399 3595 418
4400 5433 522
4401 0 -1
4402 772 497
4403 2173 348
4404 2582 508
4405 4585 520
4406 3387 505
4407 0 -1
4408 3243 530
4409 6037 534
4410 5846 462
4411 3490 332
4412 3397 512
4413 1727 374
4414 1610 412
4415 5358 622
4416 3078 188
4417 5899 387
4418 5019 425
4419 2082 570
4420 5602 402
4421 2841 522
4422 5556 457
4423 0 -1
4424 1168 448
4425 2335 560
4426 3000 499
4427 5472 571
4428 130 386
4429 315 476
4430 3697 461
4431 2786 449
4432 6141 400
4433 1869 449
4434 456 542
4435 6052 447
4436 4842 387
4437 1637 358
4438 384 554
4439 413 416
4440 4520 443
4441 2357 487
4442 751 292
4443 0 -1
4444 2362 473
4445 390 466
4446 5404 452
4447 1677 317
4448 6413 289
4449 2309 413
4450 3220 496
4451 4950 660
4452 4837 524
4453 6288 457
4454 2162 407
4455 1399 485
4456 240 427
4457 631 447
4458 4251 436
4459 485 432
4460 744 482
4461 3441 462
4462 854 384
4463 1228 515
4464 1727 427
4465 0 -1
4466 169 548
4467 4289 319
4468 2046 478
4469 5078 642
4470 0 -1
4471 4539 507
4472 2716 457
4473 2498 376
4474 6160 534
4475 4343 515
4476 289 435
4477 1871 413
4478 486 485
4479 1961 381
4480 1776 336
4481 155 341
4482 215 334
4483 3695 563
4484 5013 488
4485 5306 483
4486 1778 458
4487 1528 610
4488 558 370
4489 6051 414
4490 0 -1
4491 466 423
4492 5189 506
4493 2941 289
4494 2307 445
4495 3351 466
4496 5419 506
4497 0 -1
4498 468 364
4499 3722 543
4500 5139 540
4501 1383 442
4502 5892 453
4503 0 -1
4504 6294 376
4505 3617 287
4506 3251 421
4507 5113 386
4508 4069 468
4509 355 433
4510 6052 485
4511 4189 424
4512 692 486
4513 4800 370
4514 3154 439
4515 403 442
4516 5998 273
4517 5355 487
4518 2323 423
4519 902 543
4520 766 402
4521 4414 432
4522 6051 440
4523 4937 387
4524 2377 520
4525 5882 391
4526 2133 502
4527 2853 414
4528 4561 374
4529 1870 405
4530 5704 599
4531 0 -1
4532 3001 454
4533 2317 377
4534 3774 466
4535 6002 447
4536 1448 485
4537 2002 453
4538 4447 325
4539 2127 503
4540 3088 418
4541 334 504
4542 2158 560
4543 3055 460
4544 3437 448
4545 5216 499
4546 2375 564
4547 122 492
4548 4538 418
4549 513 437
4550 1856 544
4551 187 412
4552 5019 401
4553 4700 418
4554 552 475
4555 5496 464
4556 34 550
4557 0 -1
4558 4259 436
4559 0 -1
4560 344 337
4561 1978 373
4562 2712 564
4563 4122 543
4564 5106 424
4565 2063 479
4566 3369 442
4567 0 -1
4568 5613 386
4569 4871 533
4570 4003 355
4571 2441 297
4572 539 475
4573 2874 541
4574 1803 456
4575 0 -1
4576 2343 430
4577 776 400
4578 5001 420
4579 3879 569
4580 413 378
4581 4594 427
4582 5689 426
4583 4201 403
4584 851 457
4585 4574 464
4586 1699 551
4587 2274 349
4588 4505 308
4589 6022 365
4590 1810 470
4591 3016 410
4592 0 -1
4593 2007 534
4594 5838 419
4595 767 474
4596 3855 217
4597 5543 442
4598 3691 460
4599 434 473
4600 5139 485
4601 343 590
4602 5591 455
4603 2016 544
4604 5547 443
4605 3748 431
4606 1251 579
4607 1340 511
4608 4487 723
4609 2890 382
4610 5138 336
4611 2937 457
4612 5593 738
4613 652 604
4614 5572 497
4615 5414 364
4616 2228 463
4617 0 -1
4618 4564 462
4619 44 422
4620 784 352
4621 3735 468
4622 5234 381
4623 0 -1
4624 4146 408
4625 3263 395
4626 2929 441
4627 2679 460
4628 3933 565
4629 3661 432
4630 5677 493
4631 3967 409
4632 1497 597
4633 147 406
4634 375 383
4635 5226 484
4636 0 -1
4637 2823 545
4638 1311 468
4639 5652 416
4640 5243 385
4641 744 518
4642 0 -1
4643 1397 482
4644 0 -1
4645 2549 388
4646 284 508
4647 1082 480
4648 4670 514
4649 3905 532
4650 4675 505
4651 4913 420
4652 1583 430
4653 2668 451
4654 0 -1
4655 1353 457
4656 5154 448
4657 2353 500
4658 6048 471
4659 0 -1
4660 1015 464
4661 167 450
4662 6597 517
4663 3315 373
4664 5717 362
4665 1511 528
4666 2595 456
4667 2761 564
4668 1692 360
4669 4003 354
4670 1479 427
4671 848 454
4672 6014 419
4673 146 510
4674 3324 422
4675 3397 463
4676 0 -1
4677 0 -1
4678 264 499
4679 5698 348
4680 5953 507
4681 3247 454
4682 4741 535
4683 2341 533
4684 5788 414
4685 5597 387
4686 6246 470
4687 3583 444
4688 205 599
4689 1210 318
4690 2152 343
4691 6354 478
4692 6068 355
4693 1220 413
4694 5267 459
4695 5365 366
4696 519 501
4697 4858 315
4698 1940 493
4699 2687 531
4700 1267 397
4701 2293 473
4702 3595 504
4703 2880 411
4704 1699 460
4705 5524 456
4706 3672 693
4707 2805 457
4708 5234 381
4709 5908 529
4710 4956 418
4711 1590 464
4712 0 -1
4713 2809 520
4714 5629 554
4715 70 468
4716 5717 424
4717 3942 452
4718 2160 336
4719 2237 458
4720 2024 423
4721 5587 431
4722 744 476
4723 2741 417
4724 6162 179
4725 5848 494
4726 937 332
4727 5687 379
4728 5687 408
4729 0 -1
4730 6331 429
4731 2534 458
4732 4705 487
4733 6434 530
4734 2595 472
4735 48 512
4736 10 468
4737 5572 486
4738 5113 357
4739 1731 494
4740 1293 359
4741 771 434
4742 1276 523
4743 2552 422
4744 5303 484
4745 5065 526
4746 2392 521
4747 4128 525
4748 840 404
4749 0 -1
4750 5979 450
4751 3173 551
4752 2820 322
4753 553 371
4754 3325 365
4755 2808 415
4756 1527 464
4757 4208 394
4758 2694 453
4759 3480 473
4760 3220 457
4761 1517 593
4762 2550 346
4763 5879 457
4764 0 -1
4765 5829 416
4766 6577 488
4767 5410 350
4768 1659 513
4769 2924 493
4770 3131 513
4771 1733 406
4772 5405 594
4773 4356 486
4774 5581 671
4775 4239 429
4776 970 431
4777 6196 457
4778 1446 547
4779 0 -1
4780 2498 389
4781 6393 493
4782 5816 377
4783 6479 550
4784 3520 456
4785 554 571
4786 3892 559
4787 6447 413
4788 5288 466
4789 2102 568
4790 6319 430
4791 3419 546
4792 5311 564
4793 4340 355
4794 2973 380
4795 3926 445
4796 2309 431
4797 4224 424
4798 1288 345
4799 3838 234
4800 4193 271
4801 744 549
4802 947 300
4803 2916 435
4804 4104 137
4805 0 -1
4806 4874 455
4807 5895 493
4808 0 -1
4809 3718 523
4810 5982 495
4811 0 -1
4812 4006 492
4813 0 -1
4814 2043 497
4815 0 -1
4816 726 451
4817 1114 486
4818 4692 396
4819 1674 459
4820 2616 519
4821 4265 417
4822 3893 545
4823 2962 457
4824 5489 524
4825 6374 355
4826 2577 513
4827 5029 374
4828 5302 568
4829 109 523
4830 6433 407
4831 4787 468
4832 2589 498
4833 6123 454
4834 2455 445
4835 318 482
4836 80 489
4837 4235 507
4838 5120 390
4839 5932 243
4840 654 617
4841 5945 380
4842 6483 328
4843 1576 496
4844 1849 485
4845 3294 635
4846 3607 384
4847 2024 450
4848 4051 487
4849 1729 499
4850 0 -1
4851 222 385
4852 2796 495
4853 3356 424
4854 2626 529
4855 485 471
4856 3442 374
4857 6588 390
4858 5108 277
4859 6291 456
4860 0 -1
4861 0 -1
4862 1519 464
4863 3228 375
4864 6587 445
4865 0 -1
4866 1540 351
4867 922 442
4868 4553 449
4869 2008 474
4870 3677 564
4871 2354 450
4872 4650 586
4873 3867 385
4874 821 448
4875 4723 469
4876 5072 431
4877 5003 512
4878 1830 359
4879 2185 493
4880 3397 534
4881 6581 355
4882 5740 512
4883 5120 435
4884 0 -1
4885 1000 461
4886 6232 456
4887 4118 399
4888 2227 436
4889 4878 399
4890 5974 583
4891 6493 487
4892 2095 427
4893 3743 425
4894 1295 449
4895 733 591
4896 2676 475
4897 594 472
4898 0 -1
4899 4413 464
4900 3819 599
4901 5144 426
4902 1966 503
4903 4796 539
4904 3300 441
4905 689 370
4906 3515 573
4907 4247 355
4908 0 -1
4909 1996 389
4910 6165 394
4911 1202 423
4912 4355 506
4913 2160 348
4914 3713 344
4915 4775 470
4916 4442 400
4917 6509 526
4918 2079 483
4919 20 432
4920 6053 405
4921 577 422
4922 2155 431
4923 5552 485
4924 6444 493
4925 2202 476
4926 1082 493
4927 107 415
4928 1773 395
4929 4738 430
4930 0 -1
4931 2714 432
4932 579 529
4933 4693 492
4934 6141 429
4935 3221 474
4936 85 375
4937 4726 336
4938 2228 557
4939 5318 407
4940 759 513
4941 1828 522
4942 639 434
4943 1341 440
4944 5902 507
4945 937 339
4946 686 435
4947 0 -1
4948 3954 504
4949 5846 447
4950 4854 593
4951 0 -1
4952 97 445
4953 4787 462
4954 3691 413
4955 5640 479
4956 5112 347
4957 5184 485
4958 1885 485
4959 2559 339
4960 3049 489
4961 6001 344
4962 4839 297
4963 5086 422
4964 865 359
4965 4373 474
4966 6179 590
4967 2920 454
4968 4294 429
4969 3819 638
4970 2738 403
4971 5166 463
4972 6212 400
4973 2800 339
4974 5677 417
4975 2116 495
4976 0 -1
4977 1815 479
4978 4589 377
4979 6454 354
4980 5998 299
4981 5596 454
4982 0 -1
4983 5383 407
4984 4248 500
4985 4158 486
4986 4841 387
4987 988 396
4988 4211 455
4989 1827 483
4990 5340 447
4991 449 537
4992 5695 561
4993 1837 426
4994 3811 414
4995 6146 526
4996 2371 513
4997 0 -1
4998 537 632
4999 2495 335
5000 5264 506
5001 771 395
5002 2705 493
5003 385 421
5004 1923 538
5005 1194 501
5006 1044 533
5007 582 525
5008 1883 462
5009 309 475
5010 1280 422
5011 2957 509
5012 1063 472
5013 3971 443
5014 4933 527
5015 2924 444
5016 3976 458
5017 3418 533
5018 5845 534
5019 1289 344
5020 2859 411
5021 0 -1
5022 6052 555
5023 5916 536
5024 0 -1
5025 5342 411
5026 0 -1
5027 5272 513
5028 3445 416
5029 4203 321
5030 0 -1
5031 5430 377
5032 0 -1
5033 3797 441
5034 3135 454
5035 343 546
5036 5817 409
5037 938 492
5038 0 -1
5039 1807 469
5040 4963 503
5041 2378 552
5042 0 -1
5043 4293 532
5044 6192 382
5045 784 370
5046 3327 427
5047 1874 447
5048 3429 502
5049 1363 433
5050 5566 478
5051 2179 438
5052 5158 390
5053 303 472
5054 3691 383
5055 2930 480
5056 0 -1
5057 70 438
5058 1884 487
5059 781 344
5060 1296 512
5061 5835 471
5062 132 330
5063 3317 417
5064 2237 423
5065 6076 418
5066 6009 651
5067 2561 492
5068 5194 565
5069 233 449
5070 4479 463
5071 233 359
5072 3096 384
5073 219 452
5074 3550 414
5075 4692 406
5076 1676 491
5077 1983 483
5078 4667 637
5079 139 487
5080 832 442
5081 4571 391
5082 5666 450
5083 6230 307
5084 4780 457
5085 4307 468
5086 3171 414
5087 412 408
5088 5428 465
5089 1183 477
5090 1894 658
5091 1008 528
5092 1541 401
5093 1969 387
5094 2044 449
5095 4480 451
5096 2987 647
5097 5314 455
5098 4754 450
5099 3619 513
5100 5636 432
5101 3774 421
5102 4873 412
5103 3814 416
5104 2870 341
5105 5744 424
5106 2524 416
5107 3736 418
5108 6162 248
5109 2409 476
5110 520 486
5111 2237 455
5112 3423 321
5113 5338 274
5114 199 450
5115 526 470
5116 5211 471
5117 561 518
5118 3565 462
5119 5479 470
5120 6086 349
5121 1272 427
5122 42 447
5123 4513 448
5124 2529 439
5125 1017 451
5126 5527 556
5127 3659 474
5128 2673 512
5129 421 511
5130 6547 437
5131 2106 454
5132 5183 579
5133 3589 365
5134 159 604
5135 6531 403
5136 155 414
5137 15 417
5138 603 272
5139 6442 420
5140 1063 488
5141 3211 466
5142 4182 422
5143 4707 550
5144 4189 407
5145 1139 449
5146 6450 447
5147 1120 474
5148 5846 509
5149 6477 402
5150 1634 344
5151 1439 395
5152 4713 626
5153 3368 516
5154 5285 402
5155 3401 625
5156 2498 411
5157 3348 404
5158 132 355
5159 2052 422
5160 1547 525
5161 5851 288
5162 2926 453
5163 2035 367
5164 1961 390
5165 4674 436
5166 4695 388
5167 6218 445
5168 5932 295
5169 4019 423
5170 2691 436
5171 5964 400
5172 1148 606
5173 2193 363
5174 215 441
5175 1056 561
5176 594 522
5177 4307 418
5178 397 440
5179 4604 470
5180 3396 595
5181 1691 523
5182 6253 432
5183 2143 577
5184 1367 459
5185 3315 358
5186 723 411
5187 4689 372
5188 4988 477
5189 1541 421
5190 4635 498
5191 4653 517
5192 390 464
5193 4994 469
5194 5954 562
5195 3914 334
5196 3743 486
5197 0 -1
5198 1776 356
5199 5895 457
5200 2704 542
5201 1447 453
5202 1384 359
5203 3674 573
5204 1210 284
5205 0 -1
5206 5494 398
5207 403 507
5208 2808 454
5209 3492 450
5210 5114 494
5211 3949 422
5212 2146 456
5213 5141 494
5214 3425 452
5215 54 465
5216 1306 441
5217 677 406
5218 3783 450
5219 3894 577
5220 3334 359
5221 5455 301
5222 2855 496
5223 288 356
5224 779 426
5225 344 435
5226 943 463
5227 1620 359
5228 71 497
5229 4858 377
5230 0 -1
5231 62 430
5232 4134 510
5233 2621 458
5234 5321 346
5235 3529 508
5236 5597 416
5237 3483 512
5238 3356 394
5239 2693 443
5240 6264 485
5241 5188 522
5242 107 395
5243 6005 379
5244 3009 480
5245 6108 465
5246 1158 483
5247 3998 422
5248 6297 442
5249 4337 558
5250 5812 488
5251 4505 403
5252 1503 367
5253 2532 475
5254 3863 484
5255 3281 515
5256 6580 423
5257 4078 502
5258 1360 524
5259 3914 408
5260 5679 382
5261 5093 464
5262 485 420
5263 1224 500
5264 3697 390
5265 0 -1
5266 832 429
5267 246 451
5268 6141 367
5269 3113 466
5270 3776 500
5271 4635 542
5272 5700 469
5273 217 525
5274 4821 485
5275 3398 484
5276 0 -1
5277 5910 389
5278 0 -1
5279 3633 482
5280 4391 407
5281 4795 462
5282 4973 416
5283 4629 538
5284 5630 425
5285 5332 328
5286 4521 479
5287 4987 443
5288 2586 399
5289 2198 477
5290 3114 396
5291 1858 392
5292 5733 481
5293 43 493
5294 41 543
5295 4825 356
5296 3690 445
5297 1295 386
5298 5179 579
5299 5194 661
5300 1737 401
5301 4262 351
5302 1068 453
5303 5239 467
5304 314 416
5305 2590 381
5306 5736 478
5307 550 585
5308 5914 386
5309 2359 525
5310 6549 377
5311 1840 539
5312 5268 466
5313 1892 325
5314 2838 396
5315 3189 485
5316 1760 283
5317 671 574
5318 56 368
5319 5282 526
5320 4999 419
5321 2815 319
5322 2944 411
5323 656 358
5324 6347 359
5325 503 487
5326 3368 589
5327 3823 480
5328 3211 464
5329 4506 463
5330 4994 419
5331 6162 172
5332 3197 305
5333 3213 482
5334 1439 438
5335 309 534
5336 5914 406
5337 953 552
5338 6164 240
5339 3673 427
5340 3032 402
5341 4064 441
5342 2156 401
5343 4422 472
5344 0 -1
5345 1708 446
5346 4068 478
5347 4123 443
5348 2759 436
5349 5582 403
5350 1070 319
5351 5561 380
5352 1810 454
5353 3370 641
5354 1758 663
5355 6319 463
5356 2078 474
5357 0 -1
5358 6403 526
5359 5671 417
5360 640 431
5361 1783 462
5362 3447 495
5363 352 424
5364 4562 638
5365 3459 360
5366 4511 457
5367 3337 547
5368 6466 445
5369 3977 439
5370 0 -1
5371 5896 622
5372 3760 396
5373 1111 484
5374 3295 456
5375 312 486
5376 5004 629
5377 4804 247
5378 1096 457
5379 1187 448
5380 5787 553
5381 6449 482
5382 5661 544
5383 2716 396
5384 2477 515
5385 216 554
5386 1629 468
5387 460 422
5388 6392 409
5389 4919 530
5390 1170 517
5391 4436 454
5392 3692 549
5393 1884 515
5394 5897 434
5395 6022 383
5396 0 -1
5397 1878 358
5398 656 302
5399 5892 421
5400 5745 540
5401 1684 411
5402 5454 424
5403 6485 439
5404 4905 440
5405 2047 516
5406 5627 455
5407 3832 423
5408 2677 436
5409 3736 428
5410 1666 328
5411 6590 379
5412 3457 521
5413 206 421
5414 1401 311
5415 0 -1
5416 5112 352
5417 288 435
5418 3490 316
5419 5401 414
5420 5903 512
5421 6550 505
5422 3504 507
5423 2114 519
5424 1621 469
5425 4843 567
5426 863 510
5427 3134 493
5428 2996 374
5429 5070 550
5430 4697 318
5431 4213 539
5432 5859 427
5433 2810 449
5434 0 -1
5435 0 -1
5436 1530 470
5437 1463 537
5438 3954 427
5439 4258 480
5440 3438 468
5441 2726 486
5442 0 -1
5443 569 542
5444 2235 703
5445 5103 436
5446 2764 332
5447 2383 379
5448 3876 482
5449 5600 429
5450 4639 485
5451 1997 397
5452 467 508
5453 6424 436
5454 2748 413
5455 3838 269
5456 0 -1
5457 1634 363
5458 1994 501
5459 1234 476
5460 927 403
5461 0 -1
5462 232 551
5463 5352 467
5464 0 -1
5465 4314 554
5466 2916 473
5467 0 -1
5468 6204 393
5469 2238 508
5470 4413 398
5471 2810 418
5472 614 465
5473 6026 412
5474 2553 471
5475 511 568
5476 6023 429
5477 5857 473
5478 2953 466
5479 5546 436
5480 0 -1
5481 677 364
5482 4653 459
5483 5048 518
5484 5186 420
5485 5122 461
5486 0 -1
5487 123 498
5488 4916 484
5489 3389 517
5490 1278 404
5491 1321 534
5492 4862 543
5493 6590 376
5494 1070 349
5495 4436 391
5496 5701 389
5497 1023 451
5498 2236 461
5499 3334 381
5500 0 -1
5501 3899 324
5502 532 488
5503 1564 451
5504 5223 427
5505 1646 597
5506 24 370
5507 6003 487
5508 3215 530
5509 2607 468
5510 4399 439
5511 1306 441
5512 2361 468
5513 462 533
5514 4005 435
5515 625 562
5516 834 380
5517 4516 276
5518 1083 509
5519 1051 499
5520 3223 516
5521 1312 341
5522 0 -1
5523 1342 365
5524 5748 456
5525 6549 297
5526 178 456
5527 2785 520
5528 2843 408
5529 2726 376
5530 85 389
5531 4722 503
5532 532 514
5533 5264 412
5534 755 415
5535 182 524
5536 3007 433
5537 6505 533
5538 0 -1
5539 1726 568
5540 746 441
5541 3479 580
5542 4720 535
5543 6337 386
5544 6585 484
5545 4473 425
5546 5377 364
5547 5613 396
5548 0 -1
5549 1127 405
5550 845 470
5551 0 -1
5552 3297 439
5553 5228 543
5554 257 469
5555 4140 536
5556 6163 456
5557 233 367
5558 689 381
5559 949 490
5560 5870 441
5561 5398 330
5562 5693 600
5563 6185 530
5564 5741 400
5565 0 -1
5566 1909 468
5567 3806 522
5568 4248 499
5569 0 -1
5570 1538 508
5571 2764 344
5572 458 471
5573 2286 428
5574 0 -1
5575 3669 490
5576 1335 421
5577 2941 224
5578 1852 473
5579 3778 580
5580 1167 279
5581 1156 635
5582 6001 338
5583 4201 465
5584 1251 498
5585 498 452
5586 2509 360
5587 6317 412
5588 4300 442
5589 1846 551
5590 2180 660
5591 3004 356
5592 0 -1
5593 2646 619
5594 5401 429
5595 2434 341
5596 5677 397
5597 1122 374
5598 5454 421
5599 4689 423
5600 4498 376
5601 1111 515
5602 5195 402
5603 0 -1
5604 5837 411
5605 3547 517
5606 1901 470
5607 1804 456
5608 3140 584
5609 464 537
5610 1271 469
5611 1283 473
5612 4750 476
5613 4980 337
5614 2225 431
5615 1447 367
5616 5893 295
5617 5499 449
5618 966 570
5619 4482 432
5620 6043 423
5621 554 554
5622 0 -1
5623 4345 532
5624 6088 432
5625 0 -1
5626 0 -1
5627 5104 372
5628 199 371
5629 2711 450
5630 575 388
5631 2324 454
5632 6177 366
5633 1265 440
5634 2211 539
5635 233 404
5636 2117 418
5637 1590 440
5638 2584 471
5639 2813 372
5640 4042 478
5641 1003 570
5642 2791 518
5643 5303 543
5644 2518 520
5645 6371 703
5646 5384 565
5647 3532 414
5648 0 -1
5649 744 452
5650 229 407
5651 3113 438
5652 3459 368
5653 4164 513
5654 6487 534
5655 4280 446
5656 5113 288
5657 3903 610
5658 2351 412
5659 0 -1
5660 0 -1
5661 6192 490
5662 443 407
5663 2062 499
5664 6192 387
5665 2069 300
5666 3096 379
5667 3909 517
5668 568 447
5669 97 371
5670 5313 359
5671 854 400
5672 5242 494
5673 2822 612
5674 3369 444
5675 3966 299
5676 921 481
5677 1278 386
5678 18 458
5679 2099 312
5680 3492 447
5681 5916 479
5682 0 -1
5683 1791 508
5684 6221 534
5685 605 563
5686 6556 470
5687 170 364
5688 3020 466
5689 3109 421
5690 5326 691
5691 892 542
5692 5873 465
5693 4867 506
5694 1310 471
5695 57 492
5696 1420 369
5697 2793 564
5698 3307 309
5699 2713 469
5700 6479 462
5701 3837 360
5702 6363 438
5703 1525 393
5704 2732 510
5705 6310 413
5706 6236 435
5707 2689 414
5708 5198 357
5709 4266 537
5710 233 377
5711 2162 366
5712 1293 306
5713 1310 457
5714 4340 436
5715 3472 394
5716 1097 443
5717 2332 343
5718 1170 471
5719 876 569
5720 2506 461
5721 0 -1
5722 387 588
5723 5498 508
5724 3075 442
5725 1175 484
5726 3221 461
5727 533 605
5728 2541 637
5729 2323 398
5730 2592 723
5731 355 403
5732 5597 376
5733 1228 424
5734 672 477
5735 900 502
5736 6278 409
5737 6192 391
5738 4664 420
5739 0 -1
5740 2690 487
5741 2150 393
5742 3698 470
5743 136 352
5744 6155 406
5745 3661 508
5746 1960 269
5747 0 -1
5748 1023 424
5749 6547 410
5750 3155 440
5751 715 352
5752 6579 523
5753 0 -1
5754 4255 446
5755 1462 416
5756 426 407
5757 6204 462
5758 2901 425
5759 695 487
5760 6532 534
5761 4537 508
5762 4672 522
5763 900 462
5764 2154 375
5765 1360 459
5766 3695 569
5767 1384 466
5768 3305 465
5769 4992 584
5770 5586 374
5771 950 478
5772 636 478
5773 6148 587
5774 5749 523
5775 6245 424
5776 44 412
5777 5889 442
5778 1224 405
5779 1388 478
5780 5998 281
5781 3587 455
5782 4333 366
5783 1959 293
5784 4194 455
5785 1861 407
5786 5287 508
5787 1870 478
5788 2700 384
5789 3565 428
5790 3093 432
5791 4130 524
5792 2386 531
5793 4305 609
5794 6051 465
5795 2769 426
5796 2770 448
5797 2052 416
5798 3173 548
5799 3239 350
5800 2258 480
5801 5126 561
5802 561 474
5803 2530 367
5804 4116 437
5805 6102 466
5806 5304 428
5807 2159 405
5808 301 370
5809 4046 409
5810 3580 410
5811 2468 833
5812 6309 476
5813 5162 535
5814 5106 439
5815 6119 408
5816 2058 352
5817 771 371
5818 1663 474
5819 3449 430
5820 6588 433
5821 5946 433
5822 0 -1
5823 3913 425
5824 4755 520
5825 1572 431
5826 6559 472
5827 2091 350
5828 5040 507
5829 5731 410
5830 3226 381
5831 168 447
5832 1465 517
5833 530 505
5834 5365 364
5835 3735 424
5836 5803 442
5837 2500 395
5838 5168 384
5839 4086 478
5840 3698 441
5841 1276 509
5842 3265 494
5843 1709 472
5844 4467 411
5845 5627 457
5846 3441 407
5847 2153 373
5848 5150 405
5849 0 -1
5850 3850 321
5851 4839 274
5852 2041 486
5853 1787 443
5854 970 432
5855 4571 375
5856 2743 502
5857 5619 468
5858 3033 607
5859 4945 425
5860 1461 497
5861 3506 534
5862 784 366
5863 2125 518
5864 2074 498
5865 1533 547
5866 2595 500
5867 6284 545
5868 5992 472
5869 4804 221
5870 4252 375
5871 4095 417
5872 5165 552
5873 683 416
5874 0 -1
5875 1464 440
5876 5835 440
5877 2101 426
5878 1739 478
5879 6333 455
5880 6544 492
5881 812 427
5882 854 373
5883 5395 393
5884 6113 475
5885 626 129
5886 5262 459
5887 3957 581
5888 1391 453
5889 3315 356
5890 189 481
5891 1108 357
5892 1634 383
5893 5338 279
5894 0 -1
5895 397 417
5896 5356 536
5897 5521 356
5898 1803 456
5899 567 342
5900 1833 527
5901 1403 486
5902 3184 461
5903 2786 504
5904 2535 381
5905 2448 379
5906 4255 437
5907 3452 378
5908 2147 476
5909 1070 423
5910 2717 375
5911 748 466
5912 28 464
5913 927 431
5914 3932 379
5915 5081 442
5916 749 434
5917 2805 493
5918 0 -1
5919 5881 439
5920 4335 523
5921 6538 580
5922 2460 342
5923 4961 392
5924 2094 507
5925 4887 441
5926 297 425
5927 3699 504
5928 526 421
5929 1293 356
5930 302 571
5931 4665 614
5932 2783 213
5933 3325 394
5934 1426 297
5935 1413 428
5936 4285 399
5937 879 559
5938 3734 462
5939 5577 297
5940 5701 464
5941 1169 500
5942 4562 620
5943 0 -1
5944 6460 417
5945 4403 366
5946 3668 388
5947 715 344
5948 1435 538
5949 1310 501
5950 1260 438
5951 3077 470
5952 2748 382
5953 4841 419
5954 2601 455
5955 2556 650
5956 3707 392
5957 2280 499
5958 0 -1
5959 5627 444
5960 2993 451
5961 0 -1
5962 1269 339
5963 0 -1
5964 5910 390
5965 4762 450
5966 2350 409
5967 5758 516
5968 3407 508
5969 1334 355
5970 577 376
5971 4410 475
5972 2396 428
5973 2956 501
5974 2228 560
5975 3183 494
5976 4069 523
5977 2208 520
5978 5033 493
5979 2286 394
5980 1646 527
5981 1064 440
5982 6029 446
5983 0 -1
5984 1692 371
5985 0 -1
5986 0 -1
5987 0 -1
5988 0 -1
5989 1871 362
5990 466 477
5991 2444 551
5992 1052 412
5993 3101 473
5994 4109 458
5995 2756 435
5996 6107 459
5997 970 366
5998 4040 266
5999 4962 324
6000 175 493
6001 5316 284
6002 3596 405
6003 5919 453
6004 4814 501
6005 1408 329
6006 3946 455
6007 1145 468
6008 4807 501
6009 1694 581
6010 3790 434
6011 1948 501
6012 4291 417
6013 1875 486
6014 2726 408
6015 4261 313
6016 5102 451
6017 4460 494
6018 2956 485
6019 2154 368
6020 4181 396
6021 1927 345
6022 443 356
6023 2815 356
6024 1372 456
6025 2813 477
6026 3708 404
6027 4119 571
6028 822 472
6029 4767 362
6030 3712 461
6031 4892 460
6032 6078 491
6033 5220 447
6034 1795 437
6035 3658 406
6036 4857 448
6037 5882 473
6038 0 -1
6039 5893 353
6040 4214 452
6041 2414 507
6042 721 509
6043 5669 388
6044 4001 476
6045 4323 520
6046 0 -1
6047 2481 355
6048 3425 450
6049 5895 486
6050 4195 430
6051 6019 370
6052 4581 445
6053 5195 403
6054 2926 452
6055 1360 559
6056 301 326
6057 0 -1
6058 5087 520
6059 2774 452
6060 639 482
6061 2202 430
6062 4146 472
6063 283 428
6064 4418 480
6065 4393 449
6066 4504 449
6067 6358 438
6068 3228 353
6069 1685 482
6070 3844 432
6071 5019 353
6072 6580 401
6073 1585 537
6074 3986 473
6075 6512 501
6076 6239 372
6077 0 -1
6078 6395 412
6079 2786 532
6080 6126 425
6081 5416 405
6082 1264 472
6083 663 294
6084 1427 456
6085 0 -1
6086 5746 305
6087 4669 378
6088 2775 334
6089 787 450
6090 6447 440
6091 2099 334
6092 0 -1
6093 1787 453
6094 1956 396
6095 5453 464
6096 86 385
6097 3165 529
6098 3022 419
6099 836 479
6100 2156 380
6101 5772 509
6102 2994 460
6103 4315 375
6104 3532 453
6105 2771 463
6106 4767 407
6107 5670 394
6108 2774 404
6109 2512 566
6110 3589 365
6111 2642 498
6112 6058 533
6113 3519 456
6114 216 493
6115 5662 443
6116 1596 527
6117 5470 420
6118 2516 373
6119 2620 309
6120 5665 330
6121 1336 525
6122 0 -1
6123 2035 400
6124 0 -1
6125 3322 498
6126 1073 420
6127 3123 495
6128 5028 492
6129 4252 344
6130 3459 389
6131 4103 390
6132 5959 543
6133 1439 394
6134 1400 573
6135 0 -1
6136 2859 407
6137 3735 451
6138 3839 515
6139 2812 469
6140 3275 417
6141 604 347
6142 5027 611
6143 2731 448
6144 5707 434
6145 3188 424
6146 494 495
6147 3581 557
6148 4701 488
6149 4101 359
6150 1966 432
6151 2302 382
6152 5115 487
6153 3958 301
6154 0 -1
6155 4062 385
6156 0 -1
6157 516 441
6158 2194 394
6159 3621 562
6160 4942 448
6161 5156 492
6162 3855 165
6163 2794 343
6164 459 200
6165 5910 388
6166 2804 400
6167 2364 497
6168 660 577
6169 3681 565
6170 3277 563
6171 1693 480
6172 4528 425
6173 2114 470
6174 4217 377
6175 132 380
6176 5229 408
6177 2800 329
6178 5810 489
6179 1358 487
6180 4907 416
6181 1115 451
6182 0 -1
6183 4663 390
6184 2896 468
6185 3770 497
6186 2295 510
6187 3637 461
6188 1424 487
6189 2308 476
6190 5499 416
6191 2158 603
6192 2417 376
6193 2400 472
6194 4265 431
6195 987 554
6196 2106 407
6197 4957 529
6198 0 -1
6199 2915 522
6200 6047 463
6201 5477 519
6202 2780 520
6203 6098 496
6204 3443 390
6205 3437 423
6206 470 356
6207 3437 384
6208 5465 573
6209 3692 583
6210 0 -1
6211 4889 426
6212 315 387
6213 4480 342
6214 5907 467
6215 2448 409
6216 4731 539
6217 3229 454
6218 5904 435
6219 3450 500
6220 0 -1
6221 1170 472
6222 4241 430
6223 6432 583
6224 4691 478
6225 4191 431
6226 5859 435
6227 2146 544
6228 1385 379
6229 3056 428
6230 2775 271
6231 2715 270
6232 3226 354
6233 421 458
6234 0 -1
6235 2715 259
6236 5935 431
6237 1697 479
6238 0 -1
6239 1415 328
6240 5596 488
6241 4223 463
6242 5952 430
6243 4651 483
6244 3750 443
6245 5398 398
6246 4743 462
6247 5221 342
6248 2259 467
6249 6346 483
6250 1762 372
6251 3522 518
6252 3134 524
6253 4994 428
6254 2795 480
6255 2719 418
6256 5799 357
6257 6597 471
6258 1516 404
6259 3677 489
6260 4457 503
6261 2016 499
6262 6296 491
6263 0 -1
6264 6193 472
6265 2199 425
6266 2829 486
6267 3845 473
6268 134 517
6269 2739 462
6270 1996 389
6271 1817 443
6272 5786 527
6273 6362 472
6274 3251 427
6275 0 -1
6276 1500 398
6277 6242 499
6278 663 318
6279 1478 467
6280 3602 363
6281 4149 585
6282 2356 391
6283 1448 516
6284 247 494
6285 1961 393
6286 1786 573
6287 3228 401
6288 2902 348
6289 3044 441
6290 3774 499
6291 5817 413
6292 0 -1
6293 3076 500
6294 6454 365
6295 5564 472
6296 2068 427
6297 844 378
6298 3394 507
6299 2361 491
6300 5588 473
6301 2870 339
6302 2319 518
6303 196 458
6304 927 472
6305 2935 494
6306 0 -1
6307 4858 374
6308 0 -1
6309 1966 450
6310 995 378
6311 6440 534
6312 1098 410
6313 857 577
6314 3644 868
6315 5395 473
6316 4935 507
6317 999 352
6318 6545 471
6319 4591 429
6320 96 441
6321 777 476
6322 2699 585
6323 6307 448
6324 5499 381
6325 4715 481
6326 5932 283
6327 4295 559
6328 5455 291
6329 6488 396
6330 2528 483
6331 1005 376
6332 4827 463
6333 4007 421
6334 4252 351
6335 1404 460
6336 5291 411
6337 3197 344
6338 0 -1
6339 5946 439
6340 1431 348
6341 4307 469
6342 4800 328
6343 2808 395
6344 3299 484
6345 2167 497
6346 2418 390
6347 2547 350
6348 4280 473
6349 767 496
6350 4752 412
6351 1806 426
6352 794 506
6353 110 528
6354 6163 393
6355 362 620
6356 1781 645
6357 0 -1
6358 1278 372
6359 2188 435
6360 2400 409
6361 2788 522
6362 4387 437
6363 4403 354
6364 2115 548
6365 1071 463
6366 5033 530
6367 263 438
6368 4371 578
6369 4577 430
6370 0 -1
6371 4000 675
6372 5260 434
6373 639 445
6374 4360 350
6375 3449 468
6376 4302 582
6377 6542 417
6378 1097 451
6379 3525 492
6380 6023 395
6381 0 -1
6382 2735 483
6383 4937 427
6384 1186 485
6385 5111 546
6386 1830 367
6387 5109 544
6388 4798 448
6389 1175 474
6390 6225 531
6391 2106 471
6392 2103 358
6393 24 425
6394 4577 459
6395 2559 379
6396 2776 390
6397 6578 582
6398 5407 521
6399 2489 419
6400 0 -1
6401 969 511
6402 3671 427
6403 5034 525
6404 4095 486
6405 5293 499
6406 1737 458
6407 3928 496
6408 1550 526
6409 4719 542
6410 2700 396
6411 4707 476
6412 4194 497
6413 4596 256
6414 0 -1
6415 0 -1
6416 2440 475
6417 3380 443
6418 0 -1
6419 2741 329
6420 4582 544
6421 6589 559
6422 1468 469
6423 0 -1
6424 4493 362
6425 0 -1
6426 3193 378
6427 418 409
6428 0 -1
6429 6108 441
6430 1601 407
6431 4580 450
6432 1060 502
6433 1705 394
6434 5340 450
6435 5582 392
6436 4728 472
6437 5167 449
6438 1405 479
6439 175 491
6440 3666 529
6441 113 456
6442 1206 393
6443 5777 552
6444 6429 487
6445 3190 472
6446 3554 563
6447 3549 347
6448 1384 444
6449 548 456
6450 1892 329
6451 1462 417
6452 1068 510
6453 0 -1
6454 3239 354
6455 2565 388
6456 5323 397
6457 1825 418
6458 2640 522
6459 6056 378
6460 1871 398
6461 3078 219
6462 5107 486
6463 4519 559
6464 5282 449
6465 2834 466
6466 900 435
6467 4022 487
6468 6158 464
6469 2872 515
6470 6207 425
6471 6143 489
6472 0 -1
6473 2566 543
6474 6475 421
6475 3971 379
6476 4994 482
6477 1126 399
6478 2620 363
6479 4134 443
6480 1974 456
6481 4255 514
6482 1408 306
6483 1760 289
6484 3576 397
6485 3204 412
6486 4849 616
6487 925 492
6488 2516 375
6489 589 508
6490 2777 470
6491 6551 513
6492 3546 507
6493 4182 385
6494 1658 522
6495 2523 448
6496 5260 494
6497 1631 552
6498 1667 495
6499 3207 500
6500 2985 388
6501 5768 549
6502 1796 559
6503 6265 476
6504 3449 440
6505 1952 426
6506 3542 407
6507 526 422
6508 557 462
6509 6378 501
6510 5782 368
6511 5617 476
6512 4748 404
6513 2809 524
6514 0 -1
6515 6285 417
6516 5085 562
6517 1352 517
6518 6293 528
6519 4993 471
6520 5369 519
6521 4938 647
6522 857 552
6523 4114 369
6524 6118 399
6525 759 490
6526 2764 296
6527 1283 521
6528 2529 447
6529 3797 458
6530 2752 437
6531 4391 382
6532 6499 513
6533 5413 436
6534 3921 487
6535 1968 454
6536 790 480
6537 2101 423
6538 4597 522
6539 5454 496
6540 3673 520
6541 1358 472
6542 1108 350
6543 6483 377
6544 3708 486
6545 2864 420
6546 2944 457
6547 3034 381
6548 1537 497
6549 2193 269
6550 944 440
6551 1836 469
6552 3681 614
6553 6231 313
6554 4479 458
6555 5700 471
6556 3418 449
6557 2168 409
6558 5627 462
6559 3607 433
6560 5952 457
6561 3582 288
6562 3799 412
6563 4437 370
6564 2772 545
6565 6160 487
6566 757 366
6567 2805 402
6568 3943 502
6569 2467 221
6570 4289 381
6571 657 440
6572 1629 493
6573 119 472
6574 255 520
6575 2724 466
6576 4909 439
6577 2701 463
6578 6438 552
6579 2901 451
6580 3662 358
6581 2559 340
6582 0 -1
6583 0 -1
6584 6524 502
6585 1343 424
6586 3496 378
6587 2813 375
6588 4289 375
6589 5650 495
6590 4587 354
6591 4283 372
6592 1357 500
6593 0 -1
6594 1088 320
6595 2103 349
6596 5100 465
6597 336 453
6598 3508 458
6599 2355 535
6600 18 505
