28
1 0 -1
2 3470 562
3 0 -1
4 6032 506
5 5624 496
6 0 -1
7 2732 495
8 378 292
9 192 423
10 3773 409
11 6527 394
12 0 -1
13 2441 415
14 2711 397
15 1809 345
16 3067 540
17 6475 388
18 6346 364
19 5431 496
20 3615 364
21 4310 375
22 5484 498
23 1293 549
24 2859 310
25 151 506
26 4645 518
27 5499 430
28 28 0
29 4855 516
30 3881 541
31 0 -1
32 116 438
33 5737 404
34 1486 279
35 3484 471
36 2248 330
37 4818 352
38 5902 472
39 4330 526
40 5840 399
41 3369 403
42 2019 456
43 558 477
44 2815 398
45 1283 439
46 134 445
47 1617 734
48 790 449
49 4119 499
50 3169 502
51 3112 537
52 855 442
53 2271 551
54 1702 476
55 3324 500
56 4057 463
57 4190 288
58 0 -1
59 1504 467
60 795 434
61 3728 411
62 2317 434
63 2359 364
64 4824 616
65 1562 432
66 1652 431
67 5642 463
68 0 -1
69 3382 560
70 4190 335
71 906 333
72 3826 479
73 6377 540
74 1053 448
75 4233 395
76 6051 462
77 5142 498
78 410 408
79 110 479
80 4085 436
81 2602 531
82 1108 421
83 101 476
84 2074 469
85 4959 351
86 6301 305
87 4286 499
88 3510 384
89 5345 458
90 20 374
91 227 297
92 0 -1
93 4281 422
94 1782 516
95 311 388
96 1623 393
97 3520 287
98 1126 523
99 6196 319
100 5871 425
101 4354 475
102 4115 493
103 4544 331
104 2593 424
105 4525 352
106 1292 482
107 5962 396
108 5195 386
109 924 418
110 1247 411
111 6464 471
112 3034 547
113 2085 343
114 2851 379
115 2537 491
116 1311 433
117 939 471
118 786 443
119 4672 548
120 3289 704
121 3867 584
122 4339 372
123 99 361
124 0 -1
125 6136 385
126 4100 369
127 1353 383
128 5139 326
129 5545 404
130 1436 511
131 5783 410
132 3617 485
133 3117 467
134 3709 427
135 1253 333
136 1491 380
137 337 529
138 0 -1
139 3453 504
140 2701 470
141 2157 480
142 679 394
143 5953 402
144 1488 368
145 2453 323
146 3013 525
147 3003 432
148 363 420
149 129 448
150 797 509
151 3851 415
152 528 601
153 4123 411
154 5218 321
155 4596 473
156 1277 433
157 0 -1
158 3497 377
159 4421 588
160 1932 423
161 1968 304
162 1900 574
163 5715 405
164 5680 438
165 0 -1
166 2602 520
167 832 440
168 4970 457
169 1227 461
170 1054 404
171 0 -1
172 3032 400
173 3080 453
174 4438 533
175 4084 518
176 1059 433
177 3570 386
178 3798 278
179 3946 393
180 1767 378
181 3862 303
182 4258 486
183 2409 447
184 3136 547
185 4619 494
186 6061 503
187 6334 387
188 6361 429
189 2756 453
190 0 -1
191 1933 480
192 6503 423
193 5361 583
194 6082 441
195 0 -1
196 5671 391
197 1323 603
198 6041 466
199 2248 309
200 5568 441
201 3771 550
202 2143 504
203 2941 421
204 4335 433
205 284 537
206 1705 439
207 3414 482
208 4526 399
209 6266 485
210 3676 386
211 6278 410
212 0 -1
213 6526 357
214 6566 460
215 4510 427
216 1704 583
217 1451 491
218 3897 424
219 2859 345
220 5591 552
221 5163 457
222 4360 502
223 5224 457
224 0 -1
225 0 -1
226 1302 593
227 2149 192
228 2043 489
229 2174 319
230 548 481
231 2783 467
232 4537 467
233 2494 426
234 3256 527
235 6099 688
236 3801 456
237 0 -1
238 3034 476
239 1849 449
240 2639 398
241 4544 300
242 0 -1
243 18 415
244 1307 441
245 5612 464
246 842 456
247 2259 472
248 5139 359
249 870 539
250 1338 508
251 2053 565
252 1923 496
253 0 -1
254 615 417
255 5540 465
256 2485 516
257 4046 457
258 3244 468
259 0 -1
260 4942 507
261 467 521
262 5633 476
263 2595 425
264 1530 451
265 147 473
266 279 541
267 274 465
268 4621 316
269 1809 400
270 407 476
271 3932 412
272 1056 481
273 3181 566
274 359 421
275 4583 416
276 1307 425
277 0 -1
278 337 496
279 5540 448
280 5321 364
281 925 394
282 3630 393
283 1809 347
284 1289 441
285 5697 583
286 1508 459
287 0 -1
288 5225 375
289 683 396
290 93 438
291 2803 471
292 4920 504
293 5711 464
294 665 452
295 0 -1
296 1667 413
297 1784 344
298 5768 393
299 6048 414
300 3367 717
301 1959 380
302 4671 356
303 3641 510
304 461 476
305 4506 323
306 4294 557
307 3620 486
308 2137 356
309 3960 531
310 0 -1
311 4179 360
312 3009 438
313 2778 597
314 3661 239
315 5059 389
316 40 407
317 6137 453
318 3050 458
319 0 -1
320 6055 526
321 482 441
322 2606 456
323 5696 479
324 5016 523
325 4668 381
326 5323 388
327 3121 516
328 5225 324
329 6176 353
330 0 -1
331 5438 516
332 1088 499
333 3456 415
334 4248 429
335 2752 415
336 4224 448
337 5262 438
338 2518 409
339 1149 423
340 3115 431
341 2582 578
342 5417 483
343 5570 472
344 4585 390
345 4640 347
346 2653 240
347 6267 392
348 3707 436
349 2514 400
350 6236 373
351 530 221
352 5209 406
353 3467 503
354 2839 474
355 4762 461
356 982 517
357 5805 480
358 0 -1
359 685 355
360 2852 464
361 2045 403
362 308 437
363 6168 330
364 2613 381
365 3276 465
366 1935 450
367 1550 397
368 4173 573
369 6243 494
370 3223 527
371 1970 406
372 1147 444
373 2631 422
374 2677 382
375 5577 445
376 2766 442
377 3176 484
378 3661 222
379 4793 498
380 0 -1
381 1740 525
382 911 487
383 664 566
384 2874 396
385 5144 366
386 5077 518
387 2346 300
388 3938 464
389 312 491
390 1439 459
391 6432 576
392 0 -1
393 2343 487
394 769 615
395 6413 357
396 5343 444
397 4340 491
398 4302 491
399 2653 274
400 0 -1
401 4690 450
402 1619 415
403 1114 500
404 5556 437
405 5798 637
406 3682 430
407 897 376
408 3189 417
409 6373 496
410 4123 305
411 5930 514
412 3204 496
413 301 431
414 3764 549
415 1885 480
416 469 466
417 653 460
418 158 449
419 5036 441
420 3347 514
421 2681 401
422 4658 454
423 5287 455
424 5469 422
425 19 514
426 793 459
427 4384 552
428 1253 427
429 5703 395
430 569 459
431 1321 440
432 749 447
433 4259 439
434 349 428
435 5102 452
436 1247 416
437 4984 402
438 4983 446
439 2858 609
440 1722 489
441 3851 367
442 1530 426
443 5577 442
444 4924 438
445 23 578
446 39 537
447 1447 474
448 4937 507
449 2425 451
450 4940 615
451 0 -1
452 1960 379
453 766 442
454 4790 428
455 5837 303
456 1732 474
457 4804 575
458 1940 478
459 5196 378
460 1224 519
461 2895 368
462 1647 535
463 4670 442
464 4671 404
465 2111 500
466 2133 339
467 489 437
468 553 450
469 1777 415
470 97 299
471 3224 460
472 807 496
473 3595 463
474 467 478
475 3807 385
476 6580 522
477 3292 532
478 41 433
479 3382 457
480 5678 406
481 6368 660
482 5005 433
483 583 445
484 4770 586
485 2168 383
486 2408 389
487 3243 257
488 1945 546
489 2716 364
490 5544 615
491 1833 428
492 1803 425
493 164 473
494 2584 512
495 654 517
496 4435 481
497 4695 485
498 6354 467
499 0 -1
500 2696 467
501 0 -1
502 4448 395
503 3255 383
504 1852 576
505 4219 495
506 5020 404
507 3765 498
508 4998 671
509 5169 539
510 5962 427
511 4847 493
512 4153 391
513 4944 522
514 2110 408
515 1875 507
516 79 497
517 6129 355
518 3407 478
519 3175 496
520 2003 523
521 3571 574
522 2738 445
523 940 374
524 4589 437
525 0 -1
526 1583 226
527 1440 438
528 3323 584
529 5075 389
530 4685 221
531 4597 527
532 2734 252
533 4491 468
534 0 -1
535 6596 429
536 3322 483
537 3766 475
538 2693 512
539 473 468
540 3603 420
541 5975 532
542 5904 516
543 1916 421
544 3205 407
545 6594 397
546 3765 466
547 6365 553
548 5259 423
549 0 -1
550 487 316
551 5135 435
552 629 376
553 4448 398
554 2539 395
555 3412 311
556 2045 395
557 1791 377
558 1997 472
559 5275 391
560 0 -1
561 5545 385
562 3201 387
563 2930 469
564 3422 405
565 4025 477
566 3101 497
567 4315 487
568 114 416
569 2962 424
570 4869 423
571 0 -1
572 1536 481
573 1797 679
574 6188 406
575 4536 416
576 3880 499
577 4992 482
578 944 446
579 3226 461
580 3171 400
581 1960 424
582 447 561
583 6369 443
584 5919 432
585 144 483
586 2893 753
587 4700 355
588 1409 411
589 630 564
590 3200 415
591 4143 460
592 1153 431
593 3756 461
594 4446 470
595 4989 474
596 4406 464
597 1589 443
598 1644 433
599 126 371
600 0 -1
601 5140 505
602 192 487
603 2783 437
604 1122 296
605 178 294
606 1786 554
607 2965 611
608 4240 420
609 2823 372
610 0 -1
611 4910 422
612 5838 451
613 5378 432
614 2506 439
615 1756 332
616 5825 488
617 3360 481
618 0 -1
619 2944 384
620 3431 387
621 4399 409
622 4353 374
623 0 -1
624 6535 457
625 1377 517
626 3189 440
627 6161 502
628 2724 451
629 5806 313
630 3784 446
631 2286 364
632 850 510
633 2847 569
634 4816 571
635 1889 559
636 192 440
637 5850 473
638 1560 485
639 3537 400
640 5632 532
641 5516 447
642 3603 339
643 2465 365
644 2138 350
645 0 -1
646 2217 433
647 574 407
648 5063 336
649 0 -1
650 6309 400
651 682 571
652 321 540
653 1466 454
654 4164 487
655 0 -1
656 1927 453
657 5236 312
658 2484 484
659 2306 418
660 1584 252
661 5462 592
662 2409 446
663 5768 451
664 4393 527
665 6523 351
666 176 471
667 1676 414
668 2210 467
669 2233 324
670 2449 473
671 6254 524
672 5751 377
673 6032 570
674 6230 547
675 3434 476
676 1708 474
677 3541 425
678 5908 338
679 6289 341
680 2926 414
681 401 469
682 2220 479
683 2174 331
684 5528 490
685 2698 326
686 1271 429
687 3366 463
688 4760 593
689 4493 513
690 2874 416
691 151 429
692 496 552
693 4984 439
694 5409 433
695 241 361
696 4095 402
697 2944 379
698 4097 472
699 6216 601
700 839 447
701 914 540
702 3410 353
703 3019 496
704 3570 342
705 2506 425
706 3201 434
707 2640 579
708 4222 628
709 3973 471
710 724 537
711 4136 492
712 2576 482
713 288 415
714 4581 425
715 3243 321
716 5231 311
717 5568 433
718 408 453
719 2084 448
720 0 -1
721 2642 518
722 5455 476
723 4226 482
724 361 448
725 2236 295
726 5499 423
727 937 429
728 4352 438
729 6016 448
730 1018 504
731 114 432
732 140 473
733 1672 486
734 1755 455
735 5875 403
736 2101 384
737 5657 620
738 5187 394
739 4032 394
740 5280 376
741 1007 508
742 2323 420
743 6232 493
744 6500 466
745 6003 494
746 3690 428
747 2696 458
748 5093 436
749 4583 391
750 5732 280
751 1293 501
752 1553 425
753 1136 603
754 5167 546
755 999 468
756 3532 508
757 5332 420
758 3898 471
759 1057 480
760 704 378
761 4270 443
762 1889 642
763 1385 414
764 1002 483
765 5115 282
766 2236 335
767 5768 344
768 4553 436
769 3086 503
770 4100 473
771 3939 478
772 3650 397
773 4734 490
774 3215 450
775 6464 506
776 2735 373
777 3055 435
778 2035 558
779 1715 505
780 557 432
781 3393 450
782 4094 548
783 2756 492
784 413 431
785 5258 464
786 325 435
787 5671 432
788 6270 429
789 0 -1
790 2747 434
791 1288 417
792 971 430
793 5649 407
794 2642 461
795 816 334
796 1597 610
797 1472 427
798 2270 393
799 4405 504
800 1999 509
801 3307 493
802 5275 371
803 0 -1
804 4692 359
805 345 348
806 1295 498
807 2267 428
808 3615 427
809 3965 617
810 0 -1
811 852 707
812 4671 348
813 3649 605
814 3154 538
815 0 -1
816 1584 282
817 6243 594
818 476 614
819 0 -1
820 0 -1
821 5520 483
822 4442 568
823 923 556
824 5502 380
825 4663 604
826 4222 570
827 910 409
828 5586 485
829 3083 522
830 4928 375
831 1103 622
832 812 367
833 4830 537
834 1090 402
835 6218 484
836 558 478
837 6314 849
838 4985 399
839 5302 399
840 4254 343
841 5784 481
842 5834 451
843 1235 453
844 2027 367
845 6265 347
846 954 522
847 937 491
848 1404 299
849 3736 376
850 2706 449
851 6548 550
852 2320 607
853 5498 349
854 3459 378
855 487 347
856 1574 515
857 2840 529
858 5821 345
859 3231 471
860 4259 493
861 2668 486
862 0 -1
863 4159 392
864 5952 384
865 5428 386
866 4473 473
867 668 483
868 4544 356
869 4342 494
870 5499 471
871 6113 580
872 0 -1
873 3570 406
874 351 240
875 3208 349
876 3198 457
877 2785 474
878 402 491
879 4876 517
880 200 449
881 6296 536
882 3365 582
883 0 -1
884 5400 385
885 1526 495
886 5754 427
887 312 535
888 6224 573
889 1757 506
890 1712 470
891 2306 432
892 2859 362
893 6574 171
894 924 436
895 1339 549
896 5738 433
897 3410 368
898 5598 512
899 5644 472
900 1383 491
901 4600 381
902 3530 506
903 88 476
904 766 450
905 2625 408
906 1551 301
907 537 481
908 3632 556
909 4095 455
910 4670 378
911 2042 441
912 1077 191
913 2316 474
914 6492 452
915 3855 362
916 1368 525
917 3701 392
918 1822 442
919 4963 511
920 4512 561
921 4914 543
922 2466 386
923 406 462
924 378 339
925 5545 354
926 3901 391
927 5321 393
928 1205 472
929 4608 755
930 4787 623
931 76 492
932 5556 371
933 5409 463
934 1759 473
935 0 -1
936 6194 519
937 2681 410
938 5173 493
939 968 420
940 4391 373
941 5596 399
942 1343 464
943 247 520
944 2926 430
945 2106 358
946 6480 484
947 5331 395
948 0 -1
949 3508 444
950 2147 506
951 4173 555
952 4167 497
953 3737 476
954 4923 411
955 2947 555
956 1038 544
957 2205 513
958 4573 418
959 4963 494
960 4523 421
961 0 -1
962 5101 473
963 5303 360
964 0 -1
965 4871 496
966 6503 408
967 3121 433
968 5190 420
969 1140 369
970 5029 445
971 4310 365
972 864 409
973 3950 480
974 5097 470
975 5449 446
976 3422 417
977 2899 407
978 0 -1
979 2378 465
980 4879 519
981 0 -1
982 6390 399
983 746 454
984 2290 462
985 770 541
986 5263 587
987 564 452
988 4101 379
989 67 543
990 4751 379
991 2878 378
992 0 -1
993 0 -1
994 968 488
995 5338 454
996 2439 472
997 704 415
998 2817 426
999 4836 429
1000 2891 428
1001 42 565
1002 4068 416
1003 3244 479
1004 4655 403
1005 2091 502
1006 583 485
1007 1909 482
1008 41 453
1009 5383 462
1010 0 -1
1011 0 -1
1012 3123 602
1013 677 440
1014 1608 528
1015 4522 463
1016 5268 348
1017 2122 390
1018 302 472
1019 2353 558
1020 4548 549
1021 1622 359
1022 5151 262
1023 4058 453
1024 1299 356
1025 4383 412
1026 2106 371
1027 4133 406
1028 1893 463
1029 486 493
1030 1902 441
1031 2464 574
1032 2112 495
1033 4821 566
1034 1246 605
1035 5729 462
1036 5011 598
1037 5123 455
1038 2605 424
1039 5139 331
1040 3250 476
1041 2081 560
1042 4756 546
1043 5169 436
1044 910 458
1045 5619 528
1046 230 601
1047 0 -1
1048 489 386
1049 5129 442
1050 509 548
1051 2267 489
1052 72 490
1053 122 426
1054 3917 372
1055 596 540
1056 1509 473
1057 4105 389
1058 1140 399
1059 561 393
1060 2216 455
1061 2074 488
1062 3917 374
1063 3316 351
1064 3327 466
1065 2950 442
1066 4938 553
1067 0 -1
1068 4310 410
1069 4903 577
1070 1479 418
1071 5163 521
1072 4510 423
1073 3273 390
1074 176 511
1075 2655 549
1076 4690 375
1077 5131 177
1078 2365 487
1079 966 498
1080 147 442
1081 101 563
1082 5447 436
1083 6049 530
1084 1101 370
1085 0 -1
1086 2696 435
1087 0 -1
1088 4416 442
1089 0 -1
1090 3520 297
1091 0 -1
1092 3693 432
1093 893 228
1094 1522 460
1095 4993 547
1096 1403 314
1097 6591 482
1098 4264 451
1099 154 391
1100 3544 639
1101 6199 351
1102 4652 295
1103 3670 520
1104 4158 414
1105 2053 589
1106 23 549
1107 0 -1
1108 4943 343
1109 4515 561
1110 717 484
1111 3091 483
1112 4912 401
1113 1289 378
1114 3228 470
1115 3437 256
1116 0 -1
1117 2325 525
1118 4942 544
1119 3929 408
1120 1634 585
1121 977 474
1122 912 198
1123 3154 494
1124 5305 401
1125 4354 454
1126 1896 481
1127 2500 500
1128 1313 473
1129 1709 483
1130 3802 385
1131 4913 412
1132 3096 528
1133 4422 407
1134 5308 455
1135 914 493
1136 4336 506
1137 0 -1
1138 2941 436
1139 4420 456
1140 1583 343
1141 1472 336
1142 3533 398
1143 3608 349
1144 1218 428
1145 4429 485
1146 0 -1
1147 3650 334
1148 299 470
1149 4422 393
1150 963 476
1151 5207 690
1152 4899 584
1153 6476 332
1154 2856 375
1155 5716 516
1156 621 509
1157 0 -1
1158 5997 469
1159 1783 550
1160 554 478
1161 3356 467
1162 5736 519
1163 2653 286
1164 2417 379
1165 85 408
1166 1684 548
1167 3871 348
1168 5847 463
1169 5693 560
1170 5327 442
1171 5258 492
1172 4044 489
1173 5210 498
1174 5699 386
1175 6269 373
1176 473 510
1177 2799 418
1178 4767 509
1179 1344 546
1180 4362 380
1181 4685 328
1182 2095 455
1183 236 486
1184 2990 508
1185 4339 361
1186 4753 256
1187 704 352
1188 275 484
1189 6496 497
1190 3158 632
1191 3128 498
1192 1582 436
1193 6555 521
1194 3412 409
1195 2174 391
1196 1784 368
1197 4831 419
1198 349 445
1199 3953 366
1200 1315 545
1201 5082 457
1202 1288 356
1203 4667 657
1204 2533 432
1205 6332 439
1206 6252 402
1207 6225 355
1208 4426 438
1209 3016 341
1210 6461 429
1211 2120 468
1212 2687 412
1213 5214 474
1214 2683 261
1215 5228 446
1216 3926 639
1217 3527 708
1218 609 423
1219 3860 495
1220 3540 390
1221 5607 331
1222 167 449
1223 6366 583
1224 4090 467
1225 945 446
1226 5650 355
1227 2323 399
1228 6076 441
1229 3247 519
1230 6078 497
1231 0 -1
1232 5723 431
1233 0 -1
1234 5934 502
1235 854 442
1236 2791 416
1237 3475 536
1238 1347 439
1239 1856 523
1240 2985 499
1241 1895 413
1242 3295 442
1243 6439 443
1244 3259 394
1245 0 -1
1246 4316 578
1247 3192 354
1248 5709 549
1249 4057 483
1250 5545 360
1251 1500 430
1252 2556 548
1253 4591 328
1254 3003 426
1255 4910 470
1256 6371 662
1257 4791 443
1258 4476 459
1259 4342 482
1260 5169 424
1261 2878 418
1262 6509 437
1263 5053 568
1264 5225 415
1265 2183 437
1266 2580 539
1267 2111 432
1268 1195 491
1269 3316 390
1270 3302 255
1271 1284 405
1272 5956 421
1273 1254 430
1274 2880 356
1275 782 615
1276 3251 312
1277 359 375
1278 5268 326
1279 6121 554
1280 2070 496
1281 1724 532
1282 1655 615
1283 485 433
1284 6526 389
1285 3764 552
1286 1509 489
1287 2731 650
1288 1827 332
1289 1278 337
1290 1174 422
1291 4368 466
1292 1334 471
1293 6231 485
1294 5877 411
1295 6119 418
1296 1044 528
1297 0 -1
1298 6531 398
1299 3208 316
1300 177 415
1301 4719 499
1302 2193 501
1303 3316 394
1304 6188 421
1305 0 -1
1306 2138 435
1307 3773 425
1308 4762 434
1309 5605 646
1310 4291 465
1311 6444 396
1312 1209 410
1313 2297 457
1314 4246 462
1315 581 519
1316 0 -1
1317 3503 473
1318 5632 608
1319 1822 420
1320 1622 380
1321 5884 434
1322 5366 394
1323 186 540
1324 0 -1
1325 1719 603
1326 1405 459
1327 6305 537
1328 5735 603
1329 3651 368
1330 1805 526
1331 2312 442
1332 0 -1
1333 160 517
1334 90 382
1335 1308 461
1336 4554 477
1337 6110 379
1338 3782 493
1339 1228 546
1340 741 549
1341 912 196
1342 1525 249
1343 17 431
1344 5031 483
1345 5627 500
1346 6508 413
1347 6547 410
1348 2689 420
1349 3534 543
1350 3995 333
1351 1369 442
1352 5277 466
1353 1968 328
1354 3092 377
1355 5755 450
1356 2016 560
1357 3119 506
1358 3721 450
1359 0 -1
1360 2238 359
1361 4482 536
1362 3640 622
1363 1131 422
1364 682 518
1365 2981 529
1366 5800 541
1367 3088 538
1368 972 498
1369 5644 440
1370 1083 540
1371 1537 500
1372 2921 449
1373 812 354
1374 4631 613
1375 1500 414
1376 0 -1
1377 3774 493
1378 0 -1
1379 6402 526
1380 0 -1
1381 416 523
1382 4563 512
1383 1351 478
1384 2691 484
1385 470 314
1386 1731 467
1387 3541 399
1388 886 439
1389 156 529
1390 4444 433
1391 867 528
1392 4133 373
1393 280 441
1394 1064 567
1395 312 475
1396 5360 543
1397 6174 481
1398 1885 540
1399 3939 525
1400 2186 604
1401 1293 495
1402 1066 554
1403 2342 282
1404 3862 282
1405 6498 449
1406 4606 604
1407 5716 543
1408 5161 491
1409 4640 359
1410 6297 396
1411 0 -1
1412 1932 412
1413 2172 478
1414 0 -1
1415 1762 339
1416 6361 432
1417 4174 451
1418 252 512
1419 3862 364
1420 3118 445
1421 947 505
1422 0 -1
1423 5352 496
1424 6168 369
1425 5686 387
1426 849 417
1427 1933 425
1428 2645 510
1429 906 377
1430 4780 482
1431 2152 470
1432 154 333
1433 715 399
1434 506 469
1435 5348 567
1436 4596 428
1437 3386 527
1438 0 -1
1439 1773 440
1440 3251 326
1441 884 409
1442 5290 530
1443 142 412
1444 2339 454
1445 2892 436
1446 5575 389
1447 5446 401
1448 3953 373
1449 2681 488
1450 1987 586
1451 3169 453
1452 3169 442
1453 4862 458
1454 4778 471
1455 0 -1
1456 5239 383
1457 3115 432
1458 2794 486
1459 4700 323
1460 2005 575
1461 834 437
1462 489 403
1463 3200 506
1464 1739 433
1465 3675 508
1466 5586 436
1467 3027 560
1468 726 428
1469 2069 382
1470 5106 504
1471 6547 452
1472 3044 316
1473 5607 253
1474 5411 299
1475 158 450
1476 5531 454
1477 3121 504
1478 6454 403
1479 6470 345
1480 5848 489
1481 187 396
1482 1559 483
1483 4153 490
1484 1937 595
1485 0 -1
1486 2683 270
1487 6537 382
1488 3208 345
1489 4826 528
1490 1877 572
1491 4391 324
1492 0 -1
1493 0 -1
1494 0 -1
1495 2253 414
1496 1369 474
1497 4924 431
1498 280 392
1499 5912 78
1500 1525 336
1501 2159 466
1502 1428 565
1503 3226 399
1504 85 402
1505 5314 395
1506 2170 526
1507 3876 507
1508 34 339
1509 6512 446
1510 4669 442
1511 6255 507
1512 173 479
1513 6429 349
1514 480 472
1515 5366 422
1516 3285 430
1517 4852 478
1518 2560 478
1519 2146 474
1520 0 -1
1521 4974 535
1522 5764 435
1523 0 -1
1524 2518 351
1525 3602 234
1526 5445 408
1527 1260 428
1528 4329 537
1529 2168 437
1530 4355 370
1531 5057 332
1532 4088 477
1533 6010 511
1534 1276 352
1535 3432 492
1536 6379 451
1537 3049 455
1538 4875 532
1539 5761 454
1540 6393 364
1541 5119 350
1542 524 510
1543 6133 494
1544 3598 481
1545 3950 538
1546 0 -1
1547 1026 389
1548 5639 451
1549 4855 553
1550 1341 286
1551 5131 262
1552 2059 437
1553 858 401
1554 4042 372
1555 0 -1
1556 4248 358
1557 3800 535
1558 5570 544
1559 3347 455
1560 2645 464
1561 374 397
1562 5521 403
1563 2406 471
1564 1583 323
1565 0 -1
1566 6492 507
1567 4187 540
1568 0 -1
1569 2677 359
1570 3152 466
1571 3848 524
1572 4737 481
1573 356 543
1574 5338 413
1575 4633 547
1576 4182 525
1577 4412 587
1578 685 356
1579 0 -1
1580 4152 475
1581 2635 599
1582 5698 408
1583 2060 223
1584 6574 206
1585 1531 391
1586 1860 447
1587 2625 440
1588 26 571
1589 213 379
1590 3344 550
1591 2315 338
1592 1917 510
1593 5973 526
1594 6168 354
1595 3548 400
1596 90 479
1597 2380 510
1598 3927 398
1599 6467 488
1600 4836 460
1601 3830 446
1602 1833 444
1603 2344 466
1604 2248 301
1605 6144 490
1606 2535 465
1607 4980 502
1608 736 415
1609 4990 428
1610 4331 375
1611 0 -1
1612 77 500
1613 4633 468
1614 3643 494
1615 2793 538
1616 1223 666
1617 130 614
1618 3565 391
1619 2342 363
1620 5331 434
1621 468 541
1622 1459 334
1623 3798 354
1624 2425 446
1625 1746 482
1626 2570 491
1627 5881 441
1628 2261 456
1629 3063 525
1630 1516 451
1631 6537 443
1632 4292 584
1633 5870 452
1634 6162 468
1635 4594 459
1636 6564 440
1637 4408 406
1638 2730 412
1639 2115 481
1640 3831 453
1641 1104 429
1642 2518 403
1643 5225 354
1644 5100 391
1645 359 446
1646 4159 460
1647 6076 463
1648 3802 404
1649 0 -1
1650 4279 512
1651 4974 430
1652 5225 348
1653 5526 332
1654 846 593
1655 1059 512
1656 5502 296
1657 5297 478
1658 4273 333
1659 4928 468
1660 2784 505
1661 793 414
1662 6507 329
1663 6239 441
1664 4033 421
1665 66 508
1666 6561 367
1667 5738 365
1668 3783 344
1669 2774 575
1670 3351 391
1671 0 -1
1672 1941 379
1673 65 441
1674 5969 405
1675 1582 450
1676 3772 377
1677 3838 406
1678 2543 412
1679 969 459
1680 5901 392
1681 4251 396
1682 2374 502
1683 352 406
1684 3038 436
1685 2851 378
1686 3012 474
1687 2772 400
1688 3552 563
1689 0 -1
1690 491 489
1691 6598 462
1692 4505 338
1693 1153 365
1694 5088 497
1695 1130 436
1696 1238 533
1697 6526 430
1698 244 512
1699 2112 545
1700 4368 431
1701 1941 361
1702 795 446
1703 1236 510
1704 2291 543
1705 135 410
1706 942 537
1707 6454 449
1708 3196 363
1709 3511 421
1710 4285 421
1711 6172 440
1712 2644 411
1713 2309 494
1714 1756 377
1715 5783 398
1716 0 -1
1717 0 -1
1718 5341 422
1719 6066 484
1720 6367 495
1721 3475 503
1722 6511 479
1723 2824 459
1724 6100 491
1725 1719 543
1726 3068 478
1727 3596 401
1728 4481 509
1729 1481 508
1730 2751 569
1731 109 421
1732 6072 451
1733 4479 495
1734 1925 582
1735 0 -1
1736 954 478
1737 6110 379
1738 6346 354
1739 1860 429
1740 2377 444
1741 3799 334
1742 4687 474
1743 6245 493
1744 3510 383
1745 4583 393
1746 4263 424
1747 0 -1
1748 3598 396
1749 5301 465
1750 2812 425
1751 175 529
1752 3918 537
1753 0 -1
1754 482 444
1755 2417 361
1756 3862 305
1757 5135 396
1758 2056 576
1759 2106 382
1760 1350 372
1761 2446 356
1762 470 314
1763 906 403
1764 1497 477
1765 0 -1
1766 1272 536
1767 4254 325
1768 4996 412
1769 4450 548
1770 6063 432
1771 0 -1
1772 0 -1
1773 6176 360
1774 2921 471
1775 137 620
1776 6503 497
1777 6495 345
1778 5057 367
1779 1206 438
1780 3731 459
1781 2142 507
1782 4745 475
1783 355 502
1784 4873 318
1785 4912 407
1786 1405 515
1787 3459 374
1788 2359 433
1789 1534 426
1790 1194 458
1791 1662 362
1792 3194 456
1793 3402 263
1794 5189 431
1795 1745 408
1796 2141 467
1797 4036 643
1798 0 -1
1799 0 -1
1800 0 -1
1801 0 -1
1802 2615 550
1803 6168 307
1804 3087 421
1805 2441 411
1806 6297 446
1807 6535 413
1808 698 537
1809 4790 328
1810 4610 487
1811 108 442
1812 274 453
1813 4394 457
1814 4150 437
1815 4894 492
1816 3049 405
1817 1691 477
1818 2063 579
1819 1908 519
1820 0 -1
1821 5695 429
1822 5065 383
1823 401 520
1824 4098 519
1825 24 385
1826 1043 546
1827 685 330
1828 3830 459
1829 4760 482
1830 2689 419
1831 5162 430
1832 0 -1
1833 1141 358
1834 3265 437
1835 4966 531
1836 354 498
1837 136 381
1838 2483 499
1839 3293 560
1840 1873 353
1841 5367 688
1842 5208 415
1843 6232 466
1844 0 -1
1845 6268 482
1846 5115 277
1847 982 476
1848 5934 478
1849 2608 435
1850 5324 354
1851 6152 388
1852 1715 461
1853 192 430
1854 3764 461
1855 2873 386
1856 1647 511
1857 1333 580
1858 728 467
1859 5209 402
1860 2590 421
1861 1278 418
1862 2918 525
1863 828 537
1864 5159 474
1865 2889 558
1866 11 511
1867 2259 457
1868 1131 448
1869 3692 345
1870 5397 502
1871 1715 408
1872 5109 477
1873 3701 344
1874 3064 469
1875 3232 497
1876 0 -1
1877 5045 481
1878 1119 413
1879 4386 374
1880 3728 418
1881 0 -1
1882 6427 440
1883 2752 474
1884 6329 442
1885 4315 467
1886 0 -1
1887 316 429
1888 4003 443
1889 3343 551
1890 3594 534
1891 2045 423
1892 4254 432
1893 1618 445
1894 4499 654
1895 36 373
1896 5128 440
1897 6531 335
1898 2820 368
1899 0 -1
1900 3533 462
1901 4068 461
1902 1153 371
1903 3659 482
1904 3969 452
1905 4094 504
1906 0 -1
1907 161 321
1908 2328 435
1909 2426 400
1910 1035 524
1911 922 496
1912 4837 504
1913 0 -1
1914 3007 468
1915 2004 449
1916 5905 342
1917 3560 438
1918 293 493
1919 2631 421
1920 636 514
1921 5774 663
1922 1708 386
1923 4022 482
1924 4440 465
1925 3755 479
1926 359 432
1927 2111 439
1928 678 396
1929 697 473
1930 5897 422
1931 211 493
1932 4715 390
1933 834 404
1934 4002 442
1935 3369 393
1936 1591 362
1937 4857 590
1938 3414 446
1939 1016 386
1940 4173 466
1941 2236 293
1942 323 514
1943 2436 353
1944 2783 448
1945 3356 468
1946 5385 563
1947 2568 613
1948 2194 514
1949 6467 504
1950 2746 583
1951 2552 472
1952 4910 429
1953 2295 430
1954 4782 476
1955 5542 641
1956 603 517
1957 6136 351
1958 0 -1
1959 3762 378
1960 3942 377
1961 3384 401
1962 5289 569
1963 4970 475
1964 227 251
1965 0 -1
1966 1638 453
1967 0 -1
1968 4591 299
1969 2231 485
1970 4140 397
1971 5793 695
1972 5639 435
1973 0 -1
1974 5815 484
1975 3214 497
1976 1897 399
1977 4306 419
1978 6110 470
1979 6043 380
1980 415 504
1981 436 474
1982 0 -1
1983 1372 502
1984 0 -1
1985 1481 411
1986 5833 346
1987 1368 517
1988 3188 507
1989 4050 449
1990 910 480
1991 4150 488
1992 2267 456
1993 0 -1
1994 5960 450
1995 315 423
1996 4101 382
1997 2507 463
1998 4441 504
1999 1000 433
2000 6394 487
2001 0 -1
2002 5204 425
2003 485 454
2004 4364 413
2005 6396 512
2006 0 -1
2007 5935 512
2008 178 331
2009 5611 490
2010 1253 378
2011 0 -1
2012 3773 452
2013 3250 493
2014 5651 464
2015 772 431
2016 5654 502
2017 1111 506
2018 1288 402
2019 5383 419
2020 5541 640
2021 5417 557
2022 5965 510
2023 2322 632
2024 6384 435
2025 487 319
2026 3078 476
2027 1756 358
2028 0 -1
2029 1293 504
2030 0 -1
2031 399 394
2032 2673 417
2033 6492 471
2034 4471 476
2035 2993 464
2036 0 -1
2037 4174 483
2038 0 -1
2039 181 359
2040 5530 461
2041 5044 409
2042 1898 382
2043 456 476
2044 2453 392
2045 34 350
2046 1500 358
2047 545 451
2048 3697 474
2049 0 -1
2050 2417 367
2051 3797 587
2052 2787 401
2053 686 506
2054 1436 490
2055 6129 367
2056 4699 481
2057 373 429
2058 91 329
2059 3974 416
2060 1499 149
2061 2099 492
2062 4246 493
2063 1739 527
2064 1236 488
2065 647 496
2066 5734 428
2067 4885 438
2068 884 392
2069 4008 320
2070 2639 484
2071 2745 462
2072 3413 554
2073 6031 479
2074 4464 465
2075 5126 634
2076 0 -1
2077 2921 456
2078 3400 428
2079 5463 425
2080 5410 471
2081 5760 478
2082 6474 541
2083 4285 448
2084 5840 416
2085 4191 324
2086 6194 510
2087 634 625
2088 6066 498
2089 4699 484
2090 80 462
2091 5419 482
2092 3513 636
2093 3814 440
2094 523 390
2095 1202 440
2096 0 -1
2097 421 461
2098 4159 416
2099 3958 491
2100 6247 531
2101 2236 319
2102 5731 501
2103 5665 335
2104 396 455
2105 6054 413
2106 1473 267
2107 3842 451
2108 3994 541
2109 4812 505
2110 2027 406
2111 4793 429
2112 1651 438
2113 3132 603
2114 1552 446
2115 1294 453
2116 725 393
2117 5308 453
2118 6455 470
2119 5140 546
2120 6444 424
2121 5401 567
2122 2394 337
2123 6239 469
2124 2685 612
2125 1289 445
2126 3912 490
2127 5516 527
2128 0 -1
2129 848 339
2130 1059 458
2131 5597 261
2132 3281 534
2133 1299 322
2134 6315 464
2135 2940 423
2136 4987 507
2137 5236 316
2138 4273 315
2139 3325 533
2140 4527 520
2141 4408 405
2142 764 489
2143 714 454
2144 3385 465
2145 3044 278
2146 5785 453
2147 3473 470
2148 1469 471
2149 4093 89
2150 5729 361
2151 348 525
2152 1809 437
2153 588 458
2154 2274 348
2155 6297 486
2156 865 495
2157 6382 404
2158 430 508
2159 2312 401
2160 3927 342
2161 4166 498
2162 6345 396
2163 2866 409
2164 2784 422
2165 4302 487
2166 2440 420
2167 5065 318
2168 1209 345
2169 0 -1
2170 186 516
2171 3302 301
2172 4226 472
2173 4516 530
2174 3436 300
2175 4069 446
2176 4525 321
2177 4733 564
2178 4402 439
2179 4138 480
2180 1123 596
2181 6054 460
2182 6223 574
2183 1936 397
2184 5794 486
2185 2593 378
2186 355 493
2187 3098 524
2188 971 416
2189 4428 489
2190 6297 443
2191 5199 482
2192 4088 473
2193 3838 474
2194 1959 486
2195 3641 432
2196 6091 579
2197 0 -1
2198 6212 496
2199 6561 471
2200 170 493
2201 4793 497
2202 5792 473
2203 3049 432
2204 4048 498
2205 3311 479
2206 2024 477
2207 1105 594
2208 1278 435
2209 0 -1
2210 2887 397
2211 725 413
2212 5650 371
2213 3336 534
2214 3912 507
2215 587 367
2216 797 434
2217 4583 363
2218 0 -1
2219 6268 517
2220 5329 394
2221 4147 370
2222 5886 449
2223 3889 512
2224 1162 574
2225 108 411
2226 4973 440
2227 1141 343
2228 5955 592
2229 5520 537
2230 0 -1
2231 2602 437
2232 0 -1
2233 848 323
2234 2543 504
2235 5861 649
2236 893 274
2237 3032 427
2238 4163 323
2239 2806 434
2240 587 372
2241 2176 434
2242 4085 528
2243 1996 420
2244 4019 370
2245 3205 441
2246 2314 533
2247 6110 430
2248 399 282
2249 6214 469
2250 4291 444
2251 0 -1
2252 3502 519
2253 3570 366
2254 1968 413
2255 1884 454
2256 0 -1
2257 3186 520
2258 3794 403
2259 5494 455
2260 6201 495
2261 5755 422
2262 3603 314
2263 0 -1
2264 3554 471
2265 0 -1
2266 4122 428
2267 6435 383
2268 5288 454
2269 5946 609
2270 2465 304
2271 1976 486
2272 3157 405
2273 900 564
2274 1299 339
2275 864 476
2276 5675 481
2277 933 560
2278 0 -1
2279 275 421
2280 4911 487
2281 1188 542
2282 5745 400
2283 0 -1
2284 0 -1
2285 1468 503
2286 1289 352
2287 5465 560
2288 5962 402
2289 0 -1
2290 3450 416
2291 2792 442
2292 0 -1
2293 938 541
2294 2400 370
2295 3728 423
2296 5105 489
2297 5516 447
2298 2631 415
2299 4273 391
2300 1622 348
2301 3862 286
2302 4063 390
2303 0 -1
2304 3629 425
2305 2174 338
2306 605 340
2307 5706 418
2308 2730 462
2309 3141 458
2310 6439 394
2311 1831 431
2312 963 393
2313 5830 518
2314 4031 524
2315 550 333
2316 6165 466
2317 2500 383
2318 372 492
2319 6392 426
2320 2760 562
2321 4323 460
2322 425 568
2323 2417 335
2324 561 402
2325 3224 444
2326 3256 486
2327 6371 604
2328 6584 391
2329 566 568
2330 4004 427
2331 4651 513
2332 1525 283
2333 1652 358
2334 3918 477
2335 14 490
2336 169 484
2337 983 459
2338 4883 470
2339 2458 397
2340 3282 474
2341 38 475
2342 2345 247
2343 1144 431
2344 421 466
2345 2060 153
2346 5339 276
2347 3071 446
2348 3448 483
2349 969 473
2350 2713 357
2351 4112 451
2352 1536 549
2353 4907 478
2354 4101 397
2355 6361 468
2356 6051 397
2357 4420 476
2358 648 344
2359 3603 326
2360 5005 519
2361 5737 453
2362 5982 281
2363 3208 375
2364 6113 517
2365 4302 434
2366 33 445
2367 254 426
2368 6536 548
2369 4686 481
2370 1382 546
2371 5516 523
2372 2629 396
2373 5069 530
2374 4894 497
2375 3194 467
2376 3009 428
2377 2724 374
2378 6219 448
2379 580 495
2380 4021 422
2381 0 -1
2382 721 523
2383 6595 418
2384 0 -1
2385 4304 522
2386 3005 394
2387 5482 533
2388 6150 488
2389 5074 471
2390 5346 454
2391 5910 475
2392 1714 399
2393 0 -1
2394 3402 240
2395 3482 478
2396 1731 451
2397 1960 470
2398 0 -1
2399 2936 602
2400 1541 355
2401 5700 560
2402 0 -1
2403 6196 358
2404 0 -1
2405 3974 435
2406 5162 450
2407 3685 420
2408 2940 368
2409 4700 420
2410 5082 377
2411 0 -1
2412 325 440
2413 2819 513
2414 2564 366
2415 0 -1
2416 0 -1
2417 5523 318
2418 5901 391
2419 3832 419
2420 6054 389
2421 5259 482
2422 4806 517
2423 1183 510
2424 5006 572
2425 512 407
2426 4600 367
2427 6034 480
2428 1564 437
2429 1707 492
2430 845 405
2431 189 486
2432 527 460
2433 6241 466
2434 5138 468
2435 3698 358
2436 1692 353
2437 1557 630
2438 135 337
2439 3951 411
2440 1741 408
2441 5669 326
2442 5908 407
2443 3985 538
2444 2816 436
2445 2227 462
2446 1584 270
2447 517 470
2448 470 306
2449 1985 441
2450 6285 483
2451 3515 432
2452 0 -1
2453 2174 309
2454 1859 483
2455 2458 499
2456 1636 451
2457 385 477
2458 3395 393
2459 1150 527
2460 4589 449
2461 2578 549
2462 979 543
2463 0 -1
2464 6279 506
2465 1186 304
2466 2131 290
2467 3855 359
2468 3195 622
2469 6523 434
2470 2701 491
2471 0 -1
2472 6569 445
2473 4264 476
2474 6536 556
2475 1024 474
2476 6285 508
2477 2656 367
2478 2688 500
2479 5421 392
2480 3087 450
2481 2706 414
2482 4317 531
2483 5340 447
2484 6346 403
2485 3233 459
2486 1028 551
2487 1250 460
2488 4949 441
2489 2985 424
2490 6596 471
2491 5178 474
2492 5141 541
2493 0 -1
2494 2465 424
2495 4295 434
2496 2386 439
2497 2352 608
2498 2333 400
2499 0 -1
2500 5984 383
2501 1412 445
2502 909 572
2503 10 443
2504 4939 512
2505 4916 431
2506 5488 413
2507 3099 460
2508 3713 498
2509 5623 501
2510 0 -1
2511 3022 527
2512 98 611
2513 1780 526
2514 34 295
2515 971 427
2516 1960 444
2517 5778 578
2518 2362 305
2519 0 -1
2520 2914 512
2521 5968 552
2522 4241 399
2523 2345 261
2524 147 456
2525 2900 538
2526 3731 422
2527 0 -1
2528 4449 453
2529 2286 433
2530 3600 531
2531 3040 355
2532 1395 541
2533 679 361
2534 983 459
2535 5168 354
2536 5310 531
2537 5459 428
2538 3288 462
2539 5806 313
2540 4335 401
2541 3766 539
2542 3032 441
2543 108 411
2544 0 -1
2545 2315 333
2546 539 581
2547 705 477
2548 1377 531
2549 5531 462
2550 5932 432
2551 0 -1
2552 3977 409
2553 5300 433
2554 3520 367
2555 3032 413
2556 1226 459
2557 5285 469
2558 6360 407
2559 5253 357
2560 192 462
2561 6048 468
2562 5984 386
2563 2457 497
2564 5928 340
2565 5211 493
2566 2025 410
2567 110 437
2568 4763 510
2569 1942 526
2570 1693 437
2571 754 573
2572 9 429
2573 4390 577
2574 2860 659
2575 3072 568
2576 6199 372
2577 5901 392
2578 433 516
2579 3151 600
2580 3673 452
2581 1893 466
2582 3708 513
2583 6412 535
2584 4708 424
2585 2187 610
2586 1813 493
2587 2921 486
2588 2477 427
2589 1594 403
2590 105 372
2591 889 557
2592 3604 475
2593 3902 358
2594 3360 517
2595 1902 414
2596 5002 594
2597 5123 404
2598 0 -1
2599 0 -1
2600 6227 574
2601 1441 424
2602 3019 432
2603 2871 500
2604 0 -1
2605 3116 385
2606 3583 439
2607 6551 361
2608 540 428
2609 44 425
2610 1274 441
2611 4137 500
2612 4803 476
2613 2880 356
2614 4925 358
2615 1563 486
2616 4664 380
2617 4082 464
2618 3783 400
2619 0 -1
2620 3528 366
2621 5789 392
2622 6491 236
2623 0 -1
2624 0 -1
2625 4924 361
2626 4593 441
2627 2670 405
2628 4014 522
2629 4078 375
2630 2268 526
2631 2227 405
2632 1740 518
2633 1253 373
2634 1039 446
2635 6511 483
2636 902 523
2637 5410 415
2638 999 490
2639 4408 397
2640 306 571
2641 901 484
2642 2744 459
2643 2353 544
2644 91 389
2645 4252 395
2646 5348 555
2647 3751 542
2648 2081 589
2649 5020 331
2650 1692 436
2651 0 -1
2652 2989 313
2653 5131 214
2654 2150 405
2655 1441 479
2656 3762 359
2657 1556 459
2658 0 -1
2659 4484 531
2660 0 -1
2661 611 460
2662 4823 378
2663 1875 558
2664 2130 461
2665 179 481
2666 2097 504
2667 3565 426
2668 3777 433
2669 2400 385
2670 5526 327
2671 2483 454
2672 2894 468
2673 5840 406
2674 4378 367
2675 896 450
2676 3489 490
2677 1986 357
2678 530 321
2679 3966 506
2680 140 574
2681 4523 396
2682 3417 640
2683 346 242
2684 1212 479
2685 2325 523
2686 3839 412
2687 1022 347
2688 2255 458
2689 5947 370
2690 5643 513
2691 2797 463
2692 836 548
2693 2711 393
2694 5407 477
2695 4966 602
2696 1102 409
2697 6188 418
2698 5604 292
2699 281 410
2700 4935 512
2701 1708 407
2702 3800 451
2703 0 -1
2704 3842 443
2705 5460 415
2706 5168 394
2707 0 -1
2708 1970 427
2709 5552 435
2710 0 -1
2711 4841 371
2712 1476 480
2713 2962 310
2714 845 392
2715 4804 488
2716 5639 361
2717 3976 449
2718 4359 559
2719 3114 465
2720 293 492
2721 0 -1
2722 5142 539
2723 1849 522
2724 3833 355
2725 858 444
2726 5221 461
2727 4820 496
2728 5844 492
2729 2414 419
2730 2174 387
2731 246 571
2732 4458 452
2733 5631 453
2734 1499 132
2735 4629 302
2736 3932 358
2737 4874 502
2738 3537 411
2739 4970 451
2740 3499 542
2741 3497 378
2742 3361 703
2743 1419 441
2744 108 389
2745 5628 388
2746 4630 471
2747 248 415
2748 1124 472
2749 4543 528
2750 152 713
2751 1969 530
2752 3707 406
2753 489 464
2754 6332 386
2755 1567 547
2756 3487 411
2757 5771 511
2758 2181 460
2759 5696 422
2760 5127 510
2761 563 528
2762 3510 444
2763 1668 393
2764 6413 316
2765 2967 539
2766 2305 353
2767 3600 586
2768 3272 404
2769 3443 505
2770 4063 411
2771 6086 474
2772 2085 370
2773 6540 614
2774 3072 493
2775 6235 450
2776 172 465
2777 3837 514
2778 3310 481
2779 887 564
2780 406 439
2781 5253 394
2782 47 834
2783 3078 377
2784 4495 407
2785 3232 445
2786 3027 469
2787 6480 400
2788 4014 466
2789 4100 435
2790 3792 440
2791 827 410
2792 1767 361
2793 4350 477
2794 4718 452
2795 3558 458
2796 163 420
2797 2238 352
2798 2565 559
2799 2605 408
2800 2783 478
2801 845 423
2802 2105 495
2803 695 403
2804 5939 425
2805 2741 452
2806 5526 416
2807 0 -1
2808 5708 477
2809 1739 449
2810 3932 392
2811 853 441
2812 4943 349
2813 2916 510
2814 5757 480
2815 34 291
2816 4325 414
2817 8 339
2818 5423 563
2819 2905 402
2820 5204 342
2821 0 -1
2822 228 576
2823 2614 362
2824 5523 398
2825 0 -1
2826 314 270
2827 1353 391
2828 3440 448
2829 1968 408
2830 4650 514
2831 2513 545
2832 3352 523
2833 5445 420
2834 305 345
2835 3976 480
2836 4692 422
2837 665 399
2838 5418 445
2839 3497 431
2840 2195 502
2841 959 547
2842 4389 540
2843 1663 464
2844 2796 439
2845 6245 470
2846 4344 492
2847 1612 520
2848 213 451
2849 0 -1
2850 0 -1
2851 1656 343
2852 1226 376
2853 5345 349
2854 5903 659
2855 5533 496
2856 4655 364
2857 1676 388
2858 4554 531
2859 5217 276
2860 198 580
2861 5135 338
2862 6103 500
2863 3756 517
2864 6379 431
2865 969 449
2866 3783 351
2867 4403 558
2868 1553 490
2869 5090 774
2870 781 508
2871 6219 491
2872 1108 425
2873 750 342
2874 1472 322
2875 0 -1
2876 4288 487
2877 5054 453
2878 4753 310
2879 6300 506
2880 3698 290
2881 5303 361
2882 5431 496
2883 5481 453
2884 537 494
2885 6008 523
2886 4090 450
2887 897 396
2888 208 444
2889 3609 455
2890 240 416
2891 5754 420
2892 3995 413
2893 462 651
2894 2768 427
2895 1096 344
2896 5981 483
2897 2426 427
2898 4051 525
2899 2045 368
2900 3322 518
2901 5295 437
2902 1251 433
2903 1294 522
2904 5908 339
2905 3188 402
2906 4901 314
2907 3120 447
2908 1092 491
2909 2649 381
2910 91 392
2911 5115 396
2912 468 472
2913 0 -1
2914 2633 444
2915 469 421
2916 755 473
2917 321 454
2918 2483 475
2919 3812 585
2920 6078 466
2921 373 429
2922 0 -1
2923 6115 504
2924 3587 450
2925 6285 490
2926 1311 407
2927 0 -1
2928 3999 548
2929 4588 402
2930 6075 458
2931 1608 450
2932 2533 476
2933 2815 368
2934 353 588
2935 3455 458
2936 6497 549
2937 5664 396
2938 4758 552
2939 3909 297
2940 15 363
2941 6164 346
2942 6264 453
2943 3913 476
2944 2233 327
2945 4269 539
2946 4406 481
2947 6113 523
2948 3560 548
2949 2915 463
2950 760 394
2951 4011 405
2952 2514 356
2953 5871 455
2954 116 473
2955 4980 435
2956 1355 466
2957 5451 536
2958 3022 497
2959 2282 500
2960 4804 507
2961 5233 437
2962 2880 306
2963 4854 519
2964 1979 412
2965 2959 527
2966 5907 295
2967 2174 419
2968 6416 491
2969 543 529
2970 0 -1
2971 2171 387
2972 6485 421
2973 4802 471
2974 5545 324
2975 8 383
2976 2469 486
2977 3244 422
2978 108 423
2979 934 516
2980 1447 423
2981 6497 502
2982 2464 517
2983 5694 373
2984 0 -1
2985 1561 404
2986 5476 477
2987 3033 638
2988 4042 473
2989 3661 225
2990 3492 400
2991 5075 409
2992 3473 505
2993 5418 450
2994 5691 461
2995 2380 482
2996 2861 368
2997 2092 663
2998 2829 486
2999 0 -1
3000 374 392
3001 3760 507
3002 1573 648
3003 2939 411
3004 4380 467
3005 5189 380
3006 4356 537
3007 96 425
3008 6567 438
3009 3876 425
3010 5131 262
3011 0 -1
3012 350 438
3013 2652 425
3014 1335 566
3015 2105 465
3016 2362 284
3017 4232 494
3018 291 499
3019 1320 386
3020 4227 270
3021 4862 476
3022 3939 457
3023 1433 489
3024 3778 536
3025 359 456
3026 0 -1
3027 1221 448
3028 0 -1
3029 1144 436
3030 2056 513
3031 2406 454
3032 3316 355
3033 5127 557
3034 1181 429
3035 0 -1
3036 4941 620
3037 4145 446
3038 1936 380
3039 5453 615
3040 2906 314
3041 2652 344
3042 4377 445
3043 1547 452
3044 346 268
3045 1226 364
3046 5775 453
3047 5779 451
3048 2245 526
3049 4155 376
3050 5120 355
3051 3778 549
3052 0 -1
3053 5636 514
3054 0 -1
3055 2267 413
3056 4633 474
3057 4626 477
3058 1616 738
3059 2729 490
3060 3527 635
3061 2996 481
3062 5651 502
3063 808 492
3064 4510 431
3065 0 -1
3066 6240 481
3067 3170 484
3068 559 410
3069 3202 470
3070 5582 466
3071 5400 430
3072 2924 451
3073 2817 450
3074 4950 553
3075 4248 359
3076 5738 363
3077 614 456
3078 2467 361
3079 100 498
3080 2559 438
3081 1831 526
3082 0 -1
3083 672 480
3084 3042 472
3085 2790 496
3086 6551 447
3087 61 413
3088 6209 475
3089 0 -1
3090 6455 415
3091 3286 468
3092 4525 349
3093 2853 427
3094 1809 382
3095 5869 540
3096 4690 423
3097 1082 504
3098 5979 422
3099 3255 383
3100 4391 394
3101 5308 437
3102 1186 312
3103 480 409
3104 0 -1
3105 1833 424
3106 637 487
3107 4723 560
3108 2227 382
3109 1976 428
3110 0 -1
3111 0 -1
3112 6336 514
3113 6380 411
3114 1290 437
3115 2210 409
3116 4810 382
3117 3488 462
3118 5629 435
3119 5399 485
3120 5245 372
3121 3255 422
3122 4943 275
3123 3439 572
3124 0 -1
3125 3907 486
3126 2089 565
3127 0 -1
3128 1743 493
3129 4691 460
3130 0 -1
3131 3142 498
3132 2447 491
3133 3586 393
3134 6205 255
3135 1732 463
3136 4083 495
3137 1711 448
3138 816 356
3139 443 478
3140 4875 551
3141 57 390
3142 263 472
3143 0 -1
3144 1464 487
3145 2855 518
3146 487 282
3147 0 -1
3148 3768 485
3149 5348 456
3150 3686 494
3151 1828 525
3152 3551 444
3153 3950 492
3154 3327 471
3155 4866 429
3156 6404 441
3157 3094 398
3158 84 562
3159 690 523
3160 3347 527
3161 543 493
3162 0 -1
3163 5944 548
3164 5691 518
3165 5426 582
3166 2897 466
3167 5726 484
3168 0 -1
3169 2990 414
3170 1360 419
3171 1196 385
3172 631 381
3173 54 541
3174 4897 574
3175 3890 438
3176 4595 471
3177 3561 614
3178 1229 572
3179 5470 483
3180 5788 477
3181 2475 535
3182 363 410
3183 4179 398
3184 134 491
3185 530 295
3186 2354 410
3187 6451 506
3188 2055 390
3189 805 416
3190 5059 449
3191 0 -1
3192 3593 329
3193 3300 457
3194 2055 388
3195 1188 578
3196 3593 354
3197 1687 456
3198 5421 446
3199 0 -1
3200 3951 412
3201 1021 385
3202 5118 462
3203 3647 535
3204 5350 425
3205 91 366
3206 0 -1
3207 174 601
3208 1341 276
3209 3135 464
3210 6152 387
3211 4913 400
3212 6538 672
3213 4955 486
3214 1363 467
3215 3398 392
3216 598 458
3217 0 -1
3218 6134 633
3219 6225 333
3220 440 526
3221 96 448
3222 4948 560
3223 4670 409
3224 4846 427
3225 5075 396
3226 199 389
3227 2645 501
3228 3395 408
3229 2644 483
3230 5554 507
3231 475 450
3232 1212 434
3233 6597 438
3234 1212 448
3235 4015 496
3236 60 537
3237 2360 638
3238 144 427
3239 1768 481
3240 3273 455
3241 0 -1
3242 1165 474
3243 1122 240
3244 1446 390
3245 5857 562
3246 0 -1
3247 4361 478
3248 574 470
3249 39 552
3250 180 436
3251 1093 229
3252 1415 346
3253 1862 602
3254 5304 271
3255 4574 335
3256 5809 450
3257 5122 378
3258 5818 545
3259 2873 351
3260 2716 437
3261 3115 460
3262 24 335
3263 408 443
3264 4238 508
3265 2039 369
3266 3395 452
3267 485 441
3268 37 379
3269 6563 534
3270 2065 615
3271 0 -1
3272 5821 349
3273 346 353
3274 413 452
3275 5321 332
3276 1017 437
3277 239 544
3278 4271 469
3279 3851 357
3280 4113 381
3281 2386 414
3282 4588 372
3283 553 429
3284 0 -1
3285 2167 327
3286 3055 458
3287 5686 352
3288 1283 462
3289 3545 592
3290 1416 455
3291 3214 480
3292 2537 497
3293 5093 460
3294 5773 513
3295 5737 373
3296 5811 802
3297 3266 482
3298 4652 236
3299 4004 435
3300 6301 385
3301 1104 438
3302 3437 225
3303 3982 460
3304 0 -1
3305 6324 474
3306 5399 493
3307 1167 379
3308 5935 486
3309 5949 504
3310 5064 431
3311 1133 452
3312 4629 271
3313 1204 473
3314 910 429
3315 832 399
3316 1214 278
3317 3412 309
3318 391 592
3319 395 445
3320 2317 495
3321 5748 506
3322 4189 481
3323 6244 512
3324 4800 481
3325 5490 439
3326 1810 593
3327 5589 391
3328 3186 413
3329 5314 508
3330 5327 528
3331 4433 356
3332 3694 450
3333 873 444
3334 2058 410
3335 569 523
3336 4179 433
3337 926 462
3338 4920 477
3339 314 348
3340 2655 543
3341 672 451
3342 676 523
3343 299 437
3344 5566 440
3345 83 565
3346 1816 467
3347 4125 451
3348 4126 456
3349 2041 415
3350 2015 433
3351 6531 354
3352 1206 403
3353 0 -1
3354 127 383
3355 2549 508
3356 6086 447
3357 6441 331
3358 5114 471
3359 0 -1
3360 4767 436
3361 5968 590
3362 540 522
3363 952 527
3364 4450 481
3365 94 548
3366 6043 386
3367 6227 635
3368 613 443
3369 5741 361
3370 6139 471
3371 1976 477
3372 4116 448
3373 0 -1
3374 962 480
3375 3117 497
3376 2254 491
3377 6394 553
3378 1970 495
3379 4728 572
3380 3436 339
3381 2290 459
3382 6402 454
3383 6439 453
3384 4979 385
3385 6176 413
3386 2185 449
3387 4293 445
3388 5754 467
3389 1355 467
3390 3641 479
3391 241 334
3392 0 -1
3393 1278 379
3394 5777 510
3395 6561 374
3396 2238 416
3397 151 433
3398 3044 281
3399 4428 483
3400 5883 399
3401 4154 477
3402 1499 189
3403 6342 412
3404 5100 405
3405 1651 454
3406 6110 437
3407 517 467
3408 0 -1
3409 399 287
3410 487 320
3411 4785 471
3412 3134 309
3413 429 445
3414 2137 383
3415 5249 499
3416 3263 464
3417 116 529
3418 6470 304
3419 1873 376
3420 6206 426
3421 0 -1
3422 3208 380
3423 5098 386
3424 1864 495
3425 3598 412
3426 6039 383
3427 3377 583
3428 0 -1
3429 3761 428
3430 395 419
3431 4827 386
3432 5530 432
3433 179 425
3434 5836 375
3435 3989 511
3436 1486 289
3437 5732 205
3438 1979 449
3439 4980 494
3440 5745 393
3441 1469 408
3442 2866 371
3443 3384 454
3444 5371 688
3445 1313 465
3446 1299 394
3447 5234 433
3448 5683 398
3449 5059 456
3450 5532 364
3451 2150 456
3452 5411 254
3453 6015 432
3454 3426 434
3455 4776 394
3456 3565 365
3457 4971 370
3458 4475 520
3459 4798 352
3460 5201 534
3461 328 342
3462 5840 459
3463 3550 553
3464 6594 378
3465 0 -1
3466 2266 453
3467 5868 473
3468 5268 421
3469 2236 333
3470 1360 446
3471 2939 327
3472 3539 469
3473 3583 464
3474 4727 443
3475 696 464
3476 2788 576
3477 1631 461
3478 738 478
3479 2643 588
3480 821 520
3481 3928 493
3482 1238 469
3483 4256 476
3484 1531 417
3485 0 -1
3486 6349 453
3487 642 359
3488 1791 426
3489 2435 434
3490 6206 386
3491 870 487
3492 5837 342
3493 1761 393
3494 1226 463
3495 2253 452
3496 2274 399
3497 4629 339
3498 5421 485
3499 2627 474
3500 6099 673
3501 3096 473
3502 4540 486
3503 4704 444
3504 363 441
3505 1196 369
3506 83 545
3507 4335 445
3508 2122 430
3509 1888 506
3510 587 357
3511 619 388
3512 2376 457
3513 4384 636
3514 1605 495
3515 2827 410
3516 990 436
3517 1744 429
3518 4594 424
3519 4076 467
3520 2332 284
3521 3771 484
3522 1972 440
3523 0 -1
3524 1080 493
3525 1445 498
3526 4104 469
3527 5055 603
3528 5545 360
3529 221 576
3530 2795 483
3531 6131 690
3532 4264 495
3533 702 367
3534 1638 436
3535 776 455
3536 533 485
3537 1076 390
3538 0 -1
3539 6345 387
3540 2856 385
3541 2620 396
3542 3401 570
3543 41 449
3544 1267 519
3545 2634 527
3546 4444 384
3547 2481 502
3548 4101 369
3549 5310 500
3550 2247 461
3551 2039 370
3552 1557 551
3553 6448 435
3554 615 419
3555 0 -1
3556 4042 458
3557 4025 482
3558 4916 450
3559 0 -1
3560 2730 431
3561 5248 499
3562 1887 452
3563 5671 412
3564 365 497
3565 2342 327
3566 4622 496
3567 2062 567
3568 6435 383
3569 3419 410
3570 3251 339
3571 2170 530
3572 2934 634
3573 2577 419
3574 2305 423
3575 1968 370
3576 5227 479
3577 4220 461
3578 4837 552
3579 2566 438
3580 1825 390
3581 5347 381
3582 2715 509
3583 1589 432
3584 6138 483
3585 3486 531
3586 4509 336
3587 2436 449
3588 3904 497
3589 2099 499
3590 5337 596
3591 3676 456
3592 375 450
3593 3602 317
3594 4978 527
3595 4071 440
3596 2453 370
3597 5073 409
3598 5054 396
3599 0 -1
3600 5409 484
3601 414 556
3602 2345 200
3603 3418 306
3604 605 366
3605 5433 531
3606 5553 508
3607 5424 367
3608 1102 338
3609 700 449
3610 1473 327
3611 4011 397
3612 3486 555
3613 5285 481
3614 937 526
3615 5665 341
3616 6594 339
3617 4839 447
3618 2480 508
3619 621 449
3620 2566 465
3621 2485 478
3622 0 -1
3623 3536 494
3624 5013 500
3625 470 416
3626 5908 417
3627 3759 565
3628 2722 568
3629 15 384
3630 1404 295
3631 2240 397
3632 3005 446
3633 2104 469
3634 3324 569
3635 3075 411
3636 6151 478
3637 856 585
3638 4304 488
3639 5935 459
3640 1041 584
3641 848 404
3642 0 -1
3643 6168 389
3644 5645 736
3645 0 -1
3646 4243 547
3647 3103 419
3648 0 -1
3649 5504 557
3650 2346 317
3651 5400 364
3652 1926 509
3653 5438 511
3654 6531 372
3655 1700 432
3656 3088 559
3657 5202 421
3658 6274 330
3659 125 410
3660 1296 619
3661 1341 222
3662 2418 399
3663 1792 459
3664 717 508
3665 0 -1
3666 1027 427
3667 1448 387
3668 663 462
3669 590 488
3670 4318 478
3671 1744 432
3672 3507 524
3673 1678 421
3674 6537 463
3675 1598 468
3676 5738 345
3677 5992 515
3678 0 -1
3679 1976 419
3680 1435 674
3681 5843 494
3682 5226 420
3683 1459 369
3684 5395 395
3685 1551 337
3686 1142 427
3687 1102 364
3688 2204 617
3689 0 -1
3690 4295 423
3691 2162 420
3692 2171 325
3693 5582 383
3694 5724 368
3695 963 461
3696 3650 324
3697 1170 473
3698 2859 284
3699 693 440
3700 786 500
3701 1186 325
3702 0 -1
3703 905 450
3704 2477 411
3705 0 -1
3706 5114 426
3707 1337 381
3708 3917 434
3709 2137 352
3710 0 -1
3711 0 -1
3712 1966 489
3713 1837 425
3714 0 -1
3715 5094 469
3716 3479 600
3717 669 385
3718 3818 557
3719 787 432
3720 1147 339
3721 2505 433
3722 3663 521
3723 4411 470
3724 0 -1
3725 1096 331
3726 5852 369
3727 1321 531
3728 2952 373
3729 4584 515
3730 1086 517
3731 3963 382
3732 6078 534
3733 2034 522
3734 43 554
3735 2853 419
3736 4692 364
3737 3985 425
3738 1403 351
3739 0 -1
3740 5176 645
3741 1561 517
3742 4828 518
3743 1474 404
3744 903 586
3745 2635 493
3746 4418 426
3747 2681 483
3748 696 409
3749 5031 505
3750 875 425
3751 991 457
3752 3995 359
3753 159 692
3754 3488 446
3755 4229 466
3756 2290 439
3757 5031 540
3758 6552 621
3759 6561 455
3760 3949 470
3761 6289 359
3762 3520 353
3763 3225 485
3764 2157 458
3765 4021 428
3766 5487 423
3767 99 419
3768 3643 409
3769 1192 451
3770 5333 492
3771 4716 442
3772 2233 348
3773 123 368
3774 4251 412
3775 4384 567
3776 5266 477
3777 5065 427
3778 4938 521
3779 4596 389
3780 6437 524
3781 575 486
3782 5611 490
3783 5597 284
3784 3049 435
3785 0 -1
3786 1791 470
3787 0 -1
3788 899 499
3789 4389 452
3790 172 436
3791 4302 479
3792 3146 366
3793 5764 468
3794 4355 354
3795 2784 414
3796 5245 437
3797 784 474
3798 1214 270
3799 4190 300
3800 5674 443
3801 3412 405
3802 5745 361
3803 2966 410
3804 307 535
3805 5302 496
3806 6064 401
3807 34 338
3808 168 564
3809 942 511
3810 682 589
3811 5827 514
3812 303 543
3813 4517 404
3814 4194 428
3815 1272 455
3816 2084 450
3817 4377 451
3818 2637 462
3819 69 560
3820 1456 473
3821 850 495
3822 795 373
3823 86 362
3824 2084 469
3825 0 -1
3826 5906 426
3827 0 -1
3828 297 436
3829 2845 504
3830 3593 431
3831 845 404
3832 3615 341
3833 4810 342
3834 5485 482
3835 1680 445
3836 6200 502
3837 3325 482
3838 1196 388
3839 6391 367
3840 700 470
3841 5400 411
3842 4746 435
3843 6139 415
3844 2309 466
3845 2131 345
3846 4105 407
3847 5249 516
3848 4720 478
3849 4440 470
3850 727 432
3851 91 353
3852 8 406
3853 639 432
3854 0 -1
3855 6136 309
3856 2270 378
3857 1169 592
3858 5597 318
3859 0 -1
3860 838 478
3861 202 520
3862 1186 256
3863 1874 532
3864 3752 398
3865 3267 466
3866 1917 440
3867 6326 489
3868 2424 630
3869 996 538
3870 1687 438
3871 2346 279
3872 1307 544
3873 4672 441
3874 4504 448
3875 6108 283
3876 1311 412
3877 3658 417
3878 1446 399
3879 1055 565
3880 2756 452
3881 3403 444
3882 0 -1
3883 2554 406
3884 5540 438
3885 6486 584
3886 4485 624
3887 3372 545
3888 6512 414
3889 2549 502
3890 326 435
3891 1092 453
3892 2105 474
3893 3986 362
3894 1448 409
3895 0 -1
3896 5526 358
3897 6595 416
3898 5347 441
3899 6553 525
3900 1298 442
3901 2974 345
3902 1288 339
3903 6173 574
3904 1174 443
3905 1869 402
3906 565 581
3907 4500 419
3908 5671 415
3909 5604 272
3910 3916 543
3911 4710 573
3912 4458 448
3913 639 434
3914 5717 344
3915 1988 526
3916 1663 452
3917 4703 370
3918 3357 444
3919 3075 398
3920 1341 261
3921 433 528
3922 5560 527
3923 1951 505
3924 1708 478
3925 2894 439
3926 2048 530
3927 4505 314
3928 2183 402
3929 4585 362
3930 6174 533
3931 1175 488
3932 4448 348
3933 2752 461
3934 667 465
3935 5720 497
3936 3823 394
3937 5199 421
3938 5759 385
3939 1199 428
3940 0 -1
3941 1759 436
3942 4544 328
3943 1739 478
3944 0 -1
3945 4405 445
3946 1373 365
3947 718 466
3948 5057 431
3949 678 453
3950 3260 465
3951 2358 364
3952 383 601
3953 5280 358
3954 5979 429
3955 5153 494
3956 1727 461
3957 1932 465
3958 6461 488
3959 3113 465
3960 4429 495
3961 0 -1
3962 1815 501
3963 105 359
3964 798 439
3965 2318 607
3966 1062 395
3967 5138 520
3968 3779 394
3969 2496 440
3970 1545 604
3971 6239 418
3972 1129 492
3973 2531 357
3974 4032 411
3975 6512 455
3976 1311 420
3977 3929 403
3978 265 508
3979 2701 438
3980 4934 432
3981 1000 513
3982 3833 360
3983 0 -1
3984 985 616
3985 3464 423
3986 5514 354
3987 0 -1
3988 3005 468
3989 3286 479
3990 6520 483
3991 1981 554
3992 2605 456
3993 1288 340
3994 268 431
3995 5532 320
3996 5928 232
3997 6358 391
3998 6507 319
3999 2304 457
4000 4768 477
4001 206 465
4002 3420 435
4003 5195 350
4004 2649 388
4005 5979 410
4006 3985 431
4007 715 350
4008 725 295
4009 2370 546
4010 6407 521
4011 1594 358
4012 5837 258
4013 3813 477
4014 578 450
4015 5043 432
4016 3024 568
4017 4191 336
4018 3926 570
4019 5234 359
4020 0 -1
4021 2754 421
4022 5408 388
4023 1353 428
4024 539 473
4025 5231 409
4026 0 -1
4027 2024 498
4028 3551 395
4029 6048 452
4030 3475 479
4031 4406 460
4032 181 347
4033 6007 398
4034 3454 541
4035 557 471
4036 4319 563
4037 6224 494
4038 1269 475
4039 998 498
4040 4212 447
4041 0 -1
4042 2873 372
4043 4255 386
4044 2456 464
4045 4198 598
4046 2820 388
4047 557 444
4048 3287 435
4049 3378 548
4050 5247 413
4051 4138 460
4052 0 -1
4053 3675 551
4054 3912 526
4055 0 -1
4056 5081 566
4057 864 462
4058 3568 422
4059 568 454
4060 4246 511
4061 0 -1
4062 2448 383
4063 6429 373
4064 1429 430
4065 276 476
4066 3233 477
4067 0 -1
4068 767 351
4069 3007 429
4070 1452 448
4071 2042 396
4072 0 -1
4073 4427 666
4074 5692 482
4075 6550 424
4076 599 457
4077 4266 555
4078 4777 348
4079 4526 439
4080 5097 452
4081 0 -1
4082 5556 400
4083 3851 460
4084 6278 421
4085 103 426
4086 1343 497
4087 5086 501
4088 4100 438
4089 4279 492
4090 1833 387
4091 1140 384
4092 0 -1
4093 28 17
4094 1966 483
4095 6172 365
4096 5409 457
4097 5019 454
4098 2456 511
4099 5889 550
4100 2613 368
4101 3020 285
4102 3951 411
4103 2026 515
4104 6348 441
4105 2233 379
4106 4398 575
4107 3262 398
4108 383 589
4109 3916 494
4110 3894 409
4111 254 451
4112 3568 421
4113 6068 365
4114 6319 388
4115 5381 481
4116 2426 433
4117 0 -1
4118 371 434
4119 621 486
4120 2678 392
4121 2650 491
4122 5694 389
4123 6470 304
4124 5583 419
4125 1879 443
4126 1667 428
4127 4923 455
4128 3310 468
4129 0 -1
4130 6272 572
4131 3342 626
4132 4102 458
4133 3418 336
4134 1059 490
4135 5115 380
4136 2909 401
4137 6218 482
4138 702 429
4139 6550 421
4140 2906 359
4141 61 438
4142 3461 380
4143 5807 345
4144 0 -1
4145 2975 383
4146 1804 437
4147 3208 351
4148 5644 422
4149 3451 479
4150 1427 432
4151 1877 481
4152 4323 469
4153 3731 382
4154 2577 414
4155 5807 313
4156 5644 475
4157 2269 700
4158 351 334
4159 4169 372
4160 2895 398
4161 2454 593
4162 0 -1
4163 4943 257
4164 3238 435
4165 3347 549
4166 1180 492
4167 1202 406
4168 5996 518
4169 2446 334
4170 6422 589
4171 3123 680
4172 1298 422
4173 1222 461
4174 387 380
4175 2618 436
4176 2648 674
4177 3403 485
4178 1782 541
4179 3661 337
4180 0 -1
4181 5204 393
4182 1601 461
4183 0 -1
4184 395 424
4185 1025 482
4186 4639 516
4187 4118 531
4188 0 -1
4189 4095 375
4190 3862 285
4191 3875 291
4192 6267 398
4193 4832 536
4194 4179 348
4195 2528 468
4196 5484 564
4197 3496 471
4198 3994 485
4199 1699 577
4200 1427 448
4201 2342 270
4202 2940 375
4203 3307 398
4204 1054 484
4205 2241 496
4206 2098 500
4207 6283 522
4208 452 429
4209 4429 426
4210 5268 431
4211 1762 421
4212 3855 400
4213 5651 467
4214 2545 381
4215 0 -1
4216 2093 491
4217 2162 428
4218 4084 436
4219 3171 440
4220 5225 430
4221 1720 528
4222 3508 543
4223 5817 481
4224 5506 415
4225 1614 507
4226 6145 457
4227 5236 249
4228 342 496
4229 3357 424
4230 5001 489
4231 4978 436
4232 2864 444
4233 678 356
4234 5340 368
4235 2754 441
4236 3506 599
4237 4130 611
4238 6597 417
4239 5851 565
4240 6510 387
4241 629 317
4242 2636 630
4243 4619 461
4244 5159 413
4245 5908 405
4246 3655 437
4247 3737 425
4248 6495 345
4249 2778 482
4250 4185 571
4251 283 394
4252 1278 351
4253 0 -1
4254 3208 324
4255 665 384
4256 3772 450
4257 4818 350
4258 787 434
4259 5897 381
4260 0 -1
4261 40 400
4262 4338 476
4263 704 376
4264 5580 399
4265 2195 438
4266 5223 492
4267 0 -1
4268 4509 333
4269 6590 473
4270 4511 438
4271 2705 429
4272 1227 456
4273 1163 303
4274 0 -1
4275 6120 442
4276 4751 486
4277 3256 556
4278 2254 423
4279 2041 435
4280 2391 476
4281 5840 361
4282 6595 453
4283 5595 516
4284 5845 571
4285 4588 338
4286 2405 482
4287 3831 429
4288 1825 392
4289 6508 447
4290 1253 441
4291 1674 436
4292 2524 532
4293 1822 398
4294 2162 476
4295 6258 355
4296 0 -1
4297 2238 386
4298 1600 463
4299 420 527
4300 2129 339
4301 0 -1
4302 3259 409
4303 4237 629
4304 3282 459
4305 5596 480
4306 6491 343
4307 5954 377
4308 0 -1
4309 1504 516
4310 6108 335
4311 2787 442
4312 6550 359
4313 0 -1
4314 2857 408
4315 1469 385
4316 1677 490
4317 724 519
4318 3105 438
4319 2483 553
4320 1191 519
4321 3137 458
4322 6395 515
4323 6209 417
4324 0 -1
4325 1486 381
4326 27 471
4327 1712 477
4328 2902 468
4329 1638 482
4330 45 506
4331 945 364
4332 5171 497
4333 4799 418
4334 3849 512
4335 2859 395
4336 5258 458
4337 6035 428
4338 5934 466
4339 3851 354
4340 3141 425
4341 4992 500
4342 143 470
4343 5726 486
4344 1594 421
4345 2146 551
4346 2993 458
4347 144 459
4348 4489 446
4349 1254 527
4350 5283 366
4351 4209 438
4352 6280 405
4353 4391 337
4354 2417 366
4355 2518 320
4356 4767 468
4357 384 507
4358 3839 440
4359 434 519
4360 206 480
4361 5566 458
4362 1039 364
4363 4978 439
4364 4105 398
4365 3464 454
4366 4266 511
4367 0 -1
4368 5082 407
4369 3189 440
4370 0 -1
4371 5452 493
4372 0 -1
4373 5496 596
4374 6527 472
4375 615 338
4376 2878 403
4377 4420 419
4378 2106 312
4379 153 462
4380 3792 429
4381 1826 619
4382 37 470
4383 4587 412
4384 1969 521
4385 275 428
4386 2974 347
4387 1420 481
4388 5319 576
4389 4619 450
4390 2117 475
4391 4506 274
4392 4293 443
4393 522 473
4394 5834 426
4395 870 569
4396 6314 812
4397 323 482
4398 2568 520
4399 875 370
4400 5433 562
4401 0 -1
4402 772 406
4403 6107 503
4404 2582 539
4405 4585 390
4406 3387 457
4407 0 -1
4408 3243 355
4409 6037 541
4410 5846 492
4411 3490 429
4412 3397 496
4413 1727 405
4414 1610 411
4415 115 591
4416 3078 377
4417 5899 469
4418 5926 416
4419 2082 585
4420 6557 416
4421 2841 584
4422 1656 359
4423 0 -1
4424 3826 506
4425 2335 543
4426 3357 398
4427 5472 575
4428 116 449
4429 1026 411
4430 2924 499
4431 1227 420
4432 6141 355
4433 1869 349
4434 456 588
4435 6052 384
4436 4842 480
4437 1637 441
4438 384 496
4439 413 518
4440 4520 378
4441 2357 501
4442 6233 494
4443 0 -1
4444 2362 361
4445 390 519
4446 5404 458
4447 527 517
4448 6413 329
4449 1821 430
4450 6567 437
4451 4950 606
4452 4837 504
4453 6405 467
4454 2162 473
4455 88 489
4456 3099 431
4457 631 458
4458 4251 436
4459 485 426
4460 744 499
4461 3441 492
4462 854 392
4463 1228 558
4464 1777 436
4465 0 -1
4466 169 493
4467 4289 472
4468 2046 423
4469 5078 678
4470 0 -1
4471 4539 471
4472 2716 437
4473 3928 426
4474 6160 554
4475 4704 487
4476 289 435
4477 5588 442
4478 486 448
4479 1961 471
4480 5668 466
4481 6218 506
4482 215 433
4483 3695 489
4484 5013 467
4485 5306 508
4486 1778 399
4487 1528 616
4488 558 474
4489 1778 381
4490 0 -1
4491 466 362
4492 5189 429
4493 2941 415
4494 2307 485
4495 4742 371
4496 5419 542
4497 0 -1
4498 468 490
4499 1636 549
4500 2687 401
4501 1258 471
4502 4431 472
4503 0 -1
4504 6294 385
4505 2989 295
4506 3251 268
4507 4902 472
4508 4069 470
4509 3134 321
4510 6052 422
4511 4189 409
4512 3931 547
4513 4800 517
4514 3154 487
4515 1086 469
4516 5998 462
4517 5355 375
4518 2323 368
4519 902 541
4520 766 337
4521 4414 431
4522 6051 451
4523 5329 385
4524 2377 477
4525 1403 311
4526 2133 374
4527 2853 457
4528 3720 376
4529 4989 427
4530 5704 599
4531 0 -1
4532 5102 452
4533 1053 452
4534 3774 466
4535 6002 478
4536 1448 411
4537 4323 430
4538 5075 458
4539 1262 467
4540 2558 424
4541 334 547
4542 2158 565
4543 3055 478
4544 3437 273
4545 3894 447
4546 2375 575
4547 122 381
4548 5700 530
4549 2828 518
4550 1856 607
4551 187 423
4552 5019 412
4553 4700 341
4554 552 465
4555 1464 525
4556 34 395
4557 0 -1
4558 3694 381
4559 0 -1
4560 344 398
4561 1978 488
4562 2712 507
4563 4122 424
4564 5106 437
4565 1405 501
4566 6335 401
4567 0 -1
4568 5613 450
4569 4871 538
4570 3437 287
4571 2441 424
4572 539 514
4573 2874 401
4574 1803 326
4575 0 -1
4576 2343 433
4577 5329 374
4578 2613 376
4579 3879 636
4580 6448 429
4581 4594 364
4582 6067 450
4583 4201 310
4584 1893 488
4585 4574 334
4586 1699 646
4587 2274 389
4588 4505 316
4589 4155 416
4590 3839 407
4591 3016 298
4592 0 -1
4593 4655 428
4594 3696 356
4595 767 351
4596 4689 362
4597 1585 485
4598 3691 526
4599 434 428
4600 5139 349
4601 343 524
4602 5591 595
4603 2016 617
4604 2347 479
4605 3748 457
4606 1251 524
4607 1340 644
4608 4487 729
4609 3020 390
4610 4822 441
4611 2937 438
4612 5593 708
4613 652 566
4614 2649 411
4615 681 506
4616 2228 610
4617 0 -1
4618 4564 475
4619 44 422
4620 784 454
4621 530 302
4622 5234 381
4623 0 -1
4624 4146 442
4625 2116 437
4626 2929 449
4627 2271 580
4628 3933 580
4629 3661 246
4630 5463 416
4631 5375 545
4632 1497 464
4633 147 450
4634 375 509
4635 5226 412
4636 0 -1
4637 2823 444
4638 1311 444
4639 5652 424
4640 3418 327
4641 744 535
4642 0 -1
4643 6369 496
4644 0 -1
4645 6061 463
4646 6404 519
4647 3928 498
4648 4670 439
4649 3905 432
4650 3796 480
4651 4913 411
4652 1583 236
4653 1141 408
4654 0 -1
4655 1353 345
4656 3655 482
4657 2353 514
4658 6048 422
4659 0 -1
4660 1015 475
4661 706 474
4662 6597 465
4663 6496 499
4664 5717 307
4665 1371 554
4666 4581 459
4667 2761 600
4668 1692 368
4669 4003 368
4670 1479 352
4671 848 310
4672 6014 439
4673 146 551
4674 587 466
4675 3397 447
4676 0 -1
4677 0 -1
4678 264 500
4679 5698 447
4680 5953 490
4681 3247 500
4682 274 471
4683 2341 519
4684 1816 408
4685 5597 212
4686 6246 477
4687 5044 406
4688 205 610
4689 5669 340
4690 4999 330
4691 3456 456
4692 6068 306
4693 1220 417
4694 2361 464
4695 5365 374
4696 519 506
4697 4858 423
4698 1989 494
4699 2687 368
4700 2138 320
4701 3048 564
4702 3595 543
4703 2880 309
4704 5137 422
4705 5524 418
4706 3672 613
4707 5694 461
4708 5234 381
4709 5908 385
4710 4956 491
4711 2892 533
4712 0 -1
4713 2809 524
4714 5629 537
4715 70 378
4716 5717 369
4717 3942 343
4718 6043 341
4719 2612 486
4720 2024 438
4721 5587 526
4722 2952 426
4723 2741 469
4724 6162 368
4725 113 459
4726 937 469
4727 5687 442
4728 3707 452
4729 0 -1
4730 6399 543
4731 2534 510
4732 4705 449
4733 3073 483
4734 6571 431
4735 6341 492
4736 10 470
4737 2105 438
4738 1585 421
4739 1731 500
4740 1816 455
4741 1711 470
4742 1276 370
4743 2552 429
4744 5303 359
4745 5065 416
4746 2392 429
4747 4128 563
4748 840 358
4749 0 -1
4750 3803 457
4751 1140 367
4752 2820 361
4753 1122 227
4754 6090 423
4755 3558 495
4756 1527 497
4757 3115 476
4758 2554 468
4759 3480 525
4760 2216 476
4761 1517 542
4762 1221 405
4763 5879 470
4764 0 -1
4765 5829 450
4766 3608 385
4767 5410 427
4768 4297 411
4769 2924 507
4770 3131 522
4771 6390 399
4772 5405 621
4773 2240 454
4774 5581 623
4775 5310 564
4776 2008 355
4777 6196 329
4778 1446 440
4779 0 -1
4780 153 419
4781 6393 421
4782 5816 459
4783 5867 554
4784 3520 401
4785 554 443
4786 3892 568
4787 2360 520
4788 6332 376
4789 2102 602
4790 6319 318
4791 3419 423
4792 5311 498
4793 5228 429
4794 2689 480
4795 2357 516
4796 4389 459
4797 3720 423
4798 1288 333
4799 5218 329
4800 5347 418
4801 744 566
4802 2301 403
4803 3295 443
4804 4104 458
4805 0 -1
4806 4874 401
4807 5895 569
4808 0 -1
4809 5842 513
4810 5982 325
4811 0 -1
4812 4364 426
4813 0 -1
4814 2043 543
4815 0 -1
4816 726 488
4817 3243 354
4818 2145 346
4819 1674 503
4820 2616 464
4821 4265 482
4822 3893 431
4823 2962 355
4824 5489 517
4825 6258 434
4826 1564 443
4827 3122 385
4828 5302 494
4829 109 477
4830 350 441
4831 349 404
4832 2589 517
4833 2414 384
4834 1831 496
4835 1742 495
4836 765 361
4837 4235 487
4838 5120 383
4839 5932 432
4840 654 564
4841 532 363
4842 6483 421
4843 1576 593
4844 1849 526
4845 3294 600
4846 3607 383
4847 2024 465
4848 4051 545
4849 1729 510
4850 0 -1
4851 3925 498
4852 4520 444
4853 3190 485
4854 2626 475
4855 485 465
4856 3442 394
4857 1532 502
4858 4399 385
4859 6291 518
4860 0 -1
4861 0 -1
4862 3068 450
4863 3228 452
4864 4597 564
4865 0 -1
4866 1540 364
4867 922 422
4868 4553 372
4869 2008 395
4870 3677 610
4871 2354 455
4872 4213 542
4873 2962 314
4874 1662 394
4875 4723 521
4876 5072 476
4877 5003 486
4878 3979 465
4879 2185 481
4880 3397 518
4881 6581 421
4882 1207 437
4883 5120 428
4884 0 -1
4885 2866 385
4886 6232 494
4887 4118 448
4888 2227 381
4889 4878 505
4890 5974 730
4891 3023 510
4892 2570 513
4893 3743 420
4894 3830 462
4895 733 549
4896 2676 494
4897 594 498
4898 0 -1
4899 4413 495
4900 3819 617
4901 906 303
4902 1205 449
4903 788 506
4904 3300 390
4905 689 513
4906 3515 461
4907 3858 369
4908 0 -1
4909 1996 414
4910 6165 410
4911 1202 411
4912 4355 394
4913 2138 339
4914 3492 426
4915 1207 372
4916 5699 398
4917 6509 417
4918 2079 471
4919 20 460
4920 6053 418
4921 5213 497
4922 2155 516
4923 2533 411
4924 6444 360
4925 5245 349
4926 1082 534
4927 107 458
4928 1773 369
4929 4738 494
4930 0 -1
4931 2714 421
4932 579 567
4933 4693 496
4934 6141 384
4935 3221 476
4936 3471 350
4937 918 459
4938 3121 503
4939 5318 418
4940 759 564
4941 6224 526
4942 639 454
4943 1341 251
4944 5902 493
4945 937 476
4946 686 475
4947 0 -1
4948 3695 464
4949 1488 404
4950 4854 539
4951 0 -1
4952 97 390
4953 4787 569
4954 4823 414
4955 4912 417
4956 5112 420
4957 2612 548
4958 1885 515
4959 3586 348
4960 3049 400
4961 6001 464
4962 1130 473
4963 5086 401
4964 865 449
4965 1679 520
4966 1891 520
4967 2920 495
4968 2484 435
4969 3819 656
4970 2738 423
4971 2039 362
4972 6212 427
4973 5600 325
4974 5677 428
4975 2116 461
4976 0 -1
4977 3129 484
4978 4589 428
4979 6454 363
4980 3455 413
4981 5596 444
4982 0 -1
4983 5383 387
4984 4248 375
4985 4158 375
4986 4841 370
4987 988 403
4988 4211 451
4989 1827 401
4990 5340 411
4991 449 496
4992 5833 399
4993 1837 466
4994 4371 541
4995 6146 539
4996 6527 407
4997 0 -1
4998 537 573
4999 5597 240
5000 5264 599
5001 3454 485
5002 2705 493
5003 385 395
5004 1923 507
5005 4408 401
5006 1044 458
5007 4992 437
5008 1883 477
5009 299 482
5010 1064 497
5011 2957 573
5012 1063 410
5013 2991 422
5014 4933 531
5015 2924 458
5016 3976 434
5017 3418 415
5018 5845 638
5019 1289 355
5020 2859 309
5021 0 -1
5022 6052 492
5023 5916 498
5024 0 -1
5025 4100 403
5026 0 -1
5027 5272 536
5028 3445 479
5029 4203 420
5030 0 -1
5031 5430 442
5032 0 -1
5033 2857 472
5034 5718 471
5035 343 480
5036 629 390
5037 938 586
5038 0 -1
5039 966 441
5040 4963 482
5041 2378 482
5042 0 -1
5043 4293 432
5044 6192 327
5045 2564 432
5046 3777 444
5047 1874 558
5048 3429 472
5049 1363 424
5050 5566 446
5051 2656 384
5052 4748 434
5053 303 537
5054 5722 352
5055 2930 516
5056 0 -1
5057 3044 325
5058 1884 532
5059 4353 371
5060 1296 554
5061 5835 475
5062 132 519
5063 3317 329
5064 3219 423
5065 3312 308
5066 6009 653
5067 2561 520
5068 5194 482
5069 5190 469
5070 289 511
5071 4798 369
5072 3096 429
5073 219 401
5074 154 429
5075 4692 357
5076 4960 404
5077 3128 505
5078 4667 673
5079 4002 458
5080 4248 406
5081 298 500
5082 5065 377
5083 3092 368
5084 5878 417
5085 587 417
5086 3171 393
5087 1644 451
5088 4293 467
5089 1183 492
5090 1894 664
5091 1008 488
5092 34 323
5093 2426 375
5094 2044 431
5095 6270 446
5096 3601 648
5097 5314 452
5098 6531 376
5099 3619 527
5100 1564 362
5101 1656 367
5102 4873 341
5103 3814 433
5104 2870 522
5105 5744 469
5106 2050 429
5107 3736 369
5108 6162 437
5109 2409 472
5110 520 553
5111 3336 493
5112 3423 394
5113 5338 400
5114 199 407
5115 526 276
5116 4640 444
5117 561 501
5118 3565 407
5119 1147 349
5120 4591 342
5121 1272 442
5122 2362 352
5123 1227 404
5124 2529 450
5125 1017 467
5126 5527 528
5127 3659 483
5128 2673 410
5129 5769 431
5130 6547 458
5131 2149 156
5132 5183 516
5133 187 404
5134 159 666
5135 6531 329
5136 155 589
5137 15 351
5138 6594 447
5139 2989 284
5140 1063 426
5141 3211 457
5142 5084 449
5143 4707 554
5144 4703 354
5145 1139 463
5146 6450 524
5147 1120 663
5148 5846 539
5149 6600 475
5150 3068 416
5151 5597 232
5152 4009 605
5153 3368 470
5154 5285 493
5155 3401 591
5156 5613 477
5157 3348 490
5158 132 544
5159 642 390
5160 1547 406
5161 5851 477
5162 2926 429
5163 791 432
5164 1961 480
5165 3986 405
5166 6537 377
5167 6218 485
5168 3995 335
5169 4019 423
5170 2691 486
5171 2678 418
5172 1148 557
5173 1446 457
5174 215 540
5175 1056 515
5176 594 548
5177 4307 394
5178 5789 387
5179 3574 468
5180 3396 529
5181 5048 509
5182 2050 441
5183 2143 514
5184 1367 584
5185 1063 448
5186 723 483
5187 4689 394
5188 4699 384
5189 5837 344
5190 305 367
5191 4653 474
5192 5450 433
5193 1904 490
5194 5954 479
5195 3914 348
5196 3858 370
5197 0 -1
5198 1776 523
5199 3092 421
5200 2704 545
5201 1447 493
5202 2614 383
5203 3674 526
5204 3044 323
5205 0 -1
5206 5494 449
5207 403 584
5208 5309 411
5209 3492 359
5210 5114 451
5211 4784 419
5212 5884 415
5213 5141 485
5214 3425 443
5215 4179 369
5216 1306 475
5217 526 258
5218 3783 284
5219 3894 503
5220 3334 441
5221 5888 395
5222 2556 486
5223 288 383
5224 486 413
5225 2878 313
5226 2045 391
5227 2272 450
5228 71 342
5229 6551 409
5230 0 -1
5231 530 307
5232 1668 456
5233 3020 382
5234 5321 346
5235 3904 557
5236 5597 241
5237 3483 504
5238 1708 401
5239 526 318
5240 6264 458
5241 5188 429
5242 2763 408
5243 6005 521
5244 3467 476
5245 6108 332
5246 1158 572
5247 3998 372
5248 6297 431
5249 454 479
5250 5812 425
5251 4505 411
5252 1503 405
5253 5115 295
5254 4365 571
5255 3281 438
5256 6600 426
5257 4078 374
5258 1360 435
5259 3914 422
5260 3019 481
5261 5093 452
5262 812 392
5263 5531 502
5264 3697 483
5265 0 -1
5266 1708 434
5267 246 459
5268 6141 322
5269 3113 466
5270 4214 501
5271 4635 470
5272 6249 492
5273 217 531
5274 4630 493
5275 3398 354
5276 0 -1
5277 5792 457
5278 0 -1
5279 3633 491
5280 4391 333
5281 4795 533
5282 4973 402
5283 4629 352
5284 1594 437
5285 5332 419
5286 4521 478
5287 3349 438
5288 1833 374
5289 2198 534
5290 3114 468
5291 1880 472
5292 5733 524
5293 5621 479
5294 41 503
5295 963 432
5296 3690 497
5297 6567 358
5298 5179 577
5299 5194 578
5300 1737 391
5301 3186 445
5302 6214 379
5303 5239 342
5304 314 252
5305 2590 385
5306 255 503
5307 550 410
5308 5914 426
5309 2359 407
5310 4916 458
5311 1840 473
5312 6258 411
5313 1892 444
5314 329 393
5315 2914 445
5316 1760 472
5317 671 607
5318 3692 379
5319 5282 512
5320 4999 324
5321 2815 319
5322 2944 365
5323 5808 363
5324 2394 306
5325 503 400
5326 3368 543
5327 3823 429
5328 3211 455
5329 4506 310
5330 3957 490
5331 6162 361
5332 6064 396
5333 3213 491
5334 622 450
5335 3632 544
5336 2428 442
5337 953 561
5338 6164 366
5339 1499 180
5340 804 366
5341 2826 318
5342 2156 540
5343 4422 374
5344 0 -1
5345 5741 349
5346 2698 350
5347 4123 365
5348 2759 456
5349 5582 416
5350 1070 418
5351 1149 487
5352 5800 465
5353 3370 535
5354 1758 611
5355 6319 351
5356 2078 479
5357 0 -1
5358 6403 543
5359 5671 405
5360 941 479
5361 1388 480
5362 1416 446
5363 352 438
5364 4562 581
5365 3459 368
5366 6589 391
5367 3337 570
5368 6466 410
5369 3977 446
5370 0 -1
5371 5896 601
5372 178 389
5373 5563 472
5374 3295 401
5375 312 524
5376 5004 598
5377 45 526
5378 1096 381
5379 1187 410
5380 5329 413
5381 3852 449
5382 5661 489
5383 2716 376
5384 2477 460
5385 2253 460
5386 1629 529
5387 460 539
5388 6392 437
5389 4919 558
5390 1170 501
5391 4436 547
5392 387 303
5393 2981 543
5394 5897 457
5395 5908 388
5396 0 -1
5397 204 467
5398 656 466
5399 5881 483
5400 5745 354
5401 1684 447
5402 5454 597
5403 6485 399
5404 2359 446
5405 2047 543
5406 3631 452
5407 3832 451
5408 6236 363
5409 3736 379
5410 1666 405
5411 227 194
5412 5514 396
5413 206 529
5414 1401 523
5415 0 -1
5416 5112 425
5417 288 462
5418 3490 413
5419 5401 450
5420 1926 529
5421 6550 392
5422 3504 498
5423 2114 512
5424 1163 301
5425 4744 475
5426 863 498
5427 3134 318
5428 2996 377
5429 5070 598
5430 765 383
5431 4213 495
5432 5859 436
5433 2810 489
5434 0 -1
5435 0 -1
5436 845 452
5437 1463 574
5438 3954 444
5439 4160 494
5440 2420 407
5441 1792 576
5442 0 -1
5443 569 440
5444 2235 714
5445 2698 346
5446 2764 372
5447 3843 420
5448 1653 418
5449 5600 355
5450 1181 364
5451 5992 461
5452 274 439
5453 4024 509
5454 2748 586
5455 1750 449
5456 0 -1
5457 1634 552
5458 1994 478
5459 135 417
5460 927 403
5461 0 -1
5462 232 528
5463 3265 387
5464 0 -1
5465 4314 503
5466 3053 544
5467 0 -1
5468 6204 395
5469 2238 373
5470 4413 429
5471 2810 458
5472 614 469
5473 6026 443
5474 2553 461
5475 511 583
5476 6023 429
5477 5857 511
5478 2953 526
5479 1352 533
5480 0 -1
5481 677 427
5482 4653 416
5483 5048 488
5484 5186 492
5485 5122 366
5486 0 -1
5487 123 370
5488 4810 381
5489 3389 510
5490 1278 415
5491 1321 506
5492 4862 529
5493 6590 410
5494 4776 400
5495 3920 380
5496 5701 526
5497 1023 527
5498 2236 337
5499 5345 418
5500 0 -1
5501 4885 465
5502 532 271
5503 1564 330
5504 5223 454
5505 1646 533
5506 24 355
5507 6003 454
5508 3215 481
5509 2607 411
5510 4399 391
5511 853 465
5512 2361 472
5513 5888 501
5514 2301 291
5515 3061 580
5516 834 430
5517 4093 24
5518 5459 502
5519 1051 546
5520 3223 441
5521 4032 364
5522 0 -1
5523 1342 310
5524 5748 418
5525 1627 467
5526 178 301
5527 3261 492
5528 5556 455
5529 2726 470
5530 85 398
5531 4143 441
5532 532 297
5533 3969 456
5534 1793 311
5535 6109 523
5536 3007 435
5537 6505 541
5538 0 -1
5539 5006 555
5540 1667 395
5541 3479 594
5542 4720 550
5543 2120 502
5544 3093 531
5545 1551 308
5546 2421 532
5547 4883 451
5548 0 -1
5549 2738 437
5550 845 373
5551 0 -1
5552 5972 381
5553 5228 388
5554 6532 431
5555 4140 451
5556 5604 359
5557 5383 411
5558 689 524
5559 949 506
5560 5870 452
5561 5398 494
5562 5693 580
5563 1419 458
5564 5741 300
5565 0 -1
5566 1909 436
5567 3806 449
5568 4248 374
5569 0 -1
5570 4912 442
5571 2764 384
5572 458 501
5573 2286 439
5574 0 -1
5575 2514 383
5576 6473 491
5577 2941 350
5578 910 478
5579 2366 543
5580 1167 378
5581 1156 587
5582 3357 351
5583 4201 372
5584 1251 443
5585 3696 376
5586 2856 375
5587 6317 507
5588 4300 422
5589 1846 357
5590 2180 710
5591 3004 496
5592 0 -1
5593 2287 589
5594 5401 465
5595 2639 490
5596 268 387
5597 1122 199
5598 3619 484
5599 4689 445
5600 6491 302
5601 1111 547
5602 5195 416
5603 0 -1
5604 5837 250
5605 984 579
5606 5348 525
5607 1584 214
5608 2118 590
5609 464 476
5610 1271 509
5611 772 435
5612 2670 429
5613 2618 401
5614 2225 445
5615 1447 407
5616 5893 394
5617 4444 451
5618 966 495
5619 6560 470
5620 6043 368
5621 554 426
5622 0 -1
5623 4906 479
5624 3064 468
5625 0 -1
5626 0 -1
5627 3075 476
5628 199 328
5629 2711 433
5630 575 443
5631 2324 444
5632 262 510
5633 3469 410
5634 2211 528
5635 233 487
5636 2117 458
5637 2967 446
5638 1497 486
5639 6289 352
5640 4042 418
5641 1003 512
5642 5463 441
5643 5303 418
5644 2518 408
5645 6371 625
5646 5384 510
5647 1487 473
5648 0 -1
5649 6152 327
5650 229 323
5651 1199 394
5652 3459 376
5653 4164 460
5654 6487 417
5655 4280 526
5656 5113 414
5657 3903 603
5658 2351 453
5659 0 -1
5660 0 -1
5661 6192 435
5662 550 433
5663 2062 561
5664 6192 332
5665 2069 328
5666 3096 424
5667 3909 356
5668 568 421
5669 97 316
5670 2150 441
5671 5905 388
5672 4797 494
5673 2822 658
5674 3369 404
5675 922 414
5676 921 563
5677 1278 397
5678 18 369
5679 2099 501
5680 3492 356
5681 5916 441
5682 0 -1
5683 1791 392
5684 6221 518
5685 605 408
5686 6556 352
5687 1855 427
5688 3020 306
5689 3109 458
5690 5326 645
5691 892 440
5692 2253 407
5693 4867 486
5694 6181 352
5695 57 379
5696 4718 389
5697 2793 501
5698 3307 408
5699 2713 367
5700 6479 511
5701 3837 497
5702 421 480
5703 1525 338
5704 2732 510
5705 991 409
5706 6236 359
5707 697 417
5708 6557 454
5709 662 535
5710 233 460
5711 2162 432
5712 1293 518
5713 2312 460
5714 4340 526
5715 2983 393
5716 129 445
5717 2332 288
5718 1170 455
5719 876 537
5720 2506 465
5721 0 -1
5722 387 341
5723 5498 384
5724 5498 350
5725 1175 429
5726 3221 463
5727 533 544
5728 2541 609
5729 2323 343
5730 2592 568
5731 5664 437
5732 5597 201
5733 1228 467
5734 1424 371
5735 900 572
5736 6278 456
5737 6192 336
5738 550 343
5739 0 -1
5740 2690 565
5741 3016 293
5742 3698 368
5743 136 392
5744 6155 451
5745 3661 322
5746 1737 400
5747 0 -1
5748 2046 386
5749 6547 431
5750 5694 393
5751 715 365
5752 4166 515
5753 0 -1
5754 4255 417
5755 1462 409
5756 4658 484
5757 6204 464
5758 2901 502
5759 695 365
5760 6532 450
5761 892 423
5762 4672 542
5763 2633 402
5764 2154 415
5765 1360 370
5766 3695 495
5767 843 500
5768 6007 342
5769 4992 422
5770 5586 389
5771 5312 486
5772 636 476
5773 4699 449
5774 5749 544
5775 6245 417
5776 44 412
5777 2988 477
5778 1224 468
5779 1388 449
5780 5998 470
5781 4095 464
5782 4333 461
5783 1959 395
5784 4194 395
5785 1861 418
5786 5287 503
5787 1870 587
5788 1133 474
5789 3565 373
5790 3093 475
5791 5801 549
5792 6303 407
5793 4305 599
5794 6051 476
5795 2769 591
5796 2770 488
5797 2713 362
5798 3173 582
5799 1058 483
5800 2258 440
5801 5126 533
5802 561 457
5803 3553 510
5804 3398 363
5805 6102 472
5806 5304 264
5807 2989 229
5808 4378 333
5809 2101 406
5810 5144 360
5811 2468 740
5812 6309 413
5813 5162 511
5814 5106 452
5815 6119 471
5816 2058 434
5817 4573 433
5818 1663 535
5819 3449 457
5820 5694 362
5821 848 327
5822 0 -1
5823 3913 445
5824 5553 453
5825 5588 428
5826 6559 471
5827 4224 502
5828 5040 486
5829 5731 444
5830 3226 419
5831 1360 392
5832 1465 526
5833 530 330
5834 5365 372
5835 2085 428
5836 71 336
5837 1077 234
5838 5168 424
5839 4529 504
5840 3698 339
5841 1276 356
5842 3265 402
5843 1709 433
5844 5073 429
5845 5627 561
5846 3441 437
5847 2153 460
5848 5150 477
5849 0 -1
5850 3850 458
5851 4839 463
5852 6391 365
5853 302 431
5854 970 531
5855 3686 488
5856 596 493
5857 5619 506
5858 3033 616
5859 3459 434
5860 3492 421
5861 3506 545
5862 784 468
5863 2125 547
5864 2074 507
5865 1533 535
5866 2595 506
5867 6284 520
5868 2625 419
5869 583 535
5870 4252 386
5871 4095 402
5872 5165 521
5873 683 366
5874 0 -1
5875 1658 388
5876 5835 444
5877 2101 379
5878 6335 397
5879 6333 468
5880 6544 467
5881 812 394
5882 854 381
5883 5395 398
5884 5545 375
5885 2593 387
5886 5262 431
5887 3957 563
5888 1276 384
5889 3315 489
5890 189 457
5891 1108 371
5892 2264 548
5893 1459 378
5894 0 -1
5895 3057 493
5896 6202 515
5897 5521 379
5898 1803 326
5899 5324 424
5900 1833 469
5901 1403 367
5902 570 447
5903 2786 547
5904 2535 421
5905 2448 329
5906 4255 408
5907 3452 287
5908 3661 332
5909 1070 522
5910 4344 455
5911 748 454
5912 28 11
5913 3210 428
5914 3932 419
5915 3279 450
5916 749 396
5917 2163 500
5918 0 -1
5919 5881 406
5920 4335 421
5921 6538 623
5922 326 410
5923 559 409
5924 2094 451
5925 4887 490
5926 297 354
5927 4960 448
5928 526 227
5929 6523 427
5930 302 470
5931 4665 640
5932 2783 402
5933 3325 531
5934 2225 428
5935 1755 405
5936 4285 407
5937 3778 569
5938 1276 379
5939 5577 423
5940 4000 504
5941 1169 601
5942 4562 563
5943 0 -1
5944 6460 491
5945 5957 495
5946 3668 554
5947 715 357
5948 1435 630
5949 3767 478
5950 1260 471
5951 3077 508
5952 1353 378
5953 4841 402
5954 3698 372
5955 2556 572
5956 3707 407
5957 1680 422
5958 0 -1
5959 4781 461
5960 2410 428
5961 0 -1
5962 3720 382
5963 0 -1
5964 3413 458
5965 4762 509
5966 2350 407
5967 3611 445
5968 3407 519
5969 1334 383
5970 5107 411
5971 4410 505
5972 5218 342
5973 6252 413
5974 2228 707
5975 3183 511
5976 4069 525
5977 2208 531
5978 5033 524
5979 2286 405
5980 1646 463
5981 3533 456
5982 6029 276
5983 0 -1
5984 1692 379
5985 0 -1
5986 0 -1
5987 0 -1
5988 0 -1
5989 100 449
5990 466 416
5991 2444 546
5992 78 458
5993 599 444
5994 4109 519
5995 2756 411
5996 6107 465
5997 1674 455
5998 4040 455
5999 1779 440
6000 175 540
6001 2159 404
6002 3596 436
6003 5919 420
6004 4814 547
6005 905 471
6006 3946 422
6007 1276 316
6008 3094 484
6009 1694 583
6010 70 422
6011 2255 554
6012 4291 491
6013 1446 487
6014 6349 428
6015 4261 427
6016 5102 380
6017 4460 511
6018 2956 543
6019 1827 379
6020 4181 435
6021 1927 509
6022 443 482
6023 2815 356
6024 1372 487
6025 2813 622
6026 3708 435
6027 4119 523
6028 894 529
6029 2734 192
6030 3712 518
6031 5575 476
6032 734 497
6033 5604 307
6034 1795 414
6035 3658 333
6036 1729 509
6037 4244 480
6038 0 -1
6039 4078 357
6040 4214 432
6041 2414 430
6042 721 530
6043 5669 333
6044 6446 449
6045 4323 448
6046 0 -1
6047 2481 459
6048 4257 401
6049 5886 484
6050 4271 477
6051 1140 381
6052 4581 382
6053 5347 416
6054 4585 345
6055 1360 470
6056 301 428
6057 0 -1
6058 1495 458
6059 2261 513
6060 639 502
6061 5140 457
6062 4146 506
6063 283 428
6064 5218 366
6065 4393 486
6066 864 450
6067 6358 449
6068 1474 304
6069 1685 399
6070 4385 428
6071 3262 338
6072 6580 447
6073 1585 496
6074 3986 359
6075 6512 455
6076 6239 415
6077 0 -1
6078 6395 453
6079 2786 575
6080 5262 457
6081 5416 478
6082 1264 432
6083 1805 432
6084 1427 527
6085 0 -1
6086 5808 376
6087 4669 392
6088 147 462
6089 787 438
6090 3279 409
6091 6573 475
6092 0 -1
6093 1787 461
6094 1536 491
6095 109 509
6096 86 334
6097 3165 599
6098 3022 526
6099 836 583
6100 5923 472
6101 717 495
6102 2994 466
6103 4315 405
6104 4703 418
6105 5378 459
6106 4459 470
6107 3694 400
6108 6205 271
6109 66 512
6110 5836 355
6111 2642 512
6112 6058 471
6113 5256 496
6114 1148 507
6115 5662 469
6116 2792 452
6117 3894 411
6118 2516 522
6119 2620 372
6120 5665 358
6121 5199 509
6122 0 -1
6123 2035 497
6124 0 -1
6125 3322 483
6126 1073 508
6127 5552 492
6128 5028 555
6129 4252 355
6130 3459 397
6131 4103 579
6132 5959 560
6133 6510 426
6134 1400 632
6135 0 -1
6136 2859 305
6137 1321 439
6138 3839 387
6139 2812 363
6140 3772 360
6141 604 302
6142 5027 634
6143 4743 481
6144 5707 437
6145 3188 435
6146 1928 508
6147 3581 479
6148 3806 424
6149 4101 287
6150 839 408
6151 2302 422
6152 5115 293
6153 3958 490
6154 0 -1
6155 4062 430
6156 0 -1
6157 516 554
6158 3210 444
6159 4331 438
6160 4942 468
6161 1039 421
6162 3855 354
6163 4684 439
6164 5065 326
6165 1505 404
6166 1893 512
6167 2364 537
6168 660 306
6169 3681 531
6170 5589 475
6171 1693 395
6172 5065 340
6173 2114 463
6174 4217 443
6175 2305 369
6176 6303 353
6177 2800 518
6178 5810 439
6179 1358 489
6180 4907 430
6181 1115 276
6182 0 -1
6183 2772 417
6184 2896 484
6185 3770 578
6186 2295 492
6187 5385 504
6188 1424 369
6189 2308 488
6190 1745 436
6191 1349 550
6192 2417 321
6193 2400 445
6194 4265 496
6195 1437 568
6196 2106 279
6197 2827 440
6198 0 -1
6199 532 348
6200 1531 444
6201 3515 431
6202 1026 417
6203 979 487
6204 5302 392
6205 3437 248
6206 470 306
6207 3437 209
6208 5465 522
6209 3692 408
6210 0 -1
6211 4889 532
6212 315 414
6213 4480 472
6214 5907 376
6215 2448 359
6216 4731 591
6217 3898 447
6218 5904 475
6219 3450 430
6220 0 -1
6221 1170 456
6222 4017 374
6223 6045 513
6224 4691 456
6225 4191 298
6226 5859 444
6227 2146 555
6228 1385 329
6229 3056 545
6230 2775 450
6231 979 482
6232 3226 392
6233 421 456
6234 0 -1
6235 1244 438
6236 3799 355
6237 1697 519
6238 0 -1
6239 2160 371
6240 3133 453
6241 4492 439
6242 5952 426
6243 4651 474
6244 3750 447
6245 6228 391
6246 4743 469
6247 5221 436
6248 5232 530
6249 6346 394
6250 1762 355
6251 4777 442
6252 3134 349
6253 5061 506
6254 2795 478
6255 2719 490
6256 5799 490
6257 6597 419
6258 8 316
6259 3677 535
6260 4457 514
6261 2016 572
6262 6466 458
6263 0 -1
6264 6193 445
6265 181 328
6266 2829 479
6267 3845 347
6268 134 433
6269 1141 366
6270 3798 339
6271 4224 515
6272 5786 522
6273 6362 476
6274 3251 274
6275 0 -1
6276 1500 343
6277 6242 495
6278 213 365
6279 1478 476
6280 3602 308
6281 4149 568
6282 2356 402
6283 1448 442
6284 839 469
6285 1961 483
6286 1786 585
6287 2724 436
6288 2902 454
6289 3044 286
6290 5681 483
6291 5817 475
6292 0 -1
6293 3076 482
6294 6454 374
6295 5564 372
6296 4874 440
6297 844 367
6298 3394 542
6299 2361 495
6300 5588 453
6301 4570 288
6302 3510 449
6303 5115 301
6304 927 472
6305 2935 517
6306 0 -1
6307 2693 456
6308 0 -1
6309 8 387
6310 2656 380
6311 6440 523
6312 2650 492
6313 5562 612
6314 3644 790
6315 177 419
6316 4935 509
6317 999 447
6318 6545 444
6319 4591 317
6320 4194 436
6321 777 494
6322 2699 468
6323 2315 426
6324 3398 392
6325 2652 359
6326 5932 472
6327 4295 471
6328 2915 456
6329 6488 441
6330 2528 500
6331 5635 549
6332 5217 320
6333 4007 434
6334 4252 362
6335 1404 316
6336 5385 491
6337 3188 468
6338 0 -1
6339 3995 427
6340 5751 448
6341 4307 445
6342 4378 350
6343 2805 486
6344 1794 469
6345 2167 387
6346 6181 301
6347 4491 378
6348 3752 368
6349 767 373
6350 4752 451
6351 363 406
6352 4013 510
6353 110 501
6354 410 412
6355 362 536
6356 1781 566
6357 0 -1
6358 1278 383
6359 2188 435
6360 2400 382
6361 3440 402
6362 5952 441
6363 6565 480
6364 2115 501
6365 1071 528
6366 5033 561
6367 263 444
6368 4371 542
6369 4577 404
6370 0 -1
6371 4000 597
6372 5260 533
6373 2886 455
6374 4360 531
6375 3449 495
6376 4302 514
6377 6542 431
6378 870 534
6379 3049 414
6380 6023 395
6381 0 -1
6382 122 392
6383 5063 371
6384 1186 341
6385 5111 584
6386 1830 480
6387 5109 540
6388 4798 436
6389 1175 419
6390 6225 398
6391 2106 343
6392 2103 386
6393 4553 353
6394 4577 433
6395 6557 420
6396 485 409
6397 6578 594
6398 5407 549
6399 2489 438
6400 0 -1
6401 969 402
6402 5952 445
6403 5034 542
6404 210 413
6405 4600 423
6406 3398 348
6407 3928 456
6408 1550 394
6409 4719 570
6410 5190 465
6411 4707 480
6412 4194 437
6413 3437 296
6414 0 -1
6415 0 -1
6416 2440 425
6417 3380 415
6418 0 -1
6419 5502 351
6420 980 557
6421 6589 450
6422 1468 506
6423 0 -1
6424 4493 488
6425 0 -1
6426 4700 434
6427 1039 434
6428 0 -1
6429 6108 308
6430 1601 504
6431 4580 501
6432 1060 479
6433 1705 502
6434 5340 414
6435 6043 359
6436 4728 516
6437 4985 457
6438 1405 491
6439 2466 389
6440 3666 518
6441 3251 331
6442 2588 430
6443 6511 489
6444 6429 354
6445 3190 499
6446 3554 446
6447 3549 517
6448 5820 420
6449 2709 503
6450 4838 406
6451 1462 410
6452 3364 487
6453 0 -1
6454 3696 363
6455 4306 387
6456 5323 402
6457 1825 403
6458 2640 588
6459 4537 434
6460 5802 472
6461 3078 408
6462 5107 437
6463 3994 543
6464 5282 435
6465 3409 393
6466 1424 400
6467 4022 420
6468 4996 422
6469 2872 529
6470 6207 250
6471 4833 455
6472 0 -1
6473 2566 476
6474 6475 425
6475 1534 383
6476 1102 331
6477 1126 485
6478 2620 426
6479 4446 492
6480 4495 399
6481 4255 485
6482 1408 495
6483 3418 382
6484 5927 453
6485 2417 372
6486 2266 499
6487 925 375
6488 4255 420
6489 589 565
6490 3625 449
6491 3402 232
6492 3546 415
6493 1202 476
6494 1658 442
6495 2523 323
6496 3265 412
6497 6584 490
6498 1667 437
6499 3207 611
6500 2985 405
6501 5768 426
6502 1796 514
6503 6265 379
6504 3449 467
6505 5868 434
6506 2567 483
6507 526 228
6508 557 401
6509 924 392
6510 2323 374
6511 161 400
6512 4748 358
6513 2809 528
6514 0 -1
6515 4887 491
6516 5085 511
6517 5449 451
6518 3632 457
6519 4993 511
6520 2333 453
6521 4938 593
6522 1835 568
6523 6476 340
6524 5256 440
6525 759 541
6526 2764 336
6527 5304 369
6528 2529 458
6529 1834 489
6530 2752 452
6531 4391 308
6532 359 429
6533 3783 398
6534 3921 560
6535 1968 342
6536 790 493
6537 2101 376
6538 4597 565
6539 4581 463
6540 3673 534
6541 1358 474
6542 1108 364
6543 3494 466
6544 3336 461
6545 1784 393
6546 2944 411
6547 2176 402
6548 1537 498
6549 2193 477
6550 4190 327
6551 3254 339
6552 3681 580
6553 6231 525
6554 6462 525
6555 5700 520
6556 3418 331
6557 2168 403
6558 5627 566
6559 3607 432
6560 363 431
6561 6531 365
6562 3799 313
6563 4437 453
6564 2772 412
6565 6390 450
6566 757 457
6567 2966 336
6568 3943 506
6569 2446 348
6570 4686 503
6571 657 335
6572 3167 549
6573 6222 440
6574 2149 137
6575 2724 423
6576 3717 422
6577 2701 431
6578 6438 564
6579 4385 475
6580 3662 404
6581 2559 406
6582 0 -1
6583 0 -1
6584 3120 383
6585 1343 473
6586 3496 418
6587 2813 520
6588 4289 528
6589 268 386
6590 5428 388
6591 3543 466
6592 728 490
6593 0 -1
6594 4391 329
6595 2103 377
6596 5100 395
6597 644 401
6598 3045 445
6599 3898 541
6600 18 416
