6
1 0 -1
2 3470 506
3 0 -1
4 6032 487
5 5624 441
6 6 0
7 2732 474
8 3556 467
9 192 518
10 3773 572
11 6527 495
12 0 -1
13 2441 470
14 6394 417
15 4420 434
16 3067 498
17 6475 478
18 6346 469
19 1860 447
20 3615 493
21 45 397
22 3342 504
23 1293 530
24 2859 455
25 151 585
26 3925 474
27 5499 453
28 5025 501
29 2156 534
30 2858 601
31 0 -1
32 116 514
33 6406 481
34 1486 480
35 3484 496
36 2248 544
37 5142 342
38 5902 508
39 4330 481
40 3846 440
41 3369 522
42 4247 472
43 6525 535
44 1206 422
45 1283 394
46 134 568
47 1617 789
48 6114 506
49 4119 478
50 3169 575
51 3112 506
52 855 542
53 2271 548
54 5080 487
55 5608 556
56 849 509
57 4190 383
58 0 -1
59 1504 595
60 6165 408
61 2535 422
62 2225 476
63 293 469
64 4824 598
65 1562 527
66 887 482
67 5642 518
68 0 -1
69 3382 542
70 4190 430
71 906 390
72 3943 463
73 6377 451
74 5069 467
75 4233 474
76 734 556
77 5142 338
78 410 523
79 132 532
80 4228 363
81 2602 557
82 3863 544
83 101 455
84 2074 463
85 4959 479
86 2358 360
87 4286 535
88 3510 410
89 5345 547
90 20 503
91 227 623
92 0 -1
93 4281 438
94 1782 598
95 311 563
96 3214 490
97 3520 342
98 1126 509
99 6196 482
100 5871 427
101 2064 454
102 4115 450
103 878 385
104 2593 524
105 4525 454
106 1292 498
107 5962 463
108 5195 455
109 6020 435
110 6389 521
111 6464 509
112 3034 397
113 599 455
114 2851 533
115 2537 553
116 1311 509
117 182 528
118 4768 433
119 4672 546
120 3289 845
121 3867 534
122 777 495
123 99 524
124 0 -1
125 4681 488
126 4100 434
127 2577 453
128 1016 459
129 5545 423
130 1436 566
131 5783 465
132 3617 462
133 6529 428
134 880 550
135 1253 495
136 1491 489
137 337 573
138 0 -1
139 3453 545
140 2701 434
141 1000 443
142 4261 445
143 5507 426
144 60 429
145 2453 346
146 4125 582
147 3003 532
148 2669 525
149 129 467
150 4541 575
151 4836 494
152 528 495
153 2019 484
154 5218 481
155 5998 514
156 1277 514
157 0 -1
158 3497 421
159 4421 619
160 1932 448
161 1968 426
162 1900 522
163 5715 368
164 1850 552
165 0 -1
166 2602 546
167 832 499
168 4970 475
169 1227 579
170 1054 461
171 0 -1
172 4318 428
173 3080 452
174 4548 491
175 4084 474
176 1059 452
177 1156 556
178 3798 479
179 4907 455
180 6137 465
181 3862 398
182 4258 411
183 6488 423
184 3594 615
185 3472 339
186 3578 517
187 6334 482
188 6361 449
189 2756 565
190 0 -1
191 1933 521
192 6503 518
193 2831 613
194 5482 534
195 0 -1
196 5671 425
197 1323 617
198 6041 542
199 3641 512
200 5744 548
201 3771 601
202 4185 554
203 2941 413
204 4257 536
205 284 632
206 1705 440
207 211 439
208 2979 526
209 6266 584
210 3676 504
211 6278 366
212 0 -1
213 6526 482
214 6566 335
215 443 446
216 1704 535
217 3677 564
218 3897 553
219 2859 490
220 5591 578
221 640 466
222 4360 503
223 6100 497
224 0 -1
225 0 -1
226 1302 602
227 4125 518
228 2043 449
229 1564 496
230 548 416
231 5330 470
232 4537 549
233 2494 521
234 3256 526
235 6099 744
236 4006 530
237 0 -1
238 3034 326
239 1849 466
240 4806 437
241 1283 444
242 0 -1
243 18 520
244 1307 475
245 5755 484
246 842 470
247 2259 489
248 5139 511
249 870 562
250 1338 495
251 3498 456
252 1923 557
253 0 -1
254 615 512
255 6189 459
256 2485 518
257 4046 489
258 3244 537
259 0 -1
260 3699 568
261 467 531
262 5202 498
263 2244 466
264 1884 444
265 5259 464
266 279 659
267 6014 533
268 5428 383
269 1809 550
270 3080 557
271 4452 484
272 1056 537
273 3181 601
274 359 521
275 5440 537
276 1307 459
277 0 -1
278 337 540
279 5540 566
280 5321 510
281 925 413
282 3630 487
283 5888 326
284 1289 536
285 5697 599
286 1377 576
287 0 -1
288 3822 425
289 683 535
290 93 454
291 2803 605
292 4920 549
293 4964 432
294 6488 405
295 0 -1
296 1667 531
297 1784 435
298 5768 576
299 6048 505
300 3367 751
301 6119 432
302 5101 436
303 2532 518
304 461 601
305 4506 513
306 4294 534
307 3620 506
308 4873 466
309 889 501
310 0 -1
311 4179 535
312 2077 314
313 2778 640
314 3661 414
315 5059 521
316 40 448
317 6528 465
318 1536 543
319 0 -1
320 6055 484
321 482 486
322 2261 469
323 5267 514
324 5016 599
325 5234 537
326 1757 363
327 3121 611
328 587 478
329 3362 507
330 0 -1
331 5438 509
332 1088 585
333 3456 633
334 3691 448
335 2752 472
336 4224 448
337 5262 482
338 418 518
339 1149 516
340 5716 464
341 2582 570
342 1659 330
343 5570 564
344 364 472
345 4964 386
346 2653 454
347 548 370
348 347 428
349 2016 592
350 6236 468
351 530 381
352 2547 515
353 3467 615
354 2839 518
355 4762 568
356 982 626
357 309 513
358 0 -1
359 685 455
360 2852 641
361 6050 471
362 308 547
363 6168 611
364 2613 446
365 3276 398
366 1935 569
367 1070 463
368 3556 471
369 4269 451
370 1172 550
371 1970 383
372 4773 425
373 1392 221
374 2677 497
375 5577 437
376 2766 571
377 3176 581
378 3661 397
379 4793 356
380 0 -1
381 1740 628
382 911 519
383 664 487
384 3840 498
385 4300 429
386 5077 326
387 5681 584
388 430 551
389 312 367
390 1439 397
391 684 537
392 0 -1
393 2343 434
394 769 420
395 4133 115
396 5343 537
397 984 435
398 5086 588
399 2653 488
400 0 -1
401 4441 520
402 1006 504
403 1114 517
404 2057 296
405 5798 648
406 3682 567
407 897 479
408 3189 456
409 6377 416
410 4123 420
411 5930 594
412 3204 527
413 301 483
414 3764 599
415 1885 605
416 5899 435
417 653 390
418 158 493
419 4902 521
420 4650 531
421 630 442
422 5528 422
423 5287 413
424 5888 385
425 19 465
426 4079 497
427 4384 553
428 6257 553
429 6016 489
430 569 537
431 1321 459
432 749 528
433 2838 477
434 1918 507
435 5102 543
436 5384 583
437 4984 514
438 3288 457
439 2858 612
440 1722 510
441 4164 612
442 1530 487
443 5577 434
444 4924 587
445 23 559
446 5154 442
447 3498 374
448 4937 559
449 2425 517
450 4940 536
451 0 -1
452 1960 464
453 766 571
454 1743 539
455 5837 532
456 1732 444
457 4804 529
458 1940 487
459 1996 516
460 1224 452
461 4190 493
462 1647 586
463 5363 520
464 2100 483
465 2111 358
466 761 465
467 3945 447
468 2907 574
469 6584 497
470 97 354
471 3224 498
472 807 526
473 3595 495
474 467 488
475 3807 559
476 6580 492
477 456 543
478 41 552
479 3382 439
480 4553 484
481 6368 719
482 6137 478
483 583 351
484 4770 627
485 2168 405
486 1321 464
487 3243 417
488 1945 336
489 2716 486
490 3567 634
491 1427 480
492 1803 628
493 164 587
494 2480 562
495 654 561
496 4435 560
497 4695 499
498 3258 497
499 0 -1
500 1267 374
501 0 -1
502 5957 424
503 3255 478
504 6463 584
505 456 486
506 1211 463
507 3587 621
508 4998 649
509 5169 544
510 4044 486
511 2395 465
512 4153 458
513 4944 541
514 2110 426
515 1875 428
516 79 550
517 6129 450
518 3407 573
519 3175 471
520 2003 545
521 3571 588
522 4962 457
523 2261 405
524 4589 488
525 0 -1
526 1583 519
527 2109 527
528 3323 478
529 1933 489
530 4685 381
531 4597 476
532 93 452
533 5068 439
534 0 -1
535 2796 405
536 3322 468
537 3766 453
538 2693 600
539 6114 478
540 3603 535
541 5975 582
542 5904 521
543 1916 476
544 3149 577
545 6594 525
546 3765 616
547 6365 606
548 5259 358
549 0 -1
550 487 476
551 6249 466
552 749 516
553 6186 547
554 2539 570
555 3412 471
556 667 398
557 1791 438
558 1386 539
559 4431 588
560 0 -1
561 5545 404
562 3201 413
563 2930 455
564 3655 455
565 3846 476
566 4074 575
567 5561 360
568 3427 514
569 5512 502
570 4869 516
571 0 -1
572 1536 483
573 1797 796
574 6188 530
575 4577 385
576 3880 611
577 4800 620
578 2480 466
579 3226 408
580 3171 490
581 2254 476
582 447 461
583 6369 349
584 5088 423
585 144 544
586 2893 804
587 4700 381
588 4347 455
589 630 503
590 3200 363
591 756 632
592 1153 606
593 3756 541
594 1915 509
595 4420 534
596 4406 585
597 1676 553
598 6064 311
599 126 436
600 0 -1
601 5140 614
602 1847 452
603 2843 357
604 1122 456
605 1627 321
606 3313 655
607 2965 735
608 4240 460
609 5430 319
610 0 -1
611 4910 372
612 5838 489
613 3314 622
614 2506 426
615 1756 427
616 5825 409
617 3360 441
618 0 -1
619 2944 451
620 2027 493
621 4399 528
622 4353 506
623 0 -1
624 5438 511
625 1377 496
626 3189 479
627 6161 540
628 5154 392
629 5806 488
630 3784 385
631 2286 459
632 5243 611
633 2847 409
634 4816 532
635 1889 585
636 2672 483
637 1659 321
638 536 518
639 906 464
640 5632 450
641 5516 488
642 3603 454
643 2465 460
644 2138 462
645 0 -1
646 6211 550
647 2157 477
648 5063 496
649 0 -1
650 6309 575
651 682 678
652 321 585
653 1466 384
654 1691 531
655 0 -1
656 1927 311
657 5236 472
658 6221 547
659 2306 445
660 1584 533
661 5462 674
662 616 430
663 6489 511
664 1179 448
665 6523 526
666 6014 487
667 3234 369
668 2210 570
669 2233 419
670 2449 420
671 6254 536
672 5751 537
673 230 534
674 6230 618
675 3434 533
676 1708 521
677 3541 426
678 5908 513
679 6289 555
680 2844 483
681 401 539
682 2048 586
683 2899 470
684 5528 432
685 2698 426
686 3544 455
687 3366 518
688 4760 692
689 4493 505
690 2489 492
691 151 508
692 2373 500
693 3261 491
694 5409 522
695 241 505
696 4095 509
697 2944 446
698 4097 485
699 6216 646
700 839 521
701 914 532
702 3717 396
703 3019 522
704 4346 498
705 2506 412
706 3201 460
707 2640 526
708 4222 561
709 3106 345
710 724 605
711 4136 635
712 2576 398
713 288 465
714 4581 504
715 3243 481
716 5231 471
717 2865 544
718 5736 481
719 5269 449
720 0 -1
721 2642 587
722 5455 549
723 4226 530
724 361 516
725 2236 424
726 5259 384
727 3025 514
728 4352 573
729 6016 537
730 2140 558
731 2427 539
732 140 437
733 4554 521
734 4235 436
735 5875 393
736 4874 500
737 5657 662
738 5187 449
739 5559 471
740 5410 440
741 1007 502
742 2814 558
743 6232 440
744 6500 544
745 6003 459
746 3690 569
747 2406 544
748 5546 578
749 1313 472
750 5732 440
751 1293 482
752 6559 475
753 1136 561
754 5167 551
755 999 439
756 3532 579
757 5332 295
758 3898 586
759 4204 401
760 1292 489
761 6069 438
762 1889 668
763 1385 469
764 1002 656
765 6114 418
766 2236 464
767 5768 527
768 4553 462
769 4853 308
770 4100 538
771 3939 460
772 2080 504
773 2694 510
774 3215 521
775 6464 544
776 3307 532
777 5736 429
778 2035 579
779 1715 560
780 4994 485
781 2739 538
782 4094 605
783 2756 604
784 413 483
785 5258 422
786 4118 489
787 3498 357
788 6270 533
789 0 -1
790 2024 509
791 1288 517
792 971 590
793 6448 507
794 5298 429
795 2862 377
796 1597 647
797 1472 641
798 2270 488
799 4529 503
800 1999 455
801 3307 594
802 4806 405
803 0 -1
804 4692 504
805 345 387
806 1295 517
807 2267 458
808 2543 475
809 3965 598
810 0 -1
811 852 652
812 3268 435
813 5728 610
814 3154 562
815 0 -1
816 1584 563
817 6243 699
818 476 584
819 0 -1
820 0 -1
821 2883 495
822 4442 559
823 923 684
824 641 535
825 4663 644
826 4222 503
827 910 524
828 5493 418
829 3083 682
830 4928 313
831 1103 537
832 3214 426
833 1097 558
834 5656 443
835 6218 489
836 73 534
837 6314 781
838 4985 559
839 2684 473
840 4254 525
841 1144 444
842 5834 465
843 3210 436
844 2027 385
845 6265 442
846 510 604
847 937 587
848 1404 394
849 6580 406
850 2706 569
851 5081 507
852 2320 552
853 5498 478
854 3459 392
855 5577 447
856 1574 482
857 2840 543
858 999 408
859 1372 352
860 4889 575
861 2668 520
862 0 -1
863 1114 498
864 3556 437
865 5428 312
866 4473 498
867 668 586
868 653 500
869 6133 481
870 5499 494
871 6113 593
872 0 -1
873 4834 584
874 351 400
875 3208 531
876 4435 551
877 2785 395
878 6311 279
879 4876 538
880 1985 462
881 6296 500
882 2422 595
883 0 -1
884 5177 412
885 1526 468
886 5754 496
887 312 411
888 881 543
889 1757 459
890 5169 537
891 2306 459
892 2859 507
893 6574 452
894 1709 550
895 1339 545
896 5738 551
897 423 471
898 5598 576
899 879 640
900 1383 447
901 265 478
902 3530 518
903 88 502
904 5950 527
905 5716 468
906 4758 358
907 537 459
908 3632 664
909 1750 552
910 4670 493
911 2042 473
912 1701 420
913 2316 424
914 2444 444
915 3855 507
916 386 438
917 3701 487
918 1822 617
919 4963 601
920 4512 539
921 4914 543
922 2466 524
923 5681 590
924 378 514
925 5545 373
926 3901 410
927 5321 539
928 1205 489
929 4608 867
930 4787 644
931 76 586
932 3796 426
933 5409 552
934 2529 395
935 0 -1
936 6194 533
937 3937 506
938 5173 562
939 968 514
940 6033 502
941 5085 349
942 1343 544
943 3170 491
944 2926 506
945 2106 521
946 6480 591
947 5331 476
948 0 -1
949 3508 377
950 4347 523
951 4173 604
952 3592 547
953 3737 474
954 4923 569
955 2947 568
956 1038 578
957 2205 527
958 6072 442
959 856 525
960 4523 598
961 0 -1
962 6341 379
963 5303 556
964 0 -1
965 4871 628
966 294 471
967 3901 482
968 6511 514
969 1140 662
970 337 493
971 4310 525
972 864 462
973 3950 475
974 5097 442
975 5290 595
976 3422 497
977 2899 479
978 0 -1
979 2378 545
980 6102 601
981 0 -1
982 2611 508
983 2694 499
984 5194 385
985 770 606
986 5263 581
987 564 502
988 4101 539
989 4889 544
990 5069 433
991 2878 538
992 0 -1
993 0 -1
994 968 582
995 5338 564
996 2439 420
997 5373 494
998 1038 461
999 3276 400
1000 2891 374
1001 42 581
1002 3300 589
1003 3244 548
1004 4655 464
1005 2091 542
1006 583 391
1007 3912 476
1008 41 572
1009 505 571
1010 0 -1
1011 0 -1
1012 3123 697
1013 2434 404
1014 1608 619
1015 4522 563
1016 1462 420
1017 2122 323
1018 302 552
1019 5126 548
1020 1372 355
1021 1622 385
1022 5151 416
1023 214 343
1024 1299 538
1025 3544 453
1026 2106 534
1027 4133 159
1028 1893 526
1029 486 568
1030 3969 517
1031 2464 646
1032 2112 590
1033 4821 580
1034 1246 696
1035 3458 515
1036 5011 576
1037 5123 470
1038 4328 458
1039 5139 483
1040 5039 560
1041 2081 660
1042 4756 551
1043 5169 441
1044 910 573
1045 5619 569
1046 230 536
1047 0 -1
1048 6253 485
1049 6180 504
1050 509 553
1051 4291 503
1052 72 474
1053 2250 458
1054 4576 429
1055 1974 523
1056 2487 529
1057 4105 484
1058 522 471
1059 561 412
1060 5174 563
1061 2074 482
1062 3917 431
1063 5969 550
1064 3327 490
1065 3288 447
1066 4198 630
1067 0 -1
1068 4920 469
1069 1538 605
1070 5675 449
1071 5163 574
1072 4510 496
1073 3273 363
1074 176 530
1075 2655 524
1076 132 521
1077 5131 479
1078 2365 602
1079 966 561
1080 4874 500
1081 101 542
1082 633 514
1083 6049 566
1084 1101 286
1085 0 -1
1086 2184 556
1087 0 -1
1088 4416 528
1089 0 -1
1090 3520 352
1091 0 -1
1092 5375 424
1093 1474 479
1094 373 283
1095 4322 558
1096 1403 532
1097 6591 449
1098 4264 552
1099 372 494
1100 3544 497
1101 6199 267
1102 6527 470
1103 709 435
1104 1731 550
1105 2053 615
1106 23 530
1107 0 -1
1108 4943 480
1109 4515 628
1110 4361 468
1111 4258 457
1112 6073 568
1113 1289 473
1114 447 487
1115 3437 416
1116 0 -1
1117 709 465
1118 4942 608
1119 3929 489
1120 5062 562
1121 977 546
1122 3618 358
1123 3154 518
1124 5305 485
1125 3811 459
1126 1896 467
1127 2500 560
1128 1313 466
1129 1709 550
1130 4109 389
1131 5878 466
1132 3096 586
1133 536 483
1134 5308 615
1135 5068 405
1136 4336 464
1137 0 -1
1138 2941 428
1139 4420 465
1140 1583 636
1141 2175 524
1142 3533 441
1143 3608 524
1144 1218 375
1145 48 588
1146 0 -1
1147 5194 427
1148 2587 379
1149 4422 486
1150 963 672
1151 5207 707
1152 4899 607
1153 6476 507
1154 2856 436
1155 417 491
1156 4336 524
1157 0 -1
1158 5997 527
1159 1918 556
1160 5949 605
1161 3356 257
1162 5736 475
1163 4281 398
1164 2844 469
1165 4516 527
1166 4119 563
1167 4596 449
1168 5847 415
1169 2063 515
1170 5327 497
1171 5525 400
1172 4044 482
1173 4967 561
1174 5699 477
1175 1354 450
1176 473 542
1177 2799 476
1178 4767 469
1179 1344 430
1180 4362 502
1181 1144 406
1182 543 530
1183 236 560
1184 2990 581
1185 4339 503
1186 1659 351
1187 704 508
1188 275 605
1189 3258 418
1190 3158 626
1191 3128 527
1192 1582 537
1193 6555 549
1194 557 509
1195 2254 462
1196 1784 459
1197 4904 571
1198 349 637
1199 3953 498
1200 1045 592
1201 1848 577
1202 3942 448
1203 4667 643
1204 4294 504
1205 3508 456
1206 865 379
1207 6225 515
1208 211 426
1209 1659 363
1210 6114 424
1211 2120 344
1212 1267 333
1213 5214 557
1214 2683 462
1215 5228 503
1216 3926 694
1217 3527 694
1218 609 370
1219 5801 517
1220 4132 447
1221 2198 521
1222 167 508
1223 6366 656
1224 3022 400
1225 2833 422
1226 5650 532
1227 2904 517
1228 609 437
1229 3247 436
1230 6078 506
1231 0 -1
1232 3521 546
1233 0 -1
1234 5934 524
1235 854 456
1236 2791 458
1237 3475 598
1238 1347 330
1239 1856 574
1240 2530 501
1241 6174 444
1242 3295 505
1243 6439 548
1244 2349 526
1245 0 -1
1246 4316 669
1247 3192 534
1248 5709 533
1249 4057 531
1250 5545 379
1251 83 508
1252 2556 725
1253 6509 490
1254 3003 526
1255 4910 420
1256 6371 594
1257 4791 538
1258 914 533
1259 4342 506
1260 5169 429
1261 2878 578
1262 6509 498
1263 5053 576
1264 5225 575
1265 2183 477
1266 2580 563
1267 2111 290
1268 519 537
1269 397 527
1270 3302 415
1271 5959 502
1272 5956 478
1273 1103 501
1274 2880 447
1275 782 672
1276 3251 502
1277 1527 456
1278 4489 421
1279 6121 563
1280 2070 437
1281 1724 505
1282 1655 634
1283 1471 388
1284 1447 506
1285 3764 602
1286 1509 635
1287 2731 644
1288 1827 432
1289 1278 432
1290 1174 513
1291 4368 593
1292 2784 487
1293 2080 466
1294 5877 540
1295 6119 437
1296 2688 448
1297 0 -1
1298 6531 530
1299 3208 498
1300 5853 477
1301 4604 325
1302 2193 510
1303 3316 595
1304 389 404
1305 0 -1
1306 2853 533
1307 6296 459
1308 4762 541
1309 5605 569
1310 4291 452
1311 4723 472
1312 1209 432
1313 3516 450
1314 4246 471
1315 581 571
1316 0 -1
1317 3503 539
1318 5632 526
1319 2791 544
1320 1622 406
1321 5884 453
1322 5366 461
1323 186 554
1324 0 -1
1325 2767 566
1326 2480 560
1327 6305 593
1328 5735 559
1329 3651 486
1330 1805 512
1331 2312 450
1332 0 -1
1333 4283 531
1334 90 511
1335 1395 411
1336 4554 480
1337 6110 436
1338 3782 480
1339 1228 542
1340 741 543
1341 912 425
1342 3544 422
1343 2661 511
1344 5031 367
1345 5627 612
1346 6508 474
1347 6547 301
1348 5681 481
1349 3534 603
1350 5259 380
1351 3216 398
1352 5277 529
1353 1968 450
1354 5561 436
1355 5755 432
1356 2016 579
1357 2009 525
1358 3721 462
1359 0 -1
1360 1372 317
1361 4482 555
1362 3640 678
1363 1131 476
1364 2868 591
1365 2981 543
1366 3445 514
1367 1136 584
1368 5127 475
1369 152 531
1370 206 551
1371 1537 551
1372 2921 248
1373 812 441
1374 4631 489
1375 4939 518
1376 0 -1
1377 3774 472
1378 0 -1
1379 6402 508
1380 0 -1
1381 416 492
1382 4563 664
1383 1351 434
1384 6021 374
1385 470 369
1386 1731 484
1387 3541 400
1388 886 508
1389 156 610
1390 4444 529
1391 4283 497
1392 4133 126
1393 3561 522
1394 1064 591
1395 312 351
1396 5360 493
1397 6174 477
1398 3637 558
1399 3939 507
1400 2186 577
1401 1293 476
1402 1066 631
1403 2342 500
1404 3862 377
1405 1683 560
1406 4606 682
1407 5716 562
1408 2726 416
1409 4640 474
1410 6297 414
1411 0 -1
1412 5403 428
1413 2172 526
1414 0 -1
1415 1762 378
1416 6361 452
1417 443 482
1418 5632 455
1419 3862 459
1420 3118 533
1421 3463 490
1422 0 -1
1423 5352 594
1424 4035 553
1425 3106 428
1426 849 447
1427 1933 466
1428 2645 605
1429 906 434
1430 4780 252
1431 2152 613
1432 5142 381
1433 5619 547
1434 506 528
1435 504 585
1436 4596 483
1437 3386 627
1438 0 -1
1439 1773 378
1440 2770 490
1441 884 436
1442 236 605
1443 142 463
1444 2339 533
1445 3647 504
1446 5575 458
1447 3470 460
1448 3953 505
1449 885 511
1450 1987 563
1451 3169 526
1452 3169 515
1453 4862 525
1454 4778 540
1455 0 -1
1456 1978 452
1457 2130 511
1458 2794 473
1459 4700 349
1460 2005 597
1461 834 478
1462 709 395
1463 3200 454
1464 1739 367
1465 3675 578
1466 5547 366
1467 3027 714
1468 726 389
1469 4261 507
1470 5106 493
1471 6547 343
1472 3044 530
1473 562 416
1474 5411 444
1475 158 494
1476 5776 535
1477 3261 550
1478 6454 497
1479 6470 460
1480 5848 483
1481 187 491
1482 1559 502
1483 5060 531
1484 1937 581
1485 0 -1
1486 2683 471
1487 4135 504
1488 3208 527
1489 4826 547
1490 1877 627
1491 4887 433
1492 0 -1
1493 0 -1
1494 0 -1
1495 3005 530
1496 1369 565
1497 4924 580
1498 280 538
1499 6464 517
1500 1525 557
1501 2159 474
1502 1428 660
1503 3226 346
1504 85 530
1505 5314 509
1506 5154 402
1507 3784 492
1508 173 517
1509 6512 592
1510 4669 511
1511 6255 575
1512 173 478
1513 6429 509
1514 480 550
1515 5366 489
1516 6213 505
1517 4852 509
1518 3276 486
1519 2146 508
1520 0 -1
1521 4974 630
1522 5764 523
1523 0 -1
1524 2518 558
1525 3602 455
1526 5445 381
1527 1260 433
1528 4329 649
1529 2168 459
1530 3691 431
1531 5057 408
1532 4088 542
1533 6010 606
1534 1276 542
1535 3432 506
1536 2864 453
1537 3049 506
1538 2690 506
1539 5761 576
1540 6393 390
1541 5119 443
1542 524 561
1543 6133 453
1544 5999 468
1545 3950 533
1546 0 -1
1547 1135 468
1548 4318 479
1549 4855 575
1550 1224 414
1551 6267 543
1552 2059 479
1553 858 464
1554 5913 377
1555 0 -1
1556 4248 470
1557 3800 640
1558 5570 636
1559 3347 474
1560 6412 504
1561 374 512
1562 5521 498
1563 2406 547
1564 3890 478
1565 0 -1
1566 6492 593
1567 4187 517
1568 0 -1
1569 2677 474
1570 1515 545
1571 3848 597
1572 4737 521
1573 356 652
1574 865 380
1575 4633 647
1576 5085 458
1577 4412 666
1578 3022 352
1579 0 -1
1580 4152 610
1581 2635 630
1582 5698 509
1583 5615 516
1584 6574 487
1585 1208 436
1586 1860 381
1587 6174 446
1588 26 527
1589 213 504
1590 6256 537
1591 465 378
1592 1917 598
1593 5973 575
1594 6434 487
1595 3548 426
1596 2657 601
1597 5007 547
1598 3927 509
1599 6467 549
1600 4836 533
1601 3315 515
1602 1833 613
1603 2344 507
1604 3662 432
1605 6144 492
1606 2535 470
1607 3820 594
1608 4482 506
1609 4255 507
1610 4331 538
1611 0 -1
1612 77 340
1613 4633 568
1614 3643 503
1615 2793 651
1616 1223 739
1617 130 669
1618 5291 533
1619 2480 489
1620 5331 515
1621 980 657
1622 1459 360
1623 3798 555
1624 2425 512
1625 1746 581
1626 2570 642
1627 5238 311
1628 2261 438
1629 3063 522
1630 5351 466
1631 6537 572
1632 4292 542
1633 5870 515
1634 5605 523
1635 3498 393
1636 1446 521
1637 603 432
1638 2730 594
1639 2115 610
1640 3831 472
1641 4795 533
1642 2729 574
1643 5225 514
1644 5100 543
1645 4994 495
1646 4159 576
1647 6076 514
1648 264 448
1649 0 -1
1650 458 576
1651 4974 525
1652 5225 508
1653 5526 509
1654 846 675
1655 1059 531
1656 5502 496
1657 784 577
1658 4273 445
1659 1983 302
1660 2784 505
1661 793 514
1662 2090 390
1663 4853 291
1664 3484 457
1665 66 559
1666 6455 457
1667 5738 483
1668 3783 504
1669 2774 603
1670 3351 500
1671 0 -1
1672 1941 456
1673 65 536
1674 375 479
1675 1582 551
1676 3772 472
1677 3838 497
1678 2543 436
1679 5077 357
1680 5901 377
1681 4251 375
1682 2374 564
1683 352 515
1684 3038 476
1685 5904 506
1686 3012 569
1687 1888 517
1688 2587 404
1689 0 -1
1690 491 541
1691 6598 424
1692 4505 496
1693 1559 516
1694 5088 424
1695 1130 440
1696 1238 424
1697 6526 555
1698 244 546
1699 2112 640
1700 1903 464
1701 5525 406
1702 795 489
1703 4713 502
1704 4631 495
1705 2434 411
1706 4451 597
1707 6014 460
1708 2419 410
1709 3511 488
1710 1007 496
1711 6172 547
1712 6212 518
1713 2309 589
1714 1756 472
1715 5783 453
1716 0 -1
1717 0 -1
1718 5777 574
1719 6066 537
1720 6367 514
1721 3475 565
1722 4346 500
1723 2824 463
1724 6100 464
1725 1719 596
1726 3068 545
1727 3596 424
1728 4481 514
1729 1481 603
1730 709 447
1731 109 438
1732 6072 421
1733 4479 475
1734 1925 659
1735 0 -1
1736 66 561
1737 6110 436
1738 6346 459
1739 1860 363
1740 2377 547
1741 3799 429
1742 4687 636
1743 6245 522
1744 3510 409
1745 4583 531
1746 4263 523
1747 0 -1
1748 3598 479
1749 5301 524
1750 2694 510
1751 175 485
1752 3918 602
1753 0 -1
1754 482 489
1755 6133 415
1756 3862 400
1757 5430 349
1758 2056 601
1759 4170 441
1760 3273 362
1761 2082 574
1762 5398 353
1763 4224 445
1764 246 493
1765 0 -1
1766 1272 593
1767 4254 507
1768 5077 331
1769 4450 632
1770 6063 411
1771 0 -1
1772 0 -1
1773 3034 298
1774 2921 270
1775 137 664
1776 1408 444
1777 6495 457
1778 6165 392
1779 1206 415
1780 3731 526
1781 2142 680
1782 1724 557
1783 4128 591
1784 4873 409
1785 1858 450
1786 4778 624
1787 3459 388
1788 1518 489
1789 4754 488
1790 5871 488
1791 1662 423
1792 1097 455
1793 1350 460
1794 5189 539
1795 3736 514
1796 2141 571
1797 4036 760
1798 0 -1
1799 0 -1
1800 0 -1
1801 0 -1
1802 2615 551
1803 5959 510
1804 3087 432
1805 5825 397
1806 2316 462
1807 206 515
1808 698 550
1809 4790 478
1810 4610 491
1811 108 511
1812 274 553
1813 4394 471
1814 4150 478
1815 4894 561
1816 3049 456
1817 1691 439
1818 2063 513
1819 3158 593
1820 0 -1
1821 5695 524
1822 5065 558
1823 628 465
1824 4098 512
1825 24 530
1826 1043 551
1827 685 430
1828 3214 503
1829 2759 530
1830 2689 495
1831 5162 506
1832 0 -1
1833 5923 527
1834 4650 526
1835 4966 615
1836 354 542
1837 136 490
1838 312 400
1839 3293 712
1840 5166 441
1841 5367 707
1842 5208 501
1843 6232 413
1844 0 -1
1845 3978 500
1846 3419 494
1847 2412 399
1848 5934 500
1849 2608 452
1850 5324 436
1851 3600 507
1852 1715 516
1853 614 436
1854 3764 511
1855 460 536
1856 1647 562
1857 1333 594
1858 5999 433
1859 3374 467
1860 5428 355
1861 2000 481
1862 5946 631
1863 828 470
1864 5159 542
1865 2889 507
1866 11 612
1867 2259 474
1868 2343 470
1869 3692 480
1870 1379 583
1871 1715 463
1872 5109 503
1873 3701 439
1874 3064 542
1875 3232 418
1876 0 -1
1877 5045 536
1878 1119 494
1879 4386 393
1880 6080 487
1881 0 -1
1882 6427 485
1883 2752 531
1884 6329 359
1885 4315 592
1886 0 -1
1887 316 470
1888 102 495
1889 3343 577
1890 3594 578
1891 2045 624
1892 3817 529
1893 3768 508
1894 4499 709
1895 2963 456
1896 6247 426
1897 6531 467
1898 2820 400
1899 0 -1
1900 1847 410
1901 29 551
1902 1153 546
1903 3659 427
1904 3969 501
1905 4094 561
1906 0 -1
1907 4780 238
1908 2328 516
1909 6103 474
1910 6321 566
1911 6374 575
1912 4837 382
1913 0 -1
1914 3007 565
1915 2004 395
1916 5905 397
1917 6511 526
1918 293 461
1919 2631 492
1920 636 557
1921 5774 554
1922 1708 433
1923 4022 543
1924 2255 441
1925 3755 556
1926 359 532
1927 2111 297
1928 3774 479
1929 1845 502
1930 5897 517
1931 211 449
1932 1439 415
1933 834 445
1934 3432 490
1935 3369 512
1936 1591 402
1937 4857 576
1938 3414 506
1939 1016 458
1940 2796 475
1941 5567 370
1942 323 549
1943 2436 436
1944 6047 501
1945 3356 258
1946 5385 727
1947 2568 697
1948 1751 538
1949 6467 565
1950 2746 638
1951 2759 530
1952 4910 379
1953 2295 519
1954 4782 547
1955 5542 714
1956 603 437
1957 5713 478
1958 0 -1
1959 3762 433
1960 3942 462
1961 3384 468
1962 5289 577
1963 4970 493
1964 6399 538
1965 0 -1
1966 6482 510
1967 0 -1
1968 281 421
1969 2231 511
1970 1023 374
1971 5793 762
1972 5740 547
1973 0 -1
1974 460 453
1975 3214 440
1976 1468 451
1977 4306 400
1978 567 377
1979 6043 435
1980 6580 478
1981 436 641
1982 0 -1
1983 1372 301
1984 0 -1
1985 2240 358
1986 5596 461
1987 1368 494
1988 3188 602
1989 2890 565
1990 910 595
1991 4150 529
1992 2267 486
1993 0 -1
1994 4678 528
1995 4750 506
1996 3596 411
1997 2507 533
1998 4441 513
1999 1000 379
2000 6394 393
2001 0 -1
2002 4727 490
2003 485 476
2004 465 359
2005 6396 534
2006 0 -1
2007 5126 523
2008 1732 426
2009 5611 477
2010 1253 540
2011 0 -1
2012 4797 524
2013 2863 502
2014 5651 560
2015 5528 426
2016 5654 521
2017 1111 480
2018 6590 419
2019 3817 451
2020 5541 666
2021 5417 607
2022 5965 617
2023 2322 583
2024 535 508
2025 487 479
2026 4620 544
2027 6024 376
2028 0 -1
2029 1293 485
2030 0 -1
2031 5424 531
2032 3305 545
2033 5377 513
2034 4471 537
2035 2993 485
2036 0 -1
2037 1304 491
2038 0 -1
2039 181 454
2040 1853 541
2041 5044 571
2042 1898 414
2043 3618 436
2044 2843 399
2045 34 551
2046 4796 566
2047 2838 535
2048 3697 529
2049 0 -1
2050 2417 540
2051 3797 639
2052 2787 508
2053 686 532
2054 1436 545
2055 6129 462
2056 4874 506
2057 373 228
2058 4416 522
2059 3974 458
2060 4798 522
2061 6118 408
2062 1178 482
2063 1739 461
2064 1255 454
2065 5749 417
2066 5734 465
2067 4885 431
2068 884 419
2069 4008 449
2070 3628 425
2071 285 650
2072 417 485
2073 6031 548
2074 4564 459
2075 5126 611
2076 0 -1
2077 2921 255
2078 3400 541
2079 5463 480
2080 2419 410
2081 5760 578
2082 2832 542
2083 6403 543
2084 3149 518
2085 4191 484
2086 3578 481
2087 634 586
2088 5817 539
2089 1323 626
2090 80 389
2091 5419 522
2092 3513 637
2093 3814 426
2094 523 421
2095 1202 532
2096 0 -1
2097 421 502
2098 4159 532
2099 54 541
2100 6247 455
2101 2236 448
2102 3892 540
2103 5665 464
2104 396 548
2105 6054 453
2106 1473 430
2107 3842 546
2108 3994 608
2109 4812 451
2110 2027 424
2111 4793 287
2112 1651 533
2113 3132 636
2114 1552 488
2115 1294 582
2116 3155 496
2117 4738 527
2118 2070 431
2119 5140 655
2120 2300 300
2121 5401 607
2122 4697 270
2123 6239 520
2124 2685 569
2125 4568 479
2126 3912 469
2127 5516 568
2128 0 -1
2129 848 434
2130 6133 467
2131 5597 421
2132 6013 524
2133 537 494
2134 4071 516
2135 2940 512
2136 4098 557
2137 4287 449
2138 4273 427
2139 3325 606
2140 4899 549
2141 3757 509
2142 764 662
2143 714 533
2144 1912 391
2145 6250 476
2146 5785 487
2147 3473 568
2148 3647 575
2149 3258 478
2150 211 478
2151 348 517
2152 1088 580
2153 2688 410
2154 2274 436
2155 6013 476
2156 865 421
2157 1144 454
2158 430 586
2159 2312 409
2160 3927 453
2161 4166 579
2162 637 392
2163 1135 443
2164 2784 422
2165 2009 530
2166 2440 515
2167 4773 467
2168 1209 367
2169 0 -1
2170 186 530
2171 3302 461
2172 4226 520
2173 4516 557
2174 738 482
2175 3713 440
2176 4525 423
2177 22 593
2178 640 461
2179 4138 523
2180 3258 457
2181 6054 500
2182 6588 541
2183 1936 437
2184 4994 490
2185 2593 478
2186 6021 466
2187 3098 583
2188 4118 475
2189 3311 528
2190 6297 461
2191 5199 552
2192 602 517
2193 916 483
2194 1959 541
2195 5611 446
2196 6091 652
2197 0 -1
2198 6100 504
2199 2789 602
2200 170 550
2201 4793 355
2202 6490 554
2203 3049 483
2204 4048 566
2205 3311 493
2206 2024 550
2207 1105 620
2208 1278 530
2209 0 -1
2210 2887 500
2211 1867 535
2212 2105 515
2213 3336 709
2214 3912 486
2215 587 393
2216 1377 573
2217 4583 501
2218 0 -1
2219 2863 501
2220 5329 584
2221 4147 524
2222 5886 493
2223 2517 559
2224 1162 530
2225 185 433
2226 4973 478
2227 2418 414
2228 5104 689
2229 5520 652
2230 0 -1
2231 2602 463
2232 0 -1
2233 848 418
2234 2543 528
2235 5861 628
2236 2906 403
2237 784 531
2238 4163 460
2239 2729 510
2240 3717 315
2241 4758 381
2242 4085 582
2243 1996 449
2244 4019 375
2245 2157 494
2246 2314 654
2247 6110 487
2248 399 496
2249 6214 614
2250 4291 431
2251 0 -1
2252 3781 563
2253 6018 535
2254 6341 389
2255 1884 371
2256 0 -1
2257 3186 652
2258 3794 514
2259 2838 472
2260 6201 590
2261 5755 404
2262 3603 429
2263 0 -1
2264 3554 566
2265 0 -1
2266 2538 526
2267 6435 413
2268 5288 557
2269 5946 638
2270 2465 399
2271 2647 483
2272 3517 477
2273 900 520
2274 6001 427
2275 373 317
2276 5869 477
2277 933 649
2278 0 -1
2279 275 542
2280 4911 579
2281 1544 562
2282 5745 575
2283 0 -1
2284 0 -1
2285 1468 464
2286 1289 447
2287 5465 633
2288 5962 469
2289 0 -1
2290 3450 496
2291 6451 488
2292 0 -1
2293 938 610
2294 2400 463
2295 4752 512
2296 394 479
2297 1331 486
2298 2631 486
2299 4273 503
2300 4184 223
2301 3862 381
2302 4063 430
2303 0 -1
2304 3629 514
2305 2174 520
2306 605 367
2307 4964 377
2308 491 562
2309 3141 553
2310 1427 466
2311 1831 507
2312 5125 401
2313 5830 465
2314 4031 645
2315 550 493
2316 6165 416
2317 2500 443
2318 372 473
2319 1939 498
2320 2760 507
2321 446 502
2322 425 519
2323 2417 508
2324 561 421
2325 3224 482
2326 3256 485
2327 6371 536
2328 6584 472
2329 3033 546
2330 230 488
2331 4651 618
2332 4281 379
2333 4445 517
2334 5736 436
2335 14 510
2336 169 602
2337 983 504
2338 4883 499
2339 2458 476
2340 3282 492
2341 38 511
2342 6106 465
2343 1144 378
2344 421 507
2345 2528 410
2346 5339 561
2347 4184 237
2348 3448 544
2349 1684 526
2350 2713 448
2351 1418 472
2352 1536 551
2353 4907 504
2354 1271 529
2355 6361 488
2356 6051 497
2357 4420 485
2358 5954 338
2359 3603 441
2360 5005 631
2361 1586 424
2362 5982 488
2363 3208 557
2364 6113 530
2365 5672 549
2366 33 522
2367 1591 479
2368 6536 622
2369 4686 547
2370 5872 668
2371 5516 564
2372 2629 434
2373 5069 417
2374 3557 559
2375 3194 562
2376 5886 485
2377 2724 477
2378 6219 528
2379 2668 561
2380 4021 572
2381 0 -1
2382 5950 538
2383 6549 523
2384 0 -1
2385 4304 520
2386 3005 502
2387 5482 598
2388 6150 562
2389 5074 362
2390 5346 512
2391 5910 573
2392 1714 494
2393 0 -1
2394 2836 463
2395 3482 369
2396 1731 468
2397 1960 555
2398 0 -1
2399 2936 683
2400 1541 448
2401 5700 588
2402 0 -1
2403 6196 521
2404 0 -1
2405 3544 471
2406 5162 526
2407 5375 444
2408 2940 457
2409 4700 446
2410 5082 552
2411 0 -1
2412 1395 355
2413 2819 608
2414 2307 442
2415 0 -1
2416 0 -1
2417 5523 491
2418 865 361
2419 1094 306
2420 6054 429
2421 5259 417
2422 4806 509
2423 1183 584
2424 1036 640
2425 2090 473
2426 4600 519
2427 1998 521
2428 1983 378
2429 1707 503
2430 845 500
2431 4855 567
2432 527 549
2433 6241 574
2434 5138 402
2435 1125 469
2436 1691 436
2437 1557 735
2438 1304 488
2439 3951 359
2440 1741 503
2441 5669 381
2442 5908 582
2443 3985 605
2444 2816 366
2445 3925 412
2446 3380 493
2447 517 565
2448 470 361
2449 1985 388
2450 6285 550
2451 3515 527
2452 0 -1
2453 1945 332
2454 1859 548
2455 806 537
2456 3108 444
2457 385 540
2458 3395 472
2459 5617 624
2460 4589 500
2461 2578 587
2462 627 593
2463 0 -1
2464 5796 578
2465 1186 399
2466 653 428
2467 3855 504
2468 3195 743
2469 5361 571
2470 2701 455
2471 0 -1
2472 6318 494
2473 1501 487
2474 2508 542
2475 2844 509
2476 6285 575
2477 2656 422
2478 2688 417
2479 5421 487
2480 3087 461
2481 5138 419
2482 4317 599
2483 6052 564
2484 780 485
2485 3233 461
2486 1028 614
2487 1250 479
2488 4949 512
2489 2178 467
2490 5267 527
2491 5178 561
2492 5141 610
2493 0 -1
2494 2465 519
2495 4804 524
2496 3784 488
2497 2352 610
2498 4038 397
2499 0 -1
2500 761 443
2501 1238 413
2502 383 528
2503 10 606
2504 4939 498
2505 4916 443
2506 6133 400
2507 3099 530
2508 3713 481
2509 1210 526
2510 0 -1
2511 3022 416
2512 98 597
2513 1780 593
2514 34 496
2515 971 587
2516 2915 257
2517 5778 511
2518 2362 512
2519 0 -1
2520 2914 674
2521 5968 647
2522 2259 537
2523 2345 518
2524 465 414
2525 2900 523
2526 3731 489
2527 0 -1
2528 4449 396
2529 6148 325
2530 3600 437
2531 3040 412
2532 1395 417
2533 679 575
2534 983 504
2535 1774 359
2536 5310 543
2537 5459 490
2538 3288 417
2539 5806 488
2540 3779 508
2541 3288 516
2542 5553 523
2543 5957 435
2544 0 -1
2545 2315 493
2546 539 591
2547 705 464
2548 6330 492
2549 2774 553
2550 5932 409
2551 0 -1
2552 3977 490
2553 5300 490
2554 3520 422
2555 6221 520
2556 1226 636
2557 5285 344
2558 6360 500
2559 1312 501
2560 5123 522
2561 6048 559
2562 1466 475
2563 2457 560
2564 953 550
2565 2151 518
2566 2279 546
2567 4002 520
2568 4763 594
2569 628 476
2570 1693 588
2571 754 578
2572 4604 384
2573 4390 631
2574 2860 735
2575 3072 596
2576 6199 288
2577 5901 377
2578 433 554
2579 3151 640
2580 3673 476
2581 1893 529
2582 5351 505
2583 6412 538
2584 4708 570
2585 2187 669
2586 1813 507
2587 2921 285
2588 2477 482
2589 1177 487
2590 533 456
2591 889 510
2592 3604 502
2593 3902 458
2594 3360 477
2595 1114 502
2596 5002 719
2597 5123 419
2598 0 -1
2599 0 -1
2600 6227 608
2601 3247 404
2602 3019 458
2603 2871 580
2604 0 -1
2605 3116 443
2606 3583 537
2607 6551 536
2608 3216 445
2609 44 449
2610 6576 390
2611 4137 505
2612 4803 534
2613 4576 421
2614 4925 518
2615 3663 487
2616 4664 476
2617 4082 556
2618 5163 552
2619 0 -1
2620 3528 385
2621 6020 436
2622 2539 536
2623 0 -1
2624 0 -1
2625 264 473
2626 483 375
2627 1976 559
2628 4014 542
2629 3951 413
2630 3247 454
2631 2227 476
2632 1740 621
2633 1253 535
2634 3988 587
2635 6511 514
2636 902 535
2637 5410 375
2638 999 461
2639 6055 521
2640 383 518
2641 901 581
2642 2744 528
2643 2353 570
2644 1327 629
2645 4252 490
2646 5348 592
2647 1635 480
2648 2081 689
2649 6110 474
2650 6577 437
2651 0 -1
2652 214 413
2653 1768 428
2654 2150 522
2655 102 454
2656 3762 414
2657 4261 514
2658 0 -1
2659 4484 586
2660 0 -1
2661 611 410
2662 4823 469
2663 1875 479
2664 2844 465
2665 2621 526
2666 2097 545
2667 3338 440
2668 5028 467
2669 2400 478
2670 5310 492
2671 962 397
2672 2894 406
2673 5840 551
2674 4378 530
2675 2795 533
2676 3489 601
2677 1986 472
2678 530 481
2679 3535 544
2680 140 538
2681 4523 573
2682 3417 716
2683 2511 443
2684 1212 400
2685 3335 480
2686 3839 575
2687 1022 501
2688 2255 375
2689 5947 446
2690 3022 431
2691 2797 496
2692 836 604
2693 2711 481
2694 6130 496
2695 216 614
2696 4302 546
2697 4361 449
2698 5604 392
2699 281 429
2700 4935 590
2701 379 371
2702 3800 556
2703 0 -1
2704 3842 538
2705 6265 540
2706 5168 514
2707 0 -1
2708 1970 404
2709 5552 577
2710 0 -1
2711 3450 459
2712 1476 561
2713 2962 401
2714 423 432
2715 4804 442
2716 5639 483
2717 2193 523
2718 4359 564
2719 911 533
2720 293 460
2721 0 -1
2722 5142 379
2723 6256 515
2724 5589 458
2725 4138 487
2726 5221 385
2727 370 554
2728 2173 557
2729 2414 495
2730 2174 569
2731 4905 565
2732 4458 431
2733 5631 472
2734 1499 571
2735 4629 477
2736 3932 518
2737 4874 494
2738 2626 429
2739 4970 469
2740 3499 504
2741 4837 378
2742 3361 798
2743 3817 482
2744 108 458
2745 5628 591
2746 4630 526
2747 248 567
2748 5418 549
2749 4543 536
2750 152 607
2751 1969 556
2752 3707 463
2753 2505 503
2754 6332 536
2755 1567 524
2756 6026 523
2757 5771 560
2758 2894 441
2759 5696 459
2760 5127 455
2761 563 514
2762 3510 470
2763 4059 488
2764 3603 441
2765 2731 638
2766 2343 482
2767 3600 492
2768 3272 342
2769 2945 510
2770 4063 451
2771 5733 569
2772 2085 530
2773 6540 638
2774 3072 521
2775 2445 521
2776 5559 441
2777 3837 587
2778 733 524
2779 887 440
2780 2562 549
2781 5430 383
2782 47 889
2783 3078 522
2784 3061 407
2785 3232 366
2786 106 553
2787 6480 507
2788 4014 486
2789 1804 488
2790 3811 469
2791 2412 452
2792 5256 511
2793 6170 590
2794 3818 439
2795 3558 470
2796 163 383
2797 4853 385
2798 1397 565
2799 2605 466
2800 4794 510
2801 845 518
2802 2449 462
2803 1813 537
2804 5939 417
2805 2741 452
2806 1960 532
2807 0 -1
2808 5708 486
2809 1739 383
2810 5491 546
2811 853 570
2812 4943 486
2813 5561 467
2814 2963 500
2815 348 437
2816 1983 344
2817 8 514
2818 5423 605
2819 2905 497
2820 1023 374
2821 0 -1
2822 228 536
2823 4424 502
2824 3556 402
2825 0 -1
2826 314 445
2827 2318 486
2828 3440 623
2829 4755 507
2830 4650 463
2831 5058 514
2832 3352 500
2833 5445 393
2834 2562 483
2835 3976 556
2836 2156 435
2837 4768 398
2838 3945 459
2839 3497 475
2840 2195 516
2841 959 578
2842 4389 564
2843 1663 314
2844 2796 402
2845 6245 499
2846 4344 590
2847 1612 360
2848 213 576
2849 0 -1
2850 0 -1
2851 421 497
2852 1226 553
2853 5345 438
2854 5903 609
2855 5533 545
2856 4655 425
2857 6456 461
2858 4554 534
2859 5922 421
2860 198 656
2861 1372 264
2862 2057 302
2863 5630 498
2864 2785 369
2865 2741 456
2866 3783 511
2867 4403 613
2868 1553 553
2869 5090 829
2870 781 596
2871 6219 571
2872 1108 562
2873 750 502
2874 1472 536
2875 0 -1
2876 4288 577
2877 5054 536
2878 4753 470
2879 6300 563
2880 1144 381
2881 369 493
2882 5431 551
2883 5481 454
2884 537 472
2885 6008 574
2886 4314 594
2887 897 499
2888 39 533
2889 5336 404
2890 240 455
2891 6024 366
2892 3995 533
2893 462 702
2894 2768 365
2895 1096 562
2896 5981 525
2897 2337 567
2898 4051 568
2899 832 440
2900 3322 503
2901 5295 489
2902 4571 391
2903 1688 522
2904 294 433
2905 3188 497
2906 4901 371
2907 2775 538
2908 1092 483
2909 2649 524
2910 4878 489
2911 294 414
2912 6343 548
2913 0 -1
2914 2633 606
2915 1392 217
2916 755 444
2917 321 499
2918 2483 592
2919 3812 593
2920 6078 475
2921 373 228
2922 0 -1
2923 5266 553
2924 880 478
2925 5913 440
2926 1311 483
2927 0 -1
2928 671 634
2929 1363 537
2930 6021 444
2931 1608 541
2932 2973 589
2933 2815 514
2934 353 700
2935 4231 514
2936 6497 630
2937 2836 496
2938 4758 364
2939 3909 397
2940 15 452
2941 5888 338
2942 6264 546
2943 3913 521
2944 5749 394
2945 4269 465
2946 4406 602
2947 6113 536
2948 3560 717
2949 2915 259
2950 760 505
2951 4011 538
2952 2514 557
2953 5871 457
2954 4678 506
2955 4980 530
2956 6328 369
2957 5451 569
2958 3022 386
2959 3277 640
2960 4804 461
2961 5233 502
2962 2880 397
2963 4854 420
2964 5675 441
2965 6481 651
2966 5907 440
2967 3491 533
2968 6416 586
2969 543 584
2970 0 -1
2971 799 546
2972 6485 515
2973 1931 472
2974 5545 343
2975 1961 535
2976 4698 543
2977 3244 491
2978 108 492
2979 934 438
2980 1447 482
2981 4599 516
2982 2464 589
2983 5694 533
2984 0 -1
2985 1561 519
2986 2612 558
2987 3033 583
2988 3934 540
2989 3661 400
2990 1189 473
2991 5075 513
2992 3473 603
2993 5418 471
2994 3553 518
2995 3074 457
2996 2861 294
2997 2092 664
2998 2829 585
2999 0 -1
3000 4610 496
3001 3760 535
3002 1573 757
3003 2939 511
3004 1302 544
3005 5189 488
3006 4356 497
3007 96 522
3008 1094 372
3009 4300 484
3010 3457 477
3011 0 -1
3012 350 533
3013 835 519
3014 1335 516
3015 2105 505
3016 1700 470
3017 4232 432
3018 5605 568
3019 1320 412
3020 4227 430
3021 1126 511
3022 386 346
3023 1433 637
3024 3778 575
3025 705 449
3026 0 -1
3027 5260 602
3028 0 -1
3029 1144 383
3030 2056 538
3031 5481 476
3032 3316 556
3033 5127 502
3034 1774 279
3035 0 -1
3036 4941 677
3037 6466 520
3038 1936 420
3039 5453 625
3040 2906 371
3041 2652 444
3042 4377 454
3043 4561 420
3044 346 482
3045 6466 520
3046 6024 403
3047 365 451
3048 2245 579
3049 4155 427
3050 5120 509
3051 3778 588
3052 0 -1
3053 5636 556
3054 0 -1
3055 2267 443
3056 4289 529
3057 4626 612
3058 1616 811
3059 112 456
3060 3527 621
3061 2996 407
3062 143 530
3063 1224 489
3064 4510 504
3065 0 -1
3066 2592 558
3067 3170 442
3068 905 477
3069 3202 499
3070 5582 568
3071 5400 605
3072 2924 479
3073 6489 620
3074 4950 454
3075 4248 471
3076 2744 464
3077 614 443
3078 2467 506
3079 100 500
3080 3046 437
3081 6047 568
3082 0 -1
3083 672 640
3084 3042 481
3085 2790 525
3086 2188 550
3087 61 424
3088 2364 539
3089 0 -1
3090 6455 396
3091 3286 498
3092 4525 451
3093 647 508
3094 17 506
3095 5869 446
3096 2068 481
3097 1082 582
3098 5979 481
3099 1755 453
3100 4391 526
3101 647 580
3102 1186 407
3103 480 487
3104 0 -1
3105 4599 533
3106 637 335
3107 4723 560
3108 2862 328
3109 998 470
3110 0 -1
3111 0 -1
3112 6336 483
3113 5614 463
3114 784 519
3115 2210 512
3116 3573 440
3117 3488 523
3118 5629 523
3119 5399 537
3120 5245 532
3121 3255 517
3122 4943 412
3123 3439 667
3124 0 -1
3125 3679 572
3126 445 654
3127 0 -1
3128 1743 522
3129 4691 579
3130 0 -1
3131 3142 539
3132 1723 524
3133 3586 521
3134 6205 415
3135 1732 433
3136 4083 618
3137 1711 555
3138 5678 554
3139 443 470
3140 4875 551
3141 57 485
3142 263 513
3143 0 -1
3144 1464 421
3145 2855 567
3146 487 442
3147 0 -1
3148 3768 494
3149 5348 493
3150 3686 537
3151 5519 565
3152 3551 539
3153 2889 476
3154 3327 495
3155 4866 455
3156 6404 483
3157 4535 507
3158 84 556
3159 690 599
3160 3347 546
3161 543 548
3162 0 -1
3163 5944 567
3164 5691 663
3165 1161 373
3166 2897 606
3167 5726 427
3168 0 -1
3169 2990 487
3170 1360 377
3171 3276 475
3172 631 476
3173 54 552
3174 4897 613
3175 3890 413
3176 4595 568
3177 3637 592
3178 1229 489
3179 5470 506
3180 5788 553
3181 2475 570
3182 2535 432
3183 784 535
3184 5561 403
3185 530 455
3186 2354 542
3187 6451 498
3188 2055 485
3189 805 455
3190 5059 581
3191 0 -1
3192 3593 509
3193 2809 453
3194 2055 483
3195 1188 699
3196 3593 534
3197 6004 560
3198 5421 541
3199 0 -1
3200 3951 360
3201 1021 411
3202 3352 491
3203 3647 577
3204 5350 456
3205 3877 582
3206 0 -1
3207 174 559
3208 4214 458
3209 3135 434
3210 598 327
3211 4080 469
3212 6538 621
3213 1896 495
3214 3323 410
3215 4561 463
3216 598 336
3217 0 -1
3218 6134 606
3219 6225 493
3220 440 547
3221 5067 526
3222 4948 610
3223 4670 524
3224 4846 465
3225 5075 500
3226 3106 336
3227 3362 541
3228 3395 487
3229 4411 561
3230 5554 597
3231 3673 536
3232 1212 355
3233 3175 440
3234 1212 369
3235 4796 548
3236 60 511
3237 1752 714
3238 144 488
3239 1768 400
3240 3273 428
3241 0 -1
3242 2186 570
3243 1122 400
3244 1446 459
3245 3677 597
3246 0 -1
3247 4361 395
3248 2159 480
3249 39 507
3250 180 523
3251 4300 419
3252 1415 385
3253 1862 708
3254 5304 446
3255 4812 430
3256 5809 449
3257 5122 513
3258 5818 395
3259 2873 511
3260 342 432
3261 4965 461
3262 24 480
3263 408 482
3264 4238 597
3265 2039 464
3266 3395 531
3267 6114 426
3268 37 369
3269 6563 560
3270 2065 536
3271 0 -1
3272 5238 287
3273 878 326
3274 413 504
3275 5321 478
3276 1017 370
3277 239 561
3278 1680 495
3279 4718 469
3280 1463 469
3281 2386 522
3282 3667 390
3283 870 561
3284 0 -1
3285 3338 443
3286 3055 488
3287 5686 467
3288 1283 417
3289 3545 733
3290 2254 463
3291 3214 423
3292 1507 546
3293 5093 612
3294 5773 462
3295 1350 436
3296 5811 923
3297 843 542
3298 2065 430
3299 1381 495
3300 6301 530
3301 1104 574
3302 3437 385
3303 2163 532
3304 0 -1
3305 6324 523
3306 5399 545
3307 1167 480
3308 5935 540
3309 5512 541
3310 900 478
3311 1823 466
3312 4629 446
3313 1204 545
3314 910 544
3315 3617 432
3316 1214 479
3317 3412 469
3318 391 553
3319 395 203
3320 2317 555
3321 5748 510
3322 2995 466
3323 1659 406
3324 133 546
3325 5490 512
3326 1810 597
3327 5589 415
3328 3186 545
3329 1951 588
3330 5327 583
3331 1054 477
3332 3694 572
3333 2059 568
3334 1674 502
3335 3463 423
3336 4179 608
3337 926 481
3338 312 432
3339 314 523
3340 2655 518
3341 672 611
3342 2864 473
3343 3811 463
3344 5566 514
3345 83 544
3346 1816 518
3347 4125 470
3348 4126 555
3349 2041 577
3350 2015 428
3351 3380 463
3352 1206 380
3353 0 -1
3354 127 453
3355 719 530
3356 3430 237
3357 6441 462
3358 5620 539
3359 0 -1
3360 4767 396
3361 5968 685
3362 2063 489
3363 1229 548
3364 4450 565
3365 94 630
3366 6043 441
3367 6227 669
3368 598 429
3369 2844 480
3370 6139 608
3371 1976 529
3372 4116 546
3373 0 -1
3374 962 386
3375 3117 558
3376 2254 467
3377 6394 459
3378 1970 472
3379 4728 629
3380 5571 428
3381 1461 504
3382 6402 436
3383 609 413
3384 1959 452
3385 4019 467
3386 2185 549
3387 780 566
3388 3870 533
3389 1355 449
3390 4174 536
3391 1462 443
3392 0 -1
3393 1278 474
3394 624 565
3395 2684 453
3396 5094 471
3397 151 512
3398 3044 495
3399 4428 559
3400 5883 512
3401 4154 374
3402 4027 584
3403 4672 556
3404 5100 557
3405 4346 519
3406 6110 494
3407 517 562
3408 0 -1
3409 399 501
3410 487 480
3411 4785 646
3412 3134 469
3413 5611 469
3414 3684 443
3415 5249 558
3416 4885 476
3417 116 605
3418 6470 419
3419 1873 471
3420 6206 481
3421 0 -1
3422 5818 460
3423 4723 493
3424 1864 563
3425 3598 495
3426 6039 504
3427 3377 489
3428 0 -1
3429 3761 480
3430 395 177
3431 4827 523
3432 5726 446
3433 179 487
3434 5836 432
3435 3989 541
3436 1486 490
3437 5732 365
3438 4417 412
3439 4980 589
3440 5745 568
3441 5799 501
3442 3573 454
3443 3384 521
3444 5371 809
3445 5398 424
3446 5630 460
3447 686 482
3448 5683 459
3449 4044 509
3450 557 444
3451 176 559
3452 5411 399
3453 6015 473
3454 3657 536
3455 4776 489
3456 3565 583
3457 4971 465
3458 4475 493
3459 5561 366
3460 5201 593
3461 2802 466
3462 5840 604
3463 3550 408
3464 6594 506
3465 0 -1
3466 2266 551
3467 5868 585
3468 1622 480
3469 2236 462
3470 3631 390
3471 2939 427
3472 2516 283
3473 3583 562
3474 4727 484
3475 4173 526
3476 2788 596
3477 2357 488
3478 1912 421
3479 2643 614
3480 821 532
3481 3928 533
3482 1238 360
3483 4256 566
3484 6063 442
3485 0 -1
3486 2951 602
3487 642 474
3488 1791 487
3489 2435 545
3490 5577 407
3491 870 510
3492 6467 488
3493 1168 476
3494 6253 543
3495 2253 621
3496 2274 487
3497 5259 383
3498 5142 350
3499 397 436
3500 6099 729
3501 1679 391
3502 3923 570
3503 4704 510
3504 5071 520
3505 1196 460
3506 83 524
3507 4643 445
3508 2122 363
3509 1888 558
3510 587 383
3511 619 455
3512 2376 514
3513 4384 637
3514 1605 497
3515 2827 505
3516 3550 361
3517 1744 455
3518 5287 437
3519 4076 532
3520 3106 339
3521 4118 501
3522 1972 552
3523 0 -1
3524 3236 529
3525 625 532
3526 4104 423
3527 5055 589
3528 5545 379
3529 221 585
3530 2795 495
3531 6131 758
3532 1480 566
3533 702 410
3534 5871 496
3535 6001 480
3536 533 456
3537 1076 536
3538 0 -1
3539 2400 499
3540 2856 446
3541 1526 397
3542 3401 467
3543 3209 501
3544 1267 377
3545 2634 668
3546 4444 480
3547 2481 507
3548 4758 395
3549 3291 458
3550 5179 316
3551 2039 465
3552 1557 656
3553 6448 481
3554 615 514
3555 0 -1
3556 342 355
3557 1875 463
3558 4916 462
3559 0 -1
3560 41 600
3561 5248 517
3562 1887 493
3563 5671 446
3564 365 430
3565 2342 545
3566 4222 547
3567 2062 556
3568 6435 413
3569 3419 505
3570 3251 529
3571 2170 544
3572 2934 746
3573 2577 404
3574 2305 605
3575 447 483
3576 5227 551
3577 456 534
3578 4837 430
3579 2739 501
3580 4577 378
3581 5347 496
3582 2715 463
3583 3928 530
3584 4488 636
3585 3486 680
3586 4509 464
3587 2436 532
3588 6018 448
3589 2099 549
3590 5337 594
3591 3676 574
3592 375 442
3593 3445 497
3594 5267 571
3595 4071 472
3596 2453 393
3597 2672 410
3598 5054 479
3599 0 -1
3600 2958 390
3601 414 606
3602 5932 421
3603 3418 421
3604 605 393
3605 5433 557
3606 5553 565
3607 5410 405
3608 1102 513
3609 913 450
3610 1622 470
3611 4011 530
3612 3486 704
3613 5285 356
3614 937 622
3615 5665 470
3616 6594 467
3617 4839 424
3618 6118 339
3619 5413 544
3620 3786 485
3621 2485 480
3622 0 -1
3623 3536 465
3624 5013 572
3625 470 471
3626 5908 592
3627 3759 617
3628 2722 408
3629 15 473
3630 5202 389
3631 2240 340
3632 3005 554
3633 2104 562
3634 3627 630
3635 3075 523
3636 6151 518
3637 856 552
3638 4304 486
3639 5935 513
3640 2462 640
3641 848 499
3642 0 -1
3643 6226 398
3644 5645 668
3645 0 -1
3646 4243 571
3647 3087 461
3648 0 -1
3649 5504 607
3650 1281 537
3651 907 482
3652 1926 609
3653 5438 504
3654 2400 491
3655 3267 441
3656 3088 623
3657 5202 419
3658 2535 448
3659 1017 355
3660 1296 539
3661 3401 397
3662 2418 369
3663 1792 458
3664 717 619
3665 0 -1
3666 1027 180
3667 2275 352
3668 663 522
3669 590 436
3670 4318 436
3671 1744 458
3672 3507 524
3673 1678 445
3674 1191 569
3675 2560 538
3676 5738 463
3677 5992 548
3678 0 -1
3679 1976 471
3680 1435 692
3681 841 484
3682 5226 557
3683 1459 395
3684 913 428
3685 3188 564
3686 1142 470
3687 1102 539
3688 2204 685
3689 0 -1
3690 4295 564
3691 2162 416
3692 3234 460
3693 5582 485
3694 5620 490
3695 3278 561
3696 3650 544
3697 1170 528
3698 2859 429
3699 693 492
3700 786 554
3701 1186 420
3702 0 -1
3703 5513 427
3704 2477 466
3705 0 -1
3706 1970 447
3707 1337 438
3708 3917 491
3709 2137 485
3710 0 -1
3711 0 -1
3712 1966 546
3713 2809 408
3714 0 -1
3715 238 362
3716 4049 582
3717 2057 304
3718 3818 517
3719 787 357
3720 5403 406
3721 2505 445
3722 3663 520
3723 4411 491
3724 0 -1
3725 1096 549
3726 5852 532
3727 1321 550
3728 2349 571
3729 1259 541
3730 1086 638
3731 3963 449
3732 6078 543
3733 2034 583
3734 43 612
3735 2853 508
3736 4552 453
3737 2538 423
3738 1403 569
3739 0 -1
3740 5176 684
3741 5563 621
3742 4828 642
3743 1530 471
3744 903 612
3745 2635 524
3746 4418 459
3747 4131 613
3748 5154 376
3749 5031 389
3750 4275 578
3751 991 617
3752 3995 479
3753 159 723
3754 3488 507
3755 4384 543
3756 2290 519
3757 5031 424
3758 6552 611
3759 5605 507
3760 3949 498
3761 1927 411
3762 3520 408
3763 3225 589
3764 2157 508
3765 4021 578
3766 3482 401
3767 99 582
3768 3643 418
3769 1192 552
3770 5333 501
3771 6213 493
3772 2233 443
3773 123 531
3774 4251 391
3775 4384 568
3776 5266 524
3777 5065 602
3778 6458 560
3779 4596 444
3780 6437 561
3781 575 455
3782 5611 477
3783 5597 444
3784 3022 374
3785 0 -1
3786 3498 465
3787 0 -1
3788 899 667
3789 4389 476
3790 172 464
3791 6442 526
3792 2663 502
3793 1355 480
3794 2711 465
3795 2784 414
3796 5069 386
3797 784 526
3798 1214 471
3799 4190 395
3800 5674 548
3801 374 543
3802 368 497
3803 2966 555
3804 307 555
3805 5302 628
3806 6064 276
3807 1873 512
3808 168 582
3809 942 591
3810 682 696
3811 3022 412
3812 303 551
3813 4517 558
3814 5736 414
3815 1272 512
3816 3530 517
3817 3170 447
3818 2637 422
3819 69 542
3820 1456 542
3821 850 615
3822 795 416
3823 86 417
3824 2084 571
3825 0 -1
3826 5906 495
3827 0 -1
3828 297 527
3829 2845 533
3830 3593 611
3831 3719 423
3832 3615 470
3833 2261 469
3834 2981 588
3835 1680 430
3836 3979 504
3837 3325 555
3838 1196 479
3839 6391 530
3840 2958 441
3841 779 579
3842 4746 530
3843 536 533
3844 264 482
3845 3418 505
3846 2449 391
3847 5249 575
3848 4720 551
3849 2739 589
3850 727 517
3851 2900 622
3852 5058 557
3853 639 496
3854 0 -1
3855 6136 454
3856 2270 473
3857 1169 547
3858 5597 478
3859 0 -1
3860 6402 520
3861 202 570
3862 1186 351
3863 5055 532
3864 404 373
3865 3267 451
3866 1917 528
3867 5138 439
3868 2424 698
3869 996 486
3870 4462 465
3871 580 553
3872 1307 578
3873 4672 439
3874 4961 499
3875 6108 443
3876 1311 488
3877 5935 502
3878 1446 468
3879 1055 548
3880 2756 564
3881 3403 588
3882 0 -1
3883 2554 461
3884 299 547
3885 6486 682
3886 4485 602
3887 3372 643
3888 4736 462
3889 382 564
3890 326 410
3891 1092 445
3892 5904 510
3893 3986 457
3894 1448 541
3895 0 -1
3896 5526 535
3897 6595 545
3898 5347 556
3899 394 515
3900 6336 490
3901 2974 364
3902 1288 439
3903 6173 616
3904 1174 534
3905 5060 482
3906 565 580
3907 2685 540
3908 5671 449
3909 5604 372
3910 3916 393
3911 1001 641
3912 4458 427
3913 4328 479
3914 4154 413
3915 1988 621
3916 1663 302
3917 3374 427
3918 4794 509
3919 268 475
3920 1341 490
3921 3154 558
3922 5560 590
3923 1951 563
3924 1708 525
3925 2894 377
3926 2048 585
3927 6021 425
3928 2183 442
3929 4063 443
3930 6174 529
3931 1175 565
3932 4448 508
3933 2752 518
3934 667 420
3935 5720 484
3936 3823 449
3937 5199 491
3938 3286 514
3939 6598 410
3940 0 -1
3941 1759 495
3942 5529 413
3943 1739 412
3944 0 -1
3945 5913 407
3946 1373 452
3947 718 494
3948 5057 507
3949 2168 481
3950 3260 460
3951 3472 312
3952 383 522
3953 5280 490
3954 3659 422
3955 228 470
3956 1727 484
3957 1884 445
3958 3647 542
3959 3113 517
3960 1516 574
3961 0 -1
3962 1633 564
3963 4204 426
3964 798 534
3965 2318 588
3966 1062 452
3967 5138 454
3968 3779 449
3969 2496 489
3970 1545 599
3971 6239 469
3972 1129 559
3973 2531 414
3974 3890 453
3975 3558 542
3976 1311 496
3977 3929 484
3978 265 499
3979 2701 402
3980 6179 509
3981 1000 459
3982 3833 487
3983 0 -1
3984 985 681
3985 864 490
3986 5514 449
3987 0 -1
3988 3442 565
3989 3286 509
3990 2580 522
3991 1981 721
3992 2605 514
3993 1288 440
3994 268 498
3995 3049 440
3996 5928 492
3997 6358 486
3998 3280 476
3999 2304 546
4000 4768 409
4001 206 466
4002 3420 490
4003 5195 419
4004 3833 531
4005 5979 469
4006 6107 492
4007 715 510
4008 725 424
4009 2370 668
4010 2690 448
4011 1594 491
4012 2332 410
4013 3813 631
4014 578 470
4015 6344 578
4016 3024 607
4017 1591 412
4018 3926 625
4019 404 364
4020 0 -1
4021 2754 571
4022 145 449
4023 1353 550
4024 539 483
4025 6117 521
4026 0 -1
4027 2024 571
4028 3551 490
4029 6048 543
4030 3376 486
4031 4406 581
4032 181 442
4033 885 515
4034 4131 603
4035 557 532
4036 4319 680
4037 4278 472
4038 3806 395
4039 998 533
4040 423 474
4041 0 -1
4042 1576 499
4043 562 439
4044 2456 457
4045 4198 665
4046 2820 420
4047 1372 354
4048 1006 503
4049 3378 525
4050 1235 536
4051 4138 503
4052 0 -1
4053 3675 621
4054 3912 505
4055 0 -1
4056 5081 521
4057 3080 510
4058 3568 452
4059 389 481
4060 4246 520
4061 0 -1
4062 2448 438
4063 6232 413
4064 1429 487
4065 276 510
4066 3233 479
4067 0 -1
4068 767 534
4069 3007 526
4070 2351 513
4071 2042 428
4072 0 -1
4073 4427 653
4074 1838 468
4075 6550 519
4076 2064 522
4077 4266 605
4078 4777 511
4079 4204 410
4080 5097 424
4081 0 -1
4082 5556 492
4083 2294 583
4084 6278 377
4085 103 480
4086 1343 577
4087 1865 588
4088 4100 503
4089 4279 605
4090 1833 556
4091 6548 501
4092 0 -1
4093 28 518
4094 1966 540
4095 6172 472
4096 1845 517
4097 5019 467
4098 2456 504
4099 5889 583
4100 2613 433
4101 3020 445
4102 3951 359
4103 2026 583
4104 4109 395
4105 2233 474
4106 2530 552
4107 3262 543
4108 383 510
4109 3916 344
4110 3894 541
4111 6118 371
4112 3568 451
4113 6068 510
4114 3870 481
4115 2000 438
4116 4684 531
4117 0 -1
4118 371 411
4119 5258 465
4120 4458 473
4121 2650 492
4122 5694 549
4123 6470 419
4124 5583 557
4125 1879 462
4126 3013 527
4127 4923 613
4128 3310 515
4129 0 -1
4130 6272 530
4131 3342 576
4132 4102 406
4133 6 89
4134 1059 509
4135 4214 448
4136 2909 544
4137 6218 487
4138 702 472
4139 6550 516
4140 2906 416
4141 2529 414
4142 6203 388
4143 5807 520
4144 0 -1
4145 2975 535
4146 1804 448
4147 3382 505
4148 4088 510
4149 3451 582
4150 1427 473
4151 1877 536
4152 4323 604
4153 3731 449
4154 1094 311
4155 185 364
4156 5644 682
4157 2269 729
4158 351 494
4159 4169 488
4160 2895 616
4161 2454 658
4162 0 -1
4163 4943 394
4164 3238 496
4165 3347 568
4166 5117 573
4167 1202 498
4168 5996 573
4169 2741 450
4170 6422 413
4171 3123 775
4172 3442 518
4173 6040 510
4174 1017 421
4175 2618 588
4176 3627 735
4177 77 359
4178 3924 589
4179 3661 512
4180 0 -1
4181 3244 530
4182 1601 530
4183 0 -1
4184 395 182
4185 4475 522
4186 4639 530
4187 4118 508
4188 0 -1
4189 4095 482
4190 3862 380
4191 3875 451
4192 5870 492
4193 3582 505
4194 4179 523
4195 2528 411
4196 5484 597
4197 3496 559
4198 3994 552
4199 2151 583
4200 1427 489
4201 4655 408
4202 2940 464
4203 3307 499
4204 2201 390
4205 2241 443
4206 5333 509
4207 6283 637
4208 864 505
4209 1856 567
4210 6163 449
4211 1681 404
4212 1727 512
4213 5651 563
4214 5259 430
4215 0 -1
4216 2093 477
4217 2162 424
4218 4084 392
4219 3171 530
4220 4435 546
4221 1720 547
4222 3508 476
4223 5817 508
4224 984 415
4225 1614 516
4226 6145 505
4227 5236 409
4228 342 343
4229 3357 555
4230 5001 488
4231 2190 464
4232 2864 382
4233 4874 435
4234 5340 513
4235 4379 319
4236 3506 578
4237 4130 569
4238 6597 506
4239 5851 542
4240 6510 427
4241 629 492
4242 2636 642
4243 4619 485
4244 5159 481
4245 1471 390
4246 3655 446
4247 3737 423
4248 6495 457
4249 2778 525
4250 1007 595
4251 283 373
4252 1278 446
4253 0 -1
4254 3208 506
4255 3669 453
4256 713 540
4257 6014 441
4258 787 359
4259 5897 476
4260 0 -1
4261 40 441
4262 4338 498
4263 787 475
4264 5580 500
4265 2195 452
4266 5223 542
4267 0 -1
4268 4740 361
4269 6590 399
4270 4511 545
4271 3515 529
4272 1227 574
4273 1163 415
4274 0 -1
4275 6120 571
4276 2988 595
4277 3256 555
4278 2254 399
4279 6166 548
4280 4732 474
4281 4235 377
4282 3163 571
4283 5595 476
4284 5291 558
4285 4588 496
4286 2405 518
4287 5999 405
4288 6464 482
4289 6100 466
4290 5530 551
4291 2963 423
4292 2524 490
4293 841 549
4294 4038 453
4295 6258 496
4296 0 -1
4297 2238 523
4298 2077 281
4299 420 544
4300 2637 396
4301 0 -1
4302 6324 537
4303 4237 587
4304 6189 457
4305 5596 547
4306 6311 324
4307 5954 275
4308 0 -1
4309 2156 539
4310 6108 495
4311 3945 438
4312 6393 388
4313 0 -1
4314 2857 481
4315 1469 510
4316 1677 581
4317 724 587
4318 934 396
4319 2483 670
4320 1191 548
4321 3137 565
4322 6395 524
4323 6209 552
4324 0 -1
4325 1486 582
4326 27 494
4327 1712 584
4328 2902 426
4329 174 594
4330 45 461
4331 945 527
4332 5171 571
4333 4799 578
4334 3849 631
4335 2859 540
4336 5258 416
4337 3655 481
4338 5934 488
4339 5393 496
4340 3141 520
4341 1055 595
4342 143 494
4343 5726 429
4344 2699 519
4345 3355 578
4346 2993 479
4347 1768 425
4348 4489 471
4349 1254 627
4350 3781 493
4351 264 454
4352 6280 540
4353 4391 469
4354 2417 539
4355 2518 527
4356 4767 428
4357 1166 570
4358 676 594
4359 2175 524
4360 206 481
4361 4177 375
4362 6172 486
4363 4978 490
4364 2419 397
4365 3464 582
4366 472 541
4367 0 -1
4368 3377 534
4369 3189 479
4370 0 -1
4371 5452 552
4372 0 -1
4373 383 549
4374 1688 439
4375 615 433
4376 2878 563
4377 4420 428
4378 2106 475
4379 4298 305
4380 3792 565
4381 1826 624
4382 37 460
4383 633 479
4384 2963 522
4385 163 441
4386 2974 366
4387 1420 569
4388 5319 614
4389 4619 474
4390 2093 529
4391 1578 406
4392 4796 519
4393 522 485
4394 5834 440
4395 870 592
4396 6314 744
4397 5387 479
4398 2568 604
4399 3595 489
4400 5433 588
4401 0 -1
4402 772 513
4403 6107 558
4404 2582 531
4405 4455 539
4406 3387 578
4407 0 -1
4408 3243 515
4409 6037 556
4410 5846 585
4411 3490 450
4412 3397 575
4413 1727 428
4414 2225 487
4415 5358 638
4416 4846 463
4417 5899 409
4418 5019 449
4419 2082 586
4420 6557 425
4421 2841 615
4422 5556 452
4423 0 -1
4424 1168 487
4425 2335 563
4426 3357 529
4427 5472 562
4428 116 525
4429 1026 574
4430 2924 527
4431 1227 538
4432 5439 453
4433 1869 484
4434 456 558
4435 6052 463
4436 4842 566
4437 1637 467
4438 384 598
4439 5917 566
4440 4520 505
4441 2357 510
4442 751 485
4443 0 -1
4444 2201 457
4445 390 457
4446 3343 571
4447 527 606
4448 6413 489
4449 1017 373
4450 2995 521
4451 4950 507
4452 4837 382
4453 6288 521
4454 2162 469
4455 4336 485
4456 240 500
4457 2489 528
4458 4251 415
4459 485 448
4460 744 577
4461 3441 585
4462 854 406
4463 1228 554
4464 1727 481
4465 0 -1
4466 3766 501
4467 4289 491
4468 3660 549
4469 5078 664
4470 0 -1
4471 4539 532
4472 2716 559
4473 2498 451
4474 6160 618
4475 4343 460
4476 1664 511
4477 5588 499
4478 486 523
4479 1335 451
4480 1776 450
4481 6218 511
4482 215 452
4483 3695 589
4484 4643 522
4485 5306 486
4486 3008 422
4487 1528 728
4488 558 541
4489 1778 406
4490 0 -1
4491 466 488
4492 5189 537
4493 2941 407
4494 2307 444
4495 4742 523
4496 5419 582
4497 0 -1
4498 3483 585
4499 3722 604
4500 2687 555
4501 1383 468
4502 3169 546
4503 0 -1
4504 2891 459
4505 3617 453
4506 3251 458
4507 4902 489
4508 4932 425
4509 914 449
4510 424 495
4511 4189 516
4512 692 525
4513 4800 632
4514 3154 511
4515 403 536
4516 5998 489
4517 891 529
4518 6004 527
4519 2548 518
4520 5069 464
4521 4414 507
4522 6051 551
4523 4937 562
4524 2377 580
4525 5882 413
4526 3074 509
4527 2853 546
4528 4561 396
4529 1970 417
4530 5704 578
4531 0 -1
4532 4824 517
4533 1053 484
4534 1860 407
4535 5438 494
4536 3628 415
4537 4205 512
4538 6307 394
4539 1262 528
4540 2558 517
4541 334 566
4542 2158 643
4543 5094 486
4544 3437 433
4545 3894 579
4546 3338 544
4547 122 504
4548 4538 487
4549 513 543
4550 1856 658
4551 3528 478
4552 5019 425
4553 4700 367
4554 1536 468
4555 1464 459
4556 3781 575
4557 0 -1
4558 3694 503
4559 0 -1
4560 4962 462
4561 1978 395
4562 2712 588
4563 6040 576
4564 5106 426
4565 2063 535
4566 6335 496
4567 0 -1
4568 5613 449
4569 4871 670
4570 4003 438
4571 1945 361
4572 539 524
4573 2874 615
4574 141 486
4575 0 -1
4576 2343 380
4577 6064 280
4578 2613 441
4579 3879 619
4580 6448 475
4581 4594 443
4582 5689 505
4583 4201 448
4584 851 521
4585 4574 494
4586 1699 741
4587 2274 477
4588 4505 474
4589 4155 467
4590 3839 570
4591 3016 484
4592 0 -1
4593 4655 489
4594 3463 435
4595 2779 448
4596 4689 417
4597 5543 434
4598 3691 522
4599 941 434
4600 5139 501
4601 343 616
4602 5591 621
4603 2016 636
4604 2347 270
4605 3748 424
4606 1251 602
4607 1340 638
4608 4487 841
4609 2890 455
4610 5138 445
4611 2937 538
4612 5593 781
4613 652 611
4614 5572 531
4615 5414 557
4616 1581 667
4617 0 -1
4618 4564 464
4619 44 446
4620 368 496
4621 530 462
4622 3067 448
4623 0 -1
4624 4146 453
4625 3263 494
4626 2929 584
4627 2271 577
4628 3933 637
4629 3661 421
4630 5463 471
4631 5375 421
4632 4641 587
4633 147 550
4634 3144 469
4635 5226 549
4636 0 -1
4637 2823 584
4638 1311 520
4639 5652 438
4640 3418 442
4641 5172 470
4642 0 -1
4643 6369 402
4644 0 -1
4645 1211 434
4646 6404 561
4647 3928 538
4648 4670 554
4649 3905 512
4650 3796 429
4651 4913 516
4652 1583 529
4653 2668 473
4654 0 -1
4655 4047 406
4656 5154 414
4657 2353 540
4658 6048 513
4659 0 -1
4660 1015 575
4661 706 500
4662 6597 554
4663 3315 539
4664 5717 403
4665 1371 605
4666 4581 538
4667 2761 586
4668 1692 526
4669 4003 437
4670 1479 467
4671 848 405
4672 6014 437
4673 146 608
4674 587 492
4675 3397 526
4676 0 -1
4677 0 -1
4678 264 493
4679 5698 548
4680 3234 464
4681 3247 417
4682 274 571
4683 2341 555
4684 1816 459
4685 5597 372
4686 1614 543
4687 5044 568
4688 205 705
4689 5669 395
4690 4999 490
4691 6354 575
4692 6068 451
4693 1220 474
4694 2361 435
4695 5365 388
4696 519 481
4697 4780 264
4698 1940 532
4699 2687 522
4700 1267 346
4701 3048 617
4702 3595 575
4703 2880 400
4704 3621 488
4705 5524 394
4706 3672 613
4707 2805 509
4708 5234 527
4709 5908 560
4710 3274 586
4711 1590 567
4712 0 -1
4713 2809 458
4714 5629 625
4715 70 473
4716 5717 465
4717 3942 428
4718 6043 396
4719 2612 544
4720 2024 511
4721 5587 497
4722 744 571
4723 2741 469
4724 6162 449
4725 5848 560
4726 937 565
4727 5687 483
4728 3707 509
4729 0 -1
4730 6399 586
4731 2534 555
4732 4705 425
4733 6434 557
4734 2595 566
4735 6341 390
4736 877 426
4737 2105 478
4738 1585 466
4739 5864 504
4740 2057 301
4741 2661 486
4742 6299 522
4743 2552 510
4744 5303 555
4745 5065 591
4746 2392 524
4747 4128 610
4748 4818 518
4749 0 -1
4750 3655 496
4751 3173 596
4752 2820 393
4753 1122 387
4754 5726 431
4755 3558 507
4756 1527 502
4757 690 573
4758 3430 280
4759 3480 537
4760 3220 575
4761 1517 573
4762 2550 512
4763 5879 554
4764 0 -1
4765 6504 577
4766 6577 420
4767 5410 387
4768 1659 343
4769 3945 520
4770 3131 563
4771 5812 379
4772 5405 705
4773 2240 397
4774 5172 534
4775 5310 576
4776 2008 450
4777 6196 492
4778 1446 509
4779 0 -1
4780 4184 189
4781 6393 447
4782 1381 530
4783 6479 627
4784 3520 456
4785 554 618
4786 3892 604
4787 6447 541
4788 4190 482
4789 2102 641
4790 1757 468
4791 3419 518
4792 5311 586
4793 4780 287
4794 2973 484
4795 2357 525
4796 4389 483
4797 3470 415
4798 1288 433
4799 5218 489
4800 5347 533
4801 744 644
4802 2301 498
4803 2916 501
4804 4104 412
4805 0 -1
4806 4874 393
4807 5895 527
4808 0 -1
4809 3718 560
4810 5982 532
4811 0 -1
4812 5142 372
4813 0 -1
4814 2043 503
4815 0 -1
4816 726 449
4817 3243 514
4818 4692 492
4819 2770 546
4820 2616 560
4821 4265 496
4822 3893 526
4823 2962 446
4824 5489 499
4825 6374 537
4826 2577 462
4827 3122 522
4828 5718 618
4829 109 494
4830 6433 516
4831 4787 596
4832 2589 601
4833 2414 460
4834 2455 560
4835 318 625
4836 80 434
4837 4235 365
4838 5120 537
4839 5932 409
4840 654 608
4841 5945 494
4842 6483 507
4843 1576 526
4844 1849 543
4845 3294 549
4846 3607 421
4847 1823 531
4848 4051 588
4849 1729 605
4850 0 -1
4851 3925 436
4852 2796 475
4853 3356 285
4854 1679 376
4855 485 487
4856 3442 477
4857 6588 488
4858 2511 436
4859 6291 545
4860 0 -1
4861 0 -1
4862 3068 517
4863 3228 531
4864 4597 513
4865 0 -1
4866 1540 390
4867 5406 452
4868 3666 226
4869 1895 488
4870 261 622
4871 2354 587
4872 4650 510
4873 2962 405
4874 1471 386
4875 4723 521
4876 1006 497
4877 5003 549
4878 3979 429
4879 2185 581
4880 3397 597
4881 6581 565
4882 5740 508
4883 1586 457
4884 0 -1
4885 1000 378
4886 6232 441
4887 4118 425
4888 2227 452
4889 4878 469
4890 5974 827
4891 6493 612
4892 133 523
4893 3743 487
4894 1295 531
4895 733 584
4896 2100 547
4897 594 537
4898 0 -1
4899 4413 518
4900 3819 599
4901 906 360
4902 1205 466
4903 7 548
4904 3300 535
4905 689 505
4906 3515 556
4907 5810 395
4908 0 -1
4909 1996 443
4910 6165 360
4911 1202 503
4912 1923 574
4913 5524 444
4914 3713 426
4915 1207 532
4916 3008 410
4917 6509 478
4918 2079 526
4919 5803 555
4920 1425 463
4921 5213 556
4922 2155 506
4923 5552 569
4924 6444 509
4925 5245 509
4926 1082 612
4927 107 525
4928 1773 307
4929 6179 512
4930 0 -1
4931 4576 409
4932 5179 415
4933 4693 553
4934 6141 544
4935 3221 554
4936 6580 415
4937 5527 511
4938 3121 598
4939 5318 404
4940 759 485
4941 1828 583
4942 639 518
4943 3108 388
4944 2506 512
4945 937 572
4946 686 501
4947 0 -1
4948 3954 514
4949 2722 475
4950 4854 440
4951 0 -1
4952 97 445
4953 4787 590
4954 3945 429
4955 6172 541
4956 5112 527
4957 5184 594
4958 846 632
4959 3586 476
4960 3049 451
4961 6001 472
4962 238 346
4963 5086 491
4964 2843 358
4965 1679 418
4966 6179 604
4967 2920 504
4968 4294 472
4969 3819 638
4970 2738 441
4971 2039 457
4972 6212 510
4973 2516 363
4974 5677 523
4975 1313 547
4976 0 -1
4977 1815 561
4978 4589 479
4979 6454 457
4980 3455 508
4981 5596 511
4982 0 -1
4983 5383 509
4984 4248 487
4985 4158 535
4986 4841 501
4987 4609 477
4988 4211 434
4989 1827 501
4990 3542 525
4991 449 562
4992 5695 543
4993 4633 573
4994 3811 464
4995 6146 622
4996 6527 508
4997 0 -1
4998 537 551
4999 5597 400
5000 5264 654
5001 771 484
5002 2705 618
5003 385 458
5004 1923 568
5005 1194 513
5006 1044 573
5007 582 465
5008 1883 534
5009 309 551
5010 1280 505
5011 2802 551
5012 5843 537
5013 101 494
5014 4933 588
5015 2924 486
5016 3976 510
5017 3418 530
5018 5845 719
5019 1627 368
5020 2859 454
5021 0 -1
5022 6052 571
5023 5916 579
5024 0 -1
5025 884 459
5026 0 -1
5027 5272 540
5028 3445 438
5029 4203 521
5030 0 -1
5031 5430 326
5032 0 -1
5033 2857 545
5034 3135 470
5035 343 572
5036 5817 498
5037 938 655
5038 0 -1
5039 966 504
5040 4963 572
5041 2378 562
5042 0 -1
5043 4293 583
5044 6192 489
5045 2090 487
5046 3327 499
5047 2640 542
5048 3429 524
5049 1301 410
5050 611 455
5051 2656 439
5052 4189 554
5053 303 545
5054 500 435
5055 2930 502
5056 0 -1
5057 6394 401
5058 1884 449
5059 4353 503
5060 1296 474
5061 5835 603
5062 132 496
5063 3317 489
5064 6299 523
5065 3312 483
5066 6009 580
5067 4141 512
5068 5194 380
5069 6024 356
5070 4479 533
5071 6505 429
5072 3096 487
5073 219 546
5074 3550 320
5075 4102 461
5076 4960 455
5077 1983 313
5078 4667 659
5079 4002 513
5080 5888 371
5081 4571 455
5082 5065 552
5083 1792 458
5084 4780 257
5085 4307 342
5086 3171 483
5087 1038 537
5088 5428 394
5089 1183 566
5090 1894 719
5091 1008 607
5092 1541 467
5093 2426 527
5094 2044 438
5095 6270 550
5096 2987 601
5097 6226 424
5098 6531 508
5099 5716 546
5100 5636 514
5101 3774 400
5102 4873 432
5103 2057 299
5104 146 585
5105 1739 463
5106 2524 418
5107 3736 458
5108 6162 518
5109 2409 498
5110 520 575
5111 5725 575
5112 3423 501
5113 4385 463
5114 4263 535
5115 3578 498
5116 4382 493
5117 561 520
5118 6538 538
5119 1147 442
5120 276 496
5121 1272 499
5122 2176 487
5123 483 419
5124 2529 342
5125 1017 400
5126 5527 505
5127 3659 428
5128 5432 521
5129 421 550
5130 6547 349
5131 6265 458
5132 5183 595
5133 187 499
5134 159 697
5135 6531 461
5136 155 630
5137 15 440
5138 603 381
5139 6442 436
5140 5926 535
5141 3211 526
5142 5084 289
5143 2862 404
5144 732 443
5145 1139 472
5146 6450 565
5147 1120 640
5148 5846 632
5149 6477 474
5150 567 410
5151 1439 386
5152 4713 564
5153 3368 456
5154 5285 368
5155 3401 488
5156 5613 476
5157 1691 498
5158 132 521
5159 3022 458
5160 4047 447
5161 5851 454
5162 2926 505
5163 2035 485
5164 1961 547
5165 3986 500
5166 4695 410
5167 6218 490
5168 3995 455
5169 4019 428
5170 2691 519
5171 5964 492
5172 1148 466
5173 1446 526
5174 5126 526
5175 1056 571
5176 594 587
5177 4307 292
5178 397 474
5179 4604 297
5180 3396 584
5181 1691 472
5182 6253 482
5183 2143 593
5184 5791 568
5185 3315 524
5186 4420 516
5187 4689 449
5188 4988 456
5189 630 452
5190 305 557
5191 4653 539
5192 390 455
5193 4994 519
5194 5954 377
5195 3914 417
5196 3858 530
5197 0 -1
5198 1776 470
5199 5895 491
5200 2704 640
5201 1447 552
5202 1384 381
5203 3674 632
5204 1210 468
5205 0 -1
5206 2018 466
5207 403 601
5208 5309 497
5209 3492 505
5210 5114 579
5211 4784 474
5212 5884 434
5213 1517 544
5214 3425 526
5215 54 510
5216 1306 573
5217 677 470
5218 3783 444
5219 3894 635
5220 4510 526
5221 5888 319
5222 2855 589
5223 288 433
5224 486 488
5225 2878 473
5226 943 528
5227 2272 522
5228 71 399
5229 4858 536
5230 0 -1
5231 530 467
5232 4134 587
5233 2621 447
5234 5321 492
5235 3529 604
5236 5597 401
5237 6369 422
5238 3356 255
5239 2693 514
5240 6264 551
5241 5188 501
5242 2763 503
5243 6005 493
5244 3009 577
5245 6108 492
5246 1158 630
5247 2726 505
5248 6297 449
5249 4337 538
5250 5812 359
5251 5524 443
5252 1503 352
5253 2532 456
5254 3863 595
5255 3281 546
5256 6580 439
5257 4078 537
5258 1360 393
5259 2120 357
5260 3019 507
5261 5727 569
5262 485 436
5263 1224 496
5264 3697 538
5265 0 -1
5266 1708 481
5267 246 473
5268 6141 482
5269 133 428
5270 4214 550
5271 4635 607
5272 6249 496
5273 217 604
5274 133 470
5275 3398 568
5276 0 -1
5277 806 520
5278 0 -1
5279 4546 579
5280 4391 465
5281 4795 542
5282 4973 440
5283 4629 527
5284 2816 385
5285 5332 294
5286 4521 554
5287 1084 396
5288 5834 477
5289 2198 542
5290 3114 550
5291 1858 441
5292 5733 520
5293 5621 654
5294 41 622
5295 6114 484
5296 3690 638
5297 1295 468
5298 5179 406
5299 5194 476
5300 1737 448
5301 4262 504
5302 1068 511
5303 5239 538
5304 314 427
5305 2590 469
5306 5736 481
5307 550 570
5308 5914 586
5309 3261 493
5310 4916 470
5311 1840 561
5312 3928 518
5313 2980 520
5314 2838 507
5315 3189 538
5316 1760 462
5317 671 619
5318 3022 365
5319 5282 550
5320 4954 436
5321 2815 465
5322 2944 432
5323 656 380
5324 6347 388
5325 503 495
5326 3368 529
5327 3823 484
5328 3211 524
5329 4506 500
5330 4994 469
5331 6162 442
5332 6064 271
5333 3213 500
5334 1439 429
5335 309 610
5336 2428 383
5337 953 559
5338 6164 476
5339 3673 465
5340 804 511
5341 4019 479
5342 2156 466
5343 4422 467
5344 0 -1
5345 1708 438
5346 5825 408
5347 4123 480
5348 2759 493
5349 4000 500
5350 1070 449
5351 5561 402
5352 1810 563
5353 3370 672
5354 1758 636
5355 6319 537
5356 2078 592
5357 0 -1
5358 6403 542
5359 5671 439
5360 941 429
5361 1388 549
5362 1416 466
5363 2307 426
5364 4562 662
5365 3459 382
5366 6589 458
5367 3337 589
5368 6466 471
5369 523 500
5370 0 -1
5371 5896 722
5372 3760 507
5373 1111 490
5374 3295 464
5375 312 400
5376 5004 659
5377 4965 470
5378 1096 599
5379 1080 557
5380 5329 603
5381 6449 492
5382 2858 595
5383 2716 498
5384 2477 515
5385 216 624
5386 1629 526
5387 460 472
5388 4184 249
5389 6513 516
5390 1170 556
5391 4436 633
5392 3692 509
5393 1884 477
5394 5897 552
5395 6022 501
5396 0 -1
5397 204 570
5398 656 324
5399 1191 535
5400 5745 529
5401 1684 487
5402 5454 674
5403 598 355
5404 2359 561
5405 2047 627
5406 3631 395
5407 3832 580
5408 6236 458
5409 3736 468
5410 2419 365
5411 6590 339
5412 5514 491
5413 206 530
5414 1401 504
5415 0 -1
5416 5112 532
5417 288 512
5418 3490 434
5419 5401 490
5420 5903 505
5421 6550 487
5422 3504 577
5423 2114 554
5424 1163 413
5425 4843 597
5426 863 604
5427 3134 478
5428 2996 303
5429 5070 620
5430 4697 267
5431 316 550
5432 515 428
5433 1512 515
5434 0 -1
5435 0 -1
5436 1530 532
5437 1463 522
5438 3954 437
5439 4258 441
5440 2420 447
5441 2726 504
5442 0 -1
5443 1416 511
5444 2235 693
5445 5103 319
5446 2764 497
5447 2383 527
5448 4000 523
5449 5600 568
5450 1181 442
5451 5992 494
5452 467 498
5453 4024 519
5454 2748 663
5455 369 522
5456 0 -1
5457 1634 607
5458 1994 556
5459 4886 479
5460 927 549
5461 0 -1
5462 232 610
5463 6054 442
5464 0 -1
5465 4314 576
5466 2916 539
5467 0 -1
5468 6204 505
5469 2238 510
5470 4413 452
5471 966 578
5472 614 456
5473 6026 500
5474 118 514
5475 511 555
5476 4678 524
5477 2180 497
5478 2953 528
5479 5546 539
5480 0 -1
5481 677 428
5482 4653 481
5483 5048 540
5484 5186 525
5485 1304 500
5486 0 -1
5487 123 533
5488 4916 494
5489 3389 492
5490 126 488
5491 1321 525
5492 666 590
5493 6590 336
5494 1070 479
5495 4436 570
5496 5701 554
5497 1023 417
5498 2236 466
5499 5202 441
5500 0 -1
5501 4885 458
5502 532 471
5503 1564 485
5504 5223 504
5505 703 576
5506 24 500
5507 6003 419
5508 3215 552
5509 100 509
5510 4444 498
5511 419 565
5512 2361 443
5513 5888 425
5514 2301 386
5515 3061 506
5516 834 471
5517 4516 492
5518 5459 564
5519 1051 560
5520 3223 556
5521 4032 459
5522 0 -1
5523 1342 483
5524 4854 394
5525 1627 337
5526 1853 478
5527 2785 469
5528 2843 397
5529 5285 352
5530 5549 506
5531 397 546
5532 532 497
5533 3969 505
5534 755 481
5535 2722 476
5536 3007 532
5537 6505 499
5538 0 -1
5539 1726 628
5540 1667 513
5541 3479 620
5542 4720 623
5543 2120 378
5544 4903 603
5545 5445 327
5546 2421 467
5547 1094 299
5548 0 -1
5549 2738 455
5550 845 468
5551 0 -1
5552 851 523
5553 5228 445
5554 5672 521
5555 4140 508
5556 6487 451
5557 5383 533
5558 689 516
5559 949 439
5560 5870 515
5561 5398 352
5562 5693 610
5563 6185 542
5564 5741 486
5565 0 -1
5566 1909 510
5567 3806 324
5568 4248 486
5569 0 -1
5570 1538 534
5571 3268 405
5572 5477 505
5573 3170 415
5574 0 -1
5575 3669 452
5576 1335 450
5577 2941 342
5578 910 593
5579 3778 597
5580 1167 479
5581 1156 602
5582 2805 453
5583 4201 510
5584 1251 521
5585 498 501
5586 2856 436
5587 6317 478
5588 4300 479
5589 5567 381
5590 2180 571
5591 3789 522
5592 0 -1
5593 2287 662
5594 5401 505
5595 2434 450
5596 268 454
5597 1122 359
5598 2805 548
5599 4689 500
5600 3621 515
5601 1111 521
5602 5195 485
5603 0 -1
5604 77 350
5605 984 502
5606 5348 562
5607 1584 495
5608 2118 551
5609 464 555
5610 5010 563
5611 1283 422
5612 4750 522
5613 5999 400
5614 4605 448
5615 1447 466
5616 5893 420
5617 5499 509
5618 966 558
5619 6412 511
5620 6043 423
5621 554 601
5622 0 -1
5623 4906 574
5624 2684 413
5625 0 -1
5626 0 -1
5627 3075 588
5628 199 531
5629 2711 521
5630 575 412
5631 2324 463
5632 2275 428
5633 1265 504
5634 2211 650
5635 233 582
5636 2963 500
5637 3954 471
5638 1497 635
5639 2813 474
5640 4042 545
5641 1003 581
5642 5463 496
5643 4643 519
5644 2518 615
5645 6371 557
5646 5384 565
5647 3532 584
5648 0 -1
5649 744 547
5650 229 500
5651 3113 490
5652 3459 390
5653 4164 521
5654 6487 436
5655 4280 524
5656 1148 379
5657 3903 645
5658 2351 474
5659 0 -1
5660 0 -1
5661 2560 581
5662 443 525
5663 2062 550
5664 6192 494
5665 2069 457
5666 3096 482
5667 3909 456
5668 345 499
5669 97 371
5670 5313 554
5671 854 422
5672 4797 486
5673 2822 618
5674 73 509
5675 4462 429
5676 921 563
5677 1278 492
5678 18 474
5679 1313 494
5680 3492 502
5681 394 479
5682 0 -1
5683 1791 453
5684 6221 573
5685 605 435
5686 6556 467
5687 1260 468
5688 3020 466
5689 3109 500
5690 5326 631
5691 892 585
5692 5873 550
5693 4867 516
5694 6181 512
5695 57 474
5696 4916 426
5697 841 517
5698 3307 509
5699 2713 458
5700 6479 539
5701 5614 525
5702 421 521
5703 3715 467
5704 2732 489
5705 4552 454
5706 6236 454
5707 697 484
5708 6557 463
5709 662 519
5710 2412 385
5711 2162 428
5712 1293 499
5713 2312 468
5714 4340 621
5715 3472 356
5716 129 464
5717 2332 384
5718 1170 510
5719 876 631
5720 2506 452
5721 0 -1
5722 387 625
5723 5498 513
5724 3075 475
5725 1175 506
5726 653 406
5727 533 515
5728 2541 586
5729 2323 516
5730 2592 595
5731 355 569
5732 5597 361
5733 1228 463
5734 1351 408
5735 900 528
5736 6278 412
5737 5916 482
5738 4664 461
5739 0 -1
5740 2690 483
5741 3016 479
5742 3698 513
5743 136 501
5744 6155 489
5745 3661 497
5746 1737 457
5747 0 -1
5748 1023 390
5749 6547 322
5750 3155 509
5751 715 525
5752 1377 544
5753 0 -1
5754 4255 486
5755 5749 391
5756 4658 575
5757 6204 574
5758 2901 554
5759 695 509
5760 6532 550
5761 6348 545
5762 4672 540
5763 900 488
5764 2154 503
5765 1360 328
5766 3695 595
5767 843 483
5768 3305 525
5769 4992 566
5770 5586 450
5771 950 535
5772 100 504
5773 6148 398
5774 5749 435
5775 6245 446
5776 44 436
5777 2988 544
5778 1224 401
5779 1388 518
5780 5998 497
5781 3587 552
5782 5403 439
5783 1959 450
5784 6098 520
5785 1344 452
5786 5287 461
5787 3601 667
5788 1133 550
5789 3565 591
5790 3093 556
5791 5801 526
5792 2386 562
5793 4305 666
5794 6051 576
5795 2769 596
5796 2770 528
5797 2713 453
5798 3173 593
5799 3239 453
5800 245 542
5801 5126 510
5802 561 476
5803 2530 451
5804 3063 554
5805 6102 529
5806 5304 439
5807 2989 404
5808 4378 496
5809 326 405
5810 3580 383
5811 2468 861
5812 1430 347
5813 3322 515
5814 5106 441
5815 6119 490
5816 2058 627
5817 771 460
5818 1663 385
5819 3074 486
5820 5694 522
5821 848 422
5822 0 -1
5823 3913 490
5824 5553 510
5825 5084 349
5826 6559 509
5827 4224 502
5828 5040 576
5829 5731 576
5830 3226 366
5831 1360 350
5832 1465 596
5833 530 490
5834 5365 386
5835 3735 556
5836 71 393
5837 2500 463
5838 3459 462
5839 4529 494
5840 3698 484
5841 1276 546
5842 3265 497
5843 1709 500
5844 5073 574
5845 3972 642
5846 3441 530
5847 2153 412
5848 5150 471
5849 0 -1
5850 1938 539
5851 4839 440
5852 6391 528
5853 1787 465
5854 970 579
5855 4571 439
5856 2743 554
5857 5619 547
5858 3033 561
5859 3459 448
5860 3492 567
5861 3506 524
5862 2925 488
5863 2125 581
5864 2074 501
5865 6173 583
5866 2595 594
5867 6284 594
5868 2625 531
5869 583 441
5870 5652 449
5871 1000 404
5872 5165 616
5873 3579 501
5874 0 -1
5875 1464 378
5876 5835 572
5877 2101 508
5878 1739 416
5879 6333 552
5880 6544 580
5881 812 481
5882 854 395
5883 5395 511
5884 5545 394
5885 2593 487
5886 5262 475
5887 3957 543
5888 4604 308
5889 3315 522
5890 189 569
5891 1108 508
5892 1634 627
5893 1459 404
5894 0 -1
5895 397 451
5896 6202 636
5897 5521 474
5898 1803 529
5899 567 364
5900 6128 611
5901 2949 352
5902 3184 483
5903 4656 497
5904 2535 426
5905 2448 384
5906 4255 477
5907 3452 432
5908 3661 507
5909 5068 487
5910 4344 553
5911 1354 519
5912 28 512
5913 3210 368
5914 3932 579
5915 5081 506
5916 749 477
5917 2163 534
5918 0 -1
5919 5881 493
5920 4335 566
5921 6538 572
5922 326 385
5923 1744 492
5924 4773 472
5925 4887 467
5926 297 445
5927 4960 499
5928 4970 487
5929 1293 549
5930 302 550
5931 4665 691
5932 2864 379
5933 3325 604
5934 2225 450
5935 1755 459
5936 4285 565
5937 3778 608
5938 584 498
5939 5577 415
5940 4000 436
5941 1169 556
5942 4562 644
5943 0 -1
5944 6460 510
5945 5957 480
5946 2273 583
5947 2656 433
5948 1435 648
5949 1310 562
5950 1260 476
5951 3077 495
5952 1353 500
5953 4841 533
5954 3666 270
5955 2556 749
5956 3707 464
5957 1680 407
5958 0 -1
5959 4781 487
5960 2993 569
5961 0 -1
5962 3720 449
5963 0 -1
5964 3413 482
5965 4762 616
5966 2350 498
5967 3611 578
5968 3407 614
5969 6560 492
5970 5107 500
5971 4410 598
5972 2396 497
5973 2956 462
5974 2228 804
5975 5160 561
5976 4069 622
5977 2208 626
5978 5033 597
5979 3240 464
5980 1646 579
5981 3840 498
5982 6029 483
5983 0 -1
5984 1692 537
5985 0 -1
5986 0 -1
5987 0 -1
5988 0 -1
5989 100 451
5990 466 542
5991 2444 476
5992 1052 491
5993 599 509
5994 4109 369
5995 2756 523
5996 6107 520
5997 970 513
5998 4040 482
5999 4962 373
6000 175 496
6001 2159 412
6002 3596 459
6003 5080 385
6004 4814 507
6005 1408 443
6006 3946 509
6007 1276 506
6008 4807 535
6009 1694 510
6010 70 517
6011 2255 471
6012 4291 478
6013 1875 435
6014 2726 426
6015 4261 468
6016 1506 469
6017 4460 589
6018 2956 446
6019 1827 479
6020 1267 367
6021 1927 367
6022 443 474
6023 2815 502
6024 1372 286
6025 2813 579
6026 3708 492
6027 4119 502
6028 5441 566
6029 4767 399
6030 3712 575
6031 5575 545
6032 734 478
6033 5604 407
6034 588 511
6035 1228 446
6036 4857 546
6037 5882 495
6038 0 -1
6039 5893 478
6040 3322 470
6041 2414 506
6042 721 599
6043 5669 388
6044 588 508
6045 2602 502
6046 0 -1
6047 2481 464
6048 4257 492
6049 5895 520
6050 5179 417
6051 6019 481
6052 4581 461
6053 263 475
6054 3498 385
6055 1360 428
6056 301 480
6057 0 -1
6058 1495 574
6059 2261 495
6060 639 566
6061 5140 566
6062 4146 517
6063 283 407
6064 1392 241
6065 4393 498
6066 864 503
6067 6358 544
6068 1474 449
6069 1161 367
6070 4385 441
6071 5019 377
6072 6580 417
6073 1585 541
6074 5403 411
6075 6512 601
6076 6239 466
6077 0 -1
6078 6395 462
6079 2786 659
6080 6126 486
6081 2189 556
6082 3975 552
6083 1805 418
6084 1427 568
6085 0 -1
6086 5746 493
6087 4669 461
6088 1038 528
6089 787 363
6090 3279 521
6091 1572 548
6092 0 -1
6093 1787 475
6094 1536 493
6095 109 526
6096 86 389
6097 3165 390
6098 3022 415
6099 836 639
6100 2156 445
6101 5772 535
6102 2994 523
6103 3008 417
6104 4703 509
6105 2771 629
6106 1179 432
6107 2785 455
6108 6205 431
6109 66 563
6110 5836 412
6111 2642 581
6112 6058 587
6113 5256 509
6114 1148 416
6115 3448 556
6116 2792 602
6117 5470 474
6118 2516 335
6119 2620 391
6120 5665 487
6121 1336 518
6122 0 -1
6123 2035 518
6124 0 -1
6125 3322 468
6126 1073 481
6127 5552 634
6128 5028 514
6129 4252 450
6130 3459 411
6131 4103 647
6132 5959 586
6133 1439 385
6134 1400 605
6135 0 -1
6136 2859 450
6137 1321 458
6138 3839 550
6139 2812 500
6140 3772 455
6141 604 462
6142 5027 638
6143 4343 432
6144 2690 439
6145 4125 483
6146 1928 591
6147 3581 594
6148 3806 299
6149 4101 447
6150 839 482
6151 2302 462
6152 5115 515
6153 4721 542
6154 0 -1
6155 3510 468
6156 0 -1
6157 516 607
6158 3210 384
6159 6422 428
6160 4942 532
6161 4766 459
6162 3596 435
6163 2572 440
6164 70 436
6165 6528 354
6166 2804 518
6167 2364 550
6168 660 587
6169 3681 521
6170 5589 499
6171 1693 546
6172 4528 447
6173 2114 505
6174 4217 439
6175 2602 522
6176 6303 525
6177 2800 550
6178 5810 462
6179 1358 501
6180 4907 456
6181 1115 436
6182 0 -1
6183 4663 556
6184 1464 445
6185 616 509
6186 881 544
6187 3637 554
6188 768 493
6189 3234 439
6190 5499 476
6191 1349 610
6192 1559 483
6193 2400 538
6194 4265 510
6195 2429 619
6196 2106 442
6197 2827 535
6198 0 -1
6199 2915 264
6200 1531 520
6201 3515 526
6202 2361 538
6203 6422 360
6204 250 502
6205 3437 408
6206 470 361
6207 3437 369
6208 5465 595
6209 3692 543
6210 0 -1
6211 4889 496
6212 4351 497
6213 4480 456
6214 5907 521
6215 2448 414
6216 4731 636
6217 3898 562
6218 5904 480
6219 3450 510
6220 0 -1
6221 1170 511
6222 4017 450
6223 6045 567
6224 4691 575
6225 4191 458
6226 1983 388
6227 2146 589
6228 1385 384
6229 1904 600
6230 2775 521
6231 294 489
6232 3226 339
6233 421 497
6234 0 -1
6235 2715 534
6236 3799 450
6237 2930 523
6238 0 -1
6239 1415 422
6240 5596 545
6241 4492 547
6242 1924 490
6243 4651 579
6244 2608 563
6245 5398 420
6246 4743 550
6247 5221 360
6248 72 523
6249 5179 398
6250 1762 394
6251 537 459
6252 3134 509
6253 4994 478
6254 2795 490
6255 2719 558
6256 5799 460
6257 6597 508
6258 5318 457
6259 3677 568
6260 1975 544
6261 2016 591
6262 6296 468
6263 0 -1
6264 6193 538
6265 181 423
6266 2829 578
6267 3153 479
6268 431 532
6269 2739 500
6270 1996 443
6271 4224 515
6272 5786 480
6273 638 565
6274 3251 464
6275 0 -1
6276 1500 564
6277 6242 559
6278 2300 321
6279 1478 570
6280 6562 443
6281 4149 671
6282 2356 502
6283 5472 557
6284 839 543
6285 1961 550
6286 3506 592
6287 6485 539
6288 2902 412
6289 3044 500
6290 3774 478
6291 5817 502
6292 0 -1
6293 4931 508
6294 6454 468
6295 4578 500
6296 5529 404
6297 844 385
6298 3394 597
6299 2361 466
6300 5588 510
6301 6361 433
6302 3510 475
6303 2699 473
6304 927 618
6305 2935 573
6306 0 -1
6307 5074 369
6308 0 -1
6309 8 562
6310 2656 435
6311 6440 276
6312 2650 493
6313 5562 642
6314 3644 722
6315 2243 553
6316 1396 543
6317 999 418
6318 6545 420
6319 4591 503
6320 6106 501
6321 777 488
6322 2699 487
6323 6307 443
6324 5499 441
6325 2652 459
6326 5932 449
6327 4295 612
6328 2915 252
6329 6488 358
6330 2528 443
6331 1005 606
6332 5553 470
6333 1536 518
6334 4252 457
6335 1404 411
6336 5291 460
6337 1612 412
6338 0 -1
6339 3995 547
6340 620 567
6341 4307 343
6342 4741 496
6343 2805 486
6344 3299 560
6345 2167 536
6346 2418 406
6347 5547 379
6348 3752 488
6349 2129 533
6350 4752 483
6351 5810 481
6352 794 488
6353 69 579
6354 6163 490
6355 362 646
6356 1781 739
6357 0 -1
6358 1278 478
6359 2188 494
6360 2400 475
6361 2938 422
6362 5823 536
6363 4403 564
6364 2115 630
6365 1071 581
6366 5033 634
6367 4812 463
6368 4371 601
6369 4577 310
6370 0 -1
6371 4000 529
6372 5260 559
6373 5105 526
6374 4360 532
6375 3449 548
6376 4302 642
6377 3356 342
6378 1097 512
6379 3049 465
6380 4206 531
6381 0 -1
6382 122 515
6383 5063 531
6384 1186 436
6385 5111 666
6386 1830 556
6387 5109 566
6388 4798 536
6389 1175 496
6390 3974 551
6391 2106 506
6392 2103 515
6393 4553 379
6394 4577 339
6395 6557 429
6396 485 431
6397 6578 705
6398 5407 678
6399 2489 481
6400 0 -1
6401 969 695
6402 830 427
6403 5034 541
6404 1879 455
6405 4600 575
6406 1084 397
6407 3928 496
6408 1550 522
6409 4719 628
6410 5884 511
6411 4707 528
6412 483 440
6413 3437 456
6414 0 -1
6415 0 -1
6416 2440 520
6417 4950 481
6418 0 -1
6419 2741 381
6420 4582 623
6421 6589 517
6422 769 330
6423 0 -1
6424 4493 480
6425 0 -1
6426 4700 460
6427 5172 479
6428 0 -1
6429 6108 468
6430 1601 573
6431 4580 547
6432 1060 587
6433 1705 503
6434 949 477
6435 2306 389
6436 4728 573
6437 5167 494
6438 1405 602
6439 175 494
6440 3666 271
6441 113 462
6442 1206 409
6443 6511 520
6444 160 503
6445 3190 631
6446 3554 541
6447 3549 475
6448 1384 466
6449 548 466
6450 583 447
6451 1462 402
6452 1068 568
6453 0 -1
6454 3239 457
6455 4306 368
6456 5323 419
6457 4812 478
6458 2640 535
6459 4537 516
6460 5802 491
6461 447 464
6462 5107 526
6463 4519 534
6464 5282 473
6465 2834 596
6466 900 461
6467 4022 481
6468 6158 454
6469 5174 631
6470 2201 365
6471 6143 473
6472 0 -1
6473 712 499
6474 6475 515
6475 3971 473
6476 1102 506
6477 1126 471
6478 2620 445
6479 4134 520
6480 1974 506
6481 4255 554
6482 1408 420
6483 1760 468
6484 5927 504
6485 3774 466
6486 2266 597
6487 925 394
6488 2516 337
6489 589 504
6490 3625 504
6491 6551 558
6492 6251 501
6493 5672 510
6494 1658 554
6495 4768 435
6496 3265 507
6497 6584 571
6498 1667 555
6499 3207 569
6500 6468 483
6501 5768 609
6502 1796 618
6503 6265 474
6504 3449 520
6505 1952 392
6506 3542 477
6507 1586 464
6508 557 462
6509 1915 453
6510 371 414
6511 3556 431
6512 2859 504
6513 2809 462
6514 0 -1
6515 4887 468
6516 5085 436
6517 1352 648
6518 6293 536
6519 4445 559
6520 5369 580
6521 4938 688
6522 5663 626
6523 6476 515
6524 6118 361
6525 759 462
6526 2764 461
6527 1283 470
6528 2529 350
6529 5069 402
6530 2752 509
6531 4391 440
6532 359 529
6533 5413 545
6534 3921 590
6535 1968 464
6536 3343 567
6537 2101 505
6538 4597 514
6539 5524 461
6540 3673 558
6541 1358 486
6542 1108 501
6543 3494 546
6544 3708 574
6545 2864 369
6546 2944 478
6547 3034 293
6548 1144 472
6549 5179 417
6550 4190 422
6551 3254 514
6552 3681 570
6553 6231 532
6554 889 511
6555 5700 548
6556 3418 446
6557 1586 412
6558 5627 678
6559 3607 470
6560 3342 488
6561 6531 497
6562 3799 408
6563 4437 479
6564 2772 572
6565 6160 571
6566 757 332
6567 2805 454
6568 3943 440
6569 2467 555
6570 4289 553
6571 657 495
6572 3167 492
6573 6222 516
6574 2847 418
6575 2724 526
6576 3717 341
6577 2701 395
6578 6438 675
6579 4385 488
6580 3662 374
6581 2559 550
6582 0 -1
6583 0 -1
6584 6524 464
6585 1343 553
6586 3496 506
6587 2813 477
6588 877 473
6589 268 453
6590 5428 314
6591 1471 433
6592 1357 581
6593 0 -1
6594 4140 457
6595 2103 506
6596 5100 547
6597 336 490
6598 3508 407
6599 2355 590
6600 18 521
