2
1 0 -1
2 2 0
3 0 -1
4 6032 383
5 2 11
6 0 -1
7 2732 468
8 3126 447
9 5184 450
10 3773 467
11 6527 521
12 0 -1
13 2441 407
14 2711 419
15 1809 364
16 1402 592
17 6475 421
18 2640 421
19 5431 437
20 3615 341
21 60 397
22 3342 423
23 1293 313
24 2859 388
25 151 545
26 6553 335
27 5499 405
28 5025 429
29 2156 445
30 3486 459
31 0 -1
32 116 410
33 5737 348
34 1486 325
35 3484 449
36 2248 531
37 4818 256
38 5902 433
39 2153 398
40 3846 434
41 3369 430
42 4247 441
43 558 421
44 2815 444
45 1283 420
46 134 562
47 1617 664
48 790 385
49 4119 549
50 3169 555
51 3112 507
52 855 554
53 2095 507
54 2433 387
55 3324 381
56 1413 425
57 5489 331
58 0 -1
59 1504 370
60 6165 374
61 2535 428
62 2225 446
63 2359 388
64 4824 435
65 1562 422
66 2767 390
67 5642 340
68 0 -1
69 3382 532
70 942 490
71 1623 429
72 3943 403
73 4828 549
74 426 326
75 4233 452
76 6051 416
77 5142 449
78 410 289
79 3598 345
80 4272 419
81 2805 458
82 3863 476
83 101 417
84 2074 386
85 5001 254
86 2358 303
87 4286 489
88 3510 392
89 5345 463
90 20 351
91 227 640
92 0 -1
93 4281 334
94 1782 509
95 311 415
96 1623 439
97 3520 279
98 1126 553
99 6196 377
100 3416 386
101 2064 416
102 4115 520
103 142 377
104 2593 378
105 4525 363
106 2054 446
107 5962 410
108 5195 378
109 6020 472
110 6389 373
111 5925 507
112 1259 341
113 4882 433
114 2851 327
115 2537 477
116 1311 405
117 182 489
118 786 449
119 4672 545
120 3289 701
121 3867 480
122 4339 394
123 99 419
124 0 -1
125 6136 463
126 4100 447
127 3754 375
128 1016 372
129 5545 496
130 1436 441
131 5783 318
132 3617 381
133 3117 284
134 880 544
135 1253 454
136 1491 357
137 1166 461
138 0 -1
139 3453 454
140 2701 512
141 2385 474
142 4261 354
143 5507 462
144 60 395
145 2453 369
146 1120 569
147 3003 364
148 2669 427
149 5062 516
150 521 451
151 4836 454
152 528 602
153 4123 292
154 5218 533
155 5998 426
156 1277 452
157 0 -1
158 5284 418
159 4421 585
160 940 418
161 1968 358
162 1900 408
163 5715 394
164 1850 499
165 0 -1
166 2602 528
167 832 441
168 4970 500
169 1227 405
170 1054 402
171 0 -1
172 3032 446
173 3080 405
174 4438 480
175 4084 532
176 1059 468
177 3570 539
178 3798 324
179 3946 394
180 6137 341
181 4693 400
182 4223 372
183 2409 455
184 3889 495
185 3472 465
186 3578 413
187 6334 448
188 6361 439
189 2756 477
190 0 -1
191 1933 442
192 6093 484
193 2831 493
194 6082 392
195 0 -1
196 5671 365
197 1323 513
198 6041 439
199 3641 348
200 5744 477
201 3771 495
202 4185 414
203 2941 461
204 4257 349
205 284 598
206 1705 483
207 3414 491
208 4526 430
209 6266 484
210 3676 400
211 6278 424
212 0 -1
213 2091 371
214 6566 483
215 4510 381
216 1704 414
217 3677 412
218 3897 401
219 1249 315
220 5591 533
221 5163 367
222 4360 482
223 6100 408
224 0 -1
225 0 -1
226 1302 506
227 4125 535
228 2043 503
229 2174 365
230 4186 386
231 5330 315
232 4537 458
233 2397 557
234 3256 521
235 6099 632
236 3801 393
237 0 -1
238 3034 494
239 1849 383
240 5501 340
241 4544 445
242 0 -1
243 18 472
244 1307 356
245 5612 350
246 842 410
247 2259 407
248 776 478
249 870 405
250 1338 521
251 2053 520
252 5579 465
253 0 -1
254 615 503
255 6189 378
256 2485 474
257 4046 409
258 3244 438
259 0 -1
260 4942 243
261 467 495
262 3972 485
263 2244 345
264 1884 324
265 147 405
266 279 525
267 4972 428
268 4621 365
269 1809 419
270 3415 451
271 4452 380
272 1056 399
273 3181 452
274 3012 442
275 4583 462
276 1307 340
277 0 -1
278 5281 462
279 6233 432
280 5321 410
281 925 486
282 5485 460
283 1809 366
284 1289 502
285 5697 487
286 1508 436
287 0 -1
288 3822 324
289 683 442
290 93 350
291 2803 369
292 4920 385
293 5711 461
294 147 457
295 0 -1
296 1667 427
297 1784 341
298 5768 432
299 6048 316
300 3367 710
301 1959 372
302 4671 431
303 2532 404
304 461 517
305 4915 425
306 4294 396
307 3309 449
308 4873 372
309 889 502
310 0 -1
311 2846 387
312 1125 364
313 2778 519
314 5468 373
315 5059 366
316 5738 426
317 6137 348
318 2066 376
319 0 -1
320 6055 547
321 482 362
322 2606 449
323 5267 454
324 5061 404
325 5234 437
326 1757 387
327 2443 592
328 5225 430
329 2383 406
330 0 -1
331 5438 513
332 1088 517
333 3456 498
334 3691 400
335 5813 314
336 4224 487
337 5262 439
338 418 396
339 1149 456
340 3115 413
341 3126 554
342 5417 432
343 5570 409
344 3072 313
345 4475 350
346 4126 356
347 548 424
348 2550 367
349 2016 419
350 6236 370
351 530 416
352 2547 368
353 3467 483
354 2839 546
355 429 479
356 982 416
357 3686 445
358 0 -1
359 1185 430
360 2852 510
361 6050 428
362 308 453
363 6168 594
364 6015 392
365 3276 453
366 1935 477
367 1070 319
368 4173 421
369 6243 438
370 1172 455
371 1970 445
372 3476 431
373 5374 390
374 5533 413
375 3202 392
376 2766 488
377 3176 478
378 1469 408
379 3557 434
380 0 -1
381 1740 524
382 911 456
383 664 542
384 3840 343
385 5144 335
386 5077 370
387 2346 498
388 430 470
389 312 417
390 1439 454
391 6432 603
392 0 -1
393 2343 489
394 769 597
395 4133 430
396 5343 477
397 4340 508
398 5086 495
399 2653 502
400 0 -1
401 4441 409
402 5698 533
403 1114 477
404 5835 409
405 5798 548
406 3682 476
407 340 439
408 3189 420
409 6373 535
410 4123 186
411 6363 311
412 3204 383
413 301 423
414 3764 571
415 1885 472
416 4480 437
417 653 250
418 1603 371
419 4902 273
420 3347 550
421 630 287
422 4658 356
423 5287 399
424 3374 438
425 19 455
426 6231 287
427 1974 418
428 6257 472
429 6016 397
430 569 456
431 680 391
432 749 409
433 4259 429
434 349 447
435 1972 438
436 1247 511
437 5043 211
438 5501 399
439 2858 531
440 1722 471
441 3851 435
442 1530 439
443 5577 482
444 4924 486
445 23 342
446 39 409
447 4615 426
448 4937 478
449 2425 414
450 4940 628
451 0 -1
452 1960 444
453 766 522
454 739 318
455 5837 503
456 1732 488
457 4804 468
458 1940 326
459 4082 455
460 1224 297
461 2895 409
462 1647 529
463 5363 494
464 4671 479
465 2111 469
466 2133 370
467 2018 411
468 2907 493
469 3086 470
470 97 291
471 3224 468
472 807 488
473 6273 385
474 467 452
475 3807 431
476 6580 536
477 3292 405
478 41 460
479 3382 429
480 5678 463
481 6368 626
482 6137 354
483 583 467
484 4770 506
485 2168 364
486 2408 408
487 2376 397
488 2461 589
489 2716 388
490 3567 616
491 1427 401
492 1803 525
493 164 534
494 2584 549
495 654 313
496 4435 435
497 4695 439
498 6354 348
499 0 -1
500 1267 485
501 0 -1
502 5957 387
503 1460 480
504 6463 455
505 4219 477
506 4104 425
507 3765 272
508 4998 706
509 474 548
510 4044 437
511 2395 522
512 4153 354
513 1249 354
514 2110 405
515 1875 347
516 79 363
517 6129 416
518 5157 334
519 3175 495
520 2547 432
521 3819 449
522 4962 493
523 940 351
524 2496 397
525 0 -1
526 1583 421
527 2472 493
528 3323 585
529 1933 410
530 1741 416
531 4597 517
532 93 348
533 4491 499
534 0 -1
535 2796 431
536 3322 267
537 3766 510
538 2693 534
539 473 390
540 3603 444
541 5975 511
542 5904 495
543 1916 413
544 3149 417
545 6594 374
546 3765 240
547 6365 455
548 2870 412
549 0 -1
550 3316 399
551 5135 412
552 629 338
553 4448 488
554 2539 529
555 3412 248
556 667 317
557 5102 384
558 1997 416
559 4431 414
560 0 -1
561 3050 420
562 3201 308
563 2930 387
564 3655 417
565 6013 412
566 1158 442
567 5561 418
568 114 364
569 2962 421
570 4869 469
571 0 -1
572 1536 402
573 1797 671
574 6188 479
575 4536 393
576 3880 523
577 4800 386
578 944 418
579 3226 419
580 4911 382
581 2254 406
582 447 513
583 6369 465
584 5919 433
585 1258 484
586 2893 747
587 4700 363
588 1409 395
589 630 348
590 3200 352
591 5757 532
592 1153 427
593 513 358
594 4446 428
595 4989 428
596 4406 430
597 1589 436
598 6064 522
599 5651 415
600 0 -1
601 5458 502
602 1847 338
603 4334 439
604 3493 460
605 178 340
606 1786 509
607 2965 597
608 1194 361
609 5430 374
610 0 -1
611 4910 338
612 5838 302
613 5378 473
614 2506 363
615 1756 418
616 5825 499
617 3360 458
618 0 -1
619 2944 465
620 2027 472
621 2558 459
622 4353 351
623 0 -1
624 6535 511
625 1442 485
626 3189 443
627 6161 474
628 4554 432
629 85 275
630 3784 230
631 2286 425
632 850 521
633 2847 520
634 1650 506
635 1889 430
636 4698 383
637 2376 378
638 536 317
639 3537 465
640 5632 480
641 5516 439
642 3603 363
643 569 424
644 2138 358
645 0 -1
646 2217 479
647 5175 437
648 5063 273
649 0 -1
650 6309 427
651 682 472
652 321 461
653 1466 244
654 1691 283
655 0 -1
656 1927 422
657 5236 480
658 2484 411
659 3898 424
660 1584 516
661 5462 562
662 2409 454
663 6489 356
664 1179 503
665 6523 397
666 6014 486
667 3234 288
668 2210 556
669 5053 443
670 2449 414
671 4514 469
672 5751 443
673 6032 447
674 6230 537
675 3434 511
676 1708 526
677 3541 398
678 5227 395
679 6289 457
680 1974 334
681 401 428
682 2048 380
683 2174 377
684 5528 514
685 4963 451
686 1271 384
687 3366 455
688 4760 653
689 4051 445
690 2489 398
691 151 468
692 496 506
693 3261 472
694 3512 351
695 1831 431
696 6217 359
697 2944 460
698 4097 428
699 6216 536
700 839 415
701 914 419
702 4436 438
703 3019 504
704 4346 459
705 2506 349
706 3201 355
707 2640 418
708 4222 313
709 3106 359
710 724 562
711 4136 547
712 2576 513
713 288 364
714 4581 379
715 3432 387
716 5231 404
717 2865 440
718 1548 393
719 5269 305
720 0 -1
721 2642 510
722 5455 501
723 4226 441
724 361 473
725 2236 406
726 5499 398
727 937 406
728 3372 509
729 6016 445
730 1018 486
731 2427 376
732 140 515
733 4554 440
734 4235 332
735 5875 411
736 2101 485
737 5657 558
738 5187 386
739 5559 223
740 5280 353
741 1007 460
742 2323 364
743 6232 451
744 6500 415
745 6003 495
746 3690 414
747 2406 440
748 5546 523
749 1313 353
750 5534 431
751 1293 265
752 1553 408
753 1136 666
754 5167 525
755 999 359
756 3532 546
757 5332 443
758 3898 352
759 4204 493
760 2072 362
761 6069 409
762 1889 513
763 1385 406
764 1002 513
765 5115 400
766 3305 415
767 5768 383
768 6420 411
769 4853 485
770 3149 446
771 3939 212
772 5337 475
773 2694 450
774 3215 496
775 6464 606
776 1370 449
777 5736 414
778 2035 436
779 1715 413
780 4994 330
781 2739 333
782 4094 576
783 2756 516
784 565 421
785 5258 530
786 3540 441
787 5671 406
788 6270 475
789 0 -1
790 2790 370
791 1288 371
792 6217 425
793 6448 478
794 2642 453
795 6231 276
796 1597 384
797 6365 535
798 1160 586
799 4529 467
800 1999 535
801 3307 531
802 4806 465
803 0 -1
804 4692 462
805 345 351
806 1295 509
807 2267 420
808 3615 404
809 3965 537
810 0 -1
811 852 707
812 3268 349
813 3649 554
814 3154 468
815 0 -1
816 1584 546
817 6243 538
818 476 628
819 0 -1
820 0 -1
821 2883 440
822 4442 342
823 923 497
824 5502 476
825 4663 563
826 4222 255
827 513 387
828 5493 469
829 3083 588
830 4928 402
831 1103 551
832 812 368
833 2173 485
834 1090 394
835 6218 463
836 558 422
837 6314 915
838 4985 455
839 5302 367
840 2237 481
841 5784 451
842 5834 405
843 1235 407
844 2803 321
845 6265 444
846 954 533
847 937 468
848 2350 443
849 3736 418
850 2706 460
851 5081 419
852 2320 607
853 5347 254
854 3459 332
855 3257 459
856 1574 533
857 2840 460
858 999 328
859 19 511
860 4259 483
861 2668 435
862 0 -1
863 3163 398
864 568 394
865 5428 363
866 4473 398
867 668 572
868 4902 272
869 6133 466
870 3385 337
871 2391 474
872 0 -1
873 3051 416
874 2561 377
875 3208 543
876 4435 426
877 2785 314
878 6311 384
879 4876 448
880 1985 456
881 6296 499
882 3365 575
883 0 -1
884 6180 468
885 1526 440
886 5754 465
887 312 461
888 6224 495
889 5670 460
890 1712 457
891 2306 478
892 2859 440
893 6574 436
894 5347 359
895 2751 488
896 5738 447
897 423 457
898 5598 472
899 879 550
900 1383 457
901 2691 401
902 3530 484
903 88 484
904 5950 465
905 2625 400
906 1209 440
907 3747 498
908 3632 509
909 1317 423
910 5993 537
911 2042 410
912 1077 419
913 2316 390
914 419 331
915 3855 411
916 1368 430
917 3512 387
918 1822 496
919 4963 508
920 4512 490
921 6312 524
922 2466 384
923 2846 403
924 378 525
925 5545 446
926 3901 417
927 5321 439
928 1205 241
929 47 766
930 4787 433
931 76 446
932 5556 403
933 1733 466
934 4066 467
935 0 -1
936 6194 450
937 3937 387
938 6147 431
939 968 515
940 4391 350
941 5085 432
942 1343 480
943 247 455
944 2926 402
945 2106 416
946 6480 436
947 5121 362
948 0 -1
949 3508 129
950 2147 488
951 4173 403
952 1158 442
953 6271 369
954 4923 422
955 2947 530
956 1038 528
957 2205 388
958 6072 486
959 4963 491
960 4523 416
961 0 -1
962 2986 425
963 4457 462
964 0 -1
965 4871 486
966 6465 320
967 3901 489
968 594 515
969 3634 506
970 1249 372
971 5310 424
972 864 419
973 2563 472
974 5097 452
975 5290 510
976 507 287
977 2899 421
978 0 -1
979 2378 479
980 4879 473
981 0 -1
982 2611 298
983 2694 439
984 6438 458
985 770 514
986 5263 426
987 564 464
988 4101 451
989 4010 409
990 4149 435
991 1972 427
992 0 -1
993 0 -1
994 968 583
995 5338 494
996 2439 409
997 5373 488
998 1038 411
999 3204 320
1000 2891 454
1001 42 550
1002 3300 446
1003 3244 449
1004 1535 410
1005 2091 305
1006 583 507
1007 132 434
1008 41 480
1009 5383 480
1010 0 -1
1011 0 -1
1012 3123 582
1013 677 413
1014 3277 545
1015 4522 417
1016 419 333
1017 2122 378
1018 1183 454
1019 5126 467
1020 4548 507
1021 1622 367
1022 5151 473
1023 4058 445
1024 2900 383
1025 4383 443
1026 2106 429
1027 4581 387
1028 1893 522
1029 1413 444
1030 3969 362
1031 2464 623
1032 2112 556
1033 4821 497
1034 1246 567
1035 3458 375
1036 5011 479
1037 5123 399
1038 4328 408
1039 5139 496
1040 5039 409
1041 2081 635
1042 4756 489
1043 5169 458
1044 5531 534
1045 5619 504
1046 230 506
1047 0 -1
1048 6253 330
1049 5129 406
1050 2127 555
1051 2267 481
1052 72 414
1053 4200 425
1054 3917 370
1055 1974 368
1056 1509 391
1057 1329 447
1058 522 507
1059 561 428
1060 5174 482
1061 2074 405
1062 3917 372
1063 3316 397
1064 3327 436
1065 2950 426
1066 5462 571
1067 0 -1
1068 4920 305
1069 1538 450
1070 5675 305
1071 5182 423
1072 4510 377
1073 3273 406
1074 176 546
1075 2655 531
1076 132 440
1077 5131 405
1078 5933 517
1079 966 410
1080 147 374
1081 101 504
1082 5447 353
1083 6049 390
1084 1101 466
1085 0 -1
1086 2184 401
1087 0 -1
1088 4416 460
1089 0 -1
1090 3520 289
1091 0 -1
1092 3693 403
1093 4693 419
1094 373 452
1095 589 432
1096 3180 355
1097 6591 480
1098 4264 489
1099 3057 387
1100 3544 608
1101 6199 447
1102 4652 486
1103 709 449
1104 4158 470
1105 273 531
1106 23 313
1107 0 -1
1108 2575 474
1109 4515 527
1110 717 491
1111 3091 466
1112 4912 511
1113 1289 439
1114 3228 447
1115 3437 452
1116 0 -1
1117 2325 325
1118 4942 280
1119 3929 465
1120 5062 481
1121 6233 451
1122 912 426
1123 3154 424
1124 4430 367
1125 3811 304
1126 1896 511
1127 2500 531
1128 4397 339
1129 1709 564
1130 3425 375
1131 4913 420
1132 3096 459
1133 536 282
1134 5308 545
1135 914 372
1136 4336 569
1137 0 -1
1138 2941 476
1139 4420 411
1140 1583 538
1141 1472 452
1142 458 347
1143 3518 471
1144 1218 430
1145 48 467
1146 0 -1
1147 3650 465
1148 299 372
1149 4422 426
1150 2152 562
1151 5207 667
1152 4899 599
1153 3566 328
1154 2926 383
1155 417 351
1156 621 559
1157 0 -1
1158 2900 349
1159 1783 514
1160 5949 579
1161 5336 456
1162 5736 460
1163 4281 294
1164 2417 323
1165 85 311
1166 822 365
1167 4596 386
1168 5847 295
1169 4222 345
1170 5327 417
1171 5525 479
1172 5451 387
1173 4967 533
1174 5699 383
1175 6269 302
1176 473 432
1177 2799 455
1178 4767 486
1179 1344 485
1180 4362 449
1181 1144 461
1182 2095 409
1183 236 423
1184 2990 572
1185 4339 383
1186 4753 459
1187 704 469
1188 275 530
1189 6496 479
1190 3158 528
1191 3128 350
1192 1582 474
1193 2202 413
1194 3412 346
1195 2254 392
1196 1784 365
1197 4831 400
1198 349 464
1199 5001 307
1200 1315 527
1201 5082 506
1202 1288 310
1203 4667 565
1204 4294 366
1205 3508 208
1206 865 430
1207 5159 366
1208 4426 409
1209 4560 396
1210 6114 417
1211 2120 477
1212 6329 252
1213 5214 336
1214 2683 307
1215 19 505
1216 3926 488
1217 3527 626
1218 609 425
1219 5801 436
1220 78 324
1221 5740 420
1222 167 450
1223 6366 505
1224 3022 245
1225 2833 373
1226 1897 401
1227 2323 343
1228 6076 435
1229 3247 497
1230 6078 478
1231 0 -1
1232 3521 474
1233 0 -1
1234 5934 494
1235 854 396
1236 2791 344
1237 3475 397
1238 1347 450
1239 1856 517
1240 2530 346
1241 780 379
1242 3295 386
1243 3897 441
1244 2349 406
1245 0 -1
1246 4316 540
1247 3192 449
1248 5709 527
1249 6363 310
1250 1483 441
1251 2296 462
1252 2556 535
1253 4591 449
1254 3003 358
1255 4910 386
1256 6371 728
1257 5668 468
1258 4476 412
1259 3235 261
1260 2890 367
1261 2403 507
1262 6509 495
1263 5053 462
1264 5225 521
1265 2183 485
1266 2580 518
1267 2111 401
1268 1195 492
1269 937 422
1270 3302 451
1271 5330 360
1272 5956 315
1273 1254 362
1274 2880 434
1275 782 643
1276 2803 368
1277 1527 394
1278 4489 387
1279 6121 482
1280 2769 504
1281 1724 416
1282 1655 650
1283 485 414
1284 1447 408
1285 3764 574
1286 1509 407
1287 2731 553
1288 1827 286
1289 1278 398
1290 1174 419
1291 4368 515
1292 1334 448
1293 6231 249
1294 5877 424
1295 3822 429
1296 2688 328
1297 0 -1
1298 6531 375
1299 1897 347
1300 5853 417
1301 4719 406
1302 2193 414
1303 3316 440
1304 3085 392
1305 0 -1
1306 2138 443
1307 928 340
1308 4762 460
1309 5605 642
1310 4291 434
1311 4723 368
1312 947 378
1313 654 331
1314 4246 433
1315 581 501
1316 0 -1
1317 3503 405
1318 5632 556
1319 2791 430
1320 1622 388
1321 5884 483
1322 5366 443
1323 186 450
1324 0 -1
1325 2767 411
1326 1405 414
1327 6305 496
1328 5735 569
1329 4859 390
1330 719 418
1331 2312 499
1332 0 -1
1333 6378 438
1334 90 359
1335 1395 297
1336 4554 399
1337 6110 414
1338 3782 506
1339 1228 540
1340 741 501
1341 912 424
1342 2739 333
1343 4825 447
1344 5031 422
1345 5627 460
1346 6508 420
1347 6547 421
1348 5681 405
1349 3534 578
1350 3995 429
1351 1369 418
1352 5277 363
1353 1968 382
1354 3092 388
1355 5755 456
1356 2016 406
1357 3119 381
1358 3721 428
1359 0 -1
1360 2238 425
1361 4482 490
1362 3640 552
1363 1131 430
1364 682 419
1365 2981 556
1366 3445 429
1367 3088 389
1368 2884 403
1369 5956 416
1370 1083 400
1371 1537 469
1372 2921 417
1373 812 355
1374 4631 539
1375 4939 363
1376 0 -1
1377 4220 499
1378 0 -1
1379 6402 498
1380 0 -1
1381 416 494
1382 4563 463
1383 2813 444
1384 2691 410
1385 470 306
1386 1731 436
1387 3541 372
1388 886 477
1389 2177 409
1390 4444 595
1391 4283 514
1392 5956 393
1393 3561 458
1394 6552 533
1395 1817 237
1396 6055 566
1397 6174 478
1398 1885 532
1399 3939 259
1400 1920 567
1401 1293 259
1402 1066 572
1403 2342 435
1404 3862 439
1405 5214 404
1406 4606 636
1407 1166 397
1408 5161 387
1409 1974 343
1410 6297 350
1411 0 -1
1412 5403 416
1413 4615 371
1414 0 -1
1415 1762 331
1416 6361 442
1417 443 530
1418 252 481
1419 3862 521
1420 3118 428
1421 947 472
1422 0 -1
1423 5352 282
1424 4035 454
1425 3106 442
1426 849 459
1427 1933 387
1428 6445 455
1429 4343 318
1430 4780 363
1431 2152 489
1432 4859 380
1433 715 465
1434 4363 461
1435 5348 444
1436 3629 358
1437 3386 481
1438 0 -1
1439 4249 435
1440 2770 473
1441 884 492
1442 236 468
1443 142 372
1444 2339 431
1445 2156 437
1446 3488 359
1447 1313 362
1448 3953 350
1449 2681 483
1450 1987 450
1451 3169 506
1452 5140 463
1453 4862 457
1454 4778 441
1455 0 -1
1456 2338 460
1457 3115 414
1458 2794 357
1459 4700 331
1460 2005 367
1461 834 429
1462 709 409
1463 3200 443
1464 1739 404
1465 6273 473
1466 1691 226
1467 3027 649
1468 726 403
1469 219 374
1470 5106 448
1471 3888 403
1472 3044 432
1473 562 311
1474 1850 419
1475 543 447
1476 4832 472
1477 1857 518
1478 6454 452
1479 3845 531
1480 5848 488
1481 648 337
1482 1559 513
1483 5060 411
1484 1937 500
1485 0 -1
1486 2683 316
1487 6537 471
1488 1364 486
1489 4896 479
1490 1877 545
1491 4391 301
1492 0 -1
1493 0 -1
1494 0 -1
1495 3005 375
1496 1369 450
1497 4924 479
1498 280 438
1499 4522 440
1500 1525 476
1501 2159 480
1502 1428 510
1503 3226 357
1504 85 305
1505 2325 311
1506 2170 436
1507 3784 337
1508 6342 316
1509 6512 364
1510 4669 434
1511 6255 441
1512 5494 424
1513 6459 428
1514 1407 494
1515 5366 471
1516 6213 469
1517 4852 535
1518 4918 419
1519 2146 467
1520 0 -1
1521 4974 596
1522 5764 466
1523 0 -1
1524 2518 513
1525 3602 374
1526 5447 353
1527 1260 371
1528 4329 583
1529 2168 418
1530 3691 383
1531 5057 428
1532 4088 555
1533 6010 605
1534 1276 408
1535 3432 366
1536 2864 372
1537 335 424
1538 2690 351
1539 1071 465
1540 6393 372
1541 4914 453
1542 524 470
1543 2433 365
1544 3598 343
1545 3849 500
1546 0 -1
1547 1135 435
1548 74 348
1549 4855 534
1550 1224 259
1551 5131 490
1552 2059 375
1553 858 384
1554 3234 333
1555 0 -1
1556 4248 487
1557 3800 562
1558 5570 481
1559 5945 485
1560 2645 499
1561 5447 346
1562 5521 393
1563 2406 443
1564 3266 498
1565 0 -1
1566 6492 556
1567 1889 506
1568 0 -1
1569 2677 433
1570 3152 448
1571 4549 416
1572 4737 407
1573 356 442
1574 865 431
1575 4633 479
1576 4182 447
1577 4412 621
1578 3022 197
1579 0 -1
1580 4152 529
1581 2635 653
1582 5698 446
1583 5615 418
1584 4429 470
1585 1208 419
1586 1860 418
1587 2625 432
1588 26 388
1589 3458 372
1590 1237 430
1591 2315 421
1592 1917 382
1593 589 429
1594 6434 239
1595 3548 441
1596 90 456
1597 2380 284
1598 2656 469
1599 6467 467
1600 3677 492
1601 2924 368
1602 1833 483
1603 2344 352
1604 3662 476
1605 6144 337
1606 1204 473
1607 4980 482
1608 4482 441
1609 5989 442
1610 4331 433
1611 0 -1
1612 77 451
1613 4633 400
1614 3643 499
1615 2793 442
1616 1223 588
1617 130 544
1618 3565 474
1619 2480 495
1620 5331 483
1621 980 529
1622 1459 342
1623 3798 400
1624 2425 409
1625 1746 498
1626 2570 487
1627 5881 442
1628 2261 462
1629 3063 367
1630 3190 472
1631 6537 532
1632 1423 387
1633 5870 455
1634 4279 453
1635 4594 413
1636 1726 397
1637 4150 461
1638 2730 458
1639 2115 494
1640 1259 267
1641 4795 395
1642 2729 471
1643 5225 460
1644 5100 494
1645 4994 340
1646 4159 472
1647 6076 457
1648 264 328
1649 0 -1
1650 458 415
1651 4974 491
1652 5225 454
1653 5526 378
1654 846 604
1655 1059 547
1656 5502 392
1657 5297 492
1658 4273 341
1659 1983 471
1660 2784 529
1661 793 485
1662 2090 446
1663 3163 373
1664 3484 410
1665 66 467
1666 6561 344
1667 5738 379
1668 1996 478
1669 2774 410
1670 3351 368
1671 0 -1
1672 1941 490
1673 3491 423
1674 5969 382
1675 1582 488
1676 3403 392
1677 3838 403
1678 2543 399
1679 5077 401
1680 3317 340
1681 4251 415
1682 2374 483
1683 352 368
1684 3038 519
1685 2851 326
1686 5490 438
1687 3966 361
1688 474 539
1689 0 -1
1690 6291 358
1691 6598 176
1692 4505 415
1693 1153 361
1694 5088 475
1695 1130 426
1696 1238 544
1697 3815 403
1698 244 427
1699 5933 526
1700 4489 466
1701 1941 472
1702 795 388
1703 1236 438
1704 2291 374
1705 2434 454
1706 857 520
1707 6014 459
1708 3493 415
1709 3511 502
1710 5274 425
1711 6172 494
1712 6212 398
1713 2309 508
1714 1756 463
1715 5783 306
1716 0 -1
1717 0 -1
1718 4630 398
1719 6066 489
1720 6367 415
1721 3475 364
1722 4346 461
1723 2824 499
1724 6100 375
1725 699 536
1726 2360 397
1727 3596 423
1728 4481 472
1729 1481 449
1730 2751 430
1731 5163 390
1732 6072 465
1733 4479 361
1734 1925 553
1735 0 -1
1736 66 469
1737 6110 414
1738 4172 426
1739 1860 400
1740 2377 443
1741 1745 385
1742 4687 418
1743 5001 345
1744 2562 335
1745 2924 348
1746 4263 440
1747 0 -1
1748 3598 258
1749 5301 455
1750 2694 450
1751 175 543
1752 3918 508
1753 0 -1
1754 482 365
1755 2417 305
1756 6236 391
1757 5135 373
1758 2056 661
1759 2106 440
1760 3838 388
1761 2446 493
1762 470 306
1763 2865 406
1764 246 433
1765 0 -1
1766 1272 430
1767 905 440
1768 5077 375
1769 4450 431
1770 6063 451
1771 0 -1
1772 0 -1
1773 2439 387
1774 2921 439
1775 137 552
1776 1408 415
1777 6495 474
1778 6165 358
1779 6518 431
1780 3731 467
1781 2142 537
1782 1724 468
1783 4128 466
1784 4873 315
1785 1068 363
1786 1405 470
1787 3459 328
1788 1518 422
1789 4754 348
1790 1194 395
1791 1662 479
1792 1068 406
1793 1350 509
1794 5189 384
1795 1745 363
1796 2141 521
1797 4036 635
1798 0 -1
1799 0 -1
1800 0 -1
1801 0 -1
1802 2615 502
1803 1124 407
1804 204 387
1805 2441 403
1806 6297 400
1807 3611 383
1808 698 493
1809 4790 347
1810 3681 432
1811 108 434
1812 5494 420
1813 4394 411
1814 4150 399
1815 3363 517
1816 3049 469
1817 1691 191
1818 2063 550
1819 3158 495
1820 0 -1
1821 5695 472
1822 5065 437
1823 401 479
1824 4351 449
1825 5447 387
1826 4499 507
1827 6512 284
1828 713 418
1829 5701 459
1830 3325 382
1831 5162 402
1832 0 -1
1833 4633 397
1834 3265 419
1835 4966 577
1836 354 570
1837 136 358
1838 312 450
1839 3293 656
1840 5166 381
1841 5367 641
1842 5208 439
1843 3898 370
1844 0 -1
1845 3128 389
1846 5115 395
1847 2412 285
1848 5934 470
1849 2608 369
1850 5324 383
1851 3600 352
1852 1715 369
1853 614 373
1854 3764 483
1855 460 381
1856 1647 505
1857 1333 501
1858 5999 434
1859 3374 435
1860 2590 392
1861 4921 456
1862 5946 507
1863 828 521
1864 5159 387
1865 2889 484
1866 4425 574
1867 2259 392
1868 4857 415
1869 3692 399
1870 5397 418
1871 1715 316
1872 5109 454
1873 3701 437
1874 3064 423
1875 3232 337
1876 0 -1
1877 5045 454
1878 1405 454
1879 3489 410
1880 1197 440
1881 0 -1
1882 6427 343
1883 4741 321
1884 6329 239
1885 4315 459
1886 0 -1
1887 316 448
1888 4003 435
1889 3343 422
1890 3594 513
1891 2045 469
1892 3817 488
1893 3768 504
1894 4499 611
1895 2963 438
1896 5128 470
1897 6531 312
1898 2820 337
1899 0 -1
1900 1847 296
1901 1106 355
1902 1153 367
1903 3659 482
1904 3969 346
1905 3699 516
1906 0 -1
1907 4780 349
1908 2328 415
1909 5906 444
1910 1035 437
1911 922 494
1912 4837 278
1913 0 -1
1914 3007 514
1915 2004 506
1916 5905 334
1917 2325 310
1918 293 490
1919 1852 435
1920 636 457
1921 2893 668
1922 1708 438
1923 2563 473
1924 2255 321
1925 3755 450
1926 359 507
1927 2111 408
1928 4126 379
1929 1845 391
1930 5489 361
1931 211 507
1932 1439 472
1933 1715 366
1934 4744 329
1935 3369 420
1936 1591 445
1937 4857 495
1938 3364 427
1939 1016 371
1940 4173 314
1941 2236 404
1942 323 489
1943 2436 188
1944 2783 497
1945 3356 526
1946 5385 606
1947 2568 598
1948 2194 506
1949 6467 483
1950 2746 460
1951 2759 485
1952 4910 345
1953 2295 456
1954 4782 549
1955 5542 674
1956 603 519
1957 5813 386
1958 0 -1
1959 3762 370
1960 3526 442
1961 3384 405
1962 5289 488
1963 5447 395
1964 6399 444
1965 0 -1
1966 6482 481
1967 0 -1
1968 555 353
1969 2231 493
1970 4140 436
1971 5793 717
1972 5740 392
1973 0 -1
1974 460 298
1975 3214 505
1976 1897 376
1977 2666 440
1978 567 435
1979 6043 372
1980 2155 493
1981 3545 526
1982 0 -1
1983 1372 470
1984 0 -1
1985 1481 352
1986 5833 420
1987 1155 381
1988 3188 568
1989 2890 468
1990 495 362
1991 4615 414
1992 2267 448
1993 0 -1
1994 4678 408
1995 4750 299
1996 5071 358
1997 2507 407
1998 4441 402
1999 1000 459
2000 4186 489
2001 0 -1
2002 5204 394
2003 485 435
2004 465 470
2005 6396 304
2006 0 -1
2007 5606 423
2008 178 377
2009 5611 503
2010 1460 457
2011 0 -1
2012 5890 463
2013 3250 456
2014 5651 405
2015 5072 455
2016 4859 348
2017 1111 489
2018 1288 356
2019 3817 410
2020 5541 556
2021 5417 506
2022 5965 496
2023 871 527
2024 5079 524
2025 3075 415
2026 2790 417
2027 3616 355
2028 0 -1
2029 1293 268
2030 0 -1
2031 3088 400
2032 3305 401
2033 5377 504
2034 4471 474
2035 2790 342
2036 0 -1
2037 1304 479
2038 0 -1
2039 3317 341
2040 5530 364
2041 5044 353
2042 1898 351
2043 456 490
2044 2453 438
2045 34 396
2046 2666 491
2047 545 428
2048 5157 323
2049 0 -1
2050 2417 311
2051 3797 577
2052 2787 353
2053 686 461
2054 1436 420
2055 6129 428
2056 4874 566
2057 460 363
2058 4416 454
2059 85 354
2060 4798 376
2061 2099 442
2062 4246 464
2063 1739 498
2064 1236 416
2065 3522 476
2066 751 286
2067 4649 493
2068 1401 292
2069 4008 392
2070 2639 511
2071 2745 501
2072 417 345
2073 2048 415
2074 758 382
2075 5126 530
2076 0 -1
2077 2921 424
2078 3400 410
2079 5463 302
2080 5410 448
2081 5760 553
2082 4221 477
2083 4285 505
2084 3149 358
2085 4191 438
2086 3578 377
2087 634 560
2088 5817 291
2089 1323 522
2090 80 445
2091 3235 285
2092 3513 619
2093 3814 411
2094 523 367
2095 1202 394
2096 0 -1
2097 421 347
2098 3587 343
2099 54 441
2100 6247 581
2101 2846 420
2102 5731 445
2103 5665 312
2104 396 488
2105 2788 417
2106 1473 325
2107 547 506
2108 3994 590
2109 4812 562
2110 2027 403
2111 4793 398
2112 1651 499
2113 3132 664
2114 1552 384
2115 1294 466
2116 3155 478
2117 4738 499
2118 2070 517
2119 5140 561
2120 2300 433
2121 5401 650
2122 4697 325
2123 6239 463
2124 2685 412
2125 3514 349
2126 5817 321
2127 5516 519
2128 0 -1
2129 5393 359
2130 6133 452
2131 2079 405
2132 6013 443
2133 1299 353
2134 4615 384
2135 2940 442
2136 3674 477
2137 4698 443
2138 4273 323
2139 3325 472
2140 4112 513
2141 821 459
2142 764 519
2143 714 408
2144 1912 287
2145 3044 394
2146 2625 446
2147 4256 452
2148 1469 463
2149 4093 518
2150 5729 305
2151 348 456
2152 1809 456
2153 2688 290
2154 2274 379
2155 6013 395
2156 1293 332
2157 6382 426
2158 4522 468
2159 1505 415
2160 2098 372
2161 4166 567
2162 3968 393
2163 1135 410
2164 2784 446
2165 2009 556
2166 2440 382
2167 5065 372
2168 6465 326
2169 0 -1
2170 186 426
2171 5871 468
2172 4226 431
2173 1356 436
2174 3436 346
2175 3713 434
2176 4525 332
2177 4733 390
2178 640 491
2179 1444 465
2180 1123 526
2181 6058 448
2182 1166 404
2183 316 445
2184 4994 335
2185 2593 332
2186 1910 509
2187 3098 557
2188 5540 458
2189 3311 389
2190 6297 397
2191 5199 433
2192 602 403
2193 4 387
2194 1959 478
2195 3641 363
2196 6091 538
2197 0 -1
2198 6100 415
2199 6561 448
2200 170 491
2201 4793 466
2202 3088 349
2203 3049 496
2204 4048 547
2205 3311 354
2206 2024 566
2207 1105 536
2208 1278 496
2209 0 -1
2210 2887 486
2211 1867 453
2212 5650 417
2213 3336 696
2214 3912 526
2215 587 375
2216 2290 509
2217 4583 409
2218 0 -1
2219 2863 484
2220 5329 536
2221 4147 460
2222 5886 309
2223 2517 404
2224 1162 515
2225 108 403
2226 5687 427
2227 4581 432
2228 5104 509
2229 5520 609
2230 0 -1
2231 2602 445
2232 0 -1
2233 848 467
2234 3037 486
2235 5861 590
2236 2906 385
2237 784 469
2238 4426 389
2239 2729 407
2240 587 380
2241 2176 445
2242 4085 574
2243 1996 396
2244 2325 254
2245 2157 466
2246 2314 488
2247 6110 465
2248 913 483
2249 1405 458
2250 4291 413
2251 0 -1
2252 3502 474
2253 4311 513
2254 3566 319
2255 1884 251
2256 0 -1
2257 3186 510
2258 3641 442
2259 5494 390
2260 6201 529
2261 5755 428
2262 6231 332
2263 0 -1
2264 5358 547
2265 0 -1
2266 2538 495
2267 6435 375
2268 5288 493
2269 5946 514
2270 2465 507
2271 1976 463
2272 3157 344
2273 900 530
2274 1299 370
2275 779 435
2276 5675 352
2277 933 563
2278 0 -1
2279 275 467
2280 4911 441
2281 1544 437
2282 5745 497
2283 0 -1
2284 0 -1
2285 1468 478
2286 1289 413
2287 5465 575
2288 5962 416
2289 0 -1
2290 3450 430
2291 826 273
2292 0 -1
2293 938 479
2294 2400 365
2295 4752 449
2296 3840 390
2297 5516 439
2298 2144 400
2299 5189 391
2300 1622 356
2301 4581 330
2302 4063 441
2303 0 -1
2304 3629 329
2305 2174 384
2306 605 386
2307 4964 414
2308 491 483
2309 706 472
2310 1427 387
2311 1831 403
2312 3756 450
2313 5830 476
2314 4031 479
2315 550 416
2316 6165 382
2317 2500 414
2318 3321 412
2319 6392 403
2320 2760 562
2321 446 469
2322 425 509
2323 2417 279
2324 561 437
2325 949 244
2326 3256 480
2327 6371 670
2328 5159 371
2329 566 513
2330 5330 354
2331 4651 521
2332 4281 275
2333 4028 433
2334 5736 421
2335 1040 436
2336 169 428
2337 1997 418
2338 20 458
2339 2458 374
2340 5906 471
2341 2507 433
2342 2345 400
2343 1144 433
2344 421 352
2345 4800 306
2346 5339 474
2347 3993 412
2348 681 521
2349 3957 406
2350 5675 345
2351 4112 443
2352 1536 470
2353 5182 394
2354 1271 387
2355 1235 470
2356 6051 351
2357 495 374
2358 648 281
2359 3603 350
2360 4474 329
2361 5737 397
2362 5982 443
2363 4282 453
2364 6113 492
2365 2823 491
2366 33 389
2367 254 512
2368 6536 467
2369 4186 455
2370 1382 497
2371 5516 515
2372 5045 420
2373 6008 528
2374 3557 478
2375 3194 478
2376 5886 301
2377 2724 373
2378 6219 462
2379 2668 476
2380 4021 196
2381 0 -1
2382 2202 466
2383 6595 395
2384 0 -1
2385 3425 386
2386 3005 347
2387 5482 513
2388 6150 456
2389 5074 444
2390 5346 498
2391 5910 360
2392 1714 485
2393 0 -1
2394 2836 374
2395 3482 426
2396 719 401
2397 1960 535
2398 0 -1
2399 2936 706
2400 1550 350
2401 5700 518
2402 0 -1
2403 6196 416
2404 0 -1
2405 3974 425
2406 5162 422
2407 6243 489
2408 2940 387
2409 4700 428
2410 5082 426
2411 0 -1
2412 1395 241
2413 2819 514
2414 2564 339
2415 0 -1
2416 0 -1
2417 3581 262
2418 805 405
2419 3832 396
2420 6054 444
2421 3072 362
2422 4806 569
2423 1183 447
2424 1036 543
2425 512 370
2426 5010 495
2427 6034 358
2428 5352 355
2429 1707 502
2430 845 502
2431 1904 436
2432 527 515
2433 6241 331
2434 5138 445
2435 1125 314
2436 1691 188
2437 1557 657
2438 135 458
2439 3951 348
2440 4290 370
2441 5669 318
2442 2634 556
2443 3985 515
2444 706 439
2445 3925 498
2446 3380 407
2447 517 531
2448 470 298
2449 1985 382
2450 6285 487
2451 3515 466
2452 0 -1
2453 2174 355
2454 1859 516
2455 5182 430
2456 1636 408
2457 385 446
2458 3395 370
2459 5617 563
2460 4442 296
2461 2578 539
2462 1588 467
2463 0 -1
2464 6279 555
2465 1186 507
2466 653 288
2467 3855 408
2468 3195 668
2469 6523 480
2470 3348 425
2471 0 -1
2472 6318 413
2473 1501 493
2474 6536 475
2475 680 441
2476 5978 477
2477 2656 359
2478 2688 297
2479 5421 423
2480 3087 467
2481 2706 425
2482 4317 556
2483 6052 439
2484 780 330
2485 3233 417
2486 1028 610
2487 596 458
2488 4949 483
2489 2985 373
2490 5267 467
2491 5178 557
2492 5141 549
2493 0 -1
2494 2465 627
2495 2517 402
2496 3784 333
2497 2352 529
2498 3388 297
2499 0 -1
2500 761 414
2501 1412 449
2502 909 540
2503 10 501
2504 4939 343
2505 4916 409
2506 5775 337
2507 3099 404
2508 3713 475
2509 5623 515
2510 0 -1
2511 3022 261
2512 98 641
2513 1780 534
2514 34 341
2515 971 486
2516 4757 475
2517 5778 356
2518 2362 467
2519 0 -1
2520 2914 551
2521 6552 574
2522 4241 361
2523 2345 414
2524 147 388
2525 2900 322
2526 3731 430
2527 0 -1
2528 3478 335
2529 1099 450
2530 3600 282
2531 3040 394
2532 1395 303
2533 679 477
2534 983 444
2535 5168 365
2536 5310 431
2537 5459 414
2538 3085 386
2539 5806 447
2540 6023 384
2541 2271 535
2542 3032 487
2543 5957 398
2544 0 -1
2545 2315 416
2546 539 503
2547 2029 317
2548 6330 431
2549 2774 360
2550 5932 328
2551 0 -1
2552 3977 466
2553 5300 468
2554 3520 359
2555 6221 440
2556 3024 446
2557 6536 429
2558 6360 402
2559 5072 400
2560 5123 451
2561 6048 370
2562 1466 335
2563 2457 466
2564 2951 313
2565 2151 457
2566 2279 471
2567 110 399
2568 1442 495
2569 1205 313
2570 1693 433
2571 754 552
2572 9 456
2573 4390 616
2574 2860 632
2575 3072 403
2576 1648 403
2577 5143 511
2578 433 506
2579 3151 559
2580 4909 431
2581 1893 525
2582 3708 511
2583 6412 654
2584 4498 461
2585 2187 643
2586 5501 417
2587 2921 454
2588 2477 419
2589 1594 288
2590 3388 343
2591 889 511
2592 3604 513
2593 3902 312
2594 3360 494
2595 1902 410
2596 5002 640
2597 5123 348
2598 0 -1
2599 0 -1
2600 6227 567
2601 2762 453
2602 3019 440
2603 5453 510
2604 0 -1
2605 3116 422
2606 3583 432
2607 6551 465
2608 5163 362
2609 44 471
2610 6576 489
2611 507 295
2612 6241 383
2613 2880 434
2614 4925 461
2615 3663 438
2616 4664 372
2617 2088 331
2618 5163 409
2619 0 -1
2620 3366 394
2621 6070 471
2622 6491 491
2623 0 -1
2624 0 -1
2625 264 353
2626 4593 479
2627 3250 447
2628 4014 362
2629 3951 402
2630 3247 515
2631 2227 494
2632 1740 517
2633 3279 412
2634 3988 443
2635 6511 537
2636 902 501
2637 5410 392
2638 999 381
2639 3514 424
2640 306 410
2641 901 504
2642 2744 451
2643 2353 460
2644 1327 532
2645 5829 430
2646 5348 432
2647 1635 500
2648 2081 664
2649 5020 409
2650 6577 371
2651 0 -1
2652 2989 499
2653 5131 442
2654 2150 349
2655 4488 461
2656 3762 351
2657 4261 423
2658 0 -1
2659 4484 565
2660 0 -1
2661 611 376
2662 4823 375
2663 1875 398
2664 4704 455
2665 5530 397
2666 2097 390
2667 3338 366
2668 5028 382
2669 2400 380
2670 5526 373
2671 962 443
2672 343 468
2673 5840 476
2674 4378 425
2675 896 464
2676 3489 433
2677 1986 431
2678 673 481
2679 3966 368
2680 140 616
2681 4523 391
2682 3417 612
2683 2511 288
2684 1212 319
2685 2325 323
2686 3839 424
2687 1022 558
2688 2255 255
2689 5947 373
2690 3022 276
2691 5501 389
2692 1615 462
2693 2711 415
2694 6130 436
2695 216 493
2696 1170 470
2697 1922 479
2698 5604 476
2699 281 502
2700 4935 454
2701 379 449
2702 3800 478
2703 0 -1
2704 5829 418
2705 5460 461
2706 5168 405
2707 0 -1
2708 1970 466
2709 5552 430
2710 0 -1
2711 3450 393
2712 1476 498
2713 2962 307
2714 423 418
2715 4804 381
2716 5639 385
2717 3976 421
2718 4359 558
2719 3114 462
2720 5859 456
2721 0 -1
2722 5142 490
2723 1849 456
2724 153 354
2725 858 427
2726 3638 441
2727 370 459
2728 2173 436
2729 2414 392
2730 2174 433
2731 3677 474
2732 3639 425
2733 5272 389
2734 1499 494
2735 3331 417
2736 3932 448
2737 4874 554
2738 3537 476
2739 546 264
2740 3499 560
2741 4837 274
2742 3361 764
2743 3817 441
2744 108 381
2745 5628 427
2746 4630 348
2747 4446 465
2748 1124 438
2749 4543 473
2750 152 714
2751 4303 391
2752 3707 441
2753 2505 469
2754 6332 160
2755 1567 513
2756 3487 435
2757 5771 431
2758 2181 448
2759 5696 414
2760 5127 510
2761 4807 436
2762 3510 452
2763 4968 372
2764 3603 350
2765 2967 496
2766 2305 399
2767 3600 337
2768 3272 428
2769 3443 490
2770 5408 434
2771 6086 532
2772 2085 484
2773 6540 601
2774 3072 328
2775 1436 440
2776 5559 193
2777 3837 453
2778 3310 403
2779 887 490
2780 2562 409
2781 1395 354
2782 47 764
2783 3078 426
2784 4495 431
2785 3232 285
2786 106 501
2787 6480 352
2788 4014 306
2789 1804 443
2790 3811 314
2791 2412 338
2792 5256 473
2793 4350 381
2794 3818 323
2795 3558 436
2796 163 409
2797 2238 418
2798 54 503
2799 2605 445
2800 4794 507
2801 845 520
2802 2449 456
2803 4507 301
2804 5939 396
2805 2741 348
2806 5526 462
2807 0 -1
2808 4543 452
2809 1739 420
2810 6081 468
2811 853 346
2812 2490 492
2813 2916 401
2814 5757 448
2815 34 337
2816 4325 460
2817 3375 378
2818 5423 501
2819 3986 403
2820 5204 311
2821 0 -1
2822 228 590
2823 4424 382
2824 2882 438
2825 0 -1
2826 2291 386
2827 2318 425
2828 3440 533
2829 1968 462
2830 4650 523
2831 5058 394
2832 3352 506
2833 6231 344
2834 2562 343
2835 3976 452
2836 2156 346
2837 665 445
2838 5418 427
2839 6424 503
2840 2195 433
2841 959 544
2842 4389 586
2843 1663 396
2844 2796 428
2845 6245 373
2846 4344 377
2847 1612 471
2848 213 465
2849 0 -1
2850 0 -1
2851 3412 291
2852 1226 422
2853 5345 354
2854 5903 648
2855 5533 390
2856 4655 418
2857 1676 403
2858 4554 453
2859 5922 354
2860 198 553
2861 5135 315
2862 2057 437
2863 3756 481
2864 2785 288
2865 2741 352
2866 3570 505
2867 4403 498
2868 1553 473
2869 5090 731
2870 781 391
2871 6219 505
2872 1108 556
2873 750 493
2874 1472 438
2875 0 -1
2876 4288 489
2877 4435 428
2878 1540 454
2879 6300 526
2880 3698 368
2881 369 480
2882 5431 437
2883 2691 399
2884 630 347
2885 6008 452
2886 4090 489
2887 897 485
2888 39 450
2889 5336 381
2890 240 358
2891 4249 446
2892 1959 482
2893 462 645
2894 2768 451
2895 1096 385
2896 5981 370
2897 2337 481
2898 4051 454
2899 832 382
2900 3322 302
2901 5295 426
2902 4571 446
2903 4394 492
2904 294 485
2905 3188 463
2906 4901 353
2907 2775 457
2908 1092 462
2909 4583 436
2910 4878 445
2911 294 466
2912 6343 389
2913 0 -1
2914 2633 483
2915 469 476
2916 755 364
2917 321 375
2918 2483 467
2919 3812 479
2920 6078 447
2921 373 397
2922 0 -1
2923 5266 532
2924 3587 285
2925 6285 494
2926 1311 379
2927 0 -1
2928 6147 446
2929 4588 459
2930 6075 376
2931 1608 476
2932 1857 502
2933 2815 414
2934 353 568
2935 4231 450
2936 6497 653
2937 5664 340
2938 4758 524
2939 854 390
2940 15 382
2941 6164 386
2942 6264 448
2943 3913 467
2944 5045 408
2945 4269 516
2946 4406 447
2947 6113 498
2948 3560 594
2949 2915 518
2950 760 378
2951 4011 290
2952 2514 402
2953 5871 432
2954 4678 386
2955 4980 415
2956 1355 472
2957 5451 417
2958 3022 231
2959 5670 486
2960 4804 400
2961 1128 437
2962 5778 303
2963 4605 402
2964 5675 297
2965 2959 513
2966 5907 438
2967 3491 376
2968 6416 453
2969 1069 489
2970 0 -1
2971 799 510
2972 6485 365
2973 4802 469
2974 5545 416
2975 1961 472
2976 4698 382
2977 3244 392
2978 108 415
2979 934 510
2980 1447 384
2981 4599 529
2982 2464 566
2983 5694 498
2984 0 -1
2985 1561 353
2986 2612 407
2987 3033 638
2988 1930 437
2989 3661 411
2990 3492 464
2991 5075 461
2992 3473 489
2993 5418 432
2994 3553 489
2995 2380 256
2996 2861 345
2997 2092 646
2998 2295 530
2999 0 -1
3000 374 423
3001 3097 490
3002 1573 547
3003 751 343
3004 1302 448
3005 5189 333
3006 4356 514
3007 96 471
3008 6567 452
3009 3876 397
3010 3457 364
3011 0 -1
3012 350 435
3013 835 493
3014 1335 402
3015 2105 469
3016 3897 405
3017 4232 351
3018 291 397
3019 1320 394
3020 2040 365
3021 4862 475
3022 3939 191
3023 1433 555
3024 3778 358
3025 705 386
3026 0 -1
3027 1221 537
3028 0 -1
3029 1144 438
3030 3869 545
3031 2406 426
3032 3316 401
3033 5127 557
3034 4247 447
3035 0 -1
3036 4941 542
3037 6466 418
3038 1936 463
3039 5453 537
3040 2906 353
3041 2880 469
3042 4377 400
3043 4561 478
3044 346 384
3045 1226 410
3046 5775 356
3047 3129 456
3048 2245 551
3049 4155 440
3050 5120 380
3051 3778 371
3052 0 -1
3053 5636 534
3054 0 -1
3055 2267 405
3056 1399 308
3057 6160 316
3058 1616 660
3059 112 400
3060 3527 553
3061 2996 458
3062 5651 443
3063 1224 334
3064 4510 385
3065 0 -1
3066 6240 449
3067 3170 550
3068 905 409
3069 3735 350
3070 5582 437
3071 5400 527
3072 2924 286
3073 6489 465
3074 4950 498
3075 3493 357
3076 5738 377
3077 3818 339
3078 2467 410
3079 100 459
3080 3046 390
3081 1831 498
3082 0 -1
3083 672 546
3084 602 399
3085 2790 370
3086 608 453
3087 61 430
3088 751 326
3089 0 -1
3090 4660 459
3091 5687 451
3092 4525 360
3093 2853 432
3094 6034 321
3095 5869 440
3096 2068 354
3097 1082 421
3098 3756 455
3099 1118 327
3100 4391 371
3101 4876 494
3102 680 446
3103 480 466
3104 0 -1
3105 1833 463
3106 4343 349
3107 4723 456
3108 2862 463
3109 1976 405
3110 0 -1
3111 0 -1
3112 6336 484
3113 5614 355
3114 1290 434
3115 940 391
3116 6242 419
3117 3488 279
3118 663 418
3119 5399 360
3120 5245 486
3121 3255 522
3122 5263 370
3123 3439 552
3124 0 -1
3125 3907 450
3126 445 437
3127 0 -1
3128 1743 345
3129 4691 382
3130 0 -1
3131 3142 418
3132 2447 552
3133 3586 408
3134 6205 395
3135 1732 477
3136 4083 520
3137 1711 502
3138 686 503
3139 443 518
3140 1603 441
3141 6222 407
3142 263 392
3143 0 -1
3144 1464 458
3145 2855 412
3146 2133 391
3147 0 -1
3148 4918 467
3149 5348 333
3150 3686 443
3151 1828 484
3152 3551 426
3153 2889 453
3154 3957 401
3155 4866 437
3156 6404 455
3157 3094 337
3158 4807 458
3159 690 505
3160 3347 563
3161 543 485
3162 0 -1
3163 5944 364
3164 5691 596
3165 1161 572
3166 3375 370
3167 5726 287
3168 0 -1
3169 3959 467
3170 1360 485
3171 1196 382
3172 3905 427
3173 54 452
3174 4897 532
3175 3890 437
3176 6150 465
3177 3561 568
3178 1229 550
3179 290 411
3180 5788 352
3181 951 421
3182 1249 387
3183 784 473
3184 5561 461
3185 530 490
3186 2354 400
3187 5001 305
3188 2055 451
3189 805 419
3190 5059 426
3191 0 -1
3192 3593 424
3193 3300 459
3194 5135 399
3195 1188 624
3196 3593 449
3197 1687 417
3198 5421 477
3199 0 -1
3200 3951 349
3201 2688 306
3202 1117 352
3203 3647 564
3204 5350 312
3205 3877 463
3206 0 -1
3207 174 548
3208 4214 470
3209 4474 380
3210 6152 505
3211 4913 408
3212 6538 662
3213 3277 498
3214 1363 475
3215 6161 438
3216 4988 391
3217 0 -1
3218 6134 596
3219 5048 331
3220 440 508
3221 5067 390
3222 4948 598
3223 5872 592
3224 4846 435
3225 4450 394
3226 751 347
3227 2645 536
3228 3395 385
3229 4411 532
3230 5554 536
3231 475 496
3232 1212 274
3233 680 396
3234 1212 288
3235 4015 215
3236 60 477
3237 2360 448
3238 144 454
3239 5932 382
3240 3273 471
3241 0 -1
3242 1165 377
3243 1122 468
3244 1446 360
3245 3677 445
3246 0 -1
3247 4361 456
3248 2159 486
3249 39 424
3250 180 399
3251 4300 382
3252 1415 338
3253 1862 584
3254 5304 405
3255 4574 435
3256 5809 444
3257 5122 422
3258 5818 477
3259 2873 502
3260 2716 461
3261 3115 442
3262 24 413
3263 408 446
3264 4238 516
3265 2039 351
3266 3395 429
3267 6114 419
3268 37 283
3269 6563 534
3270 2065 595
3271 0 -1
3272 5821 373
3273 2794 369
3274 4518 416
3275 5321 378
3276 1017 425
3277 239 478
3278 1680 458
3279 6291 344
3280 4113 409
3281 2386 367
3282 3667 402
3283 870 404
3284 0 -1
3285 3338 369
3286 3055 450
3287 1296 401
3288 1283 443
3289 3545 589
3290 2254 393
3291 3617 380
3292 1917 370
3293 5093 556
3294 1826 511
3295 5737 317
3296 5811 848
3297 3266 459
3298 4652 427
3299 1381 497
3300 6301 387
3301 1104 494
3302 3437 421
3303 2163 499
3304 0 -1
3305 4578 379
3306 5399 368
3307 1167 417
3308 5935 430
3309 6075 423
3310 5263 353
3311 1133 327
3312 5297 387
3313 1204 407
3314 910 588
3315 3617 351
3316 1214 324
3317 3412 246
3318 391 619
3319 2032 463
3320 2317 526
3321 5330 385
3322 2995 265
3323 6244 513
3324 4800 362
3325 5490 378
3326 3601 526
3327 1429 361
3328 3186 403
3329 5781 379
3330 5222 491
3331 4433 410
3332 3694 461
3333 873 454
3334 1674 405
3335 569 520
3336 4179 595
3337 1613 415
3338 4920 358
3339 5521 450
3340 2655 525
3341 672 517
3342 2864 392
3343 3811 308
3344 3876 464
3345 2774 419
3346 4114 501
3347 4125 487
3348 4126 331
3349 2041 359
3350 2015 457
3351 6531 331
3352 2153 386
3353 0 -1
3354 127 375
3355 719 386
3356 6086 505
3357 6441 302
3358 6316 415
3359 0 -1
3360 4767 413
3361 5968 651
3362 2063 526
3363 952 472
3364 4450 364
3365 94 541
3366 6043 378
3367 6227 628
3368 1690 418
3369 5741 388
3370 6139 585
3371 1976 454
3372 4116 405
3373 0 -1
3374 4769 354
3375 3117 314
3376 2254 397
3377 5558 515
3378 5149 457
3379 4728 543
3380 5571 342
3381 1461 455
3382 6402 426
3383 6439 451
3384 1959 389
3385 4222 242
3386 2185 403
3387 780 411
3388 507 292
3389 826 286
3390 3641 410
3391 2789 453
3392 0 -1
3393 1278 440
3394 5777 474
3395 6561 351
3396 2238 482
3397 151 472
3398 3044 397
3399 2433 388
3400 5883 381
3401 4154 506
3402 1024 456
3403 6342 347
3404 5100 508
3405 4346 480
3406 6110 472
3407 517 528
3408 0 -1
3409 1504 424
3410 487 460
3411 4785 605
3412 1943 246
3413 429 447
3414 3684 392
3415 5249 389
3416 6271 375
3417 116 501
3418 4645 403
3419 1873 469
3420 6206 418
3421 0 -1
3422 2684 431
3423 5098 363
3424 1864 408
3425 3598 274
3426 6039 441
3427 2640 490
3428 0 -1
3429 3761 518
3430 395 492
3431 4827 481
3432 5726 306
3433 179 426
3434 5836 410
3435 2517 393
3436 1486 335
3437 755 401
3438 1979 441
3439 4980 474
3440 6536 478
3441 1469 400
3442 3573 436
3443 3197 439
3444 5371 696
3445 1313 339
3446 1299 425
3447 686 411
3448 5683 515
3449 5059 433
3450 6150 378
3451 648 393
3452 5070 435
3453 6015 382
3454 6075 470
3455 4776 440
3456 3565 448
3457 4971 352
3458 4475 353
3459 4798 306
3460 5201 495
3461 328 448
3462 5840 529
3463 3550 582
3464 6594 355
3465 0 -1
3466 2266 520
3467 5868 453
3468 707 438
3469 2236 444
3470 3631 455
3471 1249 388
3472 5929 409
3473 4256 448
3474 4727 395
3475 4173 325
3476 2788 416
3477 2357 377
3478 1912 317
3479 2643 504
3480 821 477
3481 3928 520
3482 1632 417
3483 4256 440
3484 4748 395
3485 0 -1
3486 2951 354
3487 642 383
3488 5559 243
3489 5214 377
3490 6206 378
3491 870 353
3492 6467 406
3493 1168 356
3494 6253 388
3495 2914 566
3496 2274 430
3497 5259 440
3498 5142 461
3499 3669 492
3500 6099 617
3501 3096 404
3502 3512 441
3503 4704 376
3504 5071 414
3505 5483 340
3506 83 486
3507 4335 487
3508 4864 115
3509 5203 470
3510 587 365
3511 619 469
3512 2376 330
3513 4384 619
3514 1605 342
3515 2827 444
3516 2912 459
3517 1744 381
3518 4594 378
3519 3395 457
3520 2332 276
3521 3771 429
3522 1972 397
3523 0 -1
3524 1080 425
3525 5756 450
3526 4104 362
3527 5055 521
3528 5545 452
3529 221 486
3530 2795 461
3531 6131 631
3532 4264 533
3533 702 452
3534 5871 471
3535 1133 397
3536 1072 450
3537 1076 455
3538 0 -1
3539 2400 401
3540 5063 342
3541 1526 369
3542 2870 461
3543 3209 447
3544 1267 488
3545 2634 524
3546 5821 433
3547 2481 513
3548 796 410
3549 5310 400
3550 5899 490
3551 2039 352
3552 1557 578
3553 6448 452
3554 615 505
3555 0 -1
3556 342 457
3557 1875 382
3558 4916 428
3559 0 -1
3560 2730 477
3561 5248 453
3562 1887 471
3563 5671 386
3564 2781 464
3565 3324 410
3566 4222 299
3567 2062 538
3568 6435 375
3569 2612 385
3570 3251 492
3571 2170 440
3572 2934 614
3573 3867 386
3574 2305 469
3575 1968 424
3576 5227 418
3577 5876 405
3578 4837 326
3579 2739 296
3580 1825 392
3581 5347 262
3582 4741 336
3583 1589 425
3584 6138 495
3585 3486 432
3586 4509 351
3587 2436 284
3588 6430 461
3589 2099 449
3590 5337 489
3591 3676 470
3592 375 397
3593 3445 412
3594 4978 506
3595 4071 409
3596 4482 392
3597 5073 379
3598 5001 258
3599 0 -1
3600 2958 235
3601 1237 472
3602 5932 340
3603 3629 330
3604 4492 404
3605 5433 503
3606 1857 510
3607 5424 375
3608 1102 529
3609 913 416
3610 1473 385
3611 4011 282
3612 3486 456
3613 758 403
3614 937 503
3615 5665 318
3616 6594 316
3617 4839 343
3618 5701 476
3619 6147 434
3620 2566 526
3621 2485 436
3622 0 -1
3623 3536 459
3624 5661 486
3625 470 408
3626 5908 583
3627 3759 542
3628 2722 519
3629 5347 288
3630 5202 425
3631 2240 405
3632 3005 399
3633 1605 448
3634 3324 450
3635 3729 348
3636 2575 494
3637 856 603
3638 4304 405
3639 5935 403
3640 2462 514
3641 2360 335
3642 0 -1
3643 4504 394
3644 5645 802
3645 0 -1
3646 1629 437
3647 1373 448
3648 0 -1
3649 5504 506
3650 1281 448
3651 5400 461
3652 1926 584
3653 5438 508
3654 6531 349
3655 3046 403
3656 3088 410
3657 5202 455
3658 2535 454
3659 1017 410
3660 1296 419
3661 1804 408
3662 2418 413
3663 1792 409
3664 717 515
3665 0 -1
3666 507 285
3667 1448 364
3668 663 367
3669 590 425
3670 2470 428
3671 1744 384
3672 3507 566
3673 1678 408
3674 1191 392
3675 2560 467
3676 5738 359
3677 5992 396
3678 0 -1
3679 1976 396
3680 1435 551
3681 2079 393
3682 5226 466
3683 1459 377
3684 5395 377
3685 3188 530
3686 1142 376
3687 1102 555
3688 2204 666
3689 0 -1
3690 4295 409
3691 4452 368
3692 3234 379
3693 5582 354
3694 5724 379
3695 3278 524
3696 4733 391
3697 2657 444
3698 2859 362
3699 6543 429
3700 3656 456
3701 5306 418
3702 0 -1
3703 593 381
3704 2477 403
3705 0 -1
3706 5114 465
3707 1337 416
3708 3917 432
3709 701 473
3710 0 -1
3711 0 -1
3712 1966 517
3713 1837 402
3714 0 -1
3715 5212 447
3716 3479 516
3717 2057 439
3718 3818 401
3719 787 406
3720 1335 353
3721 2505 411
3722 3663 471
3723 4411 462
3724 0 -1
3725 1096 372
3726 5852 379
3727 1321 580
3728 2952 419
3729 1259 296
3730 1086 483
3731 3963 390
3732 6078 515
3733 2034 520
3734 43 498
3735 6160 259
3736 4552 406
3737 2538 392
3738 1403 504
3739 0 -1
3740 5176 603
3741 1561 466
3742 4828 486
3743 1530 423
3744 903 594
3745 1950 480
3746 4418 412
3747 2681 478
3748 2380 268
3749 5031 444
3750 4275 426
3751 991 506
3752 3995 455
3753 159 689
3754 3488 263
3755 4229 437
3756 1272 403
3757 914 437
3758 6552 520
3759 6561 432
3760 3949 457
3761 5655 449
3762 3520 345
3763 714 471
3764 2157 480
3765 4021 202
3766 3482 458
3767 99 477
3768 3643 414
3769 1192 489
3770 1145 493
3771 4611 387
3772 5620 411
3773 123 426
3774 4251 431
3775 4384 550
3776 5266 503
3777 5065 481
3778 4222 343
3779 4596 381
3780 2640 509
3781 575 463
3782 5611 503
3783 2933 496
3784 3022 219
3785 0 -1
3786 2747 572
3787 0 -1
3788 899 577
3789 2098 445
3790 172 482
3791 4660 461
3792 2663 421
3793 5764 499
3794 2711 399
3795 297 437
3796 5069 520
3797 784 464
3798 1214 316
3799 4190 457
3800 5674 470
3801 3412 342
3802 368 447
3803 3953 412
3804 5328 470
3805 5302 464
3806 5655 439
3807 34 384
3808 168 607
3809 942 527
3810 682 490
3811 3022 257
3812 303 437
3813 2376 377
3814 5736 399
3815 1272 349
3816 2084 392
3817 4377 406
3818 4859 306
3819 796 388
3820 1456 550
3821 850 506
3822 795 315
3823 6253 337
3824 2084 411
3825 0 -1
3826 5906 409
3827 0 -1
3828 297 433
3829 2845 407
3830 3593 526
3831 3719 472
3832 3615 318
3833 2261 493
3834 5485 526
3835 1680 393
3836 6200 449
3837 3325 421
3838 1196 385
3839 6391 379
3840 2958 286
3841 779 432
3842 4746 521
3843 536 332
3844 264 362
3845 65 484
3846 2449 385
3847 5249 406
3848 4720 511
3849 2739 384
3850 727 409
3851 2900 421
3852 4523 433
3853 3549 492
3854 0 -1
3855 2995 358
3856 3994 515
3857 1169 377
3858 3514 446
3859 0 -1
3860 6402 510
3861 202 430
3862 3166 413
3863 5055 464
3864 404 486
3865 3267 444
3866 1917 312
3867 6326 385
3868 2424 601
3869 996 475
3870 1687 399
3871 153 380
3872 1307 459
3873 4672 438
3874 3578 423
3875 6108 397
3876 1311 384
3877 3163 383
3878 1446 369
3879 1055 393
3880 2756 476
3881 3403 379
3882 0 -1
3883 2554 398
3884 299 358
3885 6486 651
3886 4485 537
3887 3372 502
3888 6512 332
3889 2549 400
3890 326 434
3891 1092 424
3892 5263 435
3893 3986 351
3894 1448 386
3895 0 -1
3896 5526 404
3897 6595 393
3898 5347 322
3899 6553 289
3900 1298 419
3901 4343 371
3902 1288 293
3903 6173 512
3904 1174 440
3905 5060 362
3906 565 516
3907 2685 383
3908 5671 389
3909 5604 456
3910 3916 475
3911 4710 550
3912 4458 467
3913 4833 425
3914 5717 336
3915 1988 587
3916 1663 384
3917 3486 368
3918 3357 415
3919 3075 396
3920 1341 489
3921 3154 464
3922 5560 530
3923 1951 518
3924 3475 425
3925 2894 463
3926 2048 379
3927 3867 390
3928 1208 429
3929 6015 419
3930 6174 530
3931 1175 417
3932 4448 438
3933 1445 477
3934 667 339
3935 2685 408
3936 3823 369
3937 5199 372
3938 5182 396
3939 6598 162
3940 0 -1
3941 5772 430
3942 4544 473
3943 1917 352
3944 0 -1
3945 5193 376
3946 1373 366
3947 718 406
3948 1271 436
3949 2168 440
3950 3260 489
3951 2358 301
3952 383 577
3953 5280 335
3954 2691 426
3955 5153 469
3956 1727 483
3957 1884 325
3958 3647 529
3959 3113 409
3960 3624 517
3961 0 -1
3962 2252 478
3963 3219 367
3964 2829 568
3965 2318 527
3966 3385 257
3967 5693 470
3968 6271 312
3969 2496 334
3970 1545 566
3971 6239 412
3972 2912 470
3973 2531 396
3974 4032 401
3975 6512 373
3976 1311 392
3977 3929 460
3978 265 440
3979 1548 358
3980 6179 475
3981 4988 430
3982 3833 511
3983 0 -1
3984 985 589
3985 3464 400
3986 1550 343
3987 0 -1
3988 3005 421
3989 3286 471
3990 2580 477
3991 1981 606
3992 285 489
3993 1288 294
3994 268 480
3995 5532 416
3996 1509 376
3997 6358 452
3998 3280 416
3999 2304 361
4000 4768 543
4001 206 509
4002 3420 427
4003 5195 342
4004 2649 466
4005 2005 366
4006 3985 408
4007 1934 374
4008 507 367
4009 2370 497
4010 2690 293
4011 1594 243
4012 2332 306
4013 3813 450
4014 5559 290
4015 5043 151
4016 3024 390
4017 4191 450
4018 3926 419
4019 5234 405
4020 0 -1
4021 2754 195
4022 5408 385
4023 1353 482
4024 539 395
4025 6117 435
4026 0 -1
4027 2024 587
4028 3551 377
4029 6048 354
4030 3475 340
4031 2803 415
4032 6053 337
4033 6007 454
4034 4131 522
4035 6365 433
4036 4319 555
4037 4278 402
4038 1269 507
4039 998 483
4040 423 460
4041 0 -1
4042 638 399
4043 1817 274
4044 694 408
4045 4198 612
4046 5214 340
4047 4518 393
4048 3287 484
4049 3378 510
4050 5035 456
4051 1733 389
4052 0 -1
4053 3675 550
4054 3912 545
4055 0 -1
4056 5081 433
4057 3080 463
4058 3568 414
4059 3295 400
4060 4246 482
4061 0 -1
4062 1133 350
4063 6232 424
4064 1429 371
4065 276 391
4066 3233 435
4067 0 -1
4068 767 390
4069 3007 475
4070 1452 469
4071 2042 365
4072 0 -1
4073 4427 590
4074 2072 389
4075 6550 455
4076 2064 484
4077 4266 504
4078 4777 406
4079 4526 470
4080 5097 434
4081 0 -1
4082 2029 335
4083 2294 485
4084 6278 435
4085 103 472
4086 4627 482
4087 3718 492
4088 4100 516
4089 4279 436
4090 1833 426
4091 6548 496
4092 0 -1
4093 28 446
4094 1966 511
4095 6172 419
4096 5642 389
4097 3149 410
4098 2456 468
4099 5889 431
4100 2613 446
4101 1165 357
4102 771 307
4103 2026 456
4104 5675 334
4105 3386 469
4106 2530 397
4107 3262 476
4108 383 565
4109 3916 426
4110 3894 386
4111 5108 341
4112 3568 413
4113 5873 393
4114 3993 389
4115 5381 508
4116 1048 390
4117 0 -1
4118 617 461
4119 621 536
4120 54 470
4121 2650 426
4122 5694 514
4123 949 185
4124 5583 550
4125 1879 479
4126 5181 303
4127 4923 466
4128 3310 390
4129 0 -1
4130 5246 453
4131 3342 495
4132 4102 354
4133 3283 404
4134 1059 525
4135 4214 460
4136 2909 456
4137 6218 461
4138 702 514
4139 6550 452
4140 2906 398
4141 61 455
4142 6203 365
4143 5327 443
4144 0 -1
4145 2975 472
4146 1804 403
4147 1370 441
4148 4088 523
4149 4350 386
4150 1427 394
4151 966 433
4152 4323 523
4153 5483 345
4154 1260 443
4155 4012 377
4156 5644 637
4157 2269 605
4158 3129 390
4159 4169 384
4160 2895 439
4161 2454 626
4162 0 -1
4163 4943 485
4164 3238 462
4165 6553 368
4166 1180 561
4167 1202 360
4168 5996 492
4169 2741 346
4170 6422 564
4171 3123 660
4172 153 371
4173 6040 309
4174 1017 476
4175 2618 445
4176 3627 660
4177 3403 420
4178 3924 489
4179 6439 499
4180 0 -1
4181 5204 362
4182 1601 383
4183 0 -1
4184 395 497
4185 4475 382
4186 1940 385
4187 4118 558
4188 0 -1
4189 4095 429
4190 3862 442
4191 3875 405
4192 3491 428
4193 3582 378
4194 2870 472
4195 2528 350
4196 5484 510
4197 3496 502
4198 4877 499
4199 2151 522
4200 1427 410
4201 4655 401
4202 2940 394
4203 707 428
4204 1054 482
4205 3129 497
4206 2098 427
4207 6283 499
4208 719 387
4209 4429 484
4210 6163 287
4211 1762 413
4212 3855 449
4213 5651 408
4214 6559 442
4215 0 -1
4216 2093 462
4217 2162 425
4218 4032 449
4219 5229 422
4220 4435 421
4221 1720 448
4222 3508 228
4223 5817 260
4224 2175 454
4225 1614 512
4226 6145 416
4227 5236 417
4228 866 436
4229 3357 395
4230 5001 240
4231 2190 400
4232 2864 301
4233 678 413
4234 876 436
4235 2754 215
4236 3506 540
4237 826 344
4238 6597 425
4239 5851 461
4240 6510 331
4241 629 279
4242 2636 608
4243 1575 494
4244 5159 326
4245 3735 368
4246 3655 408
4247 3737 392
4248 6495 474
4249 2778 404
4250 4185 471
4251 283 413
4252 1278 412
4253 0 -1
4254 1451 506
4255 665 430
4256 4172 414
4257 4818 254
4258 787 408
4259 5897 371
4260 0 -1
4261 781 350
4262 4338 467
4263 3088 392
4264 5580 437
4265 2195 369
4266 5223 441
4267 0 -1
4268 4509 348
4269 6590 450
4270 4511 492
4271 3515 468
4272 1227 400
4273 1163 311
4274 0 -1
4275 6120 419
4276 2988 492
4277 3256 550
4278 2254 329
4279 2041 379
4280 2391 361
4281 4235 273
4282 3163 368
4283 5856 493
4284 5845 531
4285 4588 395
4286 2405 472
4287 5999 406
4288 1825 394
4289 6100 377
4290 5530 346
4291 2963 405
4292 2524 464
4293 1822 452
4294 5817 315
4295 6258 341
4296 0 -1
4297 2238 452
4298 2077 450
4299 4059 490
4300 2129 359
4301 0 -1
4302 6324 489
4303 4237 362
4304 6189 376
4305 5596 529
4306 6311 429
4307 5954 380
4308 0 -1
4309 5827 388
4310 6108 449
4311 2787 394
4312 6393 370
4313 0 -1
4314 2857 423
4315 1469 377
4316 356 452
4317 724 544
4318 264 444
4319 2483 545
4320 1191 371
4321 2640 463
4322 6395 496
4323 6209 471
4324 0 -1
4325 1486 427
4326 27 446
4327 1712 464
4328 3486 376
4329 1638 528
4330 45 487
4331 945 422
4332 5171 444
4333 1063 511
4334 3849 426
4335 1794 437
4336 1999 521
4337 3655 443
4338 6011 457
4339 5393 376
4340 3141 442
4341 1055 440
4342 520 522
4343 5726 289
4344 1594 306
4345 3355 434
4346 2993 440
4347 1768 469
4348 4489 437
4349 1254 459
4350 6291 270
4351 264 334
4352 6280 511
4353 4391 314
4354 2417 310
4355 2518 482
4356 4767 445
4357 1166 372
4358 3839 452
4359 2175 518
4360 3062 460
4361 4177 436
4362 6172 433
4363 4978 418
4364 2419 487
4365 3464 431
4366 4266 460
4367 0 -1
4368 5082 456
4369 3189 443
4370 0 -1
4371 2353 459
4372 0 -1
4373 5496 516
4374 2638 422
4375 5527 391
4376 2878 547
4377 4420 374
4378 2106 370
4379 153 343
4380 1356 434
4381 1826 580
4382 37 374
4383 4587 443
4384 2963 504
4385 163 467
4386 2974 439
4387 1420 464
4388 5319 737
4389 4619 496
4390 2093 514
4391 1578 251
4392 5533 386
4393 522 521
4394 5834 380
4395 870 435
4396 6314 878
4397 5387 324
4398 2568 505
4399 3595 426
4400 5433 534
4401 0 -1
4402 3142 474
4403 2173 443
4404 520 537
4405 4455 380
4406 3387 423
4407 0 -1
4408 4068 507
4409 6037 454
4410 5846 461
4411 3490 421
4412 5367 530
4413 1806 420
4414 2225 457
4415 5483 441
4416 5468 395
4417 5899 467
4418 5019 402
4419 2082 521
4420 3898 371
4421 2841 581
4422 5556 392
4423 0 -1
4424 1168 367
4425 2335 489
4426 3357 369
4427 5472 499
4428 116 421
4429 1026 469
4430 2924 334
4431 1227 364
4432 5439 462
4433 1869 403
4434 456 602
4435 6052 338
4436 708 376
4437 5915 441
4438 384 443
4439 5917 473
4440 3117 387
4441 2357 399
4442 751 268
4443 0 -1
4444 3368 523
4445 390 514
4446 3343 416
4447 1677 522
4448 2383 419
4449 1017 428
4450 2995 320
4451 4950 551
4452 4837 278
4453 6405 522
4454 2162 470
4455 1399 326
4456 3099 375
4457 2489 434
4458 4251 455
4459 485 407
4460 744 448
4461 3441 484
4462 854 346
4463 1228 552
4464 1727 480
4465 0 -1
4466 169 437
4467 4289 402
4468 3660 429
4469 5078 586
4470 0 -1
4471 4539 469
4472 5182 445
4473 2498 351
4474 6160 290
4475 4343 320
4476 513 388
4477 1871 423
4478 5585 451
4479 1335 337
4480 5668 414
4481 155 469
4482 215 387
4483 3695 552
4484 5013 501
4485 5306 421
4486 1847 343
4487 1528 662
4488 3486 408
4489 1778 372
4490 0 -1
4491 466 393
4492 5189 382
4493 2941 455
4494 2307 481
4495 3351 395
4496 5419 625
4497 0 -1
4498 3483 459
4499 1636 506
4500 5139 569
4501 1258 424
4502 4431 416
4503 0 -1
4504 6294 382
4505 3617 372
4506 3251 421
4507 4902 241
4508 445 454
4509 914 336
4510 6052 376
4511 4189 463
4512 3931 476
4513 4800 398
4514 3154 417
4515 1086 435
4516 5998 401
4517 5355 461
4518 2323 312
4519 2548 457
4520 766 417
4521 4414 477
4522 6051 405
4523 3754 380
4524 2377 476
4525 5882 322
4526 2133 405
4527 2853 462
4528 3720 390
4529 4989 381
4530 5704 572
4531 0 -1
4532 4824 354
4533 1053 451
4534 1860 444
4535 6002 491
4536 1448 388
4537 518 421
4538 6307 403
4539 5702 465
4540 3088 394
4541 334 518
4542 2158 525
4543 1904 423
4544 4475 418
4545 3894 424
4546 3338 470
4547 122 403
4548 5700 488
4549 513 356
4550 1856 601
4551 187 484
4552 5019 378
4553 4700 349
4554 1536 387
4555 1464 496
4556 34 441
4557 0 -1
4558 3694 392
4559 0 -1
4560 344 321
4561 1978 453
4562 2712 525
4563 6040 375
4564 5106 381
4565 1405 456
4566 5277 426
4567 0 -1
4568 5613 450
4569 4871 528
4570 4942 289
4571 2441 416
4572 539 436
4573 2874 517
4574 1803 426
4575 0 -1
4576 2343 435
4577 6064 491
4578 5001 261
4579 3879 464
4580 552 444
4581 4594 318
4582 5689 253
4583 2325 356
4584 851 433
4585 4574 434
4586 1699 627
4587 2274 420
4588 2386 373
4589 6022 423
4590 3839 419
4591 3016 419
4592 0 -1
4593 2007 466
4594 5838 310
4595 767 390
4596 4689 354
4597 5842 475
4598 3691 474
4599 434 447
4600 5139 514
4601 343 461
4602 5591 576
4603 2016 463
4604 2347 445
4605 3748 316
4606 1251 556
4607 1340 596
4608 4487 775
4609 2890 358
4610 4822 430
4611 2937 382
4612 5593 635
4613 652 487
4614 5572 375
4615 5414 340
4616 2228 527
4617 0 -1
4618 4564 419
4619 44 468
4620 1814 444
4621 3735 351
4622 5234 427
4623 0 -1
4624 4146 408
4625 3263 458
4626 2929 506
4627 2679 446
4628 3933 596
4629 3661 432
4630 5463 293
4631 5375 471
4632 1497 512
4633 147 382
4634 375 456
4635 5226 458
4636 0 -1
4637 2823 464
4638 1311 416
4639 5652 378
4640 179 411
4641 5172 463
4642 0 -1
4643 2296 448
4644 0 -1
4645 2549 369
4646 6404 533
4647 1082 438
4648 4670 625
4649 3905 392
4650 4098 489
4651 4913 419
4652 1897 427
4653 2668 388
4654 0 -1
4655 1353 399
4656 3655 453
4657 2353 430
4658 6048 324
4659 0 -1
4660 1015 429
4661 706 395
4662 6597 473
4663 3315 458
4664 5717 299
4665 1371 523
4666 4581 413
4667 2761 508
4668 1692 445
4669 4003 360
4670 1479 538
4671 4354 385
4672 6014 436
4673 146 595
4674 3324 450
4675 3397 486
4676 0 -1
4677 0 -1
4678 264 373
4679 5698 485
4680 3234 383
4681 3247 478
4682 4741 376
4683 2341 477
4684 5788 379
4685 5597 440
4686 6246 512
4687 5044 350
4688 205 671
4689 5669 332
4690 5421 438
4691 6354 378
4692 6068 409
4693 1220 351
4694 6489 373
4695 5365 328
4696 519 505
4697 4858 319
4698 1940 371
4699 2687 579
4700 2138 328
4701 2293 505
4702 3595 512
4703 2144 363
4704 5137 354
4705 5524 438
4706 3672 655
4707 2805 405
4708 5234 427
4709 5908 551
4710 4956 468
4711 1590 460
4712 0 -1
4713 2809 495
4714 5629 559
4715 83 488
4716 5717 361
4717 3936 416
4718 6043 333
4719 2612 393
4720 4066 471
4721 5587 417
4722 744 442
4723 2741 365
4724 1227 362
4725 4637 514
4726 937 446
4727 5687 394
4728 5687 423
4729 0 -1
4730 6331 422
4731 2534 495
4732 4705 469
4733 6434 309
4734 2595 474
4735 48 461
4736 877 345
4737 5572 364
4738 5113 438
4739 5864 427
4740 1293 335
4741 771 275
4742 1276 426
4743 5116 464
4744 4942 242
4745 2976 463
4746 2392 515
4747 4128 485
4748 4818 276
4749 0 -1
4750 4021 289
4751 3173 496
4752 2820 330
4753 4219 430
4754 5726 291
4755 3558 473
4756 1527 440
4757 3115 458
4758 2694 440
4759 3480 482
4760 3220 536
4761 1517 599
4762 2550 431
4763 5879 473
4764 0 -1
4765 5829 394
4766 6577 354
4767 5410 404
4768 4297 477
4769 2924 342
4770 3131 442
4771 1733 362
4772 5405 598
4773 2240 462
4774 5172 527
4775 5310 464
4776 2008 401
4777 6196 387
4778 1446 410
4779 0 -1
4780 153 300
4781 6393 429
4782 1381 532
4783 5867 522
4784 3520 393
4785 554 577
4786 3892 529
4787 2360 330
4788 6332 150
4789 2102 546
4790 2126 337
4791 3419 516
4792 5311 526
4793 4780 398
4794 2973 481
4795 3926 387
4796 2098 431
4797 3934 381
4798 1288 287
4799 3838 439
4800 5347 299
4801 744 515
4802 3999 401
4803 3295 387
4804 4104 351
4805 0 -1
4806 4874 453
4807 3375 405
4808 0 -1
4809 3718 444
4810 5982 487
4811 0 -1
4812 5142 483
4813 0 -1
4814 2043 557
4815 0 -1
4816 4730 448
4817 1114 540
4818 4744 250
4819 1674 480
4820 2616 456
4821 4265 413
4822 3893 420
4823 2962 352
4824 5489 336
4825 6258 420
4826 2577 596
4827 3122 480
4828 5302 462
4829 3151 504
4830 350 438
4831 4787 385
4832 2589 402
4833 2414 357
4834 2455 453
4835 1742 439
4836 78 394
4837 4235 261
4838 5120 408
4839 5932 328
4840 654 360
4841 3625 450
4842 6483 520
4843 1576 515
4844 1849 460
4845 3294 598
4846 3607 391
4847 1823 545
4848 4051 474
4849 1729 451
4850 0 -1
4851 2047 504
4852 2796 501
4853 3190 462
4854 1679 420
4855 485 446
4856 758 380
4857 6588 407
4858 2511 281
4859 6291 297
4860 0 -1
4861 0 -1
4862 3068 449
4863 3228 429
4864 2 72
4865 0 -1
4866 1540 372
4867 6434 324
4868 3666 331
4869 2008 441
4870 3677 491
4871 2354 445
4872 4213 483
4873 2962 311
4874 1471 446
4875 4723 417
4876 5072 407
4877 5003 455
4878 3979 385
4879 2185 435
4880 3397 557
4881 6581 464
4882 5740 353
4883 5120 453
4884 0 -1
4885 1000 458
4886 6232 452
4887 1175 421
4888 4244 427
4889 4878 425
4890 5974 647
4891 6493 506
4892 133 379
4893 3743 439
4894 1295 523
4895 733 503
4896 2676 437
4897 594 456
4898 0 -1
4899 4413 510
4900 3819 445
4901 5144 342
4902 1205 218
4903 4796 539
4904 3300 392
4905 689 445
4906 3515 495
4907 5810 341
4908 0 -1
4909 1996 390
4910 6165 326
4911 1202 365
4912 1923 504
4913 2138 347
4914 3713 420
4915 1207 383
4916 4442 376
4917 6509 475
4918 2079 348
4919 5803 400
4920 6053 299
4921 577 450
4922 2155 425
4923 5552 422
4924 3349 408
4925 2202 452
4926 1082 451
4927 107 472
4928 1773 396
4929 5126 462
4930 0 -1
4931 2714 447
4932 4769 454
4933 4693 430
4934 5140 461
4935 3221 418
4936 85 287
4937 5527 430
4938 3121 603
4939 5318 249
4940 759 577
4941 6224 448
4942 6042 190
4943 1341 479
4944 2506 449
4945 937 453
4946 686 430
4947 0 -1
4948 1859 502
4949 5846 446
4950 4854 484
4951 0 -1
4952 97 382
4953 4787 379
4954 3945 398
4955 5640 446
4956 5112 397
4957 2612 455
4958 1885 507
4959 3586 363
4960 3049 464
4961 6001 478
4962 4839 382
4963 5086 398
4964 2385 395
4965 1679 462
4966 1891 566
4967 2920 476
4968 4294 334
4969 3819 484
4970 1096 466
4971 2039 344
4972 1883 329
4973 1263 486
4974 5677 489
4975 1313 428
4976 0 -1
4977 3129 406
4978 513 407
4979 5368 397
4980 1035 393
4981 5596 493
4982 0 -1
4983 5383 405
4984 4248 504
4985 4158 431
4986 4841 457
4987 4609 380
4988 4837 364
4989 1827 355
4990 5340 500
4991 449 459
4992 5833 473
4993 4633 405
4994 3811 309
4995 6146 522
4996 6527 534
4997 0 -1
4998 537 608
4999 3978 454
5000 5264 553
5001 771 236
5002 2705 539
5003 385 364
5004 1923 498
5005 1194 350
5006 1044 534
5007 4992 511
5008 1883 324
5009 299 384
5010 1064 467
5011 2957 454
5012 1063 456
5013 101 456
5014 4933 465
5015 2924 293
5016 3976 406
5017 3418 514
5018 5845 598
5019 6231 321
5020 2859 387
5021 0 -1
5022 6052 446
5023 5916 460
5024 0 -1
5025 5342 387
5026 0 -1
5027 5272 378
5028 3445 353
5029 4203 450
5030 0 -1
5031 5430 381
5032 0 -1
5033 1507 394
5034 5718 446
5035 343 417
5036 5817 250
5037 938 524
5038 0 -1
5039 966 353
5040 4963 479
5041 2378 496
5042 0 -1
5043 6042 151
5044 6192 271
5045 2564 405
5046 3327 445
5047 2640 434
5048 507 316
5049 1363 432
5050 611 421
5051 2656 376
5052 4748 352
5053 303 431
5054 3691 397
5055 2930 434
5056 0 -1
5057 1254 421
5058 1884 329
5059 4353 348
5060 1296 354
5061 5835 354
5062 132 415
5063 3317 266
5064 3219 421
5065 4741 362
5066 6009 500
5067 589 376
5068 5194 485
5069 2017 490
5070 4479 419
5071 4798 323
5072 3096 360
5073 219 371
5074 1082 402
5075 4102 409
5076 1676 448
5077 3128 357
5078 4667 581
5079 4002 450
5080 832 473
5081 507 367
5082 5666 426
5083 153 346
5084 4780 368
5085 587 425
5086 3171 390
5087 412 394
5088 5428 445
5089 1183 429
5090 1894 621
5091 1008 515
5092 34 369
5093 6204 471
5094 2044 477
5095 6270 492
5096 3601 564
5097 6226 434
5098 6531 353
5099 4733 386
5100 4303 465
5101 3059 432
5102 4873 338
5103 3814 404
5104 2870 405
5105 5744 436
5106 2050 373
5107 3736 411
5108 4442 327
5109 343 449
5110 520 462
5111 5725 419
5112 3423 371
5113 498 355
5114 199 446
5115 3578 394
5116 4382 407
5117 561 536
5118 3565 490
5119 5479 464
5120 3514 367
5121 1272 336
5122 2176 396
5123 1227 348
5124 2529 467
5125 1017 455
5126 5527 424
5127 3659 483
5128 5432 440
5129 421 395
5130 6547 469
5131 2106 384
5132 5183 470
5133 2985 457
5134 159 663
5135 6531 306
5136 155 542
5137 4021 283
5138 6594 424
5139 6442 449
5140 5926 441
5141 3211 465
5142 5084 400
5143 4707 498
5144 6192 323
5145 1139 418
5146 6450 549
5147 1120 559
5148 5846 508
5149 3579 349
5150 3068 415
5151 1439 443
5152 4009 556
5153 3368 445
5154 5285 516
5155 3401 620
5156 2498 386
5157 1691 250
5158 132 440
5159 3022 303
5160 5967 376
5161 5851 373
5162 2926 401
5163 2035 342
5164 1961 484
5165 3986 394
5166 4695 350
5167 6218 464
5168 1005 346
5169 3368 445
5170 2691 412
5171 5964 365
5172 1148 459
5173 1446 427
5174 5126 445
5175 1056 433
5176 594 506
5177 4307 397
5178 5789 470
5179 4604 472
5180 3396 595
5181 1691 224
5182 6253 327
5183 2143 468
5184 1367 435
5185 3315 443
5186 5149 429
5187 4689 386
5188 4988 386
5189 630 297
5190 305 469
5191 4653 454
5192 390 512
5193 4994 364
5194 5954 482
5195 3914 340
5196 3858 498
5197 0 -1
5198 1776 441
5199 5895 372
5200 2704 520
5201 1447 454
5202 1384 417
5203 3674 455
5204 1423 292
5205 0 -1
5206 5494 384
5207 403 561
5208 5309 435
5209 3492 423
5210 5114 490
5211 4784 411
5212 1213 371
5213 5141 493
5214 3425 305
5215 1205 327
5216 1306 483
5217 1889 425
5218 3783 496
5219 3894 480
5220 4510 407
5221 5160 445
5222 2855 434
5223 288 332
5224 486 432
5225 344 419
5226 2045 437
5227 2272 389
5228 71 438
5229 4858 381
5230 0 -1
5231 4581 400
5232 747 523
5233 3020 477
5234 5321 392
5235 3529 505
5236 5669 409
5237 3483 468
5238 5296 401
5239 2693 448
5240 6264 453
5241 5188 431
5242 2763 387
5243 6005 441
5244 3467 456
5245 6108 446
5246 1158 452
5247 3998 469
5248 6297 385
5249 454 369
5250 5812 452
5251 4186 467
5252 1503 363
5253 2532 342
5254 3863 527
5255 3281 391
5256 219 401
5257 4078 432
5258 1360 501
5259 3914 414
5260 5679 445
5261 760 473
5262 812 393
5263 1224 341
5264 3131 437
5265 0 -1
5266 832 460
5267 246 413
5268 1486 389
5269 133 284
5270 3776 531
5271 4492 473
5272 1423 334
5273 217 452
5274 133 326
5275 1409 455
5276 0 -1
5277 5910 354
5278 0 -1
5279 3633 470
5280 4391 310
5281 4795 404
5282 4973 563
5283 4629 538
5284 1594 322
5285 5332 442
5286 4521 524
5287 3349 382
5288 1833 413
5289 2198 453
5290 3114 465
5291 1858 442
5292 449 502
5293 43 541
5294 41 530
5295 4825 421
5296 5061 390
5297 6567 372
5298 5179 581
5299 5194 581
5300 1737 426
5301 3186 435
5302 1068 347
5303 5239 472
5304 314 386
5305 2590 356
5306 255 416
5307 550 493
5308 5914 516
5309 2359 431
5310 3149 358
5311 1840 501
5312 6258 397
5313 2980 422
5314 329 446
5315 2914 484
5316 1792 446
5317 671 552
5318 3022 210
5319 5282 673
5320 2005 326
5321 2815 365
5322 1543 425
5323 5808 421
5324 6347 335
5325 503 497
5326 3368 518
5327 3823 404
5328 1629 371
5329 2344 452
5330 4994 314
5331 6162 410
5332 781 419
5333 3213 503
5334 622 427
5335 3632 497
5336 2428 360
5337 953 454
5338 6164 406
5339 3587 378
5340 3032 455
5341 4064 393
5342 2156 377
5343 4422 407
5344 0 -1
5345 4237 354
5346 4068 394
5347 4123 246
5348 419 333
5349 5582 387
5350 1070 305
5351 5561 460
5352 6160 251
5353 3370 649
5354 1758 696
5355 6319 437
5356 2078 461
5357 0 -1
5358 6403 518
5359 5671 379
5360 941 512
5361 1783 485
5362 1416 456
5363 352 400
5364 4562 599
5365 3459 322
5366 6589 440
5367 3337 523
5368 6466 369
5369 523 446
5370 0 -1
5371 5896 609
5372 178 435
5373 3525 484
5374 3295 345
5375 312 450
5376 5004 589
5377 4804 461
5378 1096 422
5379 1080 431
5380 5329 555
5381 3852 476
5382 5661 433
5383 518 394
5384 2477 452
5385 216 503
5386 1629 371
5387 460 317
5388 5403 381
5389 4919 498
5390 1170 476
5391 4436 443
5392 3692 428
5393 1884 357
5394 5897 447
5395 3866 370
5396 0 -1
5397 204 383
5398 656 435
5399 1191 358
5400 5745 451
5401 1684 530
5402 5454 563
5403 6485 343
5404 2359 470
5405 2047 520
5406 3631 460
5407 3832 428
5408 6236 360
5409 3736 421
5410 1666 382
5411 6590 390
5412 3457 402
5413 206 573
5414 1401 287
5415 0 -1
5416 5112 402
5417 288 411
5418 2667 395
5419 5401 533
5420 5903 544
5421 6550 423
5422 3504 471
5423 2114 450
5424 1163 309
5425 4744 358
5426 863 504
5427 3134 458
5428 2996 354
5429 5070 506
5430 4697 322
5431 4213 436
5432 515 347
5433 1512 461
5434 0 -1
5435 0 -1
5436 1530 484
5437 6599 456
5438 3954 441
5439 5572 450
5440 2420 462
5441 1792 526
5442 0 -1
5443 569 437
5444 2235 655
5445 5103 424
5446 2764 406
5447 3843 337
5448 1653 464
5449 5600 524
5450 4639 447
5451 5992 342
5452 274 460
5453 4024 431
5454 2748 552
5455 3838 474
5456 0 -1
5457 1634 537
5458 1994 436
5459 589 403
5460 927 449
5461 0 -1
5462 104 498
5463 5352 264
5464 0 -1
5465 4314 518
5466 2916 459
5467 0 -1
5468 6204 363
5469 2238 439
5470 4413 444
5471 966 427
5472 614 393
5473 6026 441
5474 2553 496
5475 511 612
5476 6023 380
5477 5857 487
5478 2953 503
5479 1352 430
5480 0 -1
5481 677 400
5482 4653 396
5483 5048 332
5484 5186 438
5485 5122 410
5486 0 -1
5487 123 428
5488 4916 460
5489 3389 329
5490 3475 354
5491 1321 555
5492 4862 528
5493 6590 387
5494 1070 335
5495 4436 380
5496 5701 446
5497 3503 488
5498 2236 448
5499 6545 393
5500 0 -1
5501 3899 300
5502 532 367
5503 1564 505
5504 5223 403
5505 1646 545
5506 1035 414
5507 6003 455
5508 3215 527
5509 100 468
5510 515 431
5511 419 317
5512 2361 416
5513 5888 557
5514 2301 335
5515 4698 459
5516 834 422
5517 3569 390
5518 1083 432
5519 1051 538
5520 3746 513
5521 4032 354
5522 0 -1
5523 6011 374
5524 4854 438
5525 2937 416
5526 178 347
5527 2785 388
5528 2843 479
5529 2726 450
5530 85 301
5531 4722 469
5532 532 393
5533 3969 350
5534 755 401
5535 182 446
5536 3007 481
5537 6505 465
5538 0 -1
5539 1726 480
5540 1667 409
5541 3479 510
5542 4720 583
5543 2120 511
5544 3093 536
5545 4473 400
5546 2421 412
5547 5613 460
5548 0 -1
5549 2738 502
5550 845 470
5551 0 -1
5552 1125 376
5553 5228 484
5554 257 460
5555 4140 490
5556 6163 391
5557 5383 429
5558 689 456
5559 949 191
5560 5870 455
5561 2665 410
5562 5693 482
5563 4266 536
5564 5741 327
5565 0 -1
5566 1909 480
5567 3806 487
5568 4248 503
5569 0 -1
5570 1538 379
5571 3268 319
5572 458 349
5573 1940 385
5574 0 -1
5575 2359 418
5576 1335 336
5577 2941 390
5578 1852 483
5579 3778 380
5580 1167 416
5581 1156 637
5582 3357 322
5583 4201 503
5584 1251 475
5585 498 352
5586 2884 362
5587 6317 398
5588 4300 442
5589 1846 475
5590 2180 640
5591 3004 477
5592 0 -1
5593 2646 516
5594 290 407
5595 2434 493
5596 268 436
5597 1122 427
5598 2805 444
5599 4689 437
5600 4498 471
5601 1111 530
5602 5195 408
5603 0 -1
5604 1099 434
5605 984 575
5606 5348 402
5607 4875 435
5608 3140 526
5609 464 551
5610 1271 464
5611 1283 448
5612 4750 315
5613 5999 401
5614 4605 340
5615 1447 368
5616 5893 402
5617 1603 448
5618 966 407
5619 6560 446
5620 6043 360
5621 554 560
5622 0 -1
5623 4345 493
5624 2684 332
5625 0 -1
5626 0 -1
5627 5104 436
5628 199 367
5629 2711 455
5630 575 420
5631 2324 479
5632 6177 458
5633 2681 504
5634 2211 568
5635 233 618
5636 429 478
5637 2967 403
5638 1497 534
5639 6242 376
5640 4042 445
5641 1003 482
5642 5463 318
5643 5272 425
5644 2518 570
5645 6371 691
5646 5384 502
5647 1095 497
5648 0 -1
5649 744 418
5650 229 369
5651 1199 335
5652 3459 330
5653 4164 487
5654 6487 509
5655 4280 411
5656 5113 369
5657 3903 541
5658 2351 445
5659 0 -1
5660 0 -1
5661 6192 379
5662 3881 499
5663 2062 532
5664 6192 276
5665 3388 305
5666 3096 355
5667 290 369
5668 568 369
5669 97 308
5670 2150 385
5671 854 362
5672 4797 452
5673 2822 672
5674 3369 431
5675 3966 285
5676 921 544
5677 1278 458
5678 18 426
5679 1313 375
5680 3492 420
5681 5916 403
5682 0 -1
5683 1791 509
5684 6221 493
5685 4430 440
5686 6556 443
5687 3364 379
5688 3020 401
5689 3765 248
5690 5326 620
5691 892 518
5692 5873 345
5693 4867 388
5694 3676 477
5695 57 422
5696 4718 381
5697 2793 405
5698 3307 446
5699 2713 364
5700 6479 469
5701 5614 417
5702 6363 357
5703 1525 478
5704 2732 483
5705 6310 407
5706 6236 356
5707 2689 430
5708 6557 435
5709 4266 513
5710 2412 271
5711 2162 429
5712 1293 282
5713 1310 500
5714 4340 543
5715 1721 382
5716 4661 503
5717 2332 280
5718 1170 430
5719 876 506
5720 2506 389
5721 0 -1
5722 387 539
5723 5498 495
5724 3075 361
5725 4230 350
5726 653 266
5727 533 575
5728 1769 536
5729 2323 287
5730 2592 606
5731 5664 381
5732 5597 429
5733 1228 461
5734 6114 421
5735 900 538
5736 4030 397
5737 6192 280
5738 4664 357
5739 0 -1
5740 2690 328
5741 2150 320
5742 3698 446
5743 136 369
5744 6155 418
5745 5214 419
5746 1737 435
5747 0 -1
5748 690 454
5749 6547 442
5750 3057 392
5751 715 431
5752 6579 522
5753 0 -1
5754 1590 455
5755 1462 415
5756 426 383
5757 6204 432
5758 2901 491
5759 695 435
5760 6532 525
5761 4537 476
5762 4672 539
5763 2633 441
5764 2154 446
5765 839 375
5766 3585 439
5767 843 454
5768 3305 381
5769 4992 496
5770 5586 376
5771 2385 406
5772 636 419
5773 6148 561
5774 5749 555
5775 6245 320
5776 44 458
5777 2988 441
5778 1224 246
5779 1388 487
5780 5121 367
5781 3587 304
5782 5403 427
5783 4126 303
5784 6098 365
5785 1861 456
5786 5287 447
5787 1870 503
5788 1133 349
5789 3565 456
5790 3093 480
5791 5801 445
5792 2386 407
5793 4034 621
5794 6051 430
5795 2769 576
5796 2770 511
5797 2052 354
5798 3173 493
5799 3239 435
5800 245 408
5801 5126 429
5802 3674 412
5803 2530 296
5804 3063 399
5805 6102 484
5806 5304 398
5807 2989 415
5808 4378 391
5809 4046 400
5810 5144 329
5811 2468 786
5812 6309 440
5813 3322 314
5814 5106 396
5815 946 489
5816 2058 559
5817 771 212
5818 1663 467
5819 3449 434
5820 6588 450
5821 2126 351
5822 0 -1
5823 3913 436
5824 5553 549
5825 1572 439
5826 6559 456
5827 2091 343
5828 5040 483
5829 5731 388
5830 3226 377
5831 1360 458
5832 1465 491
5833 4824 404
5834 5365 326
5835 3735 307
5836 5803 371
5837 2500 434
5838 826 275
5839 4529 458
5840 6408 409
5841 1276 412
5842 3265 384
5843 4130 507
5844 5073 399
5845 5627 521
5846 2150 406
5847 2153 292
5848 5150 476
5849 0 -1
5850 3850 435
5851 4839 359
5852 2041 375
5853 1787 405
5854 970 458
5855 3686 437
5856 596 459
5857 5619 482
5858 3033 616
5859 3459 388
5860 3492 485
5861 3506 486
5862 2845 451
5863 2125 451
5864 2074 424
5865 6173 479
5866 2595 502
5867 6284 488
5868 5992 399
5869 4804 435
5870 5652 389
5871 6577 379
5872 5165 510
5873 3579 296
5874 0 -1
5875 1658 396
5876 5835 323
5877 2884 392
5878 2094 423
5879 6333 471
5880 6544 521
5881 812 395
5882 6565 304
5883 5395 380
5884 565 424
5885 2593 341
5886 6396 291
5887 3957 423
5888 1276 440
5889 3966 370
5890 3072 382
5891 1108 502
5892 1634 557
5893 1459 386
5894 0 -1
5895 3057 332
5896 5356 523
5897 5521 369
5898 648 317
5899 567 422
5900 1833 508
5901 1403 520
5902 1296 408
5903 4656 536
5904 6217 400
5905 2448 321
5906 1133 391
5907 3321 430
5908 2147 498
5909 1070 409
5910 4344 340
5911 3948 463
5912 4016 403
5913 4553 469
5914 3932 509
5915 5081 418
5916 749 358
5917 2805 441
5918 0 -1
5919 5881 407
5920 4335 463
5921 6538 613
5922 2460 318
5923 1744 418
5924 2094 428
5925 4887 463
5926 297 351
5927 729 466
5928 526 422
5929 1293 332
5930 302 545
5931 4665 609
5932 2864 298
5933 3325 470
5934 2225 420
5935 1755 349
5936 4285 464
5937 3778 391
5938 1276 435
5939 4633 394
5940 5701 521
5941 1169 386
5942 4562 581
5943 0 -1
5944 6460 307
5945 5957 443
5946 3668 459
5947 5350 360
5948 1435 507
5949 3767 536
5950 1260 414
5951 3077 391
5952 1353 432
5953 3504 470
5954 3666 375
5955 2556 559
5956 4222 301
5957 1680 370
5958 0 -1
5959 3310 430
5960 2410 477
5961 0 -1
5962 3720 396
5963 0 -1
5964 5910 355
5965 3355 495
5966 2350 395
5967 3611 330
5968 3407 580
5969 1334 360
5970 577 404
5971 4410 474
5972 2396 430
5973 6252 553
5974 2228 624
5975 5160 490
5976 4069 571
5977 2208 592
5978 5033 446
5979 2286 466
5980 1646 475
5981 3840 343
5982 6029 438
5983 0 -1
5984 1692 456
5985 0 -1
5986 0 -1
5987 0 -1
5988 0 -1
5989 1871 372
5990 466 447
5991 2444 549
5992 78 339
5993 599 488
5994 4109 451
5995 1048 412
5996 6107 439
5997 970 392
5998 1220 394
5999 2561 374
6000 175 554
6001 2159 418
6002 60 449
6003 5919 421
6004 4814 561
6005 2793 391
6006 3946 423
6007 1276 372
6008 4807 413
6009 5740 430
6010 666 516
6011 2255 351
6012 4291 460
6013 1875 354
6014 306 425
6015 4261 377
6016 5102 377
6017 4460 460
6018 2956 549
6019 1827 333
6020 4181 404
6021 1927 478
6022 2254 414
6023 3587 307
6024 1372 455
6025 2813 513
6026 3708 433
6027 4119 573
6028 822 448
6029 2097 354
6030 2986 522
6031 4892 412
6032 734 374
6033 3625 458
6034 5157 292
6035 1228 444
6036 1729 450
6037 4244 393
6038 0 -1
6039 4078 415
6040 3322 269
6041 2414 403
6042 2 115
6043 5669 325
6044 588 448
6045 2602 484
6046 0 -1
6047 2481 470
6048 3425 303
6049 5886 344
6050 4195 374
6051 6019 335
6052 4581 336
6053 5347 297
6054 2926 400
6055 6032 491
6056 301 420
6057 0 -1
6058 1495 419
6059 2774 433
6060 639 567
6061 2202 406
6062 4146 472
6063 283 447
6064 4649 452
6065 4393 534
6066 4504 455
6067 216 438
6068 3228 407
6069 4281 338
6070 3844 418
6071 5019 330
6072 6580 461
6073 1585 524
6074 3986 348
6075 6512 373
6076 6239 409
6077 0 -1
6078 6395 434
6079 2786 607
6080 5834 445
6081 2189 417
6082 3975 383
6083 663 365
6084 1427 489
6085 0 -1
6086 5808 434
6087 4669 384
6088 147 394
6089 787 412
6090 3279 396
6091 1572 434
6092 0 -1
6093 1787 415
6094 1536 412
6095 5453 459
6096 86 332
6097 3165 589
6098 3022 260
6099 836 527
6100 2156 356
6101 5772 450
6102 4803 478
6103 4315 397
6104 4703 472
6105 5378 500
6106 4459 451
6107 2785 374
6108 2774 385
6109 66 471
6110 5836 390
6111 2642 504
6112 6058 432
6113 5256 471
6114 1148 409
6115 5662 535
6116 1596 537
6117 3894 388
6118 6477 536
6119 2620 400
6120 5665 335
6121 1336 437
6122 0 -1
6123 2035 375
6124 0 -1
6125 3322 267
6126 1073 524
6127 5552 487
6128 5028 429
6129 4252 416
6130 3459 351
6131 4103 520
6132 5959 529
6133 6510 370
6134 1400 595
6135 0 -1
6136 2859 383
6137 3735 334
6138 3839 399
6139 2315 477
6140 3772 423
6141 604 466
6142 5027 476
6143 4343 292
6144 2690 284
6145 5033 394
6146 1928 491
6147 3581 360
6148 3806 462
6149 4101 359
6150 839 376
6151 2302 473
6152 5115 411
6153 4721 462
6154 0 -1
6155 4062 397
6156 0 -1
6157 516 420
6158 1068 403
6159 4331 496
6160 4942 204
6161 4766 393
6162 3855 403
6163 6291 278
6164 5947 366
6165 1505 320
6166 2804 497
6167 2364 512
6168 660 570
6169 3681 430
6170 3277 538
6171 1693 391
6172 5065 394
6173 2114 401
6174 4217 440
6175 2305 415
6176 5229 412
6177 5027 421
6178 5810 408
6179 1358 467
6180 4907 402
6181 1115 472
6182 0 -1
6183 4663 475
6184 2896 371
6185 3770 579
6186 2295 518
6187 5385 547
6188 768 442
6189 3234 358
6190 1745 391
6191 2158 568
6192 2417 265
6193 2400 440
6194 4265 427
6195 1437 522
6196 2106 337
6197 2827 474
6198 0 -1
6199 532 444
6200 1272 391
6201 3515 465
6202 1026 475
6203 6098 337
6204 5302 360
6205 1827 388
6206 470 298
6207 3437 405
6208 5465 537
6209 3692 462
6210 0 -1
6211 4889 452
6212 4351 377
6213 4480 420
6214 5907 519
6215 2448 351
6216 162 526
6217 3898 328
6218 5904 454
6219 3450 444
6220 0 -1
6221 1170 431
6222 4241 342
6223 6045 549
6224 4691 378
6225 4191 412
6226 5859 398
6227 2146 548
6228 1385 321
6229 3056 379
6230 2775 440
6231 5559 246
6232 3226 350
6233 421 342
6234 0 -1
6235 1244 450
6236 5935 352
6237 2930 455
6238 0 -1
6239 3540 365
6240 2205 421
6241 4223 304
6242 1924 370
6243 3018 418
6244 3750 448
6245 5838 294
6246 4743 504
6247 5221 486
6248 72 463
6249 5887 513
6250 1762 347
6251 3522 455
6252 3134 489
6253 4994 323
6254 4832 450
6255 4018 424
6256 5799 442
6257 6597 427
6258 5318 302
6259 3677 416
6260 4457 490
6261 2016 418
6262 6466 417
6263 0 -1
6264 6193 440
6265 181 425
6266 1632 478
6267 3153 456
6268 431 464
6269 2739 295
6270 3798 385
6271 1817 310
6272 5786 466
6273 638 364
6274 3251 427
6275 0 -1
6276 1500 483
6277 6242 439
6278 213 379
6279 1478 525
6280 1271 414
6281 4149 475
6282 2356 356
6283 1448 419
6284 839 437
6285 1961 487
6286 1786 540
6287 6485 389
6288 2902 467
6289 3044 402
6290 5681 445
6291 5817 254
6292 0 -1
6293 3076 496
6294 4840 371
6295 4578 320
6296 2068 403
6297 844 321
6298 3394 506
6299 2361 439
6300 5588 473
6301 4570 290
6302 3510 457
6303 5115 419
6304 927 518
6305 5731 476
6306 0 -1
6307 4858 378
6308 0 -1
6309 5606 414
6310 2656 372
6311 6440 381
6312 2650 427
6313 5562 514
6314 3644 856
6315 5395 460
6316 2517 399
6317 999 338
6318 6545 339
6319 3415 403
6320 2638 485
6321 777 473
6322 4321 555
6323 4942 305
6324 5499 393
6325 3394 482
6326 5932 368
6327 4295 457
6328 5996 475
6329 5817 238
6330 2528 382
6331 1005 369
6332 2 94
6333 1536 437
6334 4252 423
6335 1404 473
6336 5291 461
6337 3197 494
6338 0 -1
6339 3451 441
6340 1431 499
6341 4307 448
6342 4741 285
6343 6125 327
6344 1794 422
6345 2167 441
6346 2418 450
6347 2547 326
6348 4280 438
6349 767 412
6350 4752 420
6351 5810 427
6352 4013 483
6353 110 463
6354 410 293
6355 362 552
6356 1781 596
6357 0 -1
6358 1278 444
6359 2188 477
6360 2400 377
6361 2788 412
6362 4824 375
6363 6565 273
6364 2115 514
6365 1071 430
6366 5033 483
6367 263 364
6368 4371 508
6369 696 426
6370 0 -1
6371 4000 663
6372 356 475
6373 2886 494
6374 4186 484
6375 3449 472
6376 4302 594
6377 6542 562
6378 870 400
6379 3525 469
6380 6023 346
6381 0 -1
6382 122 414
6383 5063 308
6384 1186 544
6385 5111 510
6386 1830 443
6387 5109 517
6388 4798 390
6389 1175 348
6390 3974 499
6391 3063 355
6392 2103 363
6393 4553 361
6394 3344 483
6395 6557 401
6396 2776 201
6397 6578 549
6398 5407 526
6399 2489 387
6400 0 -1
6401 969 539
6402 3671 417
6403 5034 517
6404 210 427
6405 6519 478
6406 3398 464
6407 3928 483
6408 1550 367
6409 4719 477
6410 2700 467
6411 4707 424
6412 483 556
6413 4596 393
6414 0 -1
6415 0 -1
6416 2440 387
6417 3380 418
6418 0 -1
6419 2741 277
6420 4582 371
6421 5572 452
6422 1468 481
6423 0 -1
6424 3813 487
6425 0 -1
6426 4700 442
6427 5642 337
6428 0 -1
6429 6108 422
6430 1601 426
6431 4580 516
6432 1060 506
6433 6557 491
6434 949 229
6435 6043 351
6436 4728 487
6437 4933 465
6438 1405 446
6439 2466 387
6440 3666 376
6441 2325 302
6442 2588 422
6443 6511 543
6444 6429 468
6445 3898 403
6446 3554 532
6447 3549 417
6448 76 437
6449 1465 473
6450 4838 431
6451 3478 387
6452 3364 370
6453 0 -1
6454 1538 412
6455 76 461
6456 3729 365
6457 1825 405
6458 2640 427
6459 4537 425
6460 4021 288
6461 3078 457
6462 5107 479
6463 6420 405
6464 4226 535
6465 4021 303
6466 4452 359
6467 2144 399
6468 6158 473
6469 5174 550
6470 6207 446
6471 6143 333
6472 0 -1
6473 2566 537
6474 6475 458
6475 3971 416
6476 4994 377
6477 563 421
6478 142 429
6479 4446 450
6480 1974 351
6481 2640 471
6482 1408 391
6483 3418 481
6484 3576 427
6485 2417 316
6486 2266 566
6487 925 467
6488 5123 391
6489 589 349
6490 3625 441
6491 6551 487
6492 3546 464
6493 4182 404
6494 1658 450
6495 1142 452
6496 3265 394
6497 1631 594
6498 1667 451
6499 3207 558
6500 2985 354
6501 5768 465
6502 1796 568
6503 6265 476
6504 3449 444
6505 1952 358
6506 5033 432
6507 6242 382
6508 557 408
6509 6378 450
6510 2323 318
6511 161 454
6512 4748 276
6513 6458 466
6514 0 -1
6515 4887 464
6516 5085 519
6517 1352 482
6518 3632 410
6519 4993 450
6520 5369 526
6521 4938 693
6522 857 548
6523 6476 386
6524 5256 415
6525 1248 530
6526 2764 370
6527 1283 496
6528 2529 475
6529 1834 471
6530 2752 487
6531 4391 285
6532 359 504
6533 5496 534
6534 3921 496
6535 1968 396
6536 3343 412
6537 3109 465
6538 4597 555
6539 4581 417
6540 3673 521
6541 1358 452
6542 1108 495
6543 3494 391
6544 3708 515
6545 2864 288
6546 1124 465
6547 2176 413
6548 1537 467
6549 2193 390
6550 4918 358
6551 4807 443
6552 3681 479
6553 6231 289
6554 4479 414
6555 5700 478
6556 4303 422
6557 2168 384
6558 5627 526
6559 1079 417
6560 3342 407
6561 6531 342
6562 3799 470
6563 4437 453
6564 2772 526
6565 6160 243
6566 757 480
6567 2805 350
6568 3943 380
6569 2467 459
6570 4867 442
6571 657 503
6572 3167 352
6573 6222 408
6574 255 402
6575 2724 422
6576 4909 440
6577 4343 329
6578 6438 519
6579 432 450
6580 3662 418
6581 2559 449
6582 0 -1
6583 0 -1
6584 3120 497
6585 1343 489
6586 122 444
6587 2813 411
6588 877 392
6589 268 435
6590 5428 365
6591 3543 464
6592 1357 437
6593 0 -1
6594 4391 306
6595 2103 354
6596 5100 498
6597 644 409
6598 3508 159
6599 3898 422
6600 18 473
