7
1 0 -1
2 3470 536
3 0 -1
4 6032 412
5 5624 353
6 0 -1
7 7 0
8 378 376
9 5184 352
10 3773 414
11 6527 435
12 0 -1
13 1569 340
14 1754 247
15 4420 363
16 1402 499
17 6475 295
18 2640 339
19 5431 432
20 414 363
21 45 337
22 5484 338
23 1293 468
24 2859 338
25 151 471
26 4645 455
27 5499 363
28 5025 375
29 4855 464
30 6534 482
31 0 -1
32 116 426
33 5737 397
34 1486 389
35 3484 504
36 2248 411
37 5142 300
38 5902 446
39 4330 421
40 3846 400
41 3369 437
42 4247 394
43 558 402
44 1206 423
45 1283 334
46 134 409
47 1617 649
48 6114 329
49 4119 494
50 3169 469
51 3112 337
52 6208 405
53 2271 298
54 3342 446
55 3324 500
56 4057 346
57 5984 309
58 0 -1
59 1504 321
60 6134 398
61 2535 391
62 2317 334
63 293 336
64 4824 545
65 3515 484
66 1882 393
67 5642 346
68 0 -1
69 3382 358
70 5805 350
71 906 420
72 3826 438
73 6377 549
74 1053 176
75 4233 411
76 6051 255
77 5142 296
78 410 396
79 3598 175
80 4228 379
81 2602 430
82 5839 287
83 101 365
84 2074 368
85 4959 205
86 2358 334
87 4286 382
88 3510 359
89 5345 413
90 20 373
91 227 470
92 0 -1
93 4281 385
94 1782 408
95 4565 396
96 3850 360
97 3520 266
98 1126 507
99 6196 324
100 5871 348
101 2064 364
102 4115 440
103 142 401
104 2593 344
105 4525 305
106 1292 325
107 5962 257
108 3221 334
109 4926 425
110 1247 404
111 6464 452
112 1259 460
113 2085 259
114 2851 358
115 2537 525
116 1035 421
117 939 427
118 786 343
119 4672 371
120 3289 674
121 3867 511
122 7 100
123 99 366
124 0 -1
125 3014 315
126 4100 351
127 2577 406
128 1016 357
129 5545 503
130 48 426
131 5783 312
132 3617 412
133 2118 398
134 3709 391
135 1253 367
136 6091 353
137 1166 446
138 0 -1
139 3453 406
140 2701 463
141 2157 208
142 4261 378
143 5953 436
144 60 419
145 6021 359
146 3013 389
147 3003 337
148 2279 395
149 5062 547
150 521 421
151 4836 380
152 528 511
153 4042 378
154 5767 449
155 5998 400
156 1277 425
157 0 -1
158 3497 387
159 4421 549
160 2375 375
161 1968 338
162 1900 404
163 5715 332
164 5680 474
165 0 -1
166 2602 419
167 832 366
168 293 363
169 1227 392
170 1054 354
171 0 -1
172 849 375
173 3080 299
174 4548 353
175 4084 435
176 1059 454
177 3570 464
178 3798 388
179 1069 189
180 6137 264
181 4693 374
182 652 326
183 2409 382
184 3594 448
185 3472 388
186 418 463
187 6334 294
188 6361 356
189 2756 458
190 0 -1
191 1933 344
192 6093 395
193 5361 307
194 2287 366
195 0 -1
196 5671 276
197 1323 563
198 6041 379
199 3641 277
200 1522 401
201 3771 473
202 4185 377
203 2941 296
204 4290 359
205 284 444
206 1705 283
207 211 400
208 4526 380
209 6266 430
210 3676 303
211 6278 327
212 0 -1
213 4182 274
214 6566 463
215 4510 284
216 1704 473
217 1451 458
218 3897 397
219 1249 213
220 5591 385
221 4765 244
222 4360 346
223 5224 437
224 0 -1
225 0 -1
226 1302 535
227 4125 365
228 2043 379
229 4405 340
230 4186 382
231 5330 332
232 2567 349
233 2397 529
234 3256 351
235 6099 613
236 2186 252
237 0 -1
238 4060 409
239 1849 390
240 4806 374
241 1647 341
242 0 -1
243 18 390
244 1307 427
245 3014 296
246 842 321
247 2259 379
248 2772 340
249 870 472
250 1338 435
251 3498 414
252 1086 415
253 0 -1
254 615 433
255 5540 382
256 2485 418
257 4046 239
258 3244 440
259 0 -1
260 3699 455
261 414 328
262 3972 368
263 2244 409
264 1530 319
265 147 378
266 2692 370
267 6014 443
268 4621 371
269 2281 359
270 3080 404
271 3932 383
272 1056 454
273 3181 480
274 3012 429
275 5440 410
276 4203 363
277 0 -1
278 6134 351
279 5540 365
280 5321 474
281 925 423
282 1878 291
283 1809 381
284 1289 348
285 5697 550
286 1377 450
287 0 -1
288 3822 342
289 683 402
290 93 401
291 2803 337
292 4920 476
293 4964 299
294 665 411
295 0 -1
296 1667 330
297 1784 372
298 5768 417
299 6048 146
300 3367 624
301 1959 359
302 5101 310
303 3641 370
304 461 499
305 4915 330
306 4294 314
307 5971 413
308 2137 320
309 3960 447
310 0 -1
311 4179 466
312 3009 311
313 2778 513
314 3661 345
315 5059 408
316 5738 329
317 6137 271
318 2066 398
319 0 -1
320 6055 500
321 482 180
322 2606 373
323 5696 351
324 5061 410
325 4668 281
326 5323 263
327 3121 441
328 5225 397
329 6176 329
330 0 -1
331 5438 423
332 1088 411
333 3456 484
334 3691 323
335 2752 333
336 4224 351
337 5262 423
338 418 408
339 2503 477
340 3115 403
341 2582 508
342 1659 346
343 5570 400
344 1165 280
345 4640 226
346 4126 350
347 6267 343
348 2550 398
349 2514 510
350 1201 357
351 530 329
352 2547 435
353 3467 481
354 2839 422
355 4762 144
356 982 360
357 5805 347
358 0 -1
359 3237 400
360 2852 460
361 2045 462
362 308 401
363 6168 541
364 2613 363
365 252 420
366 1935 384
367 1070 314
368 4173 449
369 6243 380
370 1172 379
371 1970 417
372 4773 445
373 491 326
374 2677 307
375 5577 320
376 2766 461
377 3176 508
378 1469 306
379 4793 391
380 0 -1
381 1740 477
382 1413 434
383 664 499
384 5025 376
385 5144 352
386 5077 342
387 2346 495
388 374 398
389 1848 274
390 1439 368
391 684 501
392 0 -1
393 2343 351
394 769 411
395 4133 400
396 5343 503
397 984 338
398 5086 459
399 2653 449
400 0 -1
401 4441 440
402 1619 416
403 1114 427
404 2057 376
405 5798 586
406 3682 392
407 897 412
408 3189 296
409 6373 370
410 3947 293
411 6363 209
412 3204 378
413 301 410
414 3764 277
415 1885 370
416 469 311
417 653 213
418 180 383
419 5036 354
420 3347 380
421 2681 372
422 4658 186
423 5287 346
424 3374 363
425 19 450
426 793 369
427 4384 451
428 6257 439
429 6016 400
430 569 458
431 3926 423
432 749 399
433 4051 280
434 1918 374
435 1972 413
436 1247 409
437 1660 348
438 3288 397
439 2858 496
440 1722 375
441 3851 505
442 1530 294
443 5577 317
444 4924 514
445 23 497
446 39 432
447 3498 332
448 4937 353
449 2425 368
450 4940 545
451 0 -1
452 1960 416
453 766 525
454 739 416
455 5837 372
456 1732 364
457 4804 463
458 1940 354
459 5196 363
460 4726 371
461 2895 391
462 1647 403
463 5363 387
464 4671 515
465 4332 332
466 5952 305
467 2018 377
468 2907 262
469 3086 260
470 97 278
471 3224 324
472 807 437
473 6273 352
474 2757 332
475 2745 371
476 6580 412
477 456 463
478 41 467
479 3382 255
480 5678 381
481 6368 569
482 5005 172
483 583 431
484 4770 570
485 2168 405
486 4968 369
487 2376 397
488 2461 440
489 2716 353
490 5544 213
491 1427 303
492 1803 461
493 164 509
494 5839 318
495 654 344
496 2208 413
497 4695 350
498 5399 414
499 0 -1
500 1267 409
501 0 -1
502 5957 418
503 3255 308
504 6463 464
505 4219 394
506 4104 420
507 3587 404
508 4998 560
509 474 428
510 5962 288
511 2395 468
512 4889 308
513 1249 252
514 2110 348
515 1875 449
516 79 193
517 6129 262
518 5157 365
519 3175 371
520 2003 457
521 3819 419
522 4962 404
523 940 341
524 4589 387
525 0 -1
526 1583 411
527 4135 417
528 3323 494
529 1933 312
530 1741 329
531 4597 474
532 93 399
533 4491 434
534 0 -1
535 2796 369
536 652 342
537 606 364
538 2693 444
539 6114 301
540 3347 433
541 5975 494
542 5904 478
543 4539 386
544 2491 360
545 6594 476
546 2281 383
547 6365 446
548 5259 402
549 0 -1
550 6373 424
551 5135 362
552 629 289
553 4448 444
554 3196 461
555 3412 279
556 667 342
557 1235 312
558 1997 397
559 5275 387
560 0 -1
561 6457 406
562 3201 255
563 2930 427
564 3655 278
565 2694 406
566 1158 244
567 5561 298
568 114 395
569 5512 423
570 4869 401
571 0 -1
572 1536 369
573 1797 674
574 6188 464
575 4580 303
576 3880 493
577 4800 505
578 2480 341
579 3226 385
580 4911 348
581 1960 461
582 447 419
583 6369 429
584 5088 406
585 1258 382
586 2893 621
587 4700 330
588 1409 290
589 630 450
590 3066 354
591 756 509
592 1153 422
593 513 256
594 4446 289
595 4989 173
596 4406 447
597 1589 360
598 1644 364
599 126 353
600 0 -1
601 5458 497
602 1847 369
603 2843 375
604 6134 324
605 3227 329
606 1786 339
607 2965 538
608 1194 151
609 2823 299
610 0 -1
611 4910 383
612 5838 340
613 5378 455
614 2506 346
615 5166 348
616 5825 412
617 3360 408
618 0 -1
619 2944 421
620 3431 271
621 4399 413
622 4353 393
623 0 -1
624 5438 425
625 1442 344
626 3189 319
627 6161 420
628 4554 399
629 85 226
630 3784 332
631 2286 271
632 850 484
633 2847 367
634 4816 483
635 1889 291
636 4698 411
637 5850 305
638 1560 284
639 906 494
640 5632 424
641 5516 311
642 3603 385
643 569 426
644 2138 325
645 0 -1
646 6211 356
647 2157 155
648 5063 304
649 0 -1
650 6309 422
651 682 503
652 321 279
653 1466 207
654 1691 314
655 0 -1
656 1927 296
657 5236 429
658 2484 428
659 3898 407
660 1584 463
661 5462 474
662 2409 381
663 1677 409
664 4393 460
665 6523 310
666 6014 397
667 3234 313
668 2210 503
669 5053 409
670 2449 380
671 4514 472
672 5751 406
673 1482 422
674 6230 306
675 674 356
676 503 401
677 3541 349
678 3153 354
679 6289 451
680 1974 392
681 401 459
682 2048 411
683 2899 337
684 3156 396
685 2698 384
686 5246 326
687 3366 404
688 4760 557
689 4051 292
690 1548 272
691 151 394
692 1576 336
693 3261 462
694 3512 351
695 241 402
696 6217 342
697 1377 373
698 4097 379
699 6216 456
700 1379 464
701 914 500
702 2614 449
703 3019 395
704 4346 363
705 2506 332
706 3201 302
707 141 322
708 4222 596
709 3106 322
710 724 596
711 4136 520
712 2576 444
713 288 382
714 4581 417
715 3432 350
716 5231 419
717 5568 493
718 1548 243
719 5269 379
720 0 -1
721 2642 466
722 5455 371
723 4226 322
724 361 507
725 302 364
726 5499 356
727 937 261
728 4352 405
729 3290 400
730 1018 345
731 2427 366
732 140 466
733 4554 407
734 4235 455
735 5875 394
736 2101 366
737 5657 443
738 5187 335
739 4798 321
740 5280 349
741 1007 460
742 2323 423
743 6232 417
744 6500 366
745 6157 365
746 3690 463
747 2406 477
748 5093 465
749 1313 343
750 4348 321
751 6144 342
752 6559 301
753 1136 577
754 5167 508
755 999 354
756 3532 456
757 2308 423
758 3898 335
759 3407 410
760 1292 316
761 1409 356
762 1889 374
763 1836 252
764 1002 469
765 6114 241
766 2236 418
767 5768 368
768 4553 411
769 3086 299
770 1258 389
771 3939 314
772 2080 492
773 2694 320
774 3215 442
775 6464 487
776 6366 385
777 3055 376
778 2035 444
779 1715 407
780 4994 347
781 3393 357
782 4094 472
783 3002 496
784 413 410
785 5258 438
786 325 335
787 3498 315
788 6270 435
789 0 -1
790 2747 345
791 1288 337
792 6217 408
793 6448 317
794 2642 409
795 2862 325
796 1597 601
797 6365 526
798 1339 500
799 4529 212
800 1999 455
801 3307 480
802 4806 342
803 0 -1
804 3109 394
805 345 227
806 1295 475
807 2267 369
808 1986 376
809 3965 554
810 0 -1
811 852 596
812 706 379
813 5728 399
814 3154 471
815 0 -1
816 1584 493
817 6243 480
818 476 504
819 0 -1
820 0 -1
821 2883 418
822 4442 419
823 923 518
824 641 358
825 4663 537
826 4222 538
827 513 285
828 5493 419
829 3083 551
830 4928 351
831 1103 514
832 4482 293
833 4830 455
834 5656 266
835 6218 446
836 558 403
837 6314 729
838 4985 452
839 5302 421
840 266 376
841 1363 402
842 5834 316
843 1235 302
844 2803 289
845 6265 334
846 510 406
847 937 323
848 1404 410
849 6334 298
850 2706 423
851 1484 486
852 2320 496
853 4878 289
854 3459 243
855 5577 330
856 1574 483
857 2840 389
858 999 323
859 1372 368
860 6017 345
861 2668 425
862 0 -1
863 4159 265
864 5952 293
865 5428 313
866 2731 387
867 668 519
868 653 323
869 6133 452
870 5499 404
871 6113 453
872 0 -1
873 4834 414
874 2561 207
875 3208 422
876 4435 436
877 2785 416
878 6311 423
879 4876 437
880 200 409
881 6296 452
882 3365 474
883 0 -1
884 5400 312
885 1526 391
886 113 364
887 312 408
888 881 495
889 5670 419
890 1712 377
891 1268 442
892 2859 390
893 2676 315
894 1709 460
895 1339 417
896 5738 350
897 423 404
898 5598 387
899 1890 528
900 1383 452
901 2691 391
902 3530 487
903 5853 401
904 5950 438
905 2625 395
906 4758 388
907 537 370
908 3632 482
909 1750 362
910 5993 383
911 2042 409
912 1077 366
913 2316 435
914 419 412
915 3855 390
916 1368 373
917 3512 387
918 1822 460
919 4963 472
920 4512 375
921 6312 470
922 2466 347
923 406 424
924 378 423
925 1880 383
926 2817 368
927 5321 503
928 1205 486
929 4608 729
930 4787 362
931 76 285
932 1015 295
933 1733 313
934 2529 406
935 0 -1
936 6194 379
937 3937 242
938 5173 465
939 968 376
940 5530 340
941 5596 327
942 1343 371
943 247 427
944 4062 375
945 2106 363
946 1040 444
947 5331 378
948 0 -1
949 3508 412
950 2147 423
951 4173 431
952 1158 244
953 3737 396
954 4923 439
955 2947 428
956 1038 476
957 2205 413
958 6072 362
959 4963 455
960 4523 392
961 0 -1
962 2281 272
963 4457 393
964 0 -1
965 1877 450
966 6503 395
967 3121 358
968 594 376
969 1140 554
970 1249 270
971 4310 388
972 864 318
973 3950 283
974 5097 363
975 5449 458
976 3422 394
977 2899 346
978 0 -1
979 2378 419
980 6102 411
981 0 -1
982 2611 242
983 2694 309
984 6438 288
985 770 457
986 5263 528
987 564 325
988 4679 398
989 4889 350
990 4107 397
991 1972 402
992 0 -1
993 0 -1
994 968 444
995 5338 472
996 2439 440
997 5373 321
998 2002 326
999 3204 315
1000 2891 374
1001 42 503
1002 3300 402
1003 3244 451
1004 1535 373
1005 2091 424
1006 2491 420
1007 1909 434
1008 41 487
1009 5383 451
1010 0 -1
1011 0 -1
1012 3123 510
1013 677 364
1014 1608 457
1015 4522 256
1016 5558 318
1017 2122 358
1018 1183 313
1019 2353 491
1020 4548 368
1021 1622 334
1022 5151 387
1023 196 387
1024 1299 337
1025 4383 393
1026 2106 376
1027 4581 425
1028 1893 376
1029 1413 391
1030 3969 394
1031 2464 470
1032 2112 402
1033 4821 426
1034 1246 511
1035 3458 338
1036 5011 403
1037 5123 386
1038 2605 356
1039 5139 427
1040 3250 362
1041 2081 575
1042 4756 462
1043 5169 352
1044 910 463
1045 5619 446
1046 230 502
1047 0 -1
1048 6253 347
1049 6180 440
1050 2127 427
1051 2267 430
1052 5198 419
1053 122 154
1054 3917 322
1055 1974 426
1056 1509 446
1057 1329 352
1058 522 418
1059 561 414
1060 5174 434
1061 2074 387
1062 3917 324
1063 5969 424
1064 3327 399
1065 2950 380
1066 4938 478
1067 0 -1
1068 692 384
1069 4903 145
1070 5675 300
1071 5163 439
1072 4510 280
1073 4392 332
1074 176 532
1075 2655 475
1076 132 471
1077 5131 352
1078 5933 379
1079 2002 410
1080 147 347
1081 101 452
1082 5447 304
1083 1442 336
1084 1101 219
1085 0 -1
1086 2184 345
1087 0 -1
1088 4416 354
1089 0 -1
1090 3520 276
1091 0 -1
1092 3693 367
1093 893 372
1094 4830 378
1095 4322 420
1096 3180 337
1097 6591 402
1098 4264 438
1099 3057 393
1100 3544 532
1101 1053 200
1102 3802 350
1103 709 412
1104 4158 467
1105 2053 486
1106 4613 407
1107 0 -1
1108 2117 420
1109 4515 471
1110 4361 426
1111 4258 415
1112 4912 447
1113 1289 285
1114 3228 397
1115 3437 431
1116 0 -1
1117 2325 389
1118 4809 576
1119 3929 333
1120 5062 512
1121 977 413
1122 912 373
1123 3154 427
1124 5305 303
1125 3811 321
1126 1896 465
1127 2500 400
1128 1313 337
1129 1709 460
1130 3425 205
1131 4913 298
1132 3096 448
1133 536 357
1134 5308 414
1135 914 453
1136 4336 480
1137 0 -1
1138 2941 311
1139 4420 394
1140 1583 528
1141 2175 416
1142 4292 311
1143 3608 404
1144 1218 355
1145 48 411
1146 0 -1
1147 2673 447
1148 299 202
1149 4422 452
1150 963 509
1151 5207 617
1152 4899 498
1153 4510 323
1154 2856 408
1155 417 314
1156 621 513
1157 0 -1
1158 1069 151
1159 1783 233
1160 5949 526
1161 5336 380
1162 5736 436
1163 4281 345
1164 2417 382
1165 85 262
1166 4896 350
1167 4596 335
1168 5847 342
1169 2063 516
1170 5327 434
1171 5525 457
1172 5451 311
1173 4967 423
1174 5699 414
1175 1354 344
1176 473 399
1177 2799 350
1178 4767 436
1179 1344 465
1180 4314 268
1181 1144 386
1182 2095 375
1183 236 282
1184 2990 537
1185 4339 372
1186 1659 367
1187 325 316
1188 275 478
1189 3258 436
1190 3158 531
1191 3128 342
1192 1582 363
1193 6555 340
1194 4989 136
1195 2254 456
1196 6066 394
1197 4831 329
1198 349 555
1199 3953 339
1200 1045 469
1201 1848 317
1202 1288 276
1203 4667 574
1204 4294 284
1205 5088 453
1206 865 380
1207 6225 271
1208 5003 328
1209 4560 363
1210 6114 247
1211 6493 328
1212 6329 354
1213 5214 166
1214 2683 371
1215 19 500
1216 3926 519
1217 3527 666
1218 609 350
1219 6530 447
1220 3080 298
1221 1560 374
1222 107 349
1223 6366 386
1224 3022 347
1225 2833 419
1226 1897 351
1227 261 330
1228 6076 309
1229 3247 394
1230 6078 368
1231 0 -1
1232 3521 452
1233 0 -1
1234 5934 429
1235 221 291
1236 2791 292
1237 3475 407
1238 4218 387
1239 1856 391
1240 2985 399
1241 780 396
1242 4332 361
1243 6439 404
1244 355 153
1245 0 -1
1246 4316 484
1247 3192 347
1248 5709 459
1249 6363 208
1250 1483 386
1251 83 418
1252 2556 544
1253 4591 362
1254 3003 331
1255 2839 431
1256 6371 542
1257 5668 380
1258 4476 310
1259 3235 380
1260 5169 340
1261 2403 454
1262 6509 472
1263 5053 428
1264 5225 488
1265 2183 388
1266 2580 473
1267 2111 325
1268 174 400
1269 937 277
1270 3302 430
1271 5330 377
1272 5956 419
1273 1254 335
1274 2880 384
1275 782 539
1276 2803 336
1277 1527 367
1278 4489 233
1279 6121 449
1280 6157 344
1281 1724 465
1282 1655 636
1283 6240 328
1284 1447 398
1285 3764 280
1286 1509 462
1287 2731 431
1288 1692 252
1289 1278 244
1290 1942 436
1291 4368 450
1292 2784 314
1293 6231 404
1294 5877 393
1295 6119 395
1296 2401 380
1297 0 -1
1298 6531 325
1299 1897 297
1300 5853 328
1301 1560 374
1302 2193 443
1303 3440 436
1304 389 311
1305 0 -1
1306 2853 399
1307 6296 411
1308 4762 117
1309 5605 472
1310 4291 422
1311 1495 405
1312 325 359
1313 2297 321
1314 4246 294
1315 581 556
1316 0 -1
1317 3503 361
1318 5632 500
1319 2791 378
1320 1783 279
1321 3992 439
1322 5366 393
1323 186 500
1324 0 -1
1325 2767 507
1326 1405 244
1327 6305 260
1328 5735 564
1329 3651 295
1330 1805 467
1331 4471 433
1332 0 -1
1333 494 408
1334 90 381
1335 1308 144
1336 4554 366
1337 863 377
1338 3782 420
1339 1228 414
1340 741 501
1341 912 371
1342 1525 299
1343 17 338
1344 5031 402
1345 5627 447
1346 6508 348
1347 6547 363
1348 5681 395
1349 3534 524
1350 3995 366
1351 6006 438
1352 5277 424
1353 1968 362
1354 3092 330
1355 5755 419
1356 2016 508
1357 3119 373
1358 3721 373
1359 0 -1
1360 1372 333
1361 4482 393
1362 3640 558
1363 1131 308
1364 682 450
1365 2981 449
1366 3445 419
1367 1991 449
1368 4226 346
1369 5956 520
1370 1083 346
1371 1537 446
1372 1576 264
1373 4911 331
1374 4631 486
1375 4939 422
1376 0 -1
1377 3774 346
1378 0 -1
1379 6402 435
1380 0 -1
1381 416 368
1382 4563 540
1383 2813 439
1384 6021 359
1385 470 293
1386 1731 444
1387 3541 323
1388 886 376
1389 6305 327
1390 4444 542
1391 4283 436
1392 1695 328
1393 3561 426
1394 1064 500
1395 1817 268
1396 5360 471
1397 4980 409
1398 1885 430
1399 3939 361
1400 2186 287
1401 1293 414
1402 1066 479
1403 2342 369
1404 3862 393
1405 5214 234
1406 4606 592
1407 1166 382
1408 2726 326
1409 4640 238
1410 6297 318
1411 0 -1
1412 2317 344
1413 2172 318
1414 0 -1
1415 1762 318
1416 6361 359
1417 443 365
1418 763 357
1419 3862 475
1420 3118 407
1421 947 488
1422 0 -1
1423 5352 288
1424 4035 427
1425 3106 405
1426 849 339
1427 1933 289
1428 2645 309
1429 4343 281
1430 355 237
1431 2152 439
1432 5142 339
1433 5619 424
1434 4363 359
1435 5348 439
1436 4596 369
1437 3386 447
1438 0 -1
1439 2500 349
1440 2770 427
1441 884 336
1442 236 327
1443 3888 332
1444 2339 381
1445 6134 347
1446 1632 361
1447 1313 352
1448 3953 346
1449 4286 385
1450 1987 413
1451 3169 420
1452 3169 409
1453 4862 414
1454 4889 382
1455 0 -1
1456 2886 370
1457 3115 404
1458 2794 358
1459 4700 298
1460 2005 549
1461 834 301
1462 709 372
1463 2147 426
1464 1739 368
1465 6273 440
1466 6048 189
1467 3027 587
1468 726 361
1469 219 272
1470 5106 398
1471 3888 358
1472 3044 426
1473 562 258
1474 1850 437
1475 543 420
1476 5531 433
1477 3121 429
1478 4660 299
1479 6470 439
1480 5848 360
1481 187 303
1482 1559 333
1483 5700 356
1484 1937 417
1485 0 -1
1486 2683 380
1487 82 347
1488 3208 418
1489 4896 309
1490 1877 442
1491 2901 374
1492 0 -1
1493 0 -1
1494 0 -1
1495 3005 348
1496 1369 554
1497 4924 507
1498 2208 368
1499 4522 279
1500 1525 386
1501 3148 414
1502 1428 364
1503 3226 323
1504 85 256
1505 5314 371
1506 5154 481
1507 3876 380
1508 173 364
1509 6512 419
1510 4669 413
1511 6255 472
1512 173 325
1513 6459 373
1514 480 447
1515 5366 421
1516 6213 381
1517 4852 473
1518 2560 418
1519 2146 381
1520 0 -1
1521 4974 442
1522 5764 361
1523 0 -1
1524 2518 460
1525 3260 284
1526 5447 304
1527 1260 344
1528 4329 511
1529 2372 402
1530 5178 238
1531 5057 370
1532 4088 459
1533 6010 516
1534 1276 376
1535 3432 329
1536 6379 339
1537 4153 401
1538 2690 342
1539 5761 378
1540 6393 339
1541 4914 449
1542 5856 450
1543 6133 424
1544 3598 173
1545 3950 341
1546 0 -1
1547 1026 394
1548 74 198
1549 370 470
1550 1754 285
1551 6267 362
1552 2059 326
1553 858 379
1554 4042 294
1555 0 -1
1556 2065 305
1557 3800 531
1558 5570 472
1559 4931 305
1560 2645 263
1561 5447 297
1562 5521 464
1563 2406 480
1564 3890 378
1565 0 -1
1566 6492 504
1567 1889 367
1568 0 -1
1569 2677 284
1570 3152 386
1571 4549 314
1572 5756 320
1573 356 386
1574 865 381
1575 4633 452
1576 4182 253
1577 4412 552
1578 3022 299
1579 0 -1
1580 4152 513
1581 2635 555
1582 5698 335
1583 5615 408
1584 4429 417
1585 1208 338
1586 1860 382
1587 2281 300
1588 3614 471
1589 213 296
1590 4565 338
1591 465 352
1592 1917 446
1593 1056 514
1594 2172 342
1595 4416 403
1596 90 478
1597 1601 501
1598 3927 445
1599 6467 439
1600 4836 419
1601 2677 396
1602 1180 383
1603 2344 376
1604 3662 352
1605 6144 328
1606 1204 391
1607 4980 410
1608 4482 344
1609 4255 397
1610 1874 344
1611 0 -1
1612 77 298
1613 4633 373
1614 3643 353
1615 4725 472
1616 1223 469
1617 130 529
1618 5291 364
1619 2480 364
1620 5331 417
1621 468 353
1622 1459 309
1623 3798 464
1624 2425 363
1625 1746 422
1626 2570 454
1627 5238 395
1628 2261 425
1629 5416 464
1630 1516 402
1631 6537 425
1632 4292 333
1633 5870 359
1634 2818 417
1635 3498 351
1636 1726 326
1637 4150 363
1638 2730 480
1639 2115 463
1640 1259 386
1641 6088 360
1642 2729 441
1643 5225 427
1644 3601 322
1645 4994 357
1646 4159 333
1647 6076 331
1648 264 323
1649 0 -1
1650 458 443
1651 4974 337
1652 5225 421
1653 5526 429
1654 846 477
1655 1059 533
1656 3020 369
1657 5297 394
1658 4273 392
1659 1983 318
1660 2784 332
1661 793 324
1662 2090 406
1663 6239 309
1664 449 380
1665 66 470
1666 6561 294
1667 5738 282
1668 1996 433
1669 2774 441
1670 321 243
1671 0 -1
1672 4826 453
1673 3491 319
1674 375 362
1675 1582 377
1676 3420 363
1677 1427 322
1678 2543 360
1679 5077 373
1680 3317 371
1681 4251 396
1682 1807 433
1683 352 435
1684 3038 450
1685 2851 357
1686 5490 406
1687 2772 316
1688 474 419
1689 0 -1
1690 491 364
1691 2157 207
1692 1836 238
1693 1559 347
1694 5116 393
1695 1130 256
1696 1238 481
1697 3815 301
1698 244 498
1699 5933 388
1700 4489 312
1701 1941 444
1702 795 437
1703 1236 386
1704 4409 433
1705 141 254
1706 942 444
1707 6014 370
1708 3196 356
1709 2777 398
1710 595 213
1711 6172 388
1712 2644 318
1713 2309 455
1714 2711 422
1715 5783 300
1716 0 -1
1717 0 -1
1718 5777 395
1719 6066 393
1720 6367 380
1721 3475 374
1722 4346 365
1723 2824 395
1724 6100 424
1725 1719 452
1726 2360 326
1727 5794 315
1728 4481 446
1729 1481 415
1730 2751 380
1731 5163 398
1732 6072 341
1733 4479 208
1734 1925 517
1735 0 -1
1736 66 472
1737 5010 425
1738 6346 379
1739 1860 364
1740 3405 396
1741 1745 298
1742 4687 461
1743 6245 434
1744 2562 283
1745 2971 261
1746 5764 364
1747 0 -1
1748 3598 88
1749 5301 310
1750 2694 320
1751 175 446
1752 3918 437
1753 0 -1
1754 482 183
1755 2417 364
1756 6236 393
1757 5135 323
1758 2056 538
1759 2106 387
1760 4006 395
1761 2082 399
1762 470 293
1763 4224 348
1764 246 344
1765 0 -1
1766 270 492
1767 4254 398
1768 2085 342
1769 4450 464
1770 2474 379
1771 0 -1
1772 0 -1
1773 6176 336
1774 2921 375
1775 137 537
1776 1408 354
1777 6495 405
1778 6165 403
1779 6518 383
1780 3731 385
1781 4034 477
1782 3221 367
1783 355 185
1784 4873 346
1785 1858 281
1786 1405 300
1787 3459 239
1788 1518 421
1789 4754 311
1790 1194 185
1791 1662 439
1792 3194 363
1793 1350 446
1794 5823 462
1795 1745 276
1796 2141 499
1797 4036 638
1798 0 -1
1799 0 -1
1800 0 -1
1801 0 -1
1802 2615 316
1803 1124 343
1804 3087 307
1805 2441 352
1806 6297 368
1807 490 325
1808 698 444
1809 4790 362
1810 4610 403
1811 108 390
1812 2098 269
1813 4394 322
1814 4150 301
1815 3363 319
1816 3049 369
1817 1691 222
1818 2063 514
1819 3158 498
1820 0 -1
1821 5695 450
1822 5065 401
1823 628 472
1824 4098 405
1825 5447 338
1826 4499 436
1827 6512 339
1828 713 436
1829 5701 340
1830 3325 244
1831 5162 439
1832 0 -1
1833 4633 370
1834 6390 403
1835 4966 526
1836 5544 204
1837 136 354
1838 312 397
1839 3293 589
1840 5166 292
1841 5367 614
1842 5208 426
1843 2704 210
1844 0 -1
1845 3128 381
1846 3419 417
1847 2412 316
1848 5965 240
1849 2608 376
1850 5324 401
1851 3600 454
1852 1715 363
1853 614 356
1854 3764 189
1855 593 314
1856 1647 379
1857 1333 471
1858 5999 264
1859 3374 360
1860 5428 356
1861 1278 325
1862 2918 520
1863 828 471
1864 5159 466
1865 2889 408
1866 4425 478
1867 2259 364
1868 1131 334
1869 1885 365
1870 5397 415
1871 3876 308
1872 5109 384
1873 752 362
1874 3064 326
1875 3232 439
1876 0 -1
1877 2114 351
1878 1405 284
1879 3489 240
1880 6080 329
1881 0 -1
1882 6427 308
1883 3326 388
1884 6329 341
1885 4315 357
1886 0 -1
1887 316 351
1888 4003 414
1889 3343 283
1890 3594 411
1891 2045 482
1892 3817 471
1893 3768 358
1894 4499 540
1895 513 360
1896 5128 424
1897 6531 262
1898 2820 336
1899 0 -1
1900 6336 292
1901 1106 449
1902 1153 362
1903 3659 412
1904 3969 378
1905 4094 428
1906 0 -1
1907 799 238
1908 2328 463
1909 6103 352
1910 1035 400
1911 6374 418
1912 4837 401
1913 0 -1
1914 3007 354
1915 2004 369
1916 5905 321
1917 2325 374
1918 293 328
1919 2631 412
1920 636 485
1921 2893 542
1922 1708 379
1923 5156 409
1924 2255 423
1925 3755 414
1926 359 477
1927 1210 282
1928 3774 353
1929 1845 383
1930 1204 370
1931 211 410
1932 1439 386
1933 834 268
1934 3086 290
1935 5984 327
1936 1591 376
1937 4613 412
1938 3414 410
1939 1016 356
1940 4173 342
1941 2236 376
1942 323 386
1943 2436 219
1944 2783 413
1945 3356 473
1946 5385 641
1947 2568 457
1948 2194 481
1949 6467 455
1950 2746 466
1951 2759 365
1952 4910 390
1953 2295 455
1954 4782 364
1955 5542 618
1956 603 455
1957 6136 379
1958 0 -1
1959 3762 357
1960 3942 414
1961 3384 392
1962 5289 438
1963 5447 346
1964 6399 395
1965 0 -1
1966 6482 420
1967 0 -1
1968 4591 333
1969 2231 384
1970 4140 408
1971 5793 579
1972 3971 367
1973 0 -1
1974 53 356
1975 3214 383
1976 1897 326
1977 6103 401
1978 567 315
1979 6043 321
1980 415 394
1981 436 467
1982 0 -1
1983 1372 317
1984 0 -1
1985 1481 318
1986 422 271
1987 1155 344
1988 3188 414
1989 4050 407
1990 495 393
1991 4280 333
1992 2267 397
1993 0 -1
1994 4678 403
1995 4750 329
1996 3596 313
1997 2507 388
1998 4441 433
1999 1000 379
2000 6394 438
2001 0 -1
2002 973 299
2003 1651 388
2004 465 333
2005 3708 486
2006 0 -1
2007 5606 418
2008 1732 346
2009 5611 417
2010 1253 412
2011 0 -1
2012 4797 393
2013 3250 379
2014 5651 400
2015 5072 444
2016 4859 450
2017 1111 438
2018 1288 322
2019 3817 393
2020 5541 573
2021 5417 524
2022 5965 193
2023 871 506
2024 5079 460
2025 487 459
2026 4620 394
2027 6024 392
2028 0 -1
2029 6559 386
2030 0 -1
2031 4004 424
2032 3305 418
2033 2203 444
2034 4471 372
2035 2993 350
2036 0 -1
2037 1304 398
2038 0 -1
2039 3317 372
2040 5530 315
2041 5044 402
2042 1898 350
2043 456 366
2044 2843 417
2045 864 409
2046 4796 352
2047 4006 407
2048 5157 354
2049 0 -1
2050 2417 370
2051 3797 529
2052 2787 375
2053 686 403
2054 1436 431
2055 6129 274
2056 4874 443
2057 2667 308
2058 4547 217
2059 85 305
2060 4798 342
2061 2099 387
2062 4246 325
2063 1739 462
2064 1236 364
2065 647 244
2066 5734 308
2067 4885 431
2068 884 319
2069 4008 389
2070 3628 383
2071 2745 430
2072 417 308
2073 6031 390
2074 4564 364
2075 5126 606
2076 0 -1
2077 2921 360
2078 3400 424
2079 5463 308
2080 5410 398
2081 5760 493
2082 6536 367
2083 6403 463
2084 3149 353
2085 4191 240
2086 6194 370
2087 634 537
2088 5817 393
2089 1323 572
2090 80 405
2091 3235 404
2092 3513 535
2093 3267 341
2094 523 357
2095 1202 360
2096 0 -1
2097 1632 399
2098 1194 181
2099 5070 386
2100 6247 512
2101 1889 301
2102 5731 209
2103 5665 369
2104 396 514
2105 6054 338
2106 1473 272
2107 3842 496
2108 3994 573
2109 4812 409
2110 3431 346
2111 4793 322
2112 1651 345
2113 3132 510
2114 4896 269
2115 1294 435
2116 3155 425
2117 5308 412
2118 6455 383
2119 5140 592
2120 2300 400
2121 5401 581
2122 4697 305
2123 6239 337
2124 2685 476
2125 4568 305
2126 936 403
2127 5516 391
2128 0 -1
2129 848 450
2130 6133 438
2131 2079 411
2132 3281 460
2133 1299 303
2134 4071 425
2135 2940 441
2136 4098 450
2137 4287 280
2138 3351 290
2139 3325 334
2140 6102 438
2141 821 437
2142 764 475
2143 714 446
2144 3789 340
2145 3044 388
2146 5785 360
2147 3473 387
2148 1469 361
2149 4093 464
2150 5729 364
2151 348 487
2152 1088 406
2153 588 337
2154 1576 274
2155 4878 301
2156 865 422
2157 6382 132
2158 4522 307
2159 2312 403
2160 2098 210
2161 4166 386
2162 637 376
2163 2866 468
2164 2784 249
2165 2009 470
2166 2440 333
2167 5065 336
2168 1209 367
2169 0 -1
2170 186 476
2171 5871 414
2172 4226 312
2173 4516 443
2174 738 368
2175 4069 332
2176 4525 274
2177 22 427
2178 640 435
2179 1444 415
2180 3258 475
2181 6054 385
2182 1166 389
2183 316 348
2184 5794 279
2185 2593 298
2186 355 176
2187 3098 431
2188 3263 355
2189 3311 464
2190 6297 365
2191 5199 435
2192 602 434
2193 4 416
2194 3018 453
2195 3641 292
2196 6091 451
2197 0 -1
2198 6212 426
2199 6561 398
2200 170 443
2201 4793 390
2202 3088 422
2203 3049 396
2204 4048 539
2205 4001 379
2206 2024 502
2207 1105 491
2208 1278 342
2209 0 -1
2210 2887 433
2211 6039 272
2212 5650 392
2213 3336 640
2214 3836 391
2215 587 342
2216 1377 447
2217 2748 294
2218 0 -1
2219 2863 419
2220 5329 380
2221 4147 340
2222 5886 434
2223 3889 441
2224 1162 491
2225 108 359
2226 5687 403
2227 2418 334
2228 5104 496
2229 5520 550
2230 0 -1
2231 2602 336
2232 0 -1
2233 848 434
2234 2543 452
2235 5861 538
2236 2906 357
2237 1856 399
2238 4426 353
2239 2729 377
2240 587 347
2241 2176 387
2242 4085 598
2243 1996 351
2244 2325 318
2245 2157 172
2246 2314 456
2247 6110 500
2248 293 363
2249 1405 288
2250 4291 401
2251 0 -1
2252 3502 438
2253 3570 444
2254 1644 383
2255 1884 353
2256 0 -1
2257 3186 519
2258 3641 371
2259 2838 362
2260 6201 529
2261 5755 391
2262 3603 360
2263 0 -1
2264 5536 432
2265 0 -1
2266 4122 456
2267 6435 324
2268 5558 397
2269 5946 546
2270 2465 415
2271 2647 233
2272 3157 334
2273 4539 483
2274 1299 320
2275 5965 303
2276 2704 279
2277 933 410
2278 0 -1
2279 3188 391
2280 4911 407
2281 1544 267
2282 5745 327
2283 0 -1
2284 0 -1
2285 1468 436
2286 1289 259
2287 5465 363
2288 5962 263
2289 0 -1
2290 3450 370
2291 6451 371
2292 0 -1
2293 938 513
2294 4315 355
2295 4752 448
2296 5554 410
2297 5516 311
2298 2631 406
2299 9 404
2300 1622 323
2301 4581 368
2302 4063 407
2303 0 -1
2304 3629 443
2305 2174 406
2306 605 375
2307 4964 244
2308 491 385
2309 706 419
2310 1427 289
2311 1831 440
2312 1874 395
2313 5830 442
2314 4031 447
2315 550 441
2316 6165 427
2317 2500 283
2318 3321 429
2319 1939 396
2320 1914 451
2321 446 492
2322 425 504
2323 2417 338
2324 5561 372
2325 3224 308
2326 3256 310
2327 6371 484
2328 1223 419
2329 566 315
2330 5330 371
2331 4651 399
2332 76 262
2333 4028 371
2334 3918 377
2335 14 340
2336 169 415
2337 983 314
2338 4967 429
2339 2458 324
2340 3282 432
2341 2507 414
2342 1874 334
2343 2615 295
2344 4580 376
2345 2060 346
2346 5339 471
2347 3071 373
2348 681 552
2349 2616 372
2350 5675 340
2351 1418 374
2352 1536 437
2353 5182 411
2354 5536 396
2355 1235 365
2356 6051 190
2357 495 405
2358 648 312
2359 3603 372
2360 5005 258
2361 5156 345
2362 6578 390
2363 3208 448
2364 6113 390
2365 2823 398
2366 33 438
2367 3865 350
2368 6536 328
2369 4686 397
2370 5872 489
2371 5516 387
2372 5186 360
2373 5069 433
2374 807 477
2375 3194 374
2376 3009 301
2377 2724 375
2378 6219 402
2379 580 443
2380 4021 450
2381 0 -1
2382 5950 449
2383 773 396
2384 0 -1
2385 3425 216
2386 3005 320
2387 5482 452
2388 6150 510
2389 5074 380
2390 1484 424
2391 5910 421
2392 1714 444
2393 0 -1
2394 2752 335
2395 3482 372
2396 1731 428
2397 1960 507
2398 0 -1
2399 2936 599
2400 5280 374
2401 5700 379
2402 0 -1
2403 6196 363
2404 0 -1
2405 3974 377
2406 5162 459
2407 6243 431
2408 2940 386
2409 174 355
2410 5510 366
2411 0 -1
2412 1395 272
2413 2819 405
2414 2307 309
2415 0 -1
2416 0 -1
2417 5523 321
2418 805 281
2419 1094 401
2420 6054 314
2421 2337 352
2422 4806 446
2423 1183 306
2424 1036 467
2425 512 324
2426 5010 440
2427 6034 348
2428 2385 279
2429 1707 413
2430 845 392
2431 1697 376
2432 527 439
2433 6241 433
2434 5138 420
2435 1125 331
2436 1691 219
2437 1557 626
2438 135 371
2439 3951 379
2440 4290 321
2441 5669 267
2442 5908 445
2443 3985 461
2444 2816 382
2445 3925 431
2446 3380 451
2447 517 377
2448 470 285
2449 1985 348
2450 6285 474
2451 4255 442
2452 0 -1
2453 2174 377
2454 1859 441
2455 2211 367
2456 1636 337
2457 1512 419
2458 3395 320
2459 5617 458
2460 4442 373
2461 2578 390
2462 627 473
2463 0 -1
2464 6279 402
2465 1186 415
2466 653 251
2467 5771 324
2468 3195 616
2469 5361 226
2470 3348 419
2471 0 -1
2472 4980 366
2473 1501 427
2474 6536 336
2475 1024 455
2476 5978 358
2477 2656 346
2478 4533 262
2479 5421 429
2480 3087 336
2481 2706 388
2482 4317 590
2483 1368 442
2484 780 347
2485 3233 361
2486 1028 464
2487 596 475
2488 4949 404
2489 2985 324
2490 5267 378
2491 5178 314
2492 5141 427
2493 0 -1
2494 2465 535
2495 4804 458
2496 2386 365
2497 2352 496
2498 1986 325
2499 0 -1
2500 5984 283
2501 3997 319
2502 909 479
2503 10 448
2504 4939 402
2505 567 390
2506 4889 320
2507 3099 385
2508 5879 413
2509 1210 349
2510 0 -1
2511 3022 363
2512 98 595
2513 1780 452
2514 34 405
2515 971 450
2516 2915 306
2517 5778 446
2518 2362 414
2519 0 -1
2520 2914 493
2521 5968 459
2522 4241 312
2523 5933 406
2524 147 361
2525 2900 486
2526 3731 348
2527 0 -1
2528 3478 413
2529 6148 336
2530 3600 384
2531 3040 366
2532 1395 334
2533 679 471
2534 983 314
2535 5168 328
2536 5310 426
2537 5459 462
2538 3288 357
2539 5806 398
2540 2085 321
2541 2271 305
2542 4637 430
2543 108 359
2544 0 -1
2545 3098 417
2546 539 414
2547 705 384
2548 1377 384
2549 2774 391
2550 5932 359
2551 0 -1
2552 3977 334
2553 1749 397
2554 2157 237
2555 2693 376
2556 1226 455
2557 6536 290
2558 6360 426
2559 5544 203
2560 4034 402
2561 6048 200
2562 3837 283
2563 2457 439
2564 2951 416
2565 5211 373
2566 2279 395
2567 3454 284
2568 1442 354
2569 1942 398
2570 5200 400
2571 754 535
2572 9 358
2573 4390 536
2574 2860 572
2575 3072 434
2576 6448 334
2577 5143 330
2578 433 357
2579 3151 567
2580 4909 386
2581 1893 379
2582 5351 443
2583 6412 618
2584 4498 304
2585 2187 517
2586 1813 358
2587 2921 390
2588 3873 350
2589 1177 361
2590 105 325
2591 1545 458
2592 3604 510
2593 3902 278
2594 3360 444
2595 1902 405
2596 5002 575
2597 5123 335
2598 0 -1
2599 0 -1
2600 6227 481
2601 1441 351
2602 3019 331
2603 5453 421
2604 0 -1
2605 3116 317
2606 3583 356
2607 6551 250
2608 1700 369
2609 1228 417
2610 3112 336
2611 4137 239
2612 5429 361
2613 4576 338
2614 5805 419
2615 1783 252
2616 4664 275
2617 4082 387
2618 5163 417
2619 0 -1
2620 3366 343
2621 6070 458
2622 6491 276
2623 0 -1
2624 0 -1
2625 264 348
2626 4593 434
2627 3250 370
2628 4014 405
2629 4078 380
2630 3247 412
2631 2227 396
2632 1740 470
2633 3279 354
2634 3988 416
2635 2112 439
2636 902 504
2637 5410 342
2638 999 376
2639 3514 415
2640 306 328
2641 793 414
2642 2744 407
2643 2353 477
2644 1327 296
2645 5829 194
2646 5348 427
2647 2969 230
2648 2081 604
2649 5020 359
2650 6577 317
2651 0 -1
2652 2989 419
2653 5131 389
2654 2150 408
2655 1400 405
2656 3762 338
2657 1556 406
2658 0 -1
2659 4484 463
2660 0 -1
2661 611 421
2662 933 362
2663 1632 356
2664 2844 429
2665 179 277
2666 2097 442
2667 5256 300
2668 5028 372
2669 2400 404
2670 5310 375
2671 962 290
2672 2894 425
2673 5840 434
2674 4378 372
2675 896 367
2676 3489 263
2677 1986 282
2678 530 429
2679 3966 456
2680 3672 549
2681 4523 367
2682 3417 628
2683 346 352
2684 1212 421
2685 2325 387
2686 3839 353
2687 1022 472
2688 2255 357
2689 5947 368
2690 1548 267
2691 2797 379
2692 5965 292
2693 635 325
2694 6130 306
2695 216 552
2696 4302 430
2697 3221 360
2698 5604 350
2699 281 439
2700 4935 330
2701 1708 400
2702 2757 373
2703 0 -1
2704 5829 182
2705 5460 396
2706 5168 368
2707 0 -1
2708 1970 438
2709 5552 447
2710 0 -1
2711 3450 333
2712 1476 459
2713 2962 338
2714 4533 206
2715 4804 376
2716 5639 350
2717 3976 367
2718 4359 441
2719 911 469
2720 293 327
2721 0 -1
2722 5142 337
2723 6256 447
2724 3833 356
2725 3172 396
2726 5790 295
2727 370 383
2728 5844 360
2729 2414 362
2730 2174 455
2731 4905 352
2732 3639 427
2733 5272 392
2734 1499 333
2735 6183 357
2736 3932 329
2737 4874 431
2738 2626 488
2739 546 407
2740 3499 407
2741 3497 388
2742 3361 610
2743 2534 337
2744 108 337
2745 5628 356
2746 4630 354
2747 4446 326
2748 6235 237
2749 4543 469
2750 152 623
2751 4303 341
2752 1327 324
2753 2505 450
2754 6332 414
2755 5402 362
2756 6026 416
2757 5771 261
2758 2181 385
2759 5696 294
2760 5127 440
2761 4807 445
2762 6267 418
2763 4968 290
2764 6413 362
2765 2967 392
2766 323 372
2767 2474 433
2768 3272 426
2769 3443 445
2770 5408 388
2771 5733 441
2772 2085 286
2773 6540 562
2774 3072 359
2775 6235 209
2776 172 440
2777 3837 315
2778 3310 397
2779 887 437
2780 2562 357
2781 1395 385
2782 47 749
2783 3078 342
2784 3764 234
2785 3232 387
2786 106 380
2787 6480 374
2788 4014 349
2789 1804 363
2790 3811 331
2791 827 286
2792 5256 371
2793 5518 444
2794 4718 324
2795 6539 439
2796 163 347
2797 5251 268
2798 2565 439
2799 2605 340
2800 4794 345
2801 845 410
2802 2105 420
2803 4787 269
2804 5939 300
2805 2741 462
2806 1960 484
2807 0 -1
2808 5708 404
2809 1739 384
2810 3932 363
2811 853 381
2812 3795 324
2813 2916 396
2814 1872 496
2815 34 401
2816 1983 360
2817 6493 249
2818 5423 386
2819 2905 294
2820 5204 310
2821 0 -1
2822 228 466
2823 652 289
2824 952 334
2825 0 -1
2826 314 376
2827 1353 425
2828 3440 375
2829 4755 439
2830 4650 364
2831 2513 471
2832 3352 501
2833 4265 390
2834 2562 291
2835 3976 398
2836 1230 382
2837 4768 346
2838 5418 349
2839 6424 379
2840 2195 362
2841 959 508
2842 4389 565
2843 1663 332
2844 2796 366
2845 997 397
2846 4344 480
2847 1612 318
2848 213 368
2849 0 -1
2850 0 -1
2851 3412 322
2852 1226 372
2853 5345 304
2854 5903 509
2855 5533 422
2856 4655 397
2857 6456 191
2858 1377 418
2859 5217 304
2860 198 493
2861 5135 265
2862 1783 250
2863 5630 416
2864 6379 319
2865 2741 466
2866 2584 410
2867 4403 505
2868 1553 468
2869 5090 660
2870 781 415
2871 6219 445
2872 1108 502
2873 750 383
2874 1472 432
2875 0 -1
2876 1878 396
2877 5054 421
2878 1131 409
2879 2988 470
2880 3698 318
2881 5303 401
2882 6044 422
2883 5481 377
2884 537 383
2885 6008 452
2886 4314 324
2887 897 432
2888 208 425
2889 5336 305
2890 240 392
2891 5754 366
2892 3995 446
2893 462 519
2894 1667 384
2895 1096 367
2896 5981 425
2897 2337 377
2898 4051 301
2899 832 307
2900 3322 466
2901 5295 312
2902 4571 395
2903 4394 403
2904 2022 309
2905 6493 294
2906 2976 325
2907 2775 226
2908 1092 426
2909 2649 409
2910 4878 295
2911 294 420
2912 468 284
2913 0 -1
2914 2633 425
2915 469 266
2916 755 359
2917 321 193
2918 2483 470
2919 3812 445
2920 6078 337
2921 373 333
2922 0 -1
2923 5509 397
2924 3587 316
2925 5913 437
2926 1311 416
2927 0 -1
2928 3999 473
2929 1363 369
2930 5010 416
2931 1608 379
2932 5484 438
2933 2815 478
2934 353 566
2935 4231 363
2936 6497 546
2937 5664 389
2938 4758 394
2939 854 301
2940 15 381
2941 6039 221
2942 4116 432
2943 3913 437
2944 1124 364
2945 4269 466
2946 6543 415
2947 6113 396
2948 3560 616
2949 2915 308
2950 760 332
2951 4011 393
2952 5096 463
2953 5871 378
2954 4678 381
2955 4980 343
2956 2967 376
2957 5451 341
2958 3022 333
2959 2282 427
2960 4804 395
2961 1128 435
2962 2880 334
2963 4605 425
2964 5675 292
2965 2959 454
2966 5544 211
2967 3491 272
2968 6416 404
2969 1069 184
2970 0 -1
2971 799 255
2972 6485 389
2973 1931 433
2974 5545 423
2975 1961 459
2976 2469 278
2977 3244 394
2978 108 371
2979 934 449
2980 1447 374
2981 1559 422
2982 2464 413
2983 5694 401
2984 0 -1
2985 1561 304
2986 2612 385
2987 3033 568
2988 5843 361
2989 3661 331
2990 6279 429
2991 5075 448
2992 6536 371
2993 4672 336
2994 3553 328
2995 3416 461
2996 2861 295
2997 2092 562
2998 2829 517
2999 0 -1
3000 374 317
3001 3760 346
3002 1573 491
3003 674 316
3004 5805 428
3005 6225 306
3006 4356 464
3007 4789 311
3008 6567 354
3009 3876 298
3010 3457 356
3011 0 -1
3012 350 422
3013 2645 289
3014 1335 249
3015 2105 390
3016 1700 318
3017 4232 382
3018 291 365
3019 1320 285
3020 4029 291
3021 4476 384
3022 3939 293
3023 1433 514
3024 3778 385
3025 705 369
3026 0 -1
3027 5260 475
3028 0 -1
3029 3774 298
3030 2056 475
3031 5481 399
3032 106 395
3033 5127 487
3034 1774 384
3035 0 -1
3036 4941 610
3037 6466 517
3038 1936 394
3039 5453 448
3040 2906 325
3041 2880 419
3042 4377 383
3043 4561 358
3044 346 378
3045 2757 305
3046 686 365
3047 5779 388
3048 2245 257
3049 2158 340
3050 5120 371
3051 3778 398
3052 0 -1
3053 5636 473
3054 0 -1
3055 2267 354
3056 4633 379
3057 6160 322
3058 1616 541
3059 2729 433
3060 3527 593
3061 2996 408
3062 5651 438
3063 1224 436
3064 4510 288
3065 0 -1
3066 6240 335
3067 3170 458
3068 3270 367
3069 3735 356
3070 5582 401
3071 5400 357
3072 2924 317
3073 2817 360
3074 4950 470
3075 3493 404
3076 5738 280
3077 614 363
3078 2467 326
3079 652 395
3080 2559 284
3081 3480 524
3082 0 -1
3083 672 509
3084 3042 410
3085 2790 387
3086 608 243
3087 3795 299
3088 2364 399
3089 0 -1
3090 4660 298
3091 3286 409
3092 4525 302
3093 647 186
3094 6034 311
3095 4130 293
3096 3768 343
3097 1082 372
3098 5979 329
3099 3255 308
3100 5738 336
3101 647 258
3102 1186 423
3103 3255 377
3104 0 -1
3105 510 383
3106 4343 312
3107 4723 496
3108 2862 276
3109 998 335
3110 0 -1
3111 0 -1
3112 6336 314
3113 6380 303
3114 784 446
3115 940 381
3116 2584 314
3117 5373 428
3118 5629 397
3119 5399 352
3120 5245 489
3121 3255 347
3122 4943 360
3123 3439 480
3124 0 -1
3125 3679 429
3126 5856 525
3127 0 -1
3128 4237 337
3129 2988 456
3130 0 -1
3131 3142 482
3132 2447 398
3133 3586 247
3134 4796 304
3135 1732 353
3136 4083 510
3137 1711 396
3138 5678 424
3139 443 353
3140 1603 465
3141 6222 355
3142 263 456
3143 0 -1
3144 1464 422
3145 2855 444
3146 2133 341
3147 0 -1
3148 3768 344
3149 5348 328
3150 3686 407
3151 5519 492
3152 3551 364
3153 3950 295
3154 3327 404
3155 723 384
3156 6404 330
3157 3094 327
3158 84 461
3159 690 379
3160 3347 393
3161 543 458
3162 0 -1
3163 5944 476
3164 5691 546
3165 5426 455
3166 2897 416
3167 5726 250
3168 0 -1
3169 1727 381
3170 1360 393
3171 1196 411
3172 631 288
3173 3524 490
3174 4897 393
3175 3890 313
3176 4595 495
3177 3561 536
3178 1229 447
3179 5516 384
3180 5788 334
3181 951 449
3182 1249 285
3183 784 462
3184 5561 341
3185 530 403
3186 2354 409
3187 6451 381
3188 2055 297
3189 805 295
3190 5059 468
3191 0 -1
3192 3593 322
3193 3300 415
3194 2055 295
3195 1188 572
3196 3593 347
3197 1687 372
3198 5421 483
3199 0 -1
3200 3329 379
3201 3489 253
3202 1117 416
3203 3647 452
3204 5350 307
3205 3877 474
3206 0 -1
3207 174 421
3208 4214 349
3209 3135 354
3210 598 380
3211 4913 286
3212 6538 619
3213 4955 410
3214 1363 353
3215 6161 384
3216 598 389
3217 0 -1
3218 6134 316
3219 6225 249
3220 440 412
3221 5067 266
3222 4948 523
3223 4670 503
3224 4846 291
3225 2195 356
3226 3106 313
3227 2645 300
3228 3395 335
3229 2644 390
3230 5554 366
3231 475 436
3232 1212 376
3233 3175 340
3234 6211 313
3235 4796 334
3236 60 501
3237 2360 377
3238 144 478
3239 1768 411
3240 4694 443
3241 0 -1
3242 2186 280
3243 1122 415
3244 1446 362
3245 5857 480
3246 0 -1
3247 4361 353
3248 2159 474
3249 39 447
3250 180 322
3251 4292 340
3252 355 222
3253 1862 597
3254 5304 377
3255 4574 260
3256 5809 274
3257 5122 364
3258 5818 413
3259 2873 392
3260 2647 240
3261 3115 432
3262 4226 326
3263 408 322
3264 4238 409
3265 2039 382
3266 3395 379
3267 6114 249
3268 37 327
3269 6563 491
3270 2065 363
3271 0 -1
3272 5238 371
3273 2794 370
3274 413 431
3275 6305 302
3276 1017 405
3277 239 485
3278 4271 450
3279 4718 286
3280 4113 381
3281 2386 340
3282 4337 330
3283 5191 448
3284 0 -1
3285 4369 325
3286 3055 399
3287 5686 393
3288 1283 357
3289 3545 562
3290 1560 308
3291 3214 366
3292 1507 434
3293 5093 489
3294 1826 440
3295 5012 366
3296 5811 796
3297 843 408
3298 2065 257
3299 1381 371
3300 3804 343
3301 736 472
3302 3437 400
3303 3982 461
3304 0 -1
3305 6388 396
3306 5399 360
3307 1167 366
3308 5935 432
3309 5512 462
3310 5064 347
3311 1133 402
3312 5297 289
3313 1204 325
3314 910 434
3315 832 325
3316 1214 388
3317 3412 277
3318 391 517
3319 1746 429
3320 2317 395
3321 5330 402
3322 4189 429
3323 1659 422
3324 4800 481
3325 2748 240
3326 3601 338
3327 1429 324
3328 4915 371
3329 5781 379
3330 5327 520
3331 4433 354
3332 3694 458
3333 2059 415
3334 2058 298
3335 3463 477
3336 4179 539
3337 1613 388
3338 312 429
3339 6219 447
3340 2655 469
3341 672 480
3342 2864 423
3343 299 169
3344 3876 365
3345 2774 450
3346 1816 431
3347 4125 317
3348 4126 325
3349 2041 408
3350 4493 339
3351 6531 281
3352 1206 381
3353 0 -1
3354 1312 387
3355 261 351
3356 6086 452
3357 6441 266
3358 6316 343
3359 0 -1
3360 4767 363
3361 5968 497
3362 2063 490
3363 952 274
3364 4450 397
3365 94 440
3366 6043 327
3367 6227 542
3368 1690 424
3369 5741 395
3370 6139 446
3371 1976 404
3372 4116 335
3373 0 -1
3374 962 279
3375 3007 388
3376 6036 439
3377 5558 362
3378 1970 506
3379 4728 519
3380 5571 386
3381 1461 327
3382 2704 252
3383 609 393
3384 1959 376
3385 6176 389
3386 2185 369
3387 780 428
3388 3804 352
3389 1355 436
3390 3641 339
3391 6230 237
3392 0 -1
3393 1278 286
3394 5777 398
3395 6561 301
3396 2238 446
3397 151 398
3398 3044 391
3399 4428 471
3400 5883 395
3401 4154 415
3402 1499 390
3403 4672 381
3404 5100 458
3405 1651 361
3406 5484 418
3407 517 374
3408 0 -1
3409 1504 375
3410 487 460
3411 4785 537
3412 1943 277
3413 3950 384
3414 2137 347
3415 5249 381
3416 3263 343
3417 116 517
3418 6470 398
3419 1873 394
3420 1015 354
3421 0 -1
3422 2288 357
3423 5098 313
3424 317 391
3425 3598 104
3426 6039 226
3427 3377 392
3428 0 -1
3429 3761 429
3430 395 462
3431 4533 270
3432 5726 269
3433 179 221
3434 4651 321
3435 3989 452
3436 564 359
3437 5732 380
3438 4417 350
3439 4980 402
3440 5745 320
3441 1469 298
3442 3573 407
3443 3197 394
3444 5371 693
3445 1313 329
3446 3918 372
3447 686 353
3448 5683 475
3449 4044 402
3450 557 318
3451 648 424
3452 5070 282
3453 3156 334
3454 3426 277
3455 4776 362
3456 3565 434
3457 4971 344
3458 4475 316
3459 1710 217
3460 5201 485
3461 328 415
3462 5840 487
3463 3550 462
3464 6594 457
3465 0 -1
3466 2266 481
3467 5868 451
3468 707 342
3469 2236 416
3470 1360 420
3471 3454 282
3472 2516 332
3473 3583 381
3474 4727 350
3475 593 335
3476 2788 459
3477 2357 408
3478 638 395
3479 2643 521
3480 821 455
3481 3928 439
3482 1632 363
3483 4256 418
3484 4748 450
3485 0 -1
3486 2951 457
3487 642 405
3488 5559 491
3489 5214 207
3490 5577 290
3491 2704 249
3492 6467 378
3493 1168 403
3494 6253 405
3495 2914 508
3496 2274 380
3497 3029 349
3498 5142 308
3499 397 339
3500 6099 598
3501 620 378
3502 3923 405
3503 4613 332
3504 5071 380
3505 1196 395
3506 83 434
3507 6134 386
3508 2122 398
3509 5203 462
3510 587 332
3511 619 425
3512 2376 330
3513 4384 535
3514 1605 333
3515 2827 444
3516 2912 354
3517 1744 329
3518 5287 370
3519 3395 407
3520 2332 263
3521 3771 407
3522 1972 372
3523 0 -1
3524 1080 398
3525 5756 283
3526 4104 357
3527 5055 561
3528 5545 459
3529 221 363
3530 2795 464
3531 6131 608
3532 1480 443
3533 5677 407
3534 5871 417
3535 776 467
3536 1072 353
3537 1076 486
3538 0 -1
3539 4522 329
3540 5063 373
3541 1526 320
3542 2870 485
3543 1647 369
3544 1267 412
3545 2634 497
3546 4478 408
3547 2481 476
3548 4101 390
3549 5310 395
3550 5899 370
3551 2085 290
3552 1557 547
3553 6448 291
3554 615 435
3555 0 -1
3556 342 371
3557 4025 467
3558 3450 431
3559 0 -1
3560 2730 499
3561 5248 421
3562 1887 374
3563 5671 297
3564 4624 401
3565 1254 396
3566 4622 579
3567 2062 399
3568 6435 324
3569 2612 363
3570 5980 417
3571 2170 490
3572 2934 612
3573 2577 357
3574 2305 491
3575 1968 404
3576 5227 408
3577 5876 411
3578 4837 449
3579 2566 423
3580 1825 343
3581 5347 381
3582 842 386
3583 1589 349
3584 6138 424
3585 3486 535
3586 4509 190
3587 2436 315
3588 6018 364
3589 2099 394
3590 5337 516
3591 3676 373
3592 375 325
3593 1278 310
3594 4978 404
3595 4071 381
3596 4482 295
3597 5073 277
3598 7 88
3599 0 -1
3600 2958 337
3601 414 284
3602 4280 317
3603 749 352
3604 605 401
3605 5433 404
3606 1857 480
3607 2245 231
3608 1102 393
3609 913 461
3610 1473 332
3611 4314 265
3612 3486 559
3613 758 386
3614 937 358
3615 5665 375
3616 6594 418
3617 4839 374
3618 5701 357
3619 5413 387
3620 3786 443
3621 2485 380
3622 0 -1
3623 3536 362
3624 5013 432
3625 470 395
3626 5908 455
3627 3759 492
3628 2722 366
3629 15 402
3630 6072 358
3631 2240 372
3632 3005 372
3633 1605 439
3634 3627 505
3635 279 437
3636 6151 495
3637 856 553
3638 1914 397
3639 5935 405
3640 2462 520
3641 2360 264
3642 0 -1
3643 4489 248
3644 5645 616
3645 0 -1
3646 1629 534
3647 3087 336
3648 0 -1
3649 5335 507
3650 1281 497
3651 5400 291
3652 1926 554
3653 5438 418
3654 6531 299
3655 3267 264
3656 3088 483
3657 5202 393
3658 2535 417
3659 125 340
3660 1296 471
3661 1804 328
3662 2418 289
3663 1792 366
3664 1725 535
3665 0 -1
3666 507 417
3667 2275 338
3668 2062 399
3669 590 427
3670 4774 375
3671 1744 332
3672 3507 465
3673 1678 369
3674 1191 384
3675 2560 418
3676 5738 262
3677 5992 486
3678 0 -1
3679 674 328
3680 1435 546
3681 5843 370
3682 5226 382
3683 1459 344
3684 6482 362
3685 3188 376
3686 1142 340
3687 1102 419
3688 2204 658
3689 0 -1
3690 4295 458
3691 5246 291
3692 3234 404
3693 5582 318
3694 5620 376
3695 963 494
3696 1082 423
3697 2657 427
3698 2859 312
3699 6543 379
3700 786 400
3701 5306 422
3702 0 -1
3703 593 279
3704 2477 390
3705 0 -1
3706 5172 316
3707 1337 379
3708 3917 384
3709 2137 316
3710 0 -1
3711 0 -1
3712 1966 456
3713 1837 398
3714 0 -1
3715 5212 277
3716 3479 533
3717 2057 384
3718 3818 484
3719 787 315
3720 1335 200
3721 1304 356
3722 3663 428
3723 4411 374
3724 0 -1
3725 1096 354
3726 5852 310
3727 1321 536
3728 2349 417
3729 1259 415
3730 1086 427
3731 3963 308
3732 1614 396
3733 2034 418
3734 43 479
3735 6160 265
3736 4552 347
3737 1326 345
3738 1403 438
3739 0 -1
3740 5176 464
3741 1561 417
3742 4820 454
3743 1530 278
3744 903 511
3745 2635 449
3746 4418 353
3747 2681 454
3748 2310 318
3749 5031 424
3750 4275 469
3751 991 481
3752 3995 392
3753 159 653
3754 2790 437
3755 4229 401
3756 2290 393
3757 5031 459
3758 6552 497
3759 6561 382
3760 3949 309
3761 5655 360
3762 3520 332
3763 3225 445
3764 2157 186
3765 4021 456
3766 6054 359
3767 99 424
3768 3643 268
3769 1192 378
3770 5333 416
3771 1285 365
3772 5620 360
3773 123 373
3774 3795 265
3775 4384 466
3776 5266 428
3777 5065 445
3778 6458 370
3779 4596 330
3780 2640 427
3781 575 373
3782 5611 417
3783 5597 459
3784 3022 321
3785 0 -1
3786 3498 423
3787 0 -1
3788 899 555
3789 2098 283
3790 4796 379
3791 4660 300
3792 2663 379
3793 5764 394
3794 2711 339
3795 2784 241
3796 5069 402
3797 3188 416
3798 1214 380
3799 2565 400
3800 5674 439
3801 374 353
3802 5745 288
3803 2966 326
3804 5328 336
3805 5302 518
3806 5655 350
3807 1873 435
3808 168 470
3809 942 418
3810 682 521
3811 799 274
3812 303 403
3813 2376 377
3814 5736 375
3815 5756 247
3816 2084 387
3817 4377 389
3818 2637 389
3819 69 358
3820 1456 460
3821 850 469
3822 5490 333
3823 6253 354
3824 1400 313
3825 0 -1
3826 5906 385
3827 0 -1
3828 646 408
3829 6157 291
3830 3593 424
3831 3719 381
3832 3615 375
3833 4069 343
3834 5485 468
3835 1680 424
3836 3979 310
3837 3325 283
3838 1196 414
3839 6391 308
3840 1646 365
3841 5400 338
3842 4746 480
3843 6139 390
3844 264 357
3845 2505 472
3846 2449 351
3847 5249 398
3848 4720 455
3849 4440 507
3850 727 264
3851 3097 491
3852 4523 409
3853 3549 487
3854 0 -1
3855 6136 337
3856 2270 489
3857 1169 548
3858 3514 437
3859 0 -1
3860 6402 447
3861 202 393
3862 1186 367
3863 1874 389
3864 3752 431
3865 3267 274
3866 1917 376
3867 6326 416
3868 2424 525
3869 2252 484
3870 4462 316
3871 317 365
3872 1307 530
3873 4672 264
3874 4504 363
3875 6108 400
3876 3133 285
3877 5935 394
3878 6240 348
3879 1055 451
3880 6374 446
3881 3403 413
3882 0 -1
3883 2554 276
3884 299 188
3885 6486 612
3886 6286 458
3887 3372 432
3888 690 287
3889 2549 431
3890 326 310
3891 1092 388
3892 2105 399
3893 3986 278
3894 1448 382
3895 0 -1
3896 5526 455
3897 588 389
3898 3048 305
3899 6553 444
3900 6336 321
3901 4343 334
3902 1288 259
3903 6173 397
3904 3386 454
3905 5060 392
3906 2521 495
3907 4050 446
3908 5671 300
3909 5604 330
3910 3916 411
3911 4710 500
3912 4458 448
3913 4833 395
3914 5717 323
3915 1988 433
3916 1663 320
3917 3374 320
3918 4794 344
3919 3992 426
3920 1341 436
3921 433 369
3922 5560 434
3923 1951 398
3924 2588 414
3925 2894 396
3926 2048 410
3927 4505 361
3928 1208 348
3929 4585 287
3930 6174 513
3931 1175 459
3932 652 319
3933 2752 379
3934 667 364
3935 5720 404
3936 3823 386
3937 482 227
3938 5182 413
3939 2065 264
3940 0 -1
3941 5772 419
3942 5529 365
3943 1739 413
3944 0 -1
3945 4405 370
3946 1373 342
3947 718 256
3948 1271 453
3949 4905 292
3950 3260 268
3951 2358 332
3952 383 534
3953 5280 331
3954 5979 336
3955 4398 364
3956 1727 375
3957 1884 427
3958 3647 417
3959 3113 357
3960 282 411
3961 0 -1
3962 1815 328
3963 3219 285
3964 2829 545
3965 2318 544
3966 1062 345
3967 5138 472
3968 3779 335
3969 2496 366
3970 1545 407
3971 6239 286
3972 674 353
3973 105 356
3974 3890 353
3975 6512 428
3976 6114 338
3977 3929 328
3978 265 413
3979 1548 208
3980 6179 420
3981 4988 435
3982 3833 361
3983 0 -1
3984 985 532
3985 864 346
3986 5790 270
3987 0 -1
3988 3005 394
3989 3286 420
3990 2580 432
3991 1981 547
3992 2605 388
3993 1288 260
3994 2355 463
3995 3049 353
3996 5928 417
3997 6358 203
3998 3280 388
3999 5447 382
4000 4768 357
4001 206 309
4002 3420 363
4003 5195 321
4004 3833 405
4005 5979 317
4006 3985 354
4007 2857 265
4008 725 364
4009 2370 489
4010 2690 284
4011 1594 346
4012 2332 293
4013 3813 450
4014 3256 333
4015 6344 421
4016 3024 417
4017 4191 252
4018 3926 450
4019 2249 351
4020 0 -1
4021 2754 449
4022 5408 339
4023 1308 174
4024 539 306
4025 4904 394
4026 0 -1
4027 2024 523
4028 3551 315
4029 6048 184
4030 3475 350
4031 2803 383
4032 181 418
4033 6007 422
4034 3454 384
4035 557 406
4036 4319 558
4037 4278 466
4038 1269 362
4039 998 398
4040 423 407
4041 0 -1
4042 1576 294
4043 562 281
4044 2456 350
4045 4198 522
4046 5214 170
4047 1372 370
4048 3287 476
4049 1336 482
4050 1235 371
4051 1733 236
4052 0 -1
4053 3675 501
4054 3912 526
4055 0 -1
4056 3365 485
4057 1461 345
4058 3568 363
4059 389 388
4060 4246 343
4061 0 -1
4062 5850 307
4063 6232 390
4064 1429 334
4065 276 414
4066 3233 379
4067 0 -1
4068 767 375
4069 3007 315
4070 1452 415
4071 3219 337
4072 0 -1
4073 4427 573
4074 2072 352
4075 5471 455
4076 5976 424
4077 4266 522
4078 4777 353
4079 4526 420
4080 5097 345
4081 0 -1
4082 5990 323
4083 2294 475
4084 6278 338
4085 103 496
4086 4627 363
4087 5086 462
4088 4100 420
4089 4279 485
4090 1833 399
4091 6548 473
4092 0 -1
4093 28 392
4094 3567 407
4095 6172 313
4096 3101 325
4097 5019 361
4098 2456 397
4099 5889 476
4100 2613 350
4101 3020 306
4102 4893 362
4103 2026 433
4104 5675 329
4105 3386 435
4106 4398 419
4107 3262 389
4108 383 522
4109 3916 362
4110 3894 382
4111 5108 418
4112 3568 362
4113 6067 365
4114 3870 332
4115 1361 428
4116 5997 320
4117 0 -1
4118 1412 403
4119 5258 481
4120 4288 448
4121 2650 372
4122 5694 417
4123 689 304
4124 5694 477
4125 1879 309
4126 3013 297
4127 4923 483
4128 3310 384
4129 0 -1
4130 5246 255
4131 3342 526
4132 4102 409
4133 3995 374
4134 3547 510
4135 4960 307
4136 2909 429
4137 1783 221
4138 702 525
4139 1317 412
4140 2906 370
4141 61 418
4142 5696 343
4143 1709 446
4144 0 -1
4145 2975 459
4146 1804 323
4147 3382 321
4148 4088 427
4149 3451 447
4150 1427 296
4151 1877 351
4152 4323 507
4153 3731 308
4154 2577 352
4155 4012 364
4156 5644 584
4157 2269 637
4158 6573 387
4159 4169 245
4160 2895 421
4161 2454 551
4162 0 -1
4163 4943 342
4164 4953 426
4165 3347 415
4166 1180 380
4167 1202 326
4168 5996 497
4169 3093 207
4170 6422 404
4171 3123 588
4172 1298 349
4173 4206 337
4174 5752 438
4175 2618 453
4176 3627 610
4177 77 317
4178 1782 433
4179 3661 443
4180 0 -1
4181 973 350
4182 1158 189
4183 0 -1
4184 395 467
4185 4475 345
4186 4639 381
4187 4118 500
4188 0 -1
4189 4095 323
4190 3862 396
4191 4023 207
4192 3491 324
4193 3582 428
4194 4179 454
4195 3681 406
4196 5484 404
4197 3496 452
4198 4877 409
4199 1699 420
4200 1427 312
4201 2342 357
4202 2288 313
4203 707 332
4204 2201 425
4205 6530 430
4206 2098 265
4207 6283 495
4208 864 361
4209 1856 384
4210 6163 361
4211 474 339
4212 1727 403
4213 5651 403
4214 6559 321
4215 0 -1
4216 6506 368
4217 2162 408
4218 4084 353
4219 5229 339
4220 4435 431
4221 1720 413
4222 3508 511
4223 5817 362
4224 984 318
4225 1614 366
4226 6145 297
4227 5236 366
4228 342 359
4229 3357 359
4230 5001 332
4231 4978 313
4232 2864 332
4233 678 372
4234 5340 403
4235 59 338
4236 3506 488
4237 4130 294
4238 2385 318
4239 5851 492
4240 6043 332
4241 629 230
4242 2636 611
4243 1575 467
4244 5159 405
4245 3735 374
4246 3655 269
4247 3737 345
4248 6495 405
4249 2778 398
4250 4185 434
4251 2476 394
4252 1278 258
4253 0 -1
4254 3208 397
4255 665 343
4256 4172 392
4257 4818 309
4258 787 317
4259 53 314
4260 0 -1
4261 781 374
4262 4338 403
4263 704 397
4264 5580 386
4265 2195 298
4266 5223 459
4267 0 -1
4268 4509 187
4269 6590 400
4270 4511 386
4271 2705 410
4272 1227 387
4273 1163 362
4274 0 -1
4275 942 462
4276 2988 416
4277 3256 380
4278 2254 393
4279 2041 428
4280 5023 272
4281 59 324
4282 5916 468
4283 3218 415
4284 5291 389
4285 4588 368
4286 1647 365
4287 5999 236
4288 1825 345
4289 3080 349
4290 5530 297
4291 1674 393
4292 1285 281
4293 1822 416
4294 5576 233
4295 151 390
4296 0 -1
4297 3676 377
4298 2077 386
4299 420 393
4300 2637 363
4301 0 -1
4302 6324 421
4303 4237 312
4304 6189 401
4305 5596 408
4306 6491 383
4307 5291 281
4308 0 -1
4309 1504 370
4310 4893 358
4311 3945 401
4312 6393 337
4313 0 -1
4314 2857 211
4315 1469 275
4316 356 396
4317 724 578
4318 3105 397
4319 2483 548
4320 1191 363
4321 2640 381
4322 6395 386
4323 4250 455
4324 0 -1
4325 1486 491
4326 27 404
4327 1712 384
4328 4498 415
4329 174 456
4330 45 401
4331 945 369
4332 5839 281
4333 1063 538
4334 1815 426
4335 2859 423
4336 5258 432
4337 3655 304
4338 5934 393
4339 5184 365
4340 3141 390
4341 1055 498
4342 143 504
4343 5726 252
4344 1594 409
4345 3355 399
4346 2993 344
4347 1768 436
4348 4489 283
4349 1254 432
4350 6291 372
4351 5009 301
4352 234 372
4353 1535 356
4354 2417 369
4355 2518 429
4356 4767 395
4357 1166 357
4358 3839 381
4359 4794 401
4360 206 324
4361 4177 333
4362 6172 327
4363 4978 316
4364 1922 430
4365 3464 533
4366 472 452
4367 0 -1
4368 4725 391
4369 3189 319
4370 0 -1
4371 1018 402
4372 0 -1
4373 5496 397
4374 2638 417
4375 615 354
4376 2878 502
4377 4420 357
4378 2106 317
4379 4298 410
4380 3792 442
4381 1826 509
4382 37 418
4383 4587 393
4384 1969 420
4385 163 405
4386 2974 446
4387 1420 443
4388 5319 588
4389 4619 475
4390 2117 434
4391 1578 353
4392 1069 256
4393 4576 406
4394 5834 291
4395 870 502
4396 6314 692
4397 323 354
4398 2568 364
4399 3363 374
4400 5433 435
4401 0 -1
4402 772 501
4403 2173 450
4404 2582 469
4405 4585 315
4406 3387 440
4407 0 -1
4408 4068 492
4409 6037 407
4410 5846 382
4411 3490 333
4412 3397 461
4413 1727 319
4414 1610 380
4415 5483 508
4416 4846 289
4417 5899 347
4418 5019 343
4419 2082 411
4420 3898 354
4421 2841 545
4422 5556 418
4423 0 -1
4424 4392 338
4425 2335 393
4426 3357 333
4427 5472 482
4428 116 437
4429 1026 416
4430 2924 365
4431 1227 351
4432 6141 383
4433 1482 347
4434 456 478
4435 6052 348
4436 3441 405
4437 1637 398
4438 384 476
4439 413 497
4440 1242 415
4441 2357 430
4442 751 345
4443 0 -1
4444 2362 470
4445 390 428
4446 3343 277
4447 1677 441
4448 6413 375
4449 1017 408
4450 6567 353
4451 4950 523
4452 4837 401
4453 6405 495
4454 2567 372
4455 1399 428
4456 3099 356
4457 631 365
4458 4251 436
4459 3900 383
4460 744 399
4461 3441 382
4462 854 257
4463 1228 426
4464 1727 372
4465 0 -1
4466 169 424
4467 4289 374
4468 2046 417
4469 5078 595
4470 0 -1
4471 4539 367
4472 2716 426
4473 3928 372
4474 6160 296
4475 4343 283
4476 513 286
4477 2905 412
4478 2474 378
4479 1335 184
4480 5668 326
4481 155 443
4482 215 290
4483 5856 506
4484 5013 399
4485 5306 425
4486 1847 374
4487 1528 590
4488 558 399
4489 6051 218
4490 0 -1
4491 466 328
4492 5189 484
4493 2941 290
4494 2307 311
4495 3351 345
4496 5419 556
4497 0 -1
4498 468 302
4499 1636 435
4500 5139 500
4501 1258 322
4502 4431 403
4503 0 -1
4504 6039 300
4505 3279 342
4506 3251 379
4507 4902 486
4508 4069 356
4509 355 175
4510 2917 279
4511 4189 357
4512 692 361
4513 4800 517
4514 3154 420
4515 1086 379
4516 5998 375
4517 5355 409
4518 2323 371
4519 2548 410
4520 766 420
4521 4414 400
4522 6051 244
4523 4937 356
4524 2377 478
4525 5882 264
4526 2133 355
4527 2853 412
4528 3720 237
4529 4989 126
4530 5704 574
4531 0 -1
4532 3001 376
4533 1053 180
4534 3774 319
4535 6002 403
4536 3628 373
4537 2002 366
4538 6307 353
4539 5702 363
4540 2558 443
4541 334 441
4542 2158 364
4543 3055 419
4544 4475 381
4545 3894 420
4546 2375 482
4547 122 109
4548 5700 349
4549 513 254
4550 1856 475
4551 187 330
4552 5019 319
4553 4700 316
4554 1536 354
4555 5496 402
4556 3781 493
4557 0 -1
4558 3694 389
4559 0 -1
4560 344 288
4561 1978 333
4562 2712 486
4563 4122 452
4564 5106 331
4565 1405 286
4566 3369 436
4567 0 -1
4568 4314 275
4569 4871 537
4570 4003 340
4571 2441 365
4572 539 347
4573 2874 511
4574 141 251
4575 0 -1
4576 2343 297
4577 5329 360
4578 5001 353
4579 3879 522
4580 6448 285
4581 4594 356
4582 6067 262
4583 4201 397
4584 1893 401
4585 4574 259
4586 1699 489
4587 2274 370
4588 2386 346
4589 6022 366
4590 3839 348
4591 3016 332
4592 0 -1
4593 6416 421
4594 5838 348
4595 767 375
4596 4689 303
4597 1585 432
4598 3691 397
4599 434 374
4600 5139 445
4601 343 452
4602 5591 428
4603 2016 565
4604 5547 337
4605 3221 339
4606 1251 512
4607 1340 596
4608 4487 703
4609 1072 330
4610 4822 357
4611 2937 431
4612 5593 511
4613 652 305
4614 5572 403
4615 5414 495
4616 2228 514
4617 0 -1
4618 3267 330
4619 44 447
4620 1814 346
4621 3735 357
4622 3067 464
4623 0 -1
4624 4146 328
4625 3263 334
4626 2929 416
4627 2271 327
4628 3933 498
4629 3661 352
4630 5463 299
4631 5375 418
4632 4641 410
4633 147 355
4634 375 384
4635 5226 374
4636 0 -1
4637 2823 371
4638 4922 387
4639 5652 289
4640 179 206
4641 5172 293
4642 0 -1
4643 2296 468
4644 0 -1
4645 2549 400
4646 6404 408
4647 1082 389
4648 4670 533
4649 3905 422
4650 5790 330
4651 4913 297
4652 1897 377
4653 2668 378
4654 0 -1
4655 4797 378
4656 3655 314
4657 5762 388
4658 6048 154
4659 0 -1
4660 1015 268
4661 706 342
4662 6597 440
4663 3315 432
4664 595 202
4665 1371 500
4666 4581 451
4667 2761 517
4668 1692 268
4669 4003 339
4670 1479 446
4671 848 421
4672 5839 262
4673 146 415
4674 1560 327
4675 3397 412
4676 0 -1
4677 0 -1
4678 264 368
4679 5698 374
4680 3234 408
4681 3247 375
4682 4741 478
4683 2341 458
4684 5788 361
4685 5597 387
4686 1614 393
4687 1204 393
4688 205 517
4689 5669 281
4690 2152 444
4691 6354 485
4692 106 345
4693 1220 325
4694 5267 332
4695 5365 239
4696 519 381
4697 4780 299
4698 1940 399
4699 2687 493
4700 2138 295
4701 3048 295
4702 3595 484
4703 2880 337
4704 3621 388
4705 5524 360
4706 3672 554
4707 1783 224
4708 4935 346
4709 5908 423
4710 4956 418
4711 1590 368
4712 0 -1
4713 2809 459
4714 5629 499
4715 70 393
4716 5717 348
4717 6382 165
4718 2160 213
4719 2612 371
4720 4066 415
4721 5587 412
4722 744 393
4723 2002 405
4724 1227 349
4725 113 375
4726 937 301
4727 4935 349
4728 5687 399
4729 0 -1
4730 6399 443
4731 2534 365
4732 4705 391
4733 3073 393
4734 2595 469
4735 6341 396
4736 877 447
4737 2105 363
4738 1585 368
4739 5864 409
4740 2057 381
4741 771 377
4742 1276 394
4743 2552 354
4744 3066 363
4745 2976 359
4746 2392 474
4747 4128 479
4748 4818 331
4749 0 -1
4750 3655 319
4751 3173 534
4752 2820 329
4753 4219 347
4754 5726 254
4755 2808 439
4756 1527 413
4757 690 353
4758 2694 310
4759 3480 460
4760 3220 440
4761 6443 531
4762 4903 88
4763 5879 385
4764 0 -1
4765 5829 158
4766 6577 300
4767 5410 354
4768 4023 291
4769 2924 373
4770 3131 506
4771 1733 209
4772 5405 577
4773 3313 417
4774 5172 357
4775 5310 459
4776 257 323
4777 6196 334
4778 1446 412
4779 0 -1
4780 6586 224
4781 6393 396
4782 5816 347
4783 6479 418
4784 3520 380
4785 554 509
4786 3892 493
4787 2360 259
4788 5288 395
4789 2102 310
4790 6319 352
4791 3419 441
4792 5311 437
4793 4780 322
4794 1159 319
4795 3926 418
4796 2098 269
4797 3720 284
4798 1288 253
4799 3838 468
4800 5347 418
4801 744 466
4802 2281 370
4803 2916 416
4804 4104 346
4805 0 -1
4806 4874 330
4807 5895 414
4808 0 -1
4809 4719 472
4810 5982 499
4811 0 -1
4812 5142 330
4813 0 -1
4814 2043 433
4815 0 -1
4816 4277 400
4817 1114 490
4818 236 305
4819 1674 460
4820 2616 359
4821 4265 342
4822 3893 347
4823 2962 383
4824 343 446
4825 6374 380
4826 2577 415
4827 2752 402
4828 5302 516
4829 109 484
4830 6433 359
4831 4787 314
4832 5399 470
4833 2414 327
4834 2455 390
4835 318 480
4836 765 320
4837 4235 384
4838 5120 399
4839 5932 359
4840 654 391
4841 3625 437
4842 3431 347
4843 1576 321
4844 1849 467
4845 3294 527
4846 3607 247
4847 2024 490
4848 4051 321
4849 1729 417
4850 0 -1
4851 222 410
4852 2796 439
4853 5086 461
4854 1679 392
4855 1292 413
4856 758 363
4857 6588 445
4858 4363 331
4859 6291 399
4860 0 -1
4861 0 -1
4862 1519 406
4863 3228 379
4864 6587 440
4865 0 -1
4866 2886 338
4867 922 383
4868 4553 347
4869 5566 373
4870 261 419
4871 2354 454
4872 4650 411
4873 2962 342
4874 2757 323
4875 4723 457
4876 5072 396
4877 5003 365
4878 3979 235
4879 2185 401
4880 3397 483
4881 6581 267
4882 5740 344
4883 5120 444
4884 0 -1
4885 1000 378
4886 6232 418
4887 4118 417
4888 2227 372
4889 4878 275
4890 5974 634
4891 6493 312
4892 2095 448
4893 3743 294
4894 3830 455
4895 733 470
4896 2676 267
4897 594 317
4898 0 -1
4899 4413 409
4900 3819 415
4901 5144 359
4902 1205 463
4903 7 74
4904 3300 348
4905 689 292
4906 89 493
4907 5810 358
4908 0 -1
4909 1996 345
4910 6165 371
4911 1202 331
4912 1923 440
4913 2160 225
4914 3713 416
4915 1207 288
4916 3008 392
4917 2541 373
4918 2079 354
4919 202 392
4920 6053 390
4921 5213 383
4922 2155 331
4923 5552 439
4924 6444 436
4925 5245 466
4926 1082 402
4927 107 319
4928 1773 345
4929 6179 423
4930 0 -1
4931 2714 235
4932 5179 482
4933 4693 404
4934 1877 380
4935 3221 294
4936 85 238
4937 4726 305
4938 3121 428
4939 5844 308
4940 759 494
4941 1828 516
4942 639 548
4943 3108 336
4944 2506 432
4945 937 308
4946 686 372
4947 0 -1
4948 1859 427
4949 5846 367
4950 4854 456
4951 0 -1
4952 97 369
4953 4787 308
4954 3691 350
4955 5640 341
4956 5112 347
4957 5184 363
4958 1885 405
4959 3586 202
4960 414 302
4961 3723 404
4962 1130 293
4963 5086 362
4964 2385 225
4965 4373 412
4966 6179 515
4967 2920 366
4968 4294 252
4969 3819 454
4970 1096 448
4971 5166 336
4972 6212 357
4973 5600 337
4974 5677 335
4975 1313 418
4976 0 -1
4977 1815 319
4978 513 305
4979 4024 372
4980 3743 321
4981 5596 372
4982 0 -1
4983 5383 376
4984 4248 435
4985 4158 428
4986 4841 444
4987 4609 352
4988 4211 369
4989 4903 100
4990 5340 446
4991 449 413
4992 5695 469
4993 4633 378
4994 3811 326
4995 6146 390
4996 2371 427
4997 0 -1
4998 537 462
4999 5597 415
5000 1066 525
5001 3454 328
5002 2705 474
5003 3433 274
5004 1923 434
5005 1194 140
5006 1044 463
5007 582 423
5008 1883 391
5009 299 214
5010 1280 412
5011 2957 378
5012 5843 346
5013 3971 354
5014 4933 439
5015 2924 324
5016 3976 352
5017 3418 509
5018 5845 513
5019 1289 262
5020 2859 337
5021 0 -1
5022 67 455
5023 490 216
5024 0 -1
5025 805 333
5026 0 -1
5027 5272 381
5028 3445 343
5029 4203 354
5030 0 -1
5031 5430 361
5032 0 -1
5033 2857 275
5034 3135 390
5035 343 408
5036 629 303
5037 938 558
5038 0 -1
5039 1204 382
5040 4963 443
5041 2378 436
5042 0 -1
5043 4293 450
5044 6192 320
5045 4917 414
5046 3327 408
5047 2640 352
5048 507 448
5049 1363 310
5050 5566 374
5051 2656 363
5052 4189 395
5053 303 397
5054 3691 320
5055 2930 474
5056 0 -1
5057 70 363
5058 1884 431
5059 4353 390
5060 4206 384
5061 5835 360
5062 132 446
5063 3317 297
5064 3219 339
5065 3312 326
5066 6009 491
5067 2561 252
5068 5194 475
5069 6024 372
5070 4479 266
5071 4798 289
5072 3096 349
5073 219 269
5074 1180 338
5075 4692 396
5076 4960 306
5077 1983 329
5078 4667 590
5079 4002 386
5080 832 398
5081 4571 459
5082 5065 395
5083 6230 245
5084 4780 292
5085 4307 348
5086 3201 354
5087 1644 382
5088 4539 377
5089 1183 288
5090 1894 550
5091 1008 522
5092 34 433
5093 1969 404
5094 2044 456
5095 4480 441
5096 3601 376
5097 6226 345
5098 6531 303
5099 3619 465
5100 4303 415
5101 3774 274
5102 4873 369
5103 2057 379
5104 146 392
5105 5744 393
5106 3703 323
5107 3736 352
5108 4442 404
5109 4471 379
5110 520 487
5111 5725 469
5112 3423 321
5113 5338 418
5114 199 375
5115 526 461
5116 4640 323
5117 561 522
5118 3565 476
5119 1147 462
5120 3514 358
5121 1272 440
5122 2176 338
5123 1227 335
5124 2529 353
5125 1017 435
5126 5527 500
5127 3659 413
5128 5432 394
5129 421 480
5130 1750 405
5131 2106 331
5132 5183 508
5133 187 311
5134 159 627
5135 6531 256
5136 155 516
5137 15 369
5138 603 399
5139 6442 380
5140 5926 472
5141 3211 343
5142 4182 247
5143 4707 317
5144 4189 340
5145 1139 401
5146 1937 527
5147 1120 590
5148 5846 429
5149 6600 450
5150 763 287
5151 1439 357
5152 4009 548
5153 3368 451
5154 2231 447
5155 3401 529
5156 5613 307
5157 1691 281
5158 132 471
5159 2052 382
5160 5967 359
5161 5851 404
5162 2926 438
5163 2035 350
5164 1961 471
5165 3986 321
5166 4695 261
5167 6218 447
5168 6190 309
5169 2158 339
5170 2691 402
5171 5964 407
5172 1148 289
5173 1446 429
5174 215 397
5175 1056 488
5176 594 367
5177 4307 298
5178 5965 227
5179 4604 364
5180 3396 559
5181 1691 255
5182 6253 344
5183 2143 506
5184 5791 337
5185 3315 417
5186 723 323
5187 4689 335
5188 4988 391
5189 630 399
5190 305 374
5191 232 421
5192 390 426
5193 4994 381
5194 5954 472
5195 3815 319
5196 3743 355
5197 0 -1
5198 1776 380
5199 3092 374
5200 2704 284
5201 1447 444
5202 5748 355
5203 3674 447
5204 1210 291
5205 0 -1
5206 2018 369
5207 403 511
5208 5309 422
5209 3492 395
5210 5114 419
5211 5510 299
5212 1213 201
5213 5141 371
5214 3425 135
5215 4891 336
5216 1306 439
5217 1889 286
5218 4822 458
5219 3894 476
5220 4510 310
5221 5455 376
5222 2855 466
5223 288 350
5224 486 393
5225 344 386
5226 4051 353
5227 2272 379
5228 71 429
5229 6551 298
5230 0 -1
5231 530 415
5232 87 482
5233 3020 403
5234 5321 456
5235 3529 382
5236 5669 358
5237 3483 446
5238 5296 339
5239 2693 358
5240 6264 477
5241 5188 436
5242 107 299
5243 6005 403
5244 3009 391
5245 6108 449
5246 1158 254
5247 2726 415
5248 6297 353
5249 4337 361
5250 5812 344
5251 490 260
5252 1503 329
5253 2532 373
5254 3863 452
5255 3281 364
5256 219 299
5257 4078 379
5258 1360 409
5259 3914 401
5260 3019 380
5261 760 427
5262 1858 377
5263 1224 443
5264 3697 437
5265 0 -1
5266 832 385
5267 246 324
5268 6141 350
5269 3113 358
5270 4214 441
5271 4635 432
5272 5700 337
5273 217 498
5274 4630 376
5275 1409 350
5276 0 -1
5277 5910 415
5278 0 -1
5279 3633 461
5280 2676 306
5281 4795 435
5282 4973 414
5283 3682 458
5284 4796 295
5285 6336 391
5286 4521 447
5287 1084 329
5288 5834 328
5289 1389 403
5290 3114 477
5291 1858 272
5292 5733 392
5293 43 522
5294 41 537
5295 6114 307
5296 5200 328
5297 6567 274
5298 5179 473
5299 5194 571
5300 1737 437
5301 414 290
5302 6214 401
5303 5239 382
5304 314 358
5305 1544 287
5306 255 420
5307 420 483
5308 4332 385
5309 1644 418
5310 3149 353
5311 1840 412
5312 2663 403
5313 5070 310
5314 329 369
5315 3189 378
5316 1792 403
5317 671 555
5318 3022 312
5319 5282 524
5320 4954 357
5321 2815 429
5322 2944 402
5323 2245 238
5324 6347 353
5325 503 325
5326 3368 524
5327 3823 421
5328 3764 237
5329 5023 296
5330 4994 331
5331 6162 344
5332 3197 410
5333 3213 415
5334 6002 400
5335 3632 470
5336 2428 284
5337 953 481
5338 6164 384
5339 479 375
5340 804 401
5341 4064 356
5342 2156 467
5343 4422 433
5344 0 -1
5345 4237 304
5346 4068 379
5347 4123 365
5348 2759 328
5349 5582 351
5350 1070 300
5351 5561 340
5352 6160 257
5353 3370 510
5354 1758 573
5355 6319 385
5356 2078 475
5357 0 -1
5358 6403 462
5359 5671 290
5360 941 407
5361 1783 204
5362 1416 373
5363 2307 293
5364 4562 560
5365 3459 233
5366 4511 390
5367 3337 496
5368 6466 468
5369 3977 371
5370 0 -1
5371 5896 606
5372 3760 318
5373 3525 317
5374 3295 394
5375 312 397
5376 5004 525
5377 45 421
5378 1096 404
5379 1187 374
5380 5329 399
5381 3852 452
5382 2858 479
5383 2716 365
5384 2477 439
5385 2253 538
5386 1629 468
5387 460 391
5388 5403 405
5389 6513 438
5390 1170 493
5391 4436 472
5392 3692 453
5393 1884 459
5394 5897 496
5395 6022 384
5396 0 -1
5397 1878 380
5398 656 309
5399 1191 350
5400 5745 281
5401 1684 461
5402 5454 362
5403 6485 367
5404 4905 362
5405 2047 499
5406 3631 427
5407 3832 485
5408 2677 314
5409 3736 362
5410 1666 332
5411 6590 340
5412 3457 394
5413 206 373
5414 1401 442
5415 0 -1
5416 5112 352
5417 288 429
5418 3490 317
5419 5401 464
5420 5903 405
5421 6550 429
5422 3504 437
5423 2114 335
5424 1163 360
5425 4843 392
5426 863 371
5427 3134 367
5428 2996 304
5429 5070 353
5430 4697 302
5431 316 431
5432 5859 301
5433 1512 362
5434 0 -1
5435 0 -1
5436 1530 339
5437 6599 423
5438 3954 351
5439 4258 399
5440 1812 320
5441 2726 414
5442 0 -1
5443 1416 418
5444 2235 603
5445 5103 399
5446 1889 398
5447 6157 288
5448 6293 367
5449 5600 367
5450 4639 358
5451 4522 266
5452 4613 353
5453 4024 342
5454 2748 351
5455 1750 344
5456 0 -1
5457 1634 501
5458 1994 431
5459 135 451
5460 3865 384
5461 0 -1
5462 232 410
5463 5352 270
5464 0 -1
5465 4314 306
5466 2916 454
5467 0 -1
5468 6204 417
5469 2238 403
5470 4413 343
5471 6386 407
5472 614 376
5473 6026 393
5474 118 424
5475 3203 554
5476 6023 384
5477 5857 429
5478 3972 408
5479 5546 474
5480 0 -1
5481 677 351
5482 4462 335
5483 3160 399
5484 5186 332
5485 5122 352
5486 0 -1
5487 123 375
5488 4916 476
5489 3389 479
5490 1278 322
5491 87 492
5492 4862 485
5493 6590 337
5494 1070 330
5495 4436 409
5496 5701 327
5497 3503 444
5498 2236 420
5499 3334 351
5500 0 -1
5501 3899 455
5502 532 418
5503 1564 385
5504 5223 421
5505 1646 406
5506 1035 377
5507 6003 443
5508 3215 473
5509 2607 300
5510 4314 265
5511 419 398
5512 2361 364
5513 462 444
5514 4005 353
5515 625 431
5516 834 294
5517 3086 328
5518 1083 378
5519 1051 487
5520 3746 454
5521 429 425
5522 0 -1
5523 4522 313
5524 5748 360
5525 5211 394
5526 1853 398
5527 3261 464
5528 2843 415
5529 2726 304
5530 85 252
5531 4722 420
5532 291 395
5533 3969 382
5534 755 396
5535 182 400
5536 3007 321
5537 6505 510
5538 0 -1
5539 1726 409
5540 1667 312
5541 3479 527
5542 4720 527
5543 6337 412
5544 4903 129
5545 5445 407
5546 2421 402
5547 5613 290
5548 0 -1
5549 1127 484
5550 845 360
5551 0 -1
5552 1125 393
5553 5228 475
5554 257 290
5555 4140 462
5556 5604 417
5557 5383 400
5558 689 303
5559 3737 439
5560 5870 359
5561 2665 290
5562 5693 541
5563 6520 475
5564 5741 334
5565 0 -1
5566 1914 364
5567 3806 398
5568 4248 434
5569 0 -1
5570 1538 370
5571 3268 363
5572 458 377
5573 2286 346
5574 0 -1
5575 2359 440
5576 1335 183
5577 2941 225
5578 1852 477
5579 3778 407
5580 1167 365
5581 1156 591
5582 3357 286
5583 4201 459
5584 1251 431
5585 498 418
5586 2509 367
5587 6317 393
5588 4300 446
5589 5567 455
5590 2180 589
5591 3789 329
5592 0 -1
5593 2287 392
5594 6564 392
5595 2992 426
5596 5677 315
5597 1122 374
5598 5454 359
5599 4689 386
5600 4498 314
5601 4196 469
5602 5195 387
5603 0 -1
5604 77 308
5605 984 405
5606 5348 397
5607 1804 376
5608 2118 503
5609 464 587
5610 5010 470
5611 1283 362
5612 4750 345
5613 5999 231
5614 4568 349
5615 1447 358
5616 5893 369
5617 5794 343
5618 966 482
5619 4482 388
5620 6043 309
5621 554 492
5622 0 -1
5623 4345 458
5624 3064 325
5625 0 -1
5626 0 -1
5627 5104 423
5628 199 296
5629 2711 395
5630 575 330
5631 2324 414
5632 262 402
5633 1265 415
5634 2211 387
5635 233 590
5636 2117 417
5637 2967 299
5638 2584 409
5639 6242 341
5640 4042 340
5641 1258 428
5642 5463 324
5643 5272 428
5644 2518 517
5645 6371 505
5646 5384 489
5647 1487 438
5648 0 -1
5649 744 369
5650 229 344
5651 3113 330
5652 3459 241
5653 4164 451
5654 6487 446
5655 4280 322
5656 1148 202
5657 3903 426
5658 2351 376
5659 0 -1
5660 0 -1
5661 6192 428
5662 1782 401
5663 2062 393
5664 6192 325
5665 2788 362
5666 3096 344
5667 4206 316
5668 6067 281
5669 4479 257
5670 5313 344
5671 854 273
5672 4797 355
5673 2822 548
5674 4821 400
5675 4462 280
5676 921 490
5677 1278 304
5678 18 344
5679 1313 365
5680 3492 392
5681 5916 393
5682 0 -1
5683 1791 469
5684 6221 510
5685 605 443
5686 6556 393
5687 1855 355
5688 3020 327
5689 3109 365
5690 5326 626
5691 892 468
5692 5873 421
5693 4867 447
5694 3676 380
5695 57 400
5696 4718 261
5697 2793 468
5698 2158 335
5699 2713 395
5700 6479 330
5701 3837 298
5702 6363 255
5703 3715 382
5704 2732 485
5705 6310 329
5706 2469 282
5707 697 411
5708 5198 381
5709 4995 445
5710 2412 302
5711 5372 399
5712 1293 437
5713 2312 462
5714 4340 491
5715 4568 320
5716 4661 450
5717 2332 267
5718 3025 439
5719 876 516
5720 2506 372
5721 0 -1
5722 387 536
5723 5498 467
5724 3075 408
5725 1175 400
5726 653 229
5727 533 510
5728 2541 375
5729 2323 346
5730 2592 603
5731 355 145
5732 5597 376
5733 1228 335
5734 6114 251
5735 900 533
5736 6278 373
5737 6192 329
5738 4664 260
5739 0 -1
5740 2690 319
5741 3016 327
5742 2704 260
5743 136 365
5744 6155 375
5745 5214 249
5746 1737 446
5747 0 -1
5748 690 328
5749 6547 384
5750 3057 398
5751 715 394
5752 4166 403
5753 0 -1
5754 1590 363
5755 1462 378
5756 4658 216
5757 6204 486
5758 2901 377
5759 695 406
5760 6532 465
5761 2971 347
5762 4672 365
5763 2633 383
5764 2154 341
5765 1360 344
5766 3695 528
5767 718 339
5768 6007 366
5769 4992 492
5770 5586 381
5771 2385 236
5772 3372 408
5773 6148 409
5774 2034 458
5775 6245 358
5776 44 437
5777 2988 365
5778 5558 336
5779 1388 386
5780 5998 383
5781 1710 304
5782 5403 451
5783 4126 297
5784 6098 467
5785 1861 325
5786 5287 394
5787 3601 345
5788 2700 331
5789 3565 442
5790 3093 234
5791 4130 295
5792 2386 380
5793 4034 483
5794 6051 269
5795 2769 531
5796 53 406
5797 4529 246
5798 3173 531
5799 2326 385
5800 245 354
5801 5126 505
5802 3674 404
5803 3553 366
5804 4116 361
5805 6102 339
5806 2985 349
5807 2989 335
5808 4378 338
5809 4046 230
5810 5144 346
5811 2468 734
5812 1430 332
5813 3322 478
5814 5106 346
5815 3021 404
5816 2058 322
5817 771 314
5818 1663 403
5819 3449 403
5820 5694 390
5821 2126 433
5822 0 -1
5823 3913 406
5824 5553 540
5825 1572 352
5826 6559 335
5827 4224 405
5828 5040 447
5829 5731 152
5830 3226 343
5831 1360 366
5832 1465 458
5833 530 438
5834 5365 237
5835 3735 313
5836 71 423
5837 2500 303
5838 3459 313
5839 4529 203
5840 3698 367
5841 1276 380
5842 3265 415
5843 4130 309
5844 5073 297
5845 3972 436
5846 3441 327
5847 2153 339
5848 5150 348
5849 0 -1
5850 3850 290
5851 4839 390
5852 6391 306
5853 1787 316
5854 970 356
5855 3686 401
5856 2743 409
5857 5619 424
5858 3033 546
5859 3459 299
5860 1461 411
5861 3506 434
5862 784 447
5863 2125 407
5864 2074 406
5865 6173 364
5866 3000 431
5867 6284 542
5868 5651 397
5869 4804 430
5870 4252 293
5871 6577 325
5872 5165 437
5873 683 372
5874 0 -1
5875 1464 379
5876 5835 329
5877 2101 361
5878 2094 413
5879 6333 383
5880 6544 473
5881 4332 383
5882 854 246
5883 5395 394
5884 6113 388
5885 1244 239
5886 5262 416
5887 3957 525
5888 4604 375
5889 3315 415
5890 3072 413
5891 1108 448
5892 2264 509
5893 1459 353
5894 0 -1
5895 3057 338
5896 6202 520
5897 3512 418
5898 648 348
5899 567 302
5900 1833 481
5901 2949 401
5902 3184 421
5903 4656 397
5904 6217 383
5905 2448 308
5906 4255 367
5907 3452 315
5908 1750 370
5909 1070 404
5910 1018 401
5911 2172 376
5912 28 386
5913 1660 365
5914 3932 390
5915 3279 379
5916 749 348
5917 2805 555
5918 0 -1
5919 5881 395
5920 4335 449
5921 6538 570
5922 326 285
5923 3313 342
5924 2094 418
5925 4887 459
5926 297 382
5927 4960 350
5928 526 412
5929 6523 386
5930 302 424
5931 4665 586
5932 2864 329
5933 3325 332
5934 1426 355
5935 1413 351
5936 4285 437
5937 3778 418
5938 4635 387
5939 5577 298
5940 4000 384
5941 3024 468
5942 4562 542
5943 0 -1
5944 6460 419
5945 4403 468
5946 3668 491
5947 5350 355
5948 1435 502
5949 3767 483
5950 1260 387
5951 3077 415
5952 2676 287
5953 3504 436
5954 2601 365
5955 2556 568
5956 3707 405
5957 1680 401
5958 0 -1
5959 3310 424
5960 2410 417
5961 0 -1
5962 3720 243
5963 0 -1
5964 3413 397
5965 4762 192
5966 5246 312
5967 3611 313
5968 3407 426
5969 6560 366
5970 3850 355
5971 4410 395
5972 1951 444
5973 6252 422
5974 2228 611
5975 5160 473
5976 4069 411
5977 2208 438
5978 5033 327
5979 2286 312
5980 1646 336
5981 1995 398
5982 6029 450
5983 0 -1
5984 1692 279
5985 0 -1
5986 0 -1
5987 0 -1
5988 0 -1
5989 1871 364
5990 6157 292
5991 2444 492
5992 1664 429
5993 3101 334
5994 2676 380
5995 2756 416
5996 6107 444
5997 970 290
5998 1220 368
5999 2561 204
6000 175 457
6001 5316 404
6002 3596 361
6003 5919 409
6004 4814 437
6005 1408 353
6006 3344 391
6007 1276 340
6008 3094 413
6009 5740 421
6010 666 427
6011 2255 453
6012 4291 448
6013 1812 383
6014 2726 336
6015 4261 401
6016 5329 380
6017 1754 296
6018 3227 362
6019 122 172
6020 4181 392
6021 1927 352
6022 443 357
6023 2184 311
6024 1372 302
6025 2813 508
6026 3708 385
6027 4119 518
6028 440 457
6029 4767 366
6030 3712 485
6031 4185 387
6032 6078 403
6033 5604 365
6034 1795 282
6035 1228 318
6036 1729 416
6037 5882 346
6038 0 -1
6039 6358 200
6040 4214 372
6041 5809 343
6042 721 478
6043 5669 274
6044 588 343
6045 2602 375
6046 0 -1
6047 2481 433
6048 3425 133
6049 5895 407
6050 4195 430
6051 6019 174
6052 2249 346
6053 5195 388
6054 4585 270
6055 1360 444
6056 301 407
6057 0 -1
6058 1495 392
6059 2774 464
6060 639 596
6061 1780 441
6062 4146 392
6063 283 462
6064 4418 398
6065 4393 419
6066 864 359
6067 6358 261
6068 3228 357
6069 1685 378
6070 4385 405
6071 5019 271
6072 6580 337
6073 1585 443
6074 3986 275
6075 6512 428
6076 6239 283
6077 0 -1
6078 6395 324
6079 2786 486
6080 5067 328
6081 5416 405
6082 3975 438
6083 1805 373
6084 1427 391
6085 0 -1
6086 5808 381
6087 107 333
6088 2775 272
6089 787 321
6090 3279 338
6091 1572 347
6092 0 -1
6093 1787 326
6094 1536 379
6095 5453 370
6096 86 363
6097 3165 472
6098 3022 362
6099 836 508
6100 5923 405
6101 5772 439
6102 2994 333
6103 4315 295
6104 4703 446
6105 5378 482
6106 932 400
6107 5670 379
6108 6205 388
6109 66 474
6110 1444 425
6111 2642 460
6112 6058 405
6113 5256 369
6114 1148 239
6115 5662 437
6116 2792 462
6117 5470 365
6118 2516 384
6119 2620 349
6120 5665 392
6121 1336 404
6122 0 -1
6123 2035 383
6124 0 -1
6125 3322 431
6126 1073 450
6127 5552 504
6128 5028 419
6129 4252 262
6130 5756 221
6131 4103 497
6132 2355 477
6133 1439 356
6134 1400 315
6135 0 -1
6136 2859 333
6137 4130 257
6138 3839 328
6139 2812 338
6140 3772 372
6141 604 330
6142 5027 479
6143 4343 255
6144 2690 275
6145 5033 275
6146 494 359
6147 3581 479
6148 4701 310
6149 4101 308
6150 839 430
6151 2302 439
6152 5115 478
6153 3958 419
6154 0 -1
6155 4062 354
6156 0 -1
6157 516 250
6158 3210 437
6159 6422 419
6160 1213 210
6161 4766 339
6162 3596 337
6163 2794 352
6164 5065 344
6165 6528 365
6166 2804 401
6167 2364 410
6168 660 517
6169 3681 407
6170 3277 545
6171 1693 377
6172 4528 288
6173 2114 286
6174 4217 423
6175 6157 295
6176 5229 329
6177 2800 385
6178 5810 425
6179 1358 412
6180 1400 392
6181 5516 396
6182 0 -1
6183 2772 333
6184 6211 413
6185 3770 502
6186 881 496
6187 3637 555
6188 1424 427
6189 3234 383
6190 1745 304
6191 2158 407
6192 1559 314
6193 2400 464
6194 4265 356
6195 987 445
6196 2106 284
6197 4957 407
6198 0 -1
6199 2915 313
6200 1531 482
6201 3515 465
6202 1026 422
6203 6422 351
6204 5302 414
6205 1732 365
6206 470 285
6207 3437 384
6208 5465 325
6209 3692 487
6210 0 -1
6211 4889 302
6212 4351 344
6213 4480 332
6214 433 398
6215 2448 338
6216 4731 446
6217 3898 311
6218 5904 437
6219 3450 384
6220 0 -1
6221 1170 448
6222 4017 290
6223 6045 440
6224 4691 485
6225 4191 214
6226 5859 309
6227 2146 462
6228 1385 308
6229 3056 450
6230 2775 209
6231 1470 401
6232 3226 316
6233 3795 358
6234 0 -1
6235 1244 197
6236 5935 354
6237 1697 390
6238 0 -1
6239 2160 239
6240 3133 307
6241 4223 406
6242 5952 335
6243 4651 360
6244 2608 487
6245 5838 332
6246 4743 394
6247 5221 417
6248 2259 468
6249 6346 419
6250 1762 334
6251 537 370
6252 4337 358
6253 4994 340
6254 2795 459
6255 4018 455
6256 5799 392
6257 6597 394
6258 3386 392
6259 3677 506
6260 4457 421
6261 2016 520
6262 6296 420
6263 0 -1
6264 6193 464
6265 1363 315
6266 1632 424
6267 3153 298
6268 134 397
6269 2739 438
6270 1996 345
6271 1817 341
6272 5786 413
6273 638 331
6274 3251 385
6275 0 -1
6276 1500 393
6277 6242 404
6278 213 282
6279 1478 372
6280 3602 425
6281 4149 536
6282 2356 195
6283 1448 415
6284 839 491
6285 1961 474
6286 1786 370
6287 5133 389
6288 2902 416
6289 3044 396
6290 3774 352
6291 5817 356
6292 0 -1
6293 4931 334
6294 6176 363
6295 5564 406
6296 5529 356
6297 844 289
6298 3394 430
6299 2361 387
6300 5588 477
6301 6361 340
6302 3510 424
6303 196 331
6304 6552 521
6305 5731 240
6306 0 -1
6307 1745 328
6308 0 -1
6309 5606 409
6310 5576 294
6311 6440 420
6312 2650 373
6313 857 502
6314 3644 670
6315 2243 455
6316 4935 327
6317 999 333
6318 6545 370
6319 4591 351
6320 96 410
6321 777 435
6322 4321 473
6323 6307 402
6324 2694 325
6325 4715 406
6326 5932 399
6327 4295 506
6328 2915 301
6329 5817 340
6330 2440 438
6331 1005 488
6332 5217 348
6333 4007 349
6334 4252 269
6335 1404 427
6336 5291 291
6337 1612 370
6338 0 -1
6339 4526 428
6340 620 345
6341 4307 349
6342 4378 355
6343 2808 419
6344 4369 403
6345 2167 405
6346 2418 326
6347 4491 344
6348 4280 349
6349 767 397
6350 4752 419
6351 1806 438
6352 794 468
6353 69 395
6354 410 400
6355 2277 466
6356 1781 536
6357 0 -1
6358 2245 195
6359 2188 374
6360 2400 401
6361 3440 329
6362 5952 350
6363 4903 171
6364 2115 483
6365 1914 421
6366 5033 364
6367 3525 329
6368 4371 451
6369 4577 390
6370 0 -1
6371 4000 477
6372 356 419
6373 2886 329
6374 4360 375
6375 3449 441
6376 4302 526
6377 6542 440
6378 1097 465
6379 3525 302
6380 4206 287
6381 0 -1
6382 122 120
6383 5063 339
6384 1186 452
6385 5111 560
6386 1830 305
6387 5109 447
6388 4798 356
6389 1175 390
6390 6225 314
6391 1159 284
6392 2103 420
6393 4553 328
6394 3344 384
6395 2559 291
6396 485 431
6397 6578 379
6398 5407 583
6399 2489 338
6400 0 -1
6401 969 587
6402 5952 354
6403 5034 461
6404 1879 302
6405 6519 451
6406 1084 330
6407 3928 402
6408 1550 393
6409 4719 455
6410 2700 343
6411 4707 243
6412 483 520
6413 4596 342
6414 0 -1
6415 0 -1
6416 2440 338
6417 3380 462
6418 0 -1
6419 2741 391
6420 4582 380
6421 6589 463
6422 769 321
6423 0 -1
6424 4493 363
6425 0 -1
6426 4700 409
6427 5172 302
6428 0 -1
6429 4167 406
6430 1601 454
6431 4580 357
6432 1060 458
6433 1705 346
6434 718 339
6435 6043 300
6436 4728 463
6437 3621 422
6438 1405 276
6439 2466 350
6440 1442 415
6441 113 266
6442 2588 353
6443 6511 459
6444 160 430
6445 3898 386
6446 3554 462
6447 3549 412
6448 76 276
6449 1465 440
6450 4838 422
6451 1695 285
6452 1560 333
6453 0 -1
6454 1538 403
6455 76 300
6456 4989 149
6457 1825 356
6458 2640 345
6459 4537 370
6460 1871 400
6461 2500 350
6462 4337 349
6463 6420 414
6464 4226 416
6465 2834 404
6466 1424 458
6467 4022 371
6468 4996 442
6469 5174 502
6470 1441 344
6471 6143 296
6472 0 -1
6473 2566 461
6474 6475 332
6475 3971 290
6476 1102 386
6477 563 461
6478 5097 395
6479 4446 311
6480 4495 373
6481 2640 389
6482 1408 330
6483 3418 476
6484 5927 355
6485 3774 340
6486 2266 527
6487 925 404
6488 5123 378
6489 589 451
6490 2777 408
6491 6551 272
6492 6251 412
6493 4182 210
6494 1658 501
6495 4768 383
6496 3265 425
6497 1631 487
6498 1667 354
6499 3207 431
6500 2985 305
6501 5768 450
6502 1796 546
6503 6265 366
6504 3449 413
6505 1952 403
6506 5033 313
6507 6242 347
6508 557 336
6509 1915 427
6510 2323 377
6511 5617 370
6512 4748 331
6513 6458 384
6514 0 -1
6515 4887 460
6516 5085 442
6517 5449 463
6518 6293 362
6519 4993 423
6520 5369 451
6521 4938 518
6522 5663 469
6523 1670 299
6524 5256 313
6525 1248 462
6526 2764 382
6527 1283 410
6528 2529 361
6529 5069 418
6530 2752 370
6531 5790 235
6532 6499 444
6533 5413 388
6534 3921 401
6535 1968 376
6536 3343 273
6537 2101 358
6538 4597 512
6539 3883 392
6540 3673 482
6541 1358 397
6542 4565 373
6543 4896 341
6544 3708 467
6545 2864 319
6546 1124 401
6547 2176 355
6548 1537 444
6549 2193 419
6550 4918 364
6551 1836 228
6552 3681 456
6553 6231 444
6554 4479 261
6555 5700 339
6556 4303 372
6557 6386 349
6558 5627 513
6559 3607 296
6560 5952 362
6561 6531 292
6562 3799 413
6563 4437 410
6564 2772 328
6565 6160 249
6566 757 460
6567 2966 252
6568 3760 427
6569 2467 375
6570 4686 419
6571 657 452
6572 3167 315
6573 6222 356
6574 2847 376
6575 2724 424
6576 4909 395
6577 2969 275
6578 6438 349
6579 2901 403
6580 3662 294
6581 2559 252
6582 0 -1
6583 0 -1
6584 6524 416
6585 1343 380
6586 122 150
6587 4701 370
6588 4289 430
6589 4820 399
6590 5428 315
6591 3543 386
6592 1357 429
6593 0 -1
6594 4391 408
6595 2103 411
6596 5100 448
6597 644 376
6598 3045 386
6599 5728 389
6600 18 391
