3
1 0 -1
2 3470 373
3 3 0
4 6032 365
5 5624 308
6 0 -1
7 2732 325
8 3126 165
9 4316 295
10 3773 312
11 6527 340
12 0 -1
13 272 214
14 6394 187
15 4420 267
16 1402 401
17 6475 321
18 2640 373
19 5431 260
20 3615 272
21 45 242
22 5484 285
23 1293 305
24 2859 227
25 151 392
26 4645 292
27 1590 241
28 5025 307
29 4855 363
30 2858 384
31 0 -1
32 116 321
33 5737 263
34 1486 265
35 3484 317
36 2248 343
37 4818 282
38 5902 172
39 4330 326
40 3846 273
41 3369 332
42 4247 186
43 558 337
44 4291 277
45 1283 239
46 134 397
47 1617 589
48 6114 310
49 3776 293
50 3169 359
51 3112 355
52 855 387
53 2095 352
54 5080 338
55 3324 356
56 1413 287
57 4190 265
58 0 -1
59 1504 340
60 6165 247
61 3728 285
62 2317 297
63 3374 304
64 4824 399
65 1562 228
66 1882 301
67 5642 364
68 0 -1
69 3382 390
70 4190 312
71 1623 335
72 3349 350
73 6377 383
74 5050 126
75 4233 352
76 6051 308
77 5142 302
78 410 266
79 132 183
80 4228 232
81 2602 341
82 1108 264
83 101 294
84 2074 284
85 4959 224
86 1725 215
87 4286 347
88 3510 194
89 5345 328
90 20 282
91 227 448
92 0 -1
93 4281 339
94 1782 426
95 4565 356
96 3850 315
97 3520 270
98 1126 360
99 6196 266
100 3416 135
101 2064 293
102 4681 219
103 142 226
104 2593 308
105 4525 244
106 1292 224
107 5962 277
108 5195 283
109 6020 298
110 6532 339
111 5925 345
112 3034 310
113 599 252
114 2851 204
115 2537 407
116 1311 316
117 939 299
118 252 256
119 4447 329
120 3289 595
121 3867 443
122 4339 336
123 99 308
124 0 -1
125 4681 221
126 4100 231
127 5959 263
128 1016 250
129 2273 321
130 1436 366
131 5783 188
132 6591 113
133 3117 252
134 880 379
135 1253 249
136 6091 297
137 337 295
138 0 -1
139 3453 262
140 2701 298
141 4311 271
142 4261 203
143 5953 219
144 60 268
145 3 57
146 1120 301
147 5016 232
148 2279 216
149 5062 248
150 521 350
151 2566 301
152 528 462
153 2019 300
154 5767 319
155 4596 328
156 1277 317
157 0 -1
158 456 203
159 4421 344
160 2375 348
161 2613 277
162 1900 422
163 5715 178
164 3828 276
165 0 -1
166 2602 330
167 832 315
168 4970 254
169 3344 160
170 1054 195
171 0 -1
172 1304 214
173 3080 300
174 4548 346
175 4084 409
176 1059 300
177 3570 323
178 3798 230
179 4907 240
180 6137 114
181 3862 280
182 652 281
183 2409 257
184 3594 405
185 3472 296
186 418 277
187 6334 289
188 230 326
189 2756 299
190 0 -1
191 1933 312
192 6503 334
193 5361 380
194 5482 327
195 0 -1
196 5671 215
197 1323 377
198 699 277
199 3641 302
200 1522 283
201 3771 350
202 4185 207
203 2941 264
204 4335 350
205 284 439
206 1705 346
207 3414 337
208 2979 202
209 6266 382
210 3676 131
211 6278 301
212 0 -1
213 6526 267
214 6566 321
215 4510 239
216 1704 192
217 3677 333
218 3897 332
219 2859 262
220 5591 366
221 5163 272
222 2095 355
223 5224 277
224 0 -1
225 0 -1
226 1302 349
227 168 343
228 2979 148
229 4405 252
230 6106 264
231 5330 312
232 774 246
233 2397 381
234 3256 272
235 6099 548
236 4006 301
237 0 -1
238 3034 239
239 1849 288
240 5501 246
241 1283 289
242 0 -1
243 6179 265
244 1307 344
245 5755 285
246 842 260
247 2259 258
248 776 279
249 870 375
250 1338 340
251 2053 348
252 1923 236
253 0 -1
254 615 372
255 5540 210
256 2485 326
257 4046 257
258 3244 312
259 0 -1
260 3699 247
261 467 369
262 5633 309
263 2244 321
264 1884 321
265 147 273
266 279 286
267 274 349
268 4621 321
269 1809 349
270 407 275
271 3932 338
272 1056 96
273 3181 411
274 359 305
275 5440 207
276 2657 300
277 0 -1
278 337 262
279 5540 193
280 5321 302
281 925 340
282 1878 251
283 5888 177
284 1289 343
285 5697 463
286 1377 349
287 0 -1
288 3822 305
289 4289 224
290 93 355
291 2803 362
292 4920 380
293 1397 301
294 147 325
295 0 -1
296 1667 158
297 1784 100
298 5768 330
299 6048 164
300 3367 550
301 6119 314
302 5101 209
303 3641 395
304 461 476
305 4915 256
306 4294 348
307 3620 292
308 4873 292
309 6570 309
310 0 -1
311 4179 365
312 3009 244
313 2778 409
314 3661 244
315 5059 275
316 5738 157
317 6137 121
318 3050 315
319 0 -1
320 6055 451
321 482 135
322 2261 270
323 5267 304
324 5016 246
325 5234 329
326 1757 287
327 3121 405
328 587 262
329 6176 265
330 0 -1
331 430 386
332 1088 358
333 3456 441
334 4248 362
335 2752 199
336 4224 311
337 2702 204
338 418 222
339 1149 299
340 5716 149
341 3126 272
342 5417 199
343 5570 331
344 3072 257
345 4964 271
346 4126 226
347 548 273
348 3707 220
349 2514 274
350 6236 285
351 6319 316
352 5209 263
353 3467 381
354 2839 383
355 429 217
356 982 380
357 3686 249
358 0 -1
359 685 239
360 2852 397
361 6050 332
362 308 373
363 6168 427
364 6015 241
365 252 241
366 1935 379
367 3552 232
368 3556 340
369 6243 304
370 1172 322
371 1970 312
372 4773 292
373 491 188
374 2677 325
375 5577 288
376 2766 368
377 4341 239
378 3661 227
379 4793 371
380 0 -1
381 1740 353
382 960 337
383 664 363
384 5025 308
385 4300 176
386 5077 293
387 2998 364
388 430 288
389 312 297
390 1439 310
391 684 347
392 0 -1
393 2343 231
394 769 356
395 4133 298
396 5343 320
397 984 298
398 5086 254
399 2653 287
400 0 -1
401 4441 146
402 1619 298
403 1114 406
404 2057 263
405 5798 354
406 3682 382
407 340 175
408 2946 77
409 6373 303
410 3947 163
411 6363 335
412 3204 312
413 301 365
414 3764 409
415 1908 354
416 469 279
417 653 231
418 1603 197
419 5036 298
420 3347 365
421 4031 113
422 4658 204
423 1241 287
424 5888 236
425 19 278
426 6231 279
427 4384 362
428 6257 274
429 2246 135
430 569 274
431 3926 349
432 749 369
433 4259 235
434 349 302
435 1972 329
436 1247 399
437 1660 247
438 4983 294
439 2858 395
440 1722 254
441 3851 384
442 1530 355
443 5577 285
444 4924 401
445 23 334
446 39 337
447 4615 288
448 4937 217
449 2425 199
450 4940 354
451 0 -1
452 2732 335
453 766 420
454 739 358
455 6131 323
456 4229 157
457 4804 397
458 1940 297
459 5196 308
460 1224 294
461 2895 368
462 1647 435
463 5363 323
464 2100 334
465 4332 338
466 761 268
467 489 285
468 2907 231
469 3086 228
470 97 282
471 3224 299
472 6473 369
473 4633 283
474 65 275
475 3807 324
476 6580 392
477 456 256
478 41 362
479 3382 287
480 4553 268
481 6368 521
482 6137 127
483 583 337
484 4770 447
485 2168 232
486 2408 209
487 2376 330
488 2461 395
489 2716 212
490 5544 353
491 1427 165
492 1803 314
493 164 311
494 2480 320
495 654 373
496 5288 319
497 4757 235
498 6354 325
499 0 -1
500 3 1
501 0 -1
502 5957 303
503 3255 272
504 1852 354
505 456 199
506 5020 321
507 3765 368
508 4998 516
509 474 371
510 4044 258
511 4847 310
512 4889 258
513 4944 222
514 2110 295
515 1875 344
516 79 201
517 6129 235
518 1802 277
519 3175 346
520 2547 368
521 3571 348
522 2738 242
523 2261 206
524 2787 201
525 0 -1
526 1583 370
527 2472 354
528 3323 445
529 5075 208
530 4685 319
531 4597 373
532 6378 198
533 5068 320
534 0 -1
535 2796 215
536 946 232
537 1292 320
538 2693 329
539 6114 282
540 1628 345
541 5975 488
542 5904 361
543 4539 305
544 3149 375
545 6594 334
546 3765 336
547 6365 368
548 2870 261
549 0 -1
550 3316 339
551 5135 341
552 629 308
553 6186 300
554 2539 394
555 4039 283
556 667 292
557 1235 267
558 1997 332
559 4431 329
560 0 -1
561 3050 252
562 3416 197
563 2930 367
564 3655 259
565 3846 309
566 3101 297
567 4962 302
568 114 241
569 5512 239
570 4869 123
571 0 -1
572 6473 346
573 1797 464
574 6188 244
575 1076 241
576 3880 345
577 4800 435
578 2480 224
579 3226 311
580 3171 156
581 2254 313
582 447 375
583 6369 335
584 5088 243
585 1258 352
586 2893 653
587 4700 165
588 1409 323
589 630 345
590 3066 259
591 756 258
592 1153 377
593 513 226
594 1007 227
595 1673 301
596 4406 10
597 1589 286
598 6064 297
599 126 233
600 0 -1
601 5140 279
602 1847 382
603 2783 296
604 1878 323
605 178 246
606 1786 299
607 3753 481
608 5754 231
609 2823 254
610 0 -1
611 4910 211
612 5838 279
613 3314 338
614 2506 296
615 5166 287
616 5825 292
617 3360 242
618 0 -1
619 2655 300
620 3431 270
621 4399 402
622 4353 311
623 0 -1
624 5438 402
625 1377 269
626 13 301
627 6161 285
628 2724 279
629 85 245
630 3784 227
631 2286 266
632 5243 384
633 2847 373
634 4816 404
635 1889 309
636 2672 330
637 5850 260
638 536 282
639 3537 197
640 5632 365
641 5516 281
642 202 285
643 569 242
644 2138 160
645 0 -1
646 6211 306
647 5175 134
648 6350 242
649 0 -1
650 6309 273
651 682 429
652 321 234
653 1466 225
654 4882 343
655 0 -1
656 1927 277
657 1246 381
658 1593 208
659 2425 256
660 1584 349
661 5462 371
662 2409 256
663 1677 249
664 4393 324
665 6523 265
666 6014 338
667 3234 263
668 2210 418
669 2233 258
670 2449 287
671 6254 334
672 5751 359
673 230 382
674 6230 275
675 674 325
676 1708 302
677 3541 326
678 3153 295
679 6289 327
680 2844 293
681 401 165
682 2048 337
683 2174 272
684 5528 242
685 4963 210
686 1271 212
687 3366 400
688 4760 436
689 4051 326
690 1548 222
691 5989 273
692 496 390
693 4984 372
694 3512 284
695 1831 342
696 6217 316
697 1377 272
698 4097 292
699 6216 204
700 839 371
701 914 403
702 3717 363
703 3019 306
704 4346 260
705 4483 201
706 3201 244
707 2640 370
708 4222 514
709 3106 284
710 724 466
711 4136 409
712 2576 412
713 288 345
714 4581 356
715 149 303
716 5231 381
717 6229 339
718 408 113
719 272 162
720 0 -1
721 4496 357
722 5455 260
723 959 269
724 361 377
725 302 263
726 5499 259
727 937 216
728 4352 326
729 6016 365
730 2140 325
731 2427 165
732 140 301
733 4554 417
734 1755 314
735 5875 213
736 2101 309
737 5657 339
738 5187 360
739 5559 263
740 5410 241
741 1007 158
742 2323 279
743 4385 308
744 6500 367
745 6003 310
746 1007 230
747 2756 338
748 5093 215
749 1313 313
750 4348 316
751 1293 257
752 6559 276
753 1136 448
754 5167 391
755 999 288
756 3532 205
757 5332 281
758 5896 388
759 4681 219
760 1292 215
761 4270 241
762 1889 392
763 1836 392
764 1002 420
765 6114 222
766 2236 313
767 5768 281
768 4553 246
769 3126 244
770 4100 335
771 3939 209
772 5337 294
773 2694 300
774 1925 179
775 6464 480
776 2735 250
777 5736 305
778 2035 341
779 1715 283
780 6088 319
781 1998 182
782 4094 376
783 2756 338
784 565 318
785 5258 389
786 4118 323
787 5671 256
788 6270 347
789 0 -1
790 2024 319
791 1288 301
792 971 308
793 2351 313
794 2642 358
795 6231 268
796 1597 517
797 1472 413
798 2270 370
799 4405 341
800 1999 317
801 3307 387
802 4806 318
803 0 -1
804 3109 265
805 345 272
806 1295 399
807 2267 315
808 3615 335
809 3965 465
810 0 -1
811 852 499
812 4671 282
813 5728 455
814 3154 408
815 0 -1
816 1584 379
817 6243 404
818 476 484
819 0 -1
820 0 -1
821 5520 325
822 4442 280
823 923 449
824 5502 326
825 4663 405
826 2437 301
827 513 255
828 5493 315
829 3083 504
830 4928 226
831 1103 419
832 4482 242
833 1097 203
834 5656 236
835 6218 329
836 558 338
837 6314 633
838 4985 421
839 5302 323
840 266 292
841 1144 308
842 5834 255
843 1235 257
844 2027 254
845 6265 258
846 510 376
847 937 278
848 2315 233
849 6334 293
850 2706 380
851 1484 380
852 2320 399
853 4878 239
854 3459 182
855 3257 292
856 1574 449
857 2841 343
858 999 257
859 1372 319
860 4259 289
861 1333 207
862 0 -1
863 4159 244
864 568 271
865 5428 279
866 4473 252
867 668 434
868 653 341
869 4342 311
870 5499 307
871 2391 375
872 0 -1
873 4834 296
874 2561 225
875 3208 342
876 4435 396
877 2785 311
878 6311 330
879 81 400
880 200 291
881 6296 393
882 3365 492
883 0 -1
884 5177 293
885 1526 392
886 5754 235
887 2457 304
888 881 436
889 5670 375
890 1712 380
891 2306 384
892 2859 279
893 6574 268
894 1709 399
895 1339 368
896 5738 178
897 423 345
898 5598 412
899 5644 460
900 1383 212
901 265 287
902 3530 316
903 88 286
904 1306 316
905 5716 153
906 1551 342
907 537 326
908 3632 506
909 1317 270
910 5993 355
911 2042 367
912 1077 308
913 2316 263
914 2444 315
915 3855 221
916 1368 347
917 3701 317
918 1822 397
919 4963 267
920 4512 429
921 6312 303
922 2466 351
923 3866 355
924 378 344
925 5545 300
926 6543 183
927 5321 331
928 1205 323
929 47 691
930 4787 387
931 76 338
932 5556 246
933 1733 347
934 2529 234
935 0 -1
936 6194 378
937 3937 197
938 5173 337
939 968 248
940 4391 310
941 5085 230
942 1343 367
943 247 306
944 2926 313
945 2106 305
946 6480 210
947 524 209
948 0 -1
949 3508 330
950 2147 343
951 4173 389
952 4167 296
953 3737 188
954 4923 353
955 2947 419
956 5004 317
957 2205 278
958 6072 342
959 4963 250
960 4523 256
961 0 -1
962 2986 203
963 5303 285
964 0 -1
965 4871 314
966 5772 231
967 2932 299
968 6511 248
969 3634 481
970 337 215
971 3274 243
972 864 296
973 2563 221
974 5097 302
975 5449 400
976 507 383
977 2899 295
978 0 -1
979 2378 371
980 1188 362
981 0 -1
982 114 262
983 746 256
984 6438 248
985 770 403
986 5263 423
987 1734 203
988 4101 359
989 4889 300
990 42 240
991 1972 318
992 0 -1
993 0 -1
994 968 316
995 5338 395
996 2439 347
997 5373 140
998 2002 197
999 3204 249
1000 2891 236
1001 42 295
1002 4068 353
1003 3244 323
1004 2789 356
1005 2091 271
1006 583 377
1007 1909 132
1008 41 382
1009 505 284
1010 0 -1
1011 0 -1
1012 1734 292
1013 677 341
1014 1608 406
1015 2002 245
1016 1462 211
1017 2122 338
1018 302 325
1019 2353 369
1020 1372 322
1021 1622 169
1022 5151 272
1023 196 326
1024 1299 316
1025 3164 105
1026 2106 318
1027 6132 336
1028 1893 334
1029 1413 306
1030 3969 359
1031 2464 402
1032 2112 366
1033 4821 425
1034 1246 361
1035 5729 321
1036 5011 400
1037 5123 314
1038 2605 307
1039 5139 336
1040 3250 212
1041 2081 444
1042 1839 342
1043 5169 326
1044 5531 360
1045 5619 335
1046 230 384
1047 0 -1
1048 489 234
1049 5129 232
1050 509 380
1051 4291 312
1052 5198 351
1053 4200 189
1054 3917 163
1055 596 86
1056 2487 88
1057 4105 323
1058 522 256
1059 561 260
1060 5174 263
1061 4814 250
1062 3917 165
1063 4244 234
1064 3327 336
1065 2950 279
1066 5462 380
1067 0 -1
1068 2877 261
1069 1538 391
1070 5675 234
1071 5163 336
1072 4510 235
1073 3273 323
1074 176 378
1075 2655 293
1076 132 172
1077 5131 294
1078 2365 406
1079 2002 281
1080 147 242
1081 101 381
1082 5266 183
1083 5004 329
1084 1101 254
1085 0 -1
1086 5494 372
1087 0 -1
1088 4416 301
1089 0 -1
1090 3520 280
1091 0 -1
1092 2681 272
1093 893 325
1094 373 250
1095 4993 354
1096 3180 314
1097 6591 94
1098 4264 148
1099 372 361
1100 3544 508
1101 1053 235
1102 3802 288
1103 3670 317
1104 1731 407
1105 2053 372
1106 23 305
1107 0 -1
1108 5316 186
1109 4515 496
1110 4361 201
1111 3091 263
1112 4912 260
1113 5617 218
1114 3228 376
1115 3437 354
1116 0 -1
1117 2325 364
1118 4942 341
1119 3929 297
1120 5062 213
1121 6233 277
1122 3618 296
1123 3154 364
1124 5305 234
1125 3091 284
1126 1896 318
1127 2500 363
1128 1313 307
1129 1709 399
1130 3425 223
1131 4913 222
1132 3096 443
1133 536 247
1134 5308 381
1135 5068 286
1136 4336 351
1137 0 -1
1138 2941 279
1139 4420 298
1140 1583 487
1141 569 293
1142 4731 151
1143 1826 285
1144 1444 239
1145 2986 288
1146 0 -1
1147 5194 308
1148 299 220
1149 4422 269
1150 963 401
1151 5207 596
1152 4899 403
1153 4510 278
1154 2675 249
1155 5716 220
1156 4336 411
1157 0 -1
1158 5997 249
1159 1783 306
1160 4342 402
1161 4499 357
1162 5736 351
1163 2653 299
1164 2417 238
1165 85 281
1166 822 303
1167 3871 242
1168 5847 291
1169 2063 429
1170 5327 352
1171 5525 324
1172 4044 254
1173 4967 394
1174 5699 303
1175 6269 268
1176 473 330
1177 2799 301
1178 4767 270
1179 1344 409
1180 691 295
1181 1144 270
1182 4406 105
1183 236 331
1184 2990 365
1185 2872 322
1186 4753 233
1187 704 270
1188 275 275
1189 3258 389
1190 3158 447
1191 3128 347
1192 1582 264
1193 2202 331
1194 4989 321
1195 5647 242
1196 1784 124
1197 4831 293
1198 349 319
1199 3953 303
1200 1045 358
1201 4847 378
1202 4731 155
1203 4667 533
1204 4294 318
1205 5088 290
1206 1393 299
1207 5159 197
1208 5003 259
1209 3016 329
1210 6114 228
1211 2120 279
1212 6329 249
1213 5214 184
1214 2683 247
1215 19 328
1216 3926 445
1217 3527 606
1218 609 305
1219 6530 313
1220 3540 257
1221 407 218
1222 167 324
1223 6366 479
1224 3022 242
1225 2833 291
1226 5650 288
1227 2323 258
1228 4385 260
1229 3247 169
1230 6078 339
1231 0 -1
1232 3521 328
1233 0 -1
1234 5934 326
1235 854 246
1236 2791 262
1237 3475 377
1238 4218 236
1239 1856 398
1240 2530 331
1241 6174 192
1242 3295 301
1243 3897 372
1244 355 226
1245 0 -1
1246 4316 334
1247 3333 337
1248 5709 359
1249 6363 334
1250 5545 306
1251 83 347
1252 2556 481
1253 6509 244
1254 3003 300
1255 4910 259
1256 6371 446
1257 2279 271
1258 4476 280
1259 4342 299
1260 2890 273
1261 2878 364
1262 6509 252
1263 5053 453
1264 5225 361
1265 2183 216
1266 2580 389
1267 5997 301
1268 1195 342
1269 937 232
1270 3302 353
1271 5959 188
1272 5956 205
1273 1254 304
1274 2880 273
1275 782 443
1276 3251 249
1277 359 259
1278 4489 228
1279 6121 404
1280 6157 352
1281 1724 370
1282 1655 482
1283 6240 233
1284 6526 299
1285 3764 412
1286 1509 407
1287 2731 454
1288 1827 216
1289 1278 239
1290 1174 339
1291 4368 363
1292 2784 213
1293 6231 241
1294 5877 336
1295 6119 319
1296 2688 325
1297 0 -1
1298 2666 277
1299 1897 276
1300 5853 267
1301 4719 271
1302 2193 257
1303 2295 314
1304 3085 137
1305 0 -1
1306 2853 240
1307 3773 328
1308 4762 321
1309 5605 432
1310 4291 261
1311 4723 279
1312 947 225
1313 2297 291
1314 4246 275
1315 581 408
1316 0 -1
1317 2425 252
1318 5632 441
1319 2791 348
1320 1622 190
1321 5884 380
1322 5366 243
1323 186 314
1324 0 -1
1325 2767 408
1326 1405 204
1327 6305 333
1328 5735 324
1329 3651 313
1330 719 275
1331 4471 352
1332 0 -1
1333 4283 128
1334 90 290
1335 4264 178
1336 114 321
1337 6188 244
1338 3782 325
1339 1228 365
1340 741 199
1341 6274 274
1342 1525 314
1343 4825 334
1344 2890 346
1345 5627 309
1346 6508 303
1347 6547 214
1348 5681 270
1349 3534 465
1350 3995 279
1351 6006 163
1352 5277 264
1353 3794 291
1354 3092 269
1355 5755 233
1356 2016 353
1357 2009 370
1358 3721 199
1359 0 -1
1360 1372 284
1361 4482 342
1362 3640 423
1363 1131 232
1364 682 376
1365 2981 411
1366 5800 381
1367 3088 307
1368 5484 320
1369 5956 306
1370 1083 339
1371 1537 354
1372 2921 215
1373 4911 210
1374 4631 419
1375 4939 360
1376 0 -1
1377 3774 245
1378 0 -1
1379 6402 356
1380 0 -1
1381 416 336
1382 4563 368
1383 1351 199
1384 2691 316
1385 470 297
1386 1731 341
1387 3541 300
1388 886 247
1389 2177 389
1390 4444 421
1391 4283 94
1392 2377 233
1393 4527 270
1394 3958 387
1395 312 281
1396 5360 374
1397 6174 225
1398 1885 423
1399 3939 256
1400 2186 360
1401 1293 251
1402 1066 381
1403 2342 313
1404 3862 259
1405 6498 194
1406 4606 521
1407 5716 247
1408 2986 258
1409 2221 271
1410 6297 283
1411 0 -1
1412 2317 307
1413 4615 233
1414 0 -1
1415 3108 274
1416 6361 377
1417 443 333
1418 252 252
1419 3862 341
1420 3118 262
1421 947 319
1422 0 -1
1423 1453 304
1424 5433 207
1425 6494 259
1426 849 334
1427 1742 151
1428 2645 382
1429 279 218
1430 4780 267
1431 2152 386
1432 5050 124
1433 5619 313
1434 4363 329
1435 504 355
1436 4596 283
1437 3970 395
1438 0 -1
1439 1773 291
1440 3251 263
1441 884 317
1442 236 376
1443 142 221
1444 2339 191
1445 3647 231
1446 5575 233
1447 5446 311
1448 3953 310
1449 2681 323
1450 1987 319
1451 2635 303
1452 5140 222
1453 4862 210
1454 4778 315
1455 0 -1
1456 5239 308
1457 2130 369
1458 2794 274
1459 4700 133
1460 2005 390
1461 834 271
1462 4441 186
1463 2147 346
1464 1739 305
1465 3675 422
1466 6048 207
1467 3027 447
1468 726 264
1469 4261 265
1470 5106 314
1471 6547 256
1472 3044 302
1473 562 200
1474 5411 341
1475 158 276
1476 5531 308
1477 1857 208
1478 4660 288
1479 3845 337
1480 5848 241
1481 187 298
1482 1559 304
1483 5700 349
1484 1937 311
1485 0 -1
1486 2683 256
1487 6537 271
1488 3208 338
1489 4896 327
1490 1877 338
1491 4391 261
1492 0 -1
1493 0 -1
1494 0 -1
1495 2253 335
1496 1369 340
1497 4924 394
1498 280 330
1499 4522 332
1500 1525 401
1501 2159 367
1502 1428 437
1503 3226 249
1504 85 275
1505 5314 278
1506 2170 300
1507 3784 334
1508 6342 313
1509 6512 364
1510 3091 276
1511 6255 394
1512 3164 101
1513 6459 229
1514 480 334
1515 5366 271
1516 3285 300
1517 4852 319
1518 6436 346
1519 2146 307
1520 0 -1
1521 4974 406
1522 5764 243
1523 0 -1
1524 2518 339
1525 4250 299
1526 5447 305
1527 4917 261
1528 4329 478
1529 1742 110
1530 4355 299
1531 5057 178
1532 4088 339
1533 6010 420
1534 1276 289
1535 3432 347
1536 6379 349
1537 335 309
1538 2690 292
1539 3755 141
1540 6393 174
1541 4914 316
1542 5856 80
1543 2433 343
1544 3598 191
1545 3950 282
1546 0 -1
1547 1026 336
1548 74 148
1549 4855 400
1550 1754 240
1551 6267 303
1552 5156 156
1553 858 313
1554 4042 254
1555 0 -1
1556 2065 284
1557 3800 191
1558 5570 403
1559 4931 276
1560 2645 336
1561 5447 298
1562 5521 199
1563 2406 354
1564 3890 402
1565 0 -1
1566 6492 419
1567 4187 351
1568 0 -1
1569 5820 230
1570 1515 327
1571 4549 284
1572 3274 264
1573 356 406
1574 865 347
1575 4633 347
1576 5085 339
1577 4412 460
1578 3022 194
1579 0 -1
1580 4152 330
1581 2635 364
1582 4986 236
1583 5615 367
1584 6574 303
1585 1531 237
1586 3591 291
1587 6174 194
1588 26 345
1589 2336 222
1590 3344 200
1591 2315 198
1592 1917 332
1593 1056 156
1594 6434 219
1595 4416 350
1596 2657 345
1597 1601 417
1598 3927 403
1599 6467 260
1600 1740 363
1601 2924 312
1602 1833 280
1603 2344 178
1604 2248 314
1605 6144 278
1606 2535 411
1607 4980 428
1608 4482 293
1609 5989 229
1610 4331 240
1611 0 -1
1612 77 304
1613 4633 268
1614 3643 348
1615 4725 415
1616 1223 562
1617 130 469
1618 6293 264
1619 3737 246
1620 5331 293
1621 468 322
1622 1459 144
1623 3798 306
1624 2425 194
1625 1746 304
1626 2570 437
1627 5238 285
1628 2261 239
1629 3063 364
1630 1516 321
1631 6537 332
1632 4292 384
1633 5870 305
1634 2818 313
1635 2923 285
1636 1726 230
1637 4150 225
1638 2730 353
1639 2115 406
1640 1259 305
1641 6088 329
1642 2729 377
1643 5225 300
1644 5100 259
1645 3294 311
1646 4159 312
1647 6076 363
1648 3802 269
1649 0 -1
1650 4279 371
1651 4974 301
1652 5225 294
1653 5526 284
1654 846 447
1655 1059 379
1656 5502 242
1657 5297 331
1658 4273 143
1659 1983 269
1660 2784 231
1661 793 320
1662 2090 259
1663 4853 262
1664 449 211
1665 66 378
1666 6561 273
1667 5738 110
1668 1996 382
1669 2774 354
1670 321 198
1671 0 -1
1672 4826 347
1673 65 237
1674 5969 291
1675 1582 278
1676 3772 311
1677 3838 162
1678 2543 309
1679 5077 324
1680 5901 369
1681 4251 226
1682 2374 428
1683 352 263
1684 3038 205
1685 2851 203
1686 5490 369
1687 1888 286
1688 3552 219
1689 0 -1
1690 491 226
1691 2157 356
1692 4505 343
1693 1153 311
1694 5088 244
1695 2789 269
1696 1238 330
1697 3815 293
1698 244 415
1699 2112 416
1700 4489 307
1701 5525 330
1702 795 380
1703 1236 356
1704 4409 152
1705 141 317
1706 857 403
1707 3722 236
1708 169 191
1709 3511 337
1710 1007 152
1711 6172 395
1712 6212 321
1713 2309 397
1714 2711 277
1715 5783 176
1716 0 -1
1717 0 -1
1718 5777 328
1719 4852 362
1720 6367 390
1721 3475 344
1722 6511 244
1723 2824 322
1724 5163 329
1725 699 204
1726 3068 230
1727 3596 275
1728 4481 354
1729 1481 410
1730 2751 379
1731 5163 295
1732 6072 321
1733 4479 242
1734 1925 198
1735 0 -1
1736 66 380
1737 6110 259
1738 4172 356
1739 1860 301
1740 2377 272
1741 3799 311
1742 3 43
1743 5001 342
1744 3510 193
1745 2924 292
1746 5764 246
1747 0 -1
1748 3598 106
1749 5301 283
1750 2812 299
1751 175 420
1752 3918 378
1753 0 -1
1754 482 138
1755 2417 220
1756 3862 282
1757 4564 273
1758 2056 514
1759 228 244
1760 3838 147
1761 2082 417
1762 470 297
1763 5694 262
1764 246 283
1765 0 -1
1766 1272 320
1767 905 193
1768 4527 262
1769 4450 417
1770 6063 262
1771 0 -1
1772 0 -1
1773 3034 211
1774 2921 237
1775 137 386
1776 1408 286
1777 6495 278
1778 4409 199
1779 6518 276
1780 3731 350
1781 2142 444
1782 3221 385
1783 355 258
1784 4031 74
1785 4912 266
1786 1405 260
1787 3459 178
1788 1518 349
1789 960 296
1790 2316 329
1791 1662 292
1792 1097 100
1793 1350 359
1794 5823 298
1795 2339 245
1796 2141 406
1797 4036 428
1798 0 -1
1799 0 -1
1800 0 -1
1801 0 -1
1802 2615 196
1803 5959 196
1804 3087 206
1805 5825 280
1806 2986 204
1807 4746 340
1808 698 357
1809 4790 277
1810 4610 382
1811 596 129
1812 274 337
1813 4394 261
1814 4150 163
1815 3363 326
1816 3049 385
1817 3958 294
1818 2063 427
1819 1908 330
1820 0 -1
1821 5191 397
1822 5065 338
1823 401 216
1824 4098 284
1825 24 302
1826 4499 250
1827 685 214
1828 3214 370
1829 4760 325
1830 3325 312
1831 5162 313
1832 0 -1
1833 2336 194
1834 4650 394
1835 4966 352
1836 5544 344
1837 136 298
1838 2483 284
1839 3293 339
1840 5166 231
1841 5367 480
1842 5208 363
1843 2704 283
1844 0 -1
1845 3978 309
1846 3419 324
1847 2412 329
1848 5934 302
1849 2608 274
1850 5324 306
1851 3600 349
1852 1715 239
1853 614 306
1854 3764 321
1855 593 284
1856 2565 386
1857 1333 191
1858 5999 282
1859 5209 259
1860 1337 293
1861 2000 251
1862 2918 310
1863 828 367
1864 5159 218
1865 2889 398
1866 4425 377
1867 2259 243
1868 4857 226
1869 1885 358
1870 5397 355
1871 1715 186
1872 5109 287
1873 3701 269
1874 3064 281
1875 3232 334
1876 0 -1
1877 2114 247
1878 1405 244
1879 3489 258
1880 3728 292
1881 0 -1
1882 6427 216
1883 2752 258
1884 6329 236
1885 4315 350
1886 0 -1
1887 316 179
1888 102 264
1889 3343 301
1890 3594 368
1891 2045 409
1892 3817 375
1893 125 316
1894 4499 354
1895 2753 272
1896 6247 277
1897 6531 241
1898 2820 294
1899 0 -1
1900 6336 310
1901 1106 347
1902 1153 317
1903 3659 318
1904 2048 335
1905 3699 258
1906 0 -1
1907 4780 253
1908 2328 246
1909 5856 50
1910 1035 383
1911 2943 389
1912 4837 316
1913 0 -1
1914 3007 390
1915 2004 316
1916 5905 291
1917 6511 260
1918 293 330
1919 4917 283
1920 636 404
1921 5774 447
1922 1708 214
1923 2563 222
1924 2255 318
1925 3755 95
1926 359 316
1927 1210 263
1928 4126 249
1929 1845 311
1930 5897 218
1931 3605 225
1932 1439 328
1933 1715 236
1934 3086 258
1935 3369 322
1936 1591 222
1937 4857 306
1938 3414 301
1939 2986 212
1940 2796 285
1941 2236 271
1942 323 339
1943 2436 274
1944 2783 307
1945 3356 408
1946 5385 384
1947 2568 506
1948 2194 450
1949 6467 276
1950 2746 442
1951 2759 328
1952 4910 218
1953 2295 235
1954 4782 391
1955 5542 524
1956 603 376
1957 6136 210
1958 0 -1
1959 3762 361
1960 3942 355
1961 3384 302
1962 5289 444
1963 4970 272
1964 1111 350
1965 0 -1
1966 5261 281
1967 0 -1
1968 4591 287
1969 2231 295
1970 4140 303
1971 5793 618
1972 5639 283
1973 0 -1
1974 5815 261
1975 3214 307
1976 1897 305
1977 2666 266
1978 567 319
1979 3484 350
1980 2155 349
1981 3545 420
1982 0 -1
1983 1372 268
1984 0 -1
1985 2240 225
1986 422 289
1987 1155 250
1988 3188 387
1989 4050 362
1990 6375 415
1991 4150 214
1992 2267 343
1993 0 -1
1994 2335 335
1995 315 309
1996 3596 262
1997 4208 323
1998 4441 139
1999 1000 241
2000 6394 163
2001 0 -1
2002 4727 170
2003 485 303
2004 4364 280
2005 3708 327
2006 0 -1
2007 5935 371
2008 178 283
2009 5611 322
2010 1253 294
2011 0 -1
2012 3861 310
2013 3250 229
2014 5651 364
2015 5528 236
2016 4859 295
2017 1111 286
2018 1288 286
2019 5383 267
2020 4496 426
2021 5417 273
2022 5965 353
2023 2322 396
2024 535 318
2025 3075 350
2026 5133 157
2027 6466 245
2028 0 -1
2029 1293 260
2030 0 -1
2031 4004 251
2032 2673 334
2033 5377 369
2034 4471 291
2035 2993 247
2036 0 -1
2037 1304 224
2038 0 -1
2039 181 336
2040 5530 334
2041 5044 268
2042 1898 308
2043 456 159
2044 2453 333
2045 34 336
2046 2666 317
2047 2838 304
2048 3697 280
2049 0 -1
2050 2417 226
2051 3797 415
2052 2787 127
2053 686 289
2054 1436 345
2055 6129 247
2056 4874 419
2057 373 195
2058 4416 295
2059 85 324
2060 4798 306
2061 2099 273
2062 1178 283
2063 3589 375
2064 1255 293
2065 647 223
2066 5734 230
2067 4885 179
2068 1401 284
2069 3535 228
2070 3628 389
2071 2745 455
2072 3413 294
2073 6031 220
2074 4564 280
2075 5126 527
2076 0 -1
2077 2921 222
2078 3400 256
2079 5897 256
2080 5410 232
2081 5760 362
2082 6536 385
2083 6403 361
2084 3149 316
2085 4191 382
2086 6194 369
2087 634 458
2088 5817 288
2089 1323 386
2090 80 258
2091 5419 251
2092 3513 446
2093 3814 269
2094 523 222
2095 1202 239
2096 0 -1
2097 421 173
2098 4159 268
2099 3958 272
2100 6247 306
2101 158 244
2102 5731 282
2103 5665 243
2104 396 331
2105 6054 302
2106 1473 214
2107 3842 351
2108 3994 522
2109 4812 372
2110 2027 293
2111 4793 302
2112 1651 309
2113 3132 483
2114 1552 165
2115 1294 378
2116 3155 280
2117 4738 328
2118 2070 395
2119 5140 320
2120 2300 235
2121 5401 336
2122 4697 285
2123 6239 369
2124 2685 451
2125 1452 259
2126 5828 283
2127 5516 361
2128 0 -1
2129 848 273
2130 1059 325
2131 1333 226
2132 6013 420
2133 1299 282
2134 4615 246
2135 2940 345
2136 4098 329
2137 4287 298
2138 4273 125
2139 3325 402
2140 4527 316
2141 821 344
2142 764 426
2143 714 385
2144 3789 321
2145 3044 264
2146 5785 286
2147 3473 307
2148 3647 302
2149 4093 396
2150 5729 220
2151 348 309
2152 1088 353
2153 3204 286
2154 2274 165
2155 4878 251
2156 1145 309
2157 6382 281
2158 430 323
2159 6028 302
2160 4270 242
2161 4166 413
2162 3968 330
2163 1135 324
2164 2784 148
2165 2009 375
2166 2440 352
2167 5065 273
2168 2876 194
2169 0 -1
2170 186 290
2171 5871 355
2172 4226 305
2173 1356 383
2174 3436 241
2175 703 363
2176 4525 213
2177 4733 370
2178 4402 336
2179 1444 225
2180 3258 428
2181 6054 349
2182 6588 271
2183 316 176
2184 4994 332
2185 2593 262
2186 355 249
2187 3098 426
2188 3263 136
2189 3311 279
2190 2953 213
2191 5199 374
2192 4088 335
2193 3838 230
2194 3018 422
2195 5611 291
2196 6091 395
2197 0 -1
2198 6100 371
2199 2789 376
2200 170 284
2201 4793 370
2202 3088 267
2203 3049 412
2204 4048 438
2205 3311 244
2206 2024 360
2207 1105 377
2208 5694 308
2209 0 -1
2210 1355 348
2211 1867 304
2212 5650 304
2213 3336 539
2214 3912 337
2215 587 177
2216 1377 346
2217 4583 313
2218 0 -1
2219 4499 250
2220 5329 331
2221 3933 267
2222 5886 320
2223 3889 354
2224 1162 406
2225 108 308
2226 5687 277
2227 1141 300
2228 5104 358
2229 5520 379
2230 0 -1
2231 2602 247
2232 0 -1
2233 848 257
2234 3037 353
2235 5861 467
2236 2906 252
2237 784 366
2238 1814 255
2239 2729 313
2240 587 182
2241 2176 326
2242 4085 423
2243 1996 300
2244 2838 230
2245 2157 321
2246 2314 79
2247 6110 310
2248 399 295
2249 1405 248
2250 4291 240
2251 0 -1
2252 3502 401
2253 4311 287
2254 4244 226
2255 1884 248
2256 0 -1
2257 3186 338
2258 3794 243
2259 2838 241
2260 6201 428
2261 5755 205
2262 3603 281
2263 0 -1
2264 5358 389
2265 0 -1
2266 2538 240
2267 6435 270
2268 2923 242
2269 5946 403
2270 2465 281
2271 2647 305
2272 3517 261
2273 900 285
2274 6001 156
2275 373 284
2276 5675 281
2277 933 444
2278 0 -1
2279 275 212
2280 4911 286
2281 1544 285
2282 5745 345
2283 0 -1
2284 0 -1
2285 4316 289
2286 1289 254
2287 5465 449
2288 2505 270
2289 0 -1
2290 3450 322
2291 6451 279
2292 0 -1
2293 938 385
2294 2400 336
2295 4752 228
2296 5105 311
2297 5516 281
2298 2631 372
2299 4273 201
2300 1622 158
2301 3862 263
2302 4063 333
2303 0 -1
2304 3629 347
2305 2174 279
2306 605 292
2307 2343 180
2308 491 247
2309 706 361
2310 1427 151
2311 1831 314
2312 963 318
2313 5830 368
2314 4031 70
2315 3776 193
2316 6165 255
2317 2500 246
2318 372 340
2319 1939 252
2320 2760 354
2321 4323 315
2322 425 332
2323 2417 194
2324 561 269
2325 3224 283
2326 3256 231
2327 6371 388
2328 5159 202
2329 566 368
2330 4004 271
2331 4651 323
2332 4281 280
2333 1652 304
2334 5736 312
2335 1040 239
2336 169 183
2337 983 261
2338 4883 327
2339 2246 134
2340 3282 338
2341 38 175
2342 6106 278
2343 2615 175
2344 421 178
2345 2528 253
2346 5339 393
2347 3993 329
2348 681 258
2349 1684 255
2350 5675 274
2351 1418 269
2352 1536 447
2353 4907 289
2354 1271 215
2355 5441 314
2356 6051 243
2357 4420 318
2358 5954 219
2359 3603 293
2360 1725 283
2361 5156 161
2362 5982 269
2363 3208 368
2364 6113 381
2365 2823 353
2366 33 304
2367 1591 299
2368 6536 346
2369 4686 370
2370 1382 402
2371 5516 357
2372 5045 288
2373 5069 324
2374 807 423
2375 3194 347
2376 3009 234
2377 2724 202
2378 6219 354
2379 580 251
2380 601 332
2381 0 -1
2382 721 362
2383 6595 326
2384 0 -1
2385 3425 234
2386 3005 344
2387 5482 391
2388 6150 397
2389 5074 274
2390 1484 318
2391 5910 261
2392 1714 299
2393 0 -1
2394 2752 201
2395 3482 275
2396 719 258
2397 2918 359
2398 0 -1
2399 2936 506
2400 1541 321
2401 5700 372
2402 0 -1
2403 6196 305
2404 0 -1
2405 3974 384
2406 5162 333
2407 6243 355
2408 741 188
2409 4700 230
2410 5510 312
2411 0 -1
2412 1395 285
2413 2819 350
2414 2307 245
2415 0 -1
2416 0 -1
2417 3581 177
2418 805 326
2419 1094 273
2420 6054 278
2421 2337 299
2422 4806 422
2423 341 352
2424 1036 464
2425 1512 155
2426 4600 372
2427 1998 147
2428 2385 297
2429 1707 279
2430 845 316
2431 189 332
2432 2341 268
2433 6570 309
2434 5138 341
2435 3698 275
2436 3105 274
2437 1557 286
2438 3833 207
2439 3951 286
2440 4290 340
2441 5844 278
2442 5908 412
2443 3985 439
2444 2816 237
2445 1097 197
2446 3380 345
2447 517 350
2448 2073 255
2449 1985 255
2450 6285 384
2451 3515 394
2452 0 -1
2453 2174 250
2454 1859 340
2455 6031 249
2456 3079 216
2457 1512 195
2458 3395 299
2459 5617 253
2460 4442 234
2461 2578 345
2462 627 338
2463 0 -1
2464 6279 334
2465 1186 281
2466 2131 255
2467 3855 218
2468 3195 413
2469 5361 299
2470 3348 295
2471 0 -1
2472 6318 274
2473 4264 173
2474 1397 335
2475 2844 319
2476 6285 409
2477 232 318
2478 2688 294
2479 5421 338
2480 3976 219
2481 2706 345
2482 4317 460
2483 4483 232
2484 6543 175
2485 3233 269
2486 1028 422
2487 596 38
2488 4949 252
2489 2985 325
2490 5267 317
2491 5178 424
2492 5141 351
2493 0 -1
2494 2465 401
2495 4295 307
2496 3784 330
2497 2352 506
2498 3388 280
2499 0 -1
2500 761 246
2501 1238 319
2502 909 387
2503 10 346
2504 4939 340
2505 216 212
2506 4889 270
2507 3099 335
2508 3713 409
2509 1210 330
2510 0 -1
2511 3022 258
2512 98 448
2513 1780 417
2514 1391 169
2515 971 305
2516 4757 214
2517 5778 353
2518 2362 293
2519 0 -1
2520 2914 428
2521 5968 432
2522 2259 306
2523 2345 361
2524 147 256
2525 2900 308
2526 3731 313
2527 0 -1
2528 4449 239
2529 6148 164
2530 4442 267
2531 3040 261
2532 1395 347
2533 679 347
2534 983 261
2535 5168 300
2536 5310 341
2537 5459 344
2538 3085 131
2539 6254 312
2540 3779 308
2541 3288 361
2542 3032 380
2543 108 308
2544 0 -1
2545 2315 193
2546 539 395
2547 705 253
2548 1377 283
2549 2774 304
2550 5932 291
2551 0 -1
2552 3977 298
2553 5300 313
2554 3520 350
2555 2693 261
2556 1226 392
2557 6536 308
2558 6360 368
2559 1312 294
2560 5123 366
2561 6048 218
2562 1466 316
2563 2457 215
2564 953 264
2565 2151 310
2566 2279 216
2567 3454 346
2568 1442 403
2569 1942 351
2570 1693 383
2571 754 418
2572 9 301
2573 4390 452
2574 2860 470
2575 3072 347
2576 3214 302
2577 2473 224
2578 433 312
2579 3151 449
2580 1991 302
2581 1893 337
2582 3708 304
2583 6412 508
2584 4498 273
2585 2187 512
2586 1813 297
2587 2921 252
2588 3873 376
2589 1594 268
2590 105 264
2591 5292 381
2592 3604 427
2593 3902 242
2594 3360 278
2595 1902 360
2596 5002 532
2597 5123 263
2598 0 -1
2599 0 -1
2600 6227 407
2601 3247 137
2602 3019 242
2603 2871 393
2604 0 -1
2605 3116 268
2606 3173 272
2607 6551 366
2608 5163 267
2609 44 304
2610 429 241
2611 4098 298
2612 4803 335
2613 4576 218
2614 4925 379
2615 3663 132
2616 746 296
2617 2088 328
2618 5163 314
2619 0 -1
2620 6549 267
2621 6070 272
2622 2539 360
2623 0 -1
2624 0 -1
2625 4924 324
2626 483 361
2627 3250 220
2628 4014 300
2629 4078 322
2630 3247 187
2631 2227 362
2632 1740 346
2633 1253 289
2634 398 337
2635 6511 248
2636 902 333
2637 5410 176
2638 999 310
2639 3514 365
2640 306 362
2641 3 103
2642 2744 356
2643 2353 355
2644 1327 369
2645 5829 267
2646 5348 390
2647 2969 302
2648 2081 473
2649 5020 248
2650 6579 283
2651 0 -1
2652 2989 318
2653 3532 227
2654 2150 264
2655 102 223
2656 3762 342
2657 4944 258
2658 0 -1
2659 4484 350
2660 0 -1
2661 611 249
2662 4823 269
2663 1875 395
2664 1734 204
2665 179 328
2666 2097 216
2667 3338 194
2668 5028 342
2669 127 334
2670 5526 279
2671 962 221
2672 2894 253
2673 5840 323
2674 2918 269
2675 896 195
2676 3489 281
2677 1986 300
2678 5763 326
2679 3535 273
2680 140 402
2681 4523 231
2682 3417 523
2683 346 228
2684 6494 293
2685 2325 362
2686 3839 359
2687 1022 357
2688 2255 252
2689 5947 274
2690 1548 217
2691 5501 295
2692 836 408
2693 2711 210
2694 6130 286
2695 216 271
2696 4302 359
2697 4361 182
2698 5604 324
2699 281 356
2700 4726 307
2701 1708 235
2702 3800 107
2703 0 -1
2704 5829 255
2705 5460 353
2706 5680 325
2707 0 -1
2708 1970 333
2709 5552 361
2710 0 -1
2711 4841 188
2712 1476 334
2713 2962 227
2714 4533 241
2715 4804 310
2716 5639 209
2717 3976 172
2718 4359 382
2719 3114 382
2720 5859 306
2721 0 -1
2722 5142 343
2723 1849 361
2724 3833 183
2725 858 356
2726 5221 236
2727 370 326
2728 5844 302
2729 2414 298
2730 2174 328
2731 246 375
2732 4458 282
2733 5631 320
2734 1499 386
2735 1182 179
2736 5716 212
2737 4874 407
2738 3537 208
2739 4970 248
2740 3499 357
2741 3497 287
2742 3361 583
2743 2534 284
2744 108 286
2745 5628 381
2746 4486 330
2747 248 335
2748 1124 305
2749 4543 415
2750 152 574
2751 1969 340
2752 3707 190
2753 2505 272
2754 6486 352
2755 1567 358
2756 6026 257
2757 5771 279
2758 2894 288
2759 5696 257
2760 5127 302
2761 4807 404
2762 3510 254
2763 4968 226
2764 1539 226
2765 2731 448
2766 2343 279
2767 3600 334
2768 3272 316
2769 3443 356
2770 5408 349
2771 5733 392
2772 2085 428
2773 6540 470
2774 3072 272
2775 2888 178
2776 5559 233
2777 3837 383
2778 3310 293
2779 887 333
2780 2562 390
2781 5430 398
2782 47 689
2783 3078 236
2784 4495 133
2785 3232 282
2786 106 279
2787 6480 126
2788 4014 244
2789 1804 262
2790 3811 311
2791 827 256
2792 1767 229
2793 4350 378
2794 3818 240
2795 3558 268
2796 163 193
2797 2238 284
2798 1397 313
2799 2605 291
2800 4794 286
2801 845 334
2802 2319 327
2803 4787 294
2804 5939 264
2805 2741 361
2806 5526 368
2807 0 -1
2808 5708 319
2809 1739 321
2810 748 246
2811 853 331
2812 3795 223
2813 4289 193
2814 2963 394
2815 348 229
2816 2473 215
2817 8 212
2818 5423 282
2819 3605 239
2820 1446 268
2821 0 -1
2822 228 235
2823 652 244
2824 2882 261
2825 0 -1
2826 314 275
2827 2318 353
2828 3440 393
2829 4755 305
2830 4650 331
2831 5058 391
2832 3352 420
2833 1540 262
2834 305 278
2835 3976 203
2836 2156 323
2837 4768 285
2838 5418 228
2839 3497 340
2840 6407 333
2841 959 303
2842 4389 352
2843 1663 285
2844 2796 212
2845 3976 213
2846 4344 357
2847 1612 324
2848 213 361
2849 0 -1
2850 0 -1
2851 421 168
2852 1226 309
2853 5856 145
2854 5903 469
2855 5533 351
2856 4499 257
2857 1244 284
2858 1377 317
2859 1767 193
2860 198 391
2861 1372 231
2862 2057 269
2863 5630 354
2864 2785 285
2865 2741 365
2866 3570 289
2867 4403 445
2868 1553 402
2869 5090 474
2870 781 240
2871 1449 384
2872 1108 268
2873 750 378
2874 1472 308
2875 0 -1
2876 4288 159
2877 5054 163
2878 1540 256
2879 6300 310
2880 3698 207
2881 5303 286
2882 5431 260
2883 2691 305
2884 537 339
2885 6008 420
2886 4090 286
2887 897 373
2888 3 64
2889 3609 295
2890 240 264
2891 5754 228
2892 3995 359
2893 462 551
2894 1667 212
2895 1096 344
2896 5981 367
2897 2337 324
2898 4051 335
2899 832 256
2900 3322 288
2901 5295 293
2902 1251 350
2903 1688 337
2904 5908 344
2905 3188 282
2906 4901 220
2907 2775 195
2908 1092 331
2909 2649 298
2910 4878 245
2911 4205 302
2912 468 253
2913 0 -1
2914 2633 360
2915 469 234
2916 755 293
2917 321 148
2918 2483 260
2919 3812 470
2920 6078 308
2921 373 195
2922 0 -1
2923 5266 207
2924 748 229
2925 5913 336
2926 1311 290
2927 0 -1
2928 6147 361
2929 1363 293
2930 2547 356
2931 1608 328
2932 1857 192
2933 2815 306
2934 353 466
2935 4231 266
2936 6497 453
2937 5664 255
2938 4758 374
2939 854 240
2940 15 285
2941 5888 189
2942 4116 377
2943 3913 273
2944 2233 261
2945 4269 362
2946 4406 27
2947 6113 387
2948 3560 489
2949 6148 251
2950 760 231
2951 4011 270
2952 2514 230
2953 2487 117
2954 1195 338
2955 4980 361
2956 1355 249
2957 5451 338
2958 3022 228
2959 5670 401
2960 4804 329
2961 5233 338
2962 2880 223
2963 4605 314
2964 5675 226
2965 2959 428
2966 647 206
2967 3491 345
2968 6416 423
2969 6378 256
2970 0 -1
2971 799 384
2972 6485 280
2973 1931 248
2974 5545 270
2975 8 256
2976 2469 351
2977 3244 266
2978 5750 292
2979 4406 114
2980 1447 333
2981 4599 384
2982 2464 345
2983 5694 229
2984 0 -1
2985 1561 305
2986 4869 185
2987 3033 430
2988 1930 294
2989 3661 230
2990 3492 257
2991 5075 228
2992 3473 342
2993 5418 233
2994 3553 328
2995 3416 242
2996 2861 261
2997 2092 473
2998 2295 309
2999 0 -1
3000 374 335
3001 3097 320
3002 1573 511
3003 674 285
3004 1302 291
3005 5189 330
3006 4356 298
3007 96 347
3008 5563 170
3009 4300 231
3010 4312 277
3011 0 -1
3012 350 350
3013 835 359
3014 1335 283
3015 1624 261
3016 2362 272
3017 4232 309
3018 601 334
3019 1320 196
3020 1040 267
3021 4862 228
3022 3939 188
3023 1433 403
3024 3778 419
3025 705 238
3026 0 -1
3027 1221 335
3028 0 -1
3029 3774 197
3030 2056 451
3031 4145 333
3032 106 294
3033 5127 349
3034 4247 192
3035 0 -1
3036 4941 519
3037 6466 285
3038 5054 149
3039 5453 429
3040 2906 220
3041 2880 308
3042 4377 287
3043 4561 362
3044 346 254
3045 6466 285
3046 686 251
3047 5779 259
3048 497 353
3049 2158 356
3050 5120 212
3051 3778 432
3052 0 -1
3053 5636 272
3054 0 -1
3055 2267 300
3056 4289 185
3057 6160 340
3058 1616 634
3059 112 369
3060 3527 533
3061 2789 328
3062 143 323
3063 1224 331
3064 4510 243
3065 0 -1
3066 6240 240
3067 3170 409
3068 905 162
3069 3735 306
3070 5582 310
3071 5400 375
3072 2924 230
3073 2817 323
3074 4950 421
3075 4248 292
3076 5738 108
3077 3818 256
3078 2467 220
3079 100 208
3080 3046 285
3081 1831 409
3082 0 -1
3083 672 462
3084 3042 314
3085 4031 115
3086 2188 211
3087 3795 198
3088 896 244
3089 0 -1
3090 4660 287
3091 4727 248
3092 4525 241
3093 647 165
3094 6034 280
3095 5869 369
3096 3768 338
3097 1082 251
3098 5979 324
3099 1755 258
3100 5738 164
3101 647 237
3102 1186 289
3103 1391 178
3104 0 -1
3105 1833 260
3106 637 274
3107 4723 367
3108 2953 216
3109 998 206
3110 0 -1
3111 0 -1
3112 6336 332
3113 5614 267
3114 784 354
3115 940 351
3116 4646 265
3117 5373 247
3118 5629 252
3119 5399 357
3120 5245 403
3121 3255 311
3122 4943 300
3123 3439 498
3124 0 -1
3125 3679 271
3126 5856 155
3127 0 -1
3128 1743 342
3129 4691 359
3130 0 -1
3131 3142 359
3132 2447 371
3133 3586 320
3134 4796 306
3135 4727 251
3136 4083 491
3137 1711 403
3138 686 331
3139 443 321
3140 1603 267
3141 6222 335
3142 4291 333
3143 0 -1
3144 1464 359
3145 4283 174
3146 2133 320
3147 0 -1
3148 3768 339
3149 5348 291
3150 3686 247
3151 5519 374
3152 3551 417
3153 3950 236
3154 3327 341
3155 4866 239
3156 6404 186
3157 4535 272
3158 84 377
3159 690 329
3160 3347 378
3161 543 377
3162 0 -1
3163 5944 354
3164 3 60
3165 5426 434
3166 3375 338
3167 5726 268
3168 0 -1
3169 2990 271
3170 1360 344
3171 1196 141
3172 631 283
3173 3722 258
3174 4897 331
3175 5121 288
3176 6150 406
3177 3561 480
3178 1229 222
3179 5470 302
3180 5788 311
3181 2475 380
3182 5952 351
3183 189 369
3184 2134 345
3185 2270 352
3186 2354 228
3187 6451 289
3188 2055 270
3189 1957 294
3190 5059 335
3191 0 -1
3192 3593 317
3193 4802 374
3194 2055 268
3195 1188 369
3196 3593 342
3197 6004 283
3198 5421 392
3199 0 -1
3200 3951 287
3201 1021 195
3202 4829 382
3203 3647 304
3204 5350 241
3205 5578 358
3206 0 -1
3207 174 414
3208 4214 269
3209 3135 252
3210 598 313
3211 4913 210
3212 6538 518
3213 4955 345
3214 1363 277
3215 6161 249
3216 5013 287
3217 0 -1
3218 6134 389
3219 6225 391
3220 440 291
3221 5067 284
3222 4948 422
3223 4670 401
3224 4846 266
3225 5075 215
3226 5121 239
3227 2645 373
3228 3395 314
3229 4411 412
3230 5554 384
3231 388 344
3232 1212 271
3233 6597 248
3234 6211 263
3235 4796 336
3236 60 350
3237 2360 402
3238 144 327
3239 1768 331
3240 4694 283
3241 0 -1
3242 3145 267
3243 1122 338
3244 1446 234
3245 3677 366
3246 0 -1
3247 4361 128
3248 574 308
3249 39 352
3250 180 172
3251 4300 166
3252 1415 281
3253 1862 387
3254 5304 276
3255 4574 224
3256 3776 195
3257 5122 255
3258 5818 366
3259 2873 387
3260 2716 285
3261 3115 402
3262 24 252
3263 408 103
3264 4238 318
3265 2039 346
3266 3861 337
3267 6114 230
3268 37 309
3269 6563 353
3270 2065 342
3271 0 -1
3272 5238 261
3273 2794 286
3274 1182 215
3275 5321 270
3276 1017 385
3277 239 383
3278 4271 407
3279 4718 318
3280 4113 336
3281 2386 364
3282 449 236
3283 553 331
3284 0 -1
3285 3338 197
3286 3055 345
3287 5686 292
3288 1283 262
3289 3545 483
3290 2254 300
3291 3214 290
3292 1917 320
3293 5093 239
3294 1826 254
3295 5737 232
3296 5811 593
3297 4760 363
3298 2065 236
3299 4004 279
3300 3804 348
3301 736 415
3302 3437 323
3303 3982 288
3304 0 -1
3305 6324 336
3306 4674 342
3307 1167 273
3308 5935 345
3309 5512 278
3310 900 243
3311 1823 217
3312 5297 226
3313 1204 359
3314 6216 260
3315 832 274
3316 1214 264
3317 1323 317
3318 391 363
3319 1746 311
3320 2317 358
3321 3097 331
3322 2995 251
3323 1659 373
3324 3309 337
3325 2748 308
3326 3601 470
3327 1429 261
3328 3186 231
3329 5781 318
3330 5327 438
3331 1054 211
3332 3694 396
3333 1453 289
3334 216 240
3335 569 338
3336 4179 438
3337 926 254
3338 3755 186
3339 5521 256
3340 2655 287
3341 672 433
3342 676 351
3343 299 187
3344 5566 90
3345 2774 363
3346 4114 383
3347 4125 302
3348 4126 201
3349 2041 274
3350 2015 238
3351 6531 260
3352 1206 300
3353 0 -1
3354 1312 253
3355 719 243
3356 6086 387
3357 6441 254
3358 4834 307
3359 0 -1
3360 4767 197
3361 5968 470
3362 2063 403
3363 1229 281
3364 4450 350
3365 94 458
3366 3309 323
3367 6227 468
3368 1690 286
3369 2844 290
3370 6139 340
3371 1580 332
3372 4116 280
3373 0 -1
3374 962 210
3375 3117 282
3376 6036 299
3377 6394 229
3378 2594 366
3379 4728 356
3380 3436 280
3381 1461 297
3382 6402 284
3383 609 348
3384 4979 286
3385 6176 325
3386 2185 333
3387 780 400
3388 5754 275
3389 1355 250
3390 2700 358
3391 6230 206
3392 0 -1
3393 1278 281
3394 5777 331
3395 6561 280
3396 2238 348
3397 151 319
3398 3044 267
3399 5798 321
3400 5883 227
3401 4154 309
3402 1024 389
3403 6342 344
3404 5100 273
3405 4346 281
3406 6110 317
3407 517 347
3408 0 -1
3409 399 300
3410 1022 369
3411 4785 470
3412 4385 325
3413 429 185
3414 3684 238
3415 5249 362
3416 3263 124
3417 116 412
3418 4645 271
3419 1873 301
3420 1015 343
3421 0 -1
3422 1937 347
3423 5098 292
3424 1864 239
3425 3598 122
3426 6039 288
3427 3377 259
3428 0 -1
3429 619 389
3430 395 360
3431 4827 269
3432 5726 287
3433 179 272
3434 4651 245
3435 3989 350
3436 5316 230
3437 5732 303
3438 4417 330
3439 4980 420
3440 5745 338
3441 1469 291
3442 3573 301
3443 3197 305
3444 5371 542
3445 1313 299
3446 3150 282
3447 686 239
3448 5683 328
3449 4044 281
3450 1684 270
3451 2150 315
3452 5411 296
3453 3156 190
3454 3426 339
3455 4776 339
3456 3309 391
3457 4971 283
3458 4475 334
3459 1710 156
3460 5201 444
3461 328 280
3462 5840 376
3463 3550 433
3464 6594 315
3465 0 -1
3466 2266 265
3467 4546 351
3468 1622 264
3469 2236 311
3470 3631 257
3471 2939 270
3472 2516 240
3473 3583 301
3474 4727 164
3475 593 305
3476 2788 354
3477 2357 321
3478 2073 278
3479 2643 399
3480 821 362
3481 3928 272
3482 1238 266
3483 4256 370
3484 1531 263
3485 0 -1
3486 2951 334
3487 2328 282
3488 5559 283
3489 5214 225
3490 5577 258
3491 2704 322
3492 6467 199
3493 1168 352
3494 6253 385
3495 2253 373
3496 2274 216
3497 3029 248
3498 5142 314
3499 2627 289
3500 6099 533
3501 1679 358
3502 3923 368
3503 4613 287
3504 5071 344
3505 1196 125
3506 83 363
3507 4335 362
3508 4864 316
3509 1888 327
3510 587 167
3511 619 304
3512 2376 263
3513 4384 446
3514 1605 283
3515 2827 372
3516 990 297
3517 1744 239
3518 2319 338
3519 4076 329
3520 125 267
3521 2918 283
3522 1972 288
3523 0 -1
3524 1080 293
3525 1445 293
3526 4104 291
3527 5055 501
3528 5545 306
3529 221 391
3530 2795 293
3531 6131 371
3532 4264 192
3533 65 348
3534 5871 358
3535 6001 209
3536 2457 265
3537 1076 187
3538 0 -1
3539 6345 342
3540 2408 252
3541 2620 297
3542 2870 310
3543 3209 319
3544 1267 388
3545 2634 418
3546 4478 298
3547 2481 433
3548 2032 347
3549 5310 310
3550 2247 341
3551 3215 343
3552 1557 207
3553 6448 291
3554 615 374
3555 0 -1
3556 342 224
3557 1875 379
3558 4916 260
3559 0 -1
3560 2730 372
3561 6473 365
3562 1887 202
3563 5671 236
3564 365 273
3565 2342 358
3566 4622 434
3567 2062 357
3568 1202 264
3569 2998 311
3570 3251 276
3571 2170 304
3572 2934 512
3573 2577 251
3574 2305 364
3575 1968 358
3576 5227 335
3577 456 247
3578 4837 364
3579 2566 244
3580 1825 307
3581 5175 177
3582 842 325
3583 3928 269
3584 4488 429
3585 3486 412
3586 4509 263
3587 2436 370
3588 1477 276
3589 2099 280
3590 5337 308
3591 3676 201
3592 1110 201
3593 1278 305
3594 5267 361
3595 4071 366
3596 4482 244
3597 2672 257
3598 5054 106
3599 0 -1
3600 2958 232
3601 414 416
3602 2345 300
3603 3418 273
3604 605 318
3605 5433 180
3606 1857 200
3607 5410 206
3608 1102 331
3609 913 289
3610 1622 254
3611 4011 262
3612 3486 436
3613 5285 342
3614 937 313
3615 5665 249
3616 1664 254
3617 4839 306
3618 2480 277
3619 6147 349
3620 2566 271
3621 2485 288
3622 0 -1
3623 3536 274
3624 5013 319
3625 470 399
3626 5908 422
3627 4384 428
3628 2722 372
3629 15 306
3630 5202 255
3631 2240 207
3632 3005 396
3633 2104 345
3634 3324 425
3635 279 265
3636 6151 421
3637 856 519
3638 4304 320
3639 5935 318
3640 2462 385
3641 2360 289
3642 0 -1
3643 4489 243
3644 5645 520
3645 0 -1
3646 4243 359
3647 3103 188
3648 0 -1
3649 5335 455
3650 1281 402
3651 5400 309
3652 1926 393
3653 5438 395
3654 6531 278
3655 3267 245
3656 3088 328
3657 5202 285
3658 275 220
3659 125 246
3660 1296 416
3661 1804 227
3662 4400 280
3663 1792 103
3664 1725 287
3665 0 -1
3666 627 287
3667 2275 319
3668 663 260
3669 1241 293
3670 4318 275
3671 1744 242
3672 3507 441
3673 5681 277
3674 6537 352
3675 2560 382
3676 5738 90
3677 5992 317
3678 0 -1
3679 1667 170
3680 1435 462
3681 2079 347
3682 5226 372
3683 1459 179
3684 5395 223
3685 3188 349
3686 1142 180
3687 1102 357
3688 2204 557
3689 0 -1
3690 4295 296
3691 2162 354
3692 3234 354
3693 5582 227
3694 5724 314
3695 963 386
3696 1082 302
3697 2657 279
3698 2859 201
3699 6543 171
3700 3656 374
3701 5306 250
3702 0 -1
3703 905 195
3704 2477 362
3705 0 -1
3706 5172 334
3707 6006 165
3708 3917 225
3709 2137 334
3710 0 -1
3711 0 -1
3712 1966 317
3713 2406 336
3714 0 -1
3715 6216 236
3716 3479 411
3717 2057 271
3718 3818 318
3719 787 256
3720 1335 234
3721 1304 182
3722 3663 165
3723 4411 342
3724 0 -1
3725 1445 328
3726 5852 294
3727 1321 477
3728 2952 247
3729 1259 334
3730 1086 454
3731 3963 273
3732 3150 342
3733 2034 337
3734 43 414
3735 2853 215
3736 4692 302
3737 2538 137
3738 1403 382
3739 0 -1
3740 5176 402
3741 5563 201
3742 4828 440
3743 1530 339
3744 903 396
3745 2635 258
3746 4418 182
3747 2681 318
3748 2310 180
3749 5031 404
3750 4275 330
3751 991 397
3752 3995 305
3753 159 448
3754 3488 303
3755 4229 82
3756 1272 293
3757 914 421
3758 6552 474
3759 6561 361
3760 3949 325
3761 6289 345
3762 3520 336
3763 3225 304
3764 6060 318
3765 2438 298
3766 3482 307
3767 591 306
3768 3643 263
3769 1192 279
3770 1145 314
3771 456 242
3772 2233 282
3773 3118 271
3774 3795 164
3775 4384 377
3776 5266 178
3777 5065 382
3778 6458 404
3779 4596 244
3780 6437 263
3781 575 311
3782 5611 322
3783 5340 375
3784 3022 216
3785 0 -1
3786 2563 324
3787 0 -1
3788 899 487
3789 4389 264
3790 172 250
3791 4660 289
3792 3146 404
3793 5764 276
3794 2711 194
3795 2784 140
3796 5069 293
3797 6587 302
3798 2457 222
3799 4190 277
3800 2888 99
3801 6459 278
3802 2923 226
3803 792 320
3804 307 341
3805 5302 420
3806 6064 262
3807 5401 277
3808 168 361
3809 942 414
3810 682 447
3811 3022 254
3812 303 428
3813 2376 310
3814 6287 257
3815 1272 239
3816 3530 315
3817 4377 293
3818 2637 223
3819 69 390
3820 1456 398
3821 3524 393
3822 5490 296
3823 86 272
3824 2084 369
3825 0 -1
3826 5906 340
3827 0 -1
3828 297 192
3829 2845 247
3830 3593 419
3831 845 315
3832 3615 249
3833 2876 170
3834 5485 349
3835 1680 422
3836 3979 260
3837 3325 351
3838 1196 144
3839 6391 314
3840 2958 283
3841 779 302
3842 4746 335
3843 6139 284
3844 264 359
3845 65 290
3846 401 224
3847 5191 369
3848 4720 361
3849 2739 368
3850 727 219
3851 3097 370
3852 4523 273
3853 639 229
3854 0 -1
3855 6136 168
3856 2270 355
3857 1169 461
3858 3514 387
3859 0 -1
3860 6402 368
3861 202 223
3862 1186 233
3863 1874 344
3864 404 340
3865 3267 255
3866 1917 262
3867 6326 348
3868 2424 522
3869 996 413
3870 4462 255
3871 1542 173
3872 1307 447
3873 4672 290
3874 4961 228
3875 6108 341
3876 1311 295
3877 3658 307
3878 1446 243
3879 1055 111
3880 2756 298
3881 3403 376
3882 0 -1
3883 109 332
3884 5540 183
3885 6486 396
3886 4485 369
3887 3372 377
3888 690 237
3889 2549 344
3890 326 334
3891 1092 293
3892 5904 350
3893 3986 257
3894 1448 346
3895 0 -1
3896 5526 310
3897 6595 324
3898 5347 371
3899 6553 281
3900 1298 321
3901 2974 291
3902 1288 223
3903 6173 293
3904 1174 360
3905 5060 359
3906 3264 409
3907 4050 401
3908 5671 239
3909 5604 304
3910 3916 364
3911 1001 355
3912 4458 278
3913 639 231
3914 5144 241
3915 1988 406
3916 1663 273
3917 408 161
3918 4794 285
3919 324 288
3920 1341 339
3921 433 324
3922 5560 380
3923 1951 361
3924 1708 306
3925 2894 224
3926 2048 336
3927 4505 319
3928 2183 181
3929 4585 251
3930 6174 277
3931 1175 383
3932 652 274
3933 2752 245
3934 667 314
3935 5720 354
3936 2279 242
3937 482 182
3938 1484 341
3939 5563 159
3940 0 -1
3941 5772 223
3942 5529 306
3943 1917 302
3944 0 -1
3945 4405 282
3946 1373 221
3947 718 126
3948 1271 264
3949 2168 308
3950 2923 209
3951 2358 239
3952 383 398
3953 5280 295
3954 3659 313
3955 228 169
3956 1727 335
3957 1884 322
3958 3647 269
3959 3113 321
3960 3624 350
3961 0 -1
3962 1815 335
3963 4204 250
3964 2829 411
3965 2318 455
3966 1062 186
3967 5138 393
3968 3779 249
3969 2496 331
3970 1545 348
3971 6239 318
3972 674 322
3973 2531 263
3974 3386 360
3975 3558 340
3976 1542 143
3977 3929 292
3978 265 308
3979 1548 158
3980 6179 246
3981 1000 321
3982 3833 188
3983 0 -1
3984 985 478
3985 864 324
3986 5790 249
3987 0 -1
3988 3442 412
3989 289 318
3990 2580 348
3991 1981 500
3992 2605 339
3993 1871 211
3994 2355 412
3995 5532 266
3996 5928 271
3997 5865 269
3998 3280 343
3999 2304 379
4000 3606 261
4001 206 372
4002 3420 352
4003 5195 247
4004 3833 232
4005 5979 312
4006 2923 263
4007 2034 303
4008 725 263
4009 2370 402
4010 2690 234
4011 1594 223
4012 5837 290
4013 3813 383
4014 578 228
4015 6344 354
4016 1246 439
4017 1591 232
4018 3926 376
4019 5234 297
4020 0 -1
4021 2754 387
4022 145 160
4023 1308 378
4024 539 287
4025 6117 317
4026 0 -1
4027 2024 381
4028 3948 331
4029 6048 202
4030 3376 318
4031 4406 6
4032 181 324
4033 6007 335
4034 3454 446
4035 6365 346
4036 4319 348
4037 4278 309
4038 1269 317
4039 998 269
4040 4212 306
4041 0 -1
4042 6026 254
4043 562 223
4044 2456 229
4045 4198 453
4046 5214 188
4047 4518 308
4048 3287 375
4049 3378 419
4050 1235 326
4051 1733 270
4052 0 -1
4053 3675 465
4054 3912 356
4055 0 -1
4056 3365 503
4057 1461 315
4058 3568 303
4059 568 279
4060 4246 324
4061 0 -1
4062 5850 262
4063 6232 316
4064 1429 271
4065 276 351
4066 3233 287
4067 0 -1
4068 767 288
4069 3007 351
4070 1452 228
4071 2042 322
4072 0 -1
4073 4427 523
4074 6028 306
4075 5471 360
4076 599 319
4077 4266 410
4078 4777 295
4079 4204 234
4080 5097 284
4081 0 -1
4082 5556 275
4083 2294 456
4084 6278 312
4085 103 321
4086 4627 387
4087 5086 257
4088 4100 300
4089 4279 351
4090 1833 223
4091 6548 365
4092 0 -1
4093 28 324
4094 1966 311
4095 6172 320
4096 3101 304
4097 3707 274
4098 2456 276
4099 5889 360
4100 2613 230
4101 4355 265
4102 3951 286
4103 2026 196
4104 5675 263
4105 2233 313
4106 2530 382
4107 3262 315
4108 383 386
4109 3916 315
4110 3894 346
4111 3091 279
4112 3568 302
4113 6067 320
4114 3870 271
4115 2000 208
4116 5997 265
4117 0 -1
4118 617 245
4119 5258 432
4120 4288 167
4121 2650 338
4122 5694 245
4123 102 234
4124 5694 305
4125 3150 294
4126 1667 173
4127 4923 397
4128 3310 280
4129 0 -1
4130 5246 353
4131 3342 454
4132 4102 333
4133 5750 272
4134 1059 357
4135 4214 259
4136 2909 318
4137 1783 294
4138 702 439
4139 1317 303
4140 2906 265
4141 2529 253
4142 5473 303
4143 5807 350
4144 0 -1
4145 2975 256
4146 1804 222
4147 3208 344
4148 4088 307
4149 3451 338
4150 1427 158
4151 1877 247
4152 4323 324
4153 3731 273
4154 2577 246
4155 5807 318
4156 5644 463
4157 2269 494
4158 4669 356
4159 4169 224
4160 2895 398
4161 2454 450
4162 0 -1
4163 4943 282
4164 3238 335
4165 6553 360
4166 1180 407
4167 1202 205
4168 5531 378
4169 3093 186
4170 6422 349
4171 3123 606
4172 1298 301
4173 6040 295
4174 5752 352
4175 2618 350
4176 3627 546
4177 77 323
4178 3924 370
4179 3661 342
4180 0 -1
4181 973 288
4182 1158 287
4183 0 -1
4184 395 365
4185 1025 175
4186 4639 320
4187 4118 342
4188 0 -1
4189 2888 173
4190 3862 262
4191 3875 349
4192 5870 282
4193 3582 367
4194 2870 321
4195 2528 254
4196 5484 351
4197 3496 288
4198 4877 340
4199 2151 375
4200 1427 174
4201 4587 220
4202 2940 297
4203 3307 292
4204 4264 214
4205 6530 296
4206 2098 352
4207 6283 459
4208 719 244
4209 4429 373
4210 6163 277
4211 1681 255
4212 3855 259
4213 5651 367
4214 2545 241
4215 0 -1
4216 228 197
4217 2162 362
4218 42 202
4219 3171 196
4220 5470 358
4221 1720 423
4222 3508 429
4223 5817 257
4224 984 278
4225 1614 361
4226 6145 290
4227 5236 347
4228 342 212
4229 596 40
4230 5001 237
4231 2190 216
4232 5418 259
4233 678 313
4234 5340 274
4235 3019 253
4236 3506 417
4237 826 390
4238 6597 227
4239 5851 424
4240 6510 246
4241 4022 239
4242 2636 440
4243 4619 273
4244 5159 157
4245 1985 282
4246 3655 250
4247 3737 137
4248 6495 278
4249 2778 294
4250 1007 251
4251 283 224
4252 1278 253
4253 0 -1
4254 1451 303
4255 665 298
4256 4172 344
4257 4818 280
4258 787 258
4259 5897 177
4260 0 -1
4261 781 199
4262 4338 300
4263 704 294
4264 2888 96
4265 2195 297
4266 5394 347
4267 0 -1
4268 4509 260
4269 6590 296
4270 4511 236
4271 2705 367
4272 1227 315
4273 4229 113
4274 0 -1
4275 6120 323
4276 2988 349
4277 3256 301
4278 2254 236
4279 2041 294
4280 2391 262
4281 5840 278
4282 3163 358
4283 5856 73
4284 5845 380
4285 4588 343
4286 2879 330
4287 5999 254
4288 3 64
4289 4406 122
4290 5530 316
4291 4103 232
4292 2524 332
4293 1822 353
4294 5576 267
4295 6258 228
4296 0 -1
4297 3676 205
4298 2077 248
4299 1628 345
4300 1007 143
4301 0 -1
4302 6324 350
4303 4237 408
4304 6189 291
4305 5596 403
4306 5586 370
4307 5954 156
4308 0 -1
4309 5827 313
4310 4893 343
4311 2787 168
4312 6393 172
4313 0 -1
4314 5478 297
4315 1469 268
4316 1677 246
4317 724 448
4318 934 235
4319 2483 338
4320 1191 368
4321 3137 413
4322 6395 357
4323 4250 272
4324 0 -1
4325 1486 367
4326 27 282
4327 1712 387
4328 3486 356
4329 1638 423
4330 45 306
4331 4625 229
4332 5171 287
4333 4799 287
4334 3849 410
4335 2859 312
4336 1999 303
4337 3655 285
4338 5934 290
4339 5379 318
4340 3141 370
4341 1055 158
4342 143 287
4343 5726 270
4344 1594 286
4345 3355 291
4346 2993 241
4347 1768 356
4348 4489 278
4349 1254 401
4350 6291 267
4351 5009 319
4352 234 293
4353 4391 274
4354 2417 225
4355 4499 249
4356 4767 229
4357 1166 310
4358 676 375
4359 4794 342
4360 3062 340
4361 5566 108
4362 6172 334
4363 4978 286
4364 1922 265
4365 3552 285
4366 4266 366
4367 0 -1
4368 3377 304
4369 3189 318
4370 0 -1
4371 2353 354
4372 0 -1
4373 383 425
4374 1688 254
4375 4264 207
4376 2878 349
4377 4420 261
4378 2106 259
4379 4298 272
4380 1356 381
4381 1826 323
4382 37 400
4383 4587 229
4384 1969 331
4385 275 219
4386 2974 293
4387 1420 298
4388 5319 541
4389 4619 262
4390 2117 350
4391 4506 211
4392 4796 307
4393 522 270
4394 5834 230
4395 870 405
4396 6314 596
4397 323 307
4398 2568 413
4399 875 363
4400 5433 211
4401 0 -1
4402 772 303
4403 2173 390
4404 2582 330
4405 6216 227
4406 3 3
4407 0 -1
4408 4068 405
4409 596 126
4410 5846 375
4411 3490 301
4412 5367 369
4413 1806 224
4414 1610 276
4415 5358 456
4416 3078 236
4417 2455 327
4418 5926 172
4419 2082 429
4420 6557 258
4421 2841 340
4422 5556 235
4423 0 -1
4424 2295 316
4425 2335 292
4426 3357 321
4427 5472 432
4428 116 332
4429 1026 358
4430 2924 278
4431 1227 279
4432 5439 352
4433 1482 318
4434 456 271
4435 6052 308
4436 4842 351
4437 1637 260
4438 384 408
4439 5917 447
4440 4520 328
4441 1056 136
4442 6233 206
4443 0 -1
4444 2362 349
4445 390 370
4446 3343 295
4447 1677 281
4448 6413 289
4449 4115 216
4450 2995 306
4451 4950 474
4452 4837 316
4453 6405 390
4454 2162 407
4455 88 299
4456 3099 306
4457 631 360
4458 4251 266
4459 485 275
4460 744 400
4461 3441 375
4462 854 196
4463 1228 377
4464 1727 332
4465 0 -1
4466 169 192
4467 4289 147
4468 2046 382
4469 5078 554
4470 0 -1
4471 4539 286
4472 2716 285
4473 3928 205
4474 6160 314
4475 4343 301
4476 513 256
4477 4031 75
4478 486 268
4479 1335 218
4480 5668 281
4481 6218 351
4482 5848 239
4483 5856 136
4484 5013 286
4485 5306 253
4486 3008 220
4487 1528 557
4488 558 334
4489 1778 213
4490 0 -1
4491 466 291
4492 5189 379
4493 2941 258
4494 2307 247
4495 4742 97
4496 5419 311
4497 0 -1
4498 468 271
4499 3722 249
4500 5139 409
4501 1383 233
4502 3169 330
4503 0 -1
4504 6294 310
4505 2989 300
4506 3251 205
4507 4902 323
4508 4069 392
4509 355 248
4510 2917 234
4511 4189 207
4512 692 415
4513 4800 447
4514 3154 357
4515 2490 404
4516 3314 320
4517 5355 324
4518 2323 227
4519 2548 309
4520 2724 287
4521 4414 296
4522 6051 297
4523 4937 220
4524 2377 305
4525 5882 203
4526 2133 334
4527 2853 253
4528 3720 271
4529 4989 311
4530 5704 429
4531 0 -1
4532 4824 318
4533 1053 215
4534 3774 218
4535 1998 259
4536 1262 285
4537 6498 235
4538 5075 277
4539 1262 282
4540 3088 312
4541 334 480
4542 2158 380
4543 3055 365
4544 3437 371
4545 5216 338
4546 3338 298
4547 122 345
4548 5700 342
4549 513 224
4550 1856 482
4551 187 325
4552 5019 314
4553 4700 151
4554 1536 364
4555 1464 397
4556 34 381
4557 0 -1
4558 4259 255
4559 0 -1
4560 344 265
4561 1978 337
4562 2712 361
4563 4122 280
4564 5106 247
4565 1405 246
4566 5277 327
4567 0 -1
4568 5613 298
4569 4871 356
4570 4003 266
4571 2441 376
4572 539 328
4573 2874 387
4574 1803 215
4575 0 -1
4576 2343 177
4577 6064 266
4578 2310 238
4579 3879 182
4580 6448 285
4581 4594 295
4582 6067 217
4583 4201 260
4584 1893 359
4585 4574 223
4586 1699 517
4587 2274 206
4588 4505 321
4589 6022 330
4590 3839 354
4591 3016 286
4592 0 -1
4593 4655 391
4594 5838 287
4595 767 288
4596 5512 217
4597 1585 331
4598 3691 460
4599 434 302
4600 5139 354
4601 343 383
4602 5591 409
4603 2016 410
4604 5547 313
4605 3748 228
4606 1251 441
4607 1340 294
4608 4487 670
4609 2890 264
4610 4822 336
4611 2937 297
4612 5593 593
4613 652 260
4614 2649 328
4615 681 202
4616 2228 376
4617 0 -1
4618 4564 285
4619 4115 234
4620 1814 208
4621 3735 307
4622 5234 319
4623 0 -1
4624 4120 227
4625 3263 115
4626 2929 340
4627 2679 351
4628 3933 364
4629 3661 251
4630 5463 317
4631 5375 351
4632 1497 427
4633 147 250
4634 375 352
4635 5226 364
4636 0 -1
4637 2823 326
4638 2459 286
4639 5652 228
4640 179 257
4641 5172 311
4642 0 -1
4643 1397 320
4644 0 -1
4645 6061 237
4646 6404 264
4647 1082 268
4648 4670 431
4649 3905 389
4650 4098 297
4651 4913 221
4652 135 306
4653 2668 348
4654 0 -1
4655 1353 308
4656 3655 295
4657 2353 325
4658 6048 172
4659 0 -1
4660 1015 257
4661 706 284
4662 6597 275
4663 4070 300
4664 5717 304
4665 1371 408
4666 4581 390
4667 2761 476
4668 468 324
4669 4003 265
4670 1479 344
4671 848 244
4672 6014 288
4673 146 327
4674 587 276
4675 3397 333
4676 0 -1
4677 0 -1
4678 264 370
4679 5698 341
4680 5953 307
4681 3247 150
4682 274 355
4683 2341 219
4684 5788 338
4685 5597 310
4686 6246 366
4687 5044 265
4688 205 512
4689 1210 306
4690 4999 332
4691 6354 355
4692 106 244
4693 1220 284
4694 2361 172
4695 5365 178
4696 519 356
4697 4780 279
4698 1940 342
4699 2687 378
4700 2138 130
4701 3048 391
4702 3595 469
4703 2880 226
4704 3621 296
4705 1939 298
4706 3672 530
4707 1783 297
4708 5234 319
4709 5908 390
4710 3274 297
4711 1590 230
4712 0 -1
4713 2809 396
4714 5629 354
4715 70 355
4716 543 344
4717 3936 289
4718 2160 245
4719 6216 258
4720 2024 321
4721 5587 346
4722 2952 300
4723 2002 276
4724 6162 227
4725 5848 318
4726 937 256
4727 169 163
4728 3707 236
4729 0 -1
4730 6331 388
4731 2946 113
4732 4705 329
4733 6434 289
4734 2595 424
4735 6341 271
4736 3292 338
4737 2105 327
4738 1585 267
4739 5864 325
4740 2057 268
4741 771 272
4742 596 96
4743 2552 318
4744 3066 268
4745 5065 371
4746 2392 329
4747 4128 375
4748 4818 302
4749 0 -1
4750 3655 300
4751 3173 302
4752 2946 109
4753 4219 204
4754 5726 272
4755 3558 305
4756 1527 330
4757 1593 197
4758 2694 290
4759 5129 321
4760 3220 319
4761 6443 326
4762 1221 292
4763 5879 423
4764 0 -1
4765 5829 231
4766 6577 284
4767 5410 188
4768 4297 230
4769 2924 286
4770 3131 383
4771 5812 166
4772 5405 474
4773 2240 264
4774 5172 375
4775 5310 374
4776 970 300
4777 6196 276
4778 1446 284
4779 0 -1
4780 1304 204
4781 6393 231
4782 1381 374
4783 5867 388
4784 2841 324
4785 554 442
4786 3892 444
4787 2360 284
4788 5288 277
4789 2102 383
4790 6319 267
4791 3419 348
4792 5311 376
4793 4780 302
4794 2973 260
4795 3926 344
4796 4389 271
4797 3470 282
4798 1288 217
4799 3838 198
4800 5347 348
4801 744 467
4802 947 303
4803 3295 302
4804 4104 280
4805 0 -1
4806 4874 306
4807 3375 373
4808 0 -1
4809 4719 359
4810 5982 313
4811 0 -1
4812 4364 293
4813 0 -1
4814 2043 226
4815 0 -1
4816 4277 321
4817 3243 452
4818 4744 276
4819 1674 389
4820 3027 378
4821 4265 341
4822 3893 326
4823 2361 246
4824 5489 300
4825 6258 307
4826 2577 309
4827 2752 268
4828 5718 416
4829 109 357
4830 4341 235
4831 349 278
4832 2589 382
4833 2414 263
4834 2455 272
4835 1742 64
4836 765 301
4837 4235 299
4838 5120 240
4839 5932 291
4840 654 420
4841 5563 180
4842 6483 292
4843 1576 407
4844 1849 365
4845 3294 341
4846 3607 222
4847 1823 282
4848 4051 355
4849 1729 412
4850 0 -1
4851 3925 283
4852 2796 285
4853 5086 256
4854 1679 343
4855 1292 312
4856 3442 324
4857 6588 218
4858 2511 278
4859 2188 244
4860 0 -1
4861 0 -1
4862 3068 202
4863 3228 358
4864 6587 273
4865 0 -1
4866 1540 174
4867 6434 304
4868 4553 182
4869 5566 95
4870 3677 412
4871 2354 273
4872 4650 378
4873 2962 231
4874 1471 299
4875 4723 328
4876 2257 384
4877 5003 296
4878 3979 185
4879 2185 365
4880 3397 404
4881 6581 348
4882 1207 279
4883 5120 285
4884 0 -1
4885 3755 126
4886 6232 344
4887 4118 259
4888 4244 258
4889 4878 225
4890 5974 496
4891 6493 377
4892 2095 327
4893 6575 279
4894 1295 413
4895 733 480
4896 2676 285
4897 594 255
4898 0 -1
4899 4413 314
4900 3819 447
4901 5144 209
4902 1205 300
4903 4796 379
4904 3300 353
4905 689 326
4906 89 408
4907 4247 180
4908 0 -1
4909 1996 294
4910 6165 199
4911 1202 210
4912 1923 253
4913 2138 149
4914 3492 283
4915 1207 214
4916 3008 208
4917 6509 232
4918 2079 302
4919 202 222
4920 1425 294
4921 5213 307
4922 2155 281
4923 5552 353
4924 3349 323
4925 2202 370
4926 1082 281
4927 107 339
4928 1773 220
4929 6179 249
4930 0 -1
4931 4576 206
4932 4769 398
4933 4693 363
4934 5140 220
4935 3221 312
4936 4120 169
4937 4441 169
4938 3121 392
4939 5318 246
4940 759 303
4941 6224 425
4942 639 251
4943 3108 276
4944 5902 193
4945 937 263
4946 686 258
4947 0 -1
4948 1859 326
4949 4400 215
4950 4854 407
4951 0 -1
4952 97 373
4953 4787 333
4954 4937 262
4955 4912 276
4956 625 326
4957 5184 379
4958 1885 398
4959 6378 221
4960 1926 348
4961 6001 201
4962 4579 253
4963 5086 157
4964 2385 243
4965 1679 385
4966 6179 341
4967 2920 337
4968 2953 188
4969 3819 486
4970 2738 220
4971 5166 275
4972 1883 266
4973 5600 306
4974 2886 299
4975 2116 348
4976 0 -1
4977 1815 326
4978 513 275
4979 5368 264
4980 1035 339
4981 2756 345
4982 0 -1
4983 5383 235
4984 4248 308
4985 4158 397
4986 4841 187
4987 4609 286
4988 4211 285
4989 1827 285
4990 5340 317
4991 449 244
4992 5695 425
4993 4633 273
4994 3811 306
4995 6146 392
4996 6527 353
4997 0 -1
4998 537 418
4999 4814 242
5000 5264 405
5001 771 233
5002 2705 431
5003 385 205
5004 1923 247
5005 1194 325
5006 1044 360
5007 582 379
5008 1883 261
5009 299 232
5010 1064 367
5011 2957 375
5012 1063 293
5013 2991 241
5014 4933 398
5015 2924 237
5016 3976 157
5017 3418 382
5018 5845 447
5019 1289 257
5020 2859 226
5021 0 -1
5022 6052 416
5023 490 356
5024 0 -1
5025 4100 265
5026 0 -1
5027 5272 365
5028 3445 313
5029 4203 314
5030 0 -1
5031 5430 341
5032 0 -1
5033 2857 368
5034 3135 288
5035 343 339
5036 5817 247
5037 938 430
5038 0 -1
5039 966 264
5040 4963 238
5041 2378 388
5042 0 -1
5043 4293 387
5044 6192 186
5045 4917 273
5046 3327 345
5047 1874 370
5048 507 412
5049 1363 234
5050 5566 96
5051 2179 252
5052 5158 207
5053 303 422
5054 500 62
5055 2930 414
5056 0 -1
5057 6394 171
5058 1884 326
5059 781 257
5060 1296 351
5061 5835 310
5062 132 147
5063 3317 337
5064 6299 260
5065 3312 263
5066 6009 400
5067 2561 270
5068 5194 261
5069 6024 263
5070 4479 300
5071 4798 253
5072 3096 344
5073 219 318
5074 1082 232
5075 5433 176
5076 4960 352
5077 1983 280
5078 4667 549
5079 139 359
5080 5888 222
5081 298 437
5082 5666 332
5083 1792 103
5084 4780 272
5085 4307 223
5086 3171 149
5087 1644 319
5088 1097 214
5089 1183 337
5090 1894 364
5091 1008 417
5092 34 309
5093 4288 154
5094 6575 323
5095 6270 364
5096 2987 448
5097 6226 284
5098 6531 282
5099 5716 231
5100 5636 230
5101 3774 173
5102 4873 258
5103 3814 262
5104 2870 254
5105 5744 291
5106 3703 239
5107 3736 307
5108 4442 265
5109 2409 282
5110 520 398
5111 5725 393
5112 3423 300
5113 4385 241
5114 4263 354
5115 3912 385
5116 5211 294
5117 561 368
5118 6538 435
5119 1147 323
5120 1792 199
5121 1542 184
5122 5754 229
5123 1227 263
5124 2529 181
5125 1017 415
5126 5527 421
5127 2308 275
5128 1624 293
5129 421 221
5130 6547 262
5131 2106 273
5132 5183 447
5133 5856 69
5134 159 422
5135 6531 235
5136 155 444
5137 15 273
5138 603 320
5139 2989 289
5140 5926 200
5141 3211 267
5142 5417 253
5143 2862 371
5144 4189 190
5145 1139 305
5146 6450 381
5147 1120 291
5148 5846 422
5149 3579 297
5150 3068 168
5151 4409 242
5152 4009 461
5153 3368 313
5154 5285 354
5155 3401 423
5156 1792 123
5157 3348 235
5158 132 172
5159 2052 134
5160 1547 353
5161 5851 336
5162 2926 312
5163 2035 247
5164 1961 381
5165 4674 290
5166 4695 200
5167 6218 330
5168 3995 281
5169 3368 313
5170 2691 318
5171 5964 208
5172 1148 307
5173 1446 301
5174 3126 226
5175 1056 130
5176 594 305
5177 4307 173
5178 397 337
5179 4604 340
5180 3396 461
5181 1691 404
5182 2050 300
5183 2143 445
5184 1367 353
5185 1063 331
5186 723 270
5187 4689 360
5188 4988 307
5189 630 294
5190 305 300
5191 232 318
5192 5450 366
5193 341 319
5194 5954 258
5195 3914 245
5196 5588 300
5197 0 -1
5198 1776 312
5199 3092 313
5200 2704 357
5201 1447 403
5202 5828 247
5203 3674 415
5204 1210 272
5205 0 -1
5206 5494 313
5207 403 490
5208 5309 359
5209 3492 216
5210 1937 361
5211 5510 245
5212 1213 219
5213 5141 295
5214 3425 153
5215 2672 358
5216 1306 280
5217 1889 304
5218 3783 375
5219 3894 440
5220 4510 265
5221 5888 170
5222 2855 395
5223 288 313
5224 486 233
5225 2878 259
5226 943 343
5227 2272 306
5228 71 344
5229 1221 310
5230 0 -1
5231 4581 377
5232 3911 368
5233 2621 283
5234 5321 284
5235 3529 410
5236 5597 339
5237 1111 334
5238 1708 229
5239 2693 243
5240 6264 424
5241 5188 352
5242 2763 241
5243 6005 266
5244 3009 324
5245 450 363
5246 1158 352
5247 2726 356
5248 6297 318
5249 4337 342
5250 5812 146
5251 3884 295
5252 5897 206
5253 2311 381
5254 4365 402
5255 3281 388
5256 6600 290
5257 4078 321
5258 1360 360
5259 2120 292
5260 3019 291
5261 5093 231
5262 485 263
5263 1224 338
5264 3697 289
5265 0 -1
5266 2641 135
5267 246 263
5268 2752 277
5269 133 252
5270 3776 206
5271 4635 422
5272 2882 321
5273 217 373
5274 133 294
5275 3398 340
5276 0 -1
5277 5910 255
5278 0 -1
5279 4546 333
5280 4391 270
5281 4795 361
5282 4973 383
5283 4629 357
5284 2816 256
5285 5332 280
5286 4521 343
5287 3349 297
5288 1833 210
5289 2198 409
5290 3114 385
5291 1858 290
5292 449 287
5293 43 457
5294 41 432
5295 6114 288
5296 5061 346
5297 4466 211
5298 5179 449
5299 5194 357
5300 1737 271
5301 3186 263
5302 1068 303
5303 5239 267
5304 314 257
5305 5902 218
5306 255 248
5307 550 433
5308 5914 352
5309 1644 355
5310 4916 268
5311 1840 351
5312 3928 257
5313 5070 344
5314 2838 276
5315 2914 361
5316 1792 140
5317 671 417
5318 3022 207
5319 2206 477
5320 4954 269
5321 2815 257
5322 2944 299
5323 5808 310
5324 1624 258
5325 503 289
5326 3368 386
5327 3823 339
5328 774 249
5329 4506 247
5330 4994 311
5331 6162 220
5332 6064 257
5333 3213 350
5334 1439 342
5335 309 418
5336 2428 302
5337 953 273
5338 6164 307
5339 3673 297
5340 804 272
5341 2480 279
5342 2156 354
5343 4422 250
5344 0 -1
5345 1708 219
5346 5825 291
5347 4123 295
5348 2759 291
5349 5582 260
5350 1070 234
5351 1149 363
5352 6160 275
5353 3370 404
5354 1758 549
5355 6319 300
5356 2078 307
5357 0 -1
5358 6403 360
5359 5671 229
5360 941 310
5361 1783 277
5362 3447 318
5363 2307 229
5364 4562 435
5365 3459 172
5366 4511 240
5367 3337 362
5368 6466 236
5369 523 301
5370 0 -1
5371 5896 455
5372 3760 334
5373 5563 136
5374 3295 260
5375 312 330
5376 5004 338
5377 45 326
5378 4719 353
5379 1080 299
5380 5329 350
5381 3852 316
5382 5661 348
5383 2716 224
5384 2477 411
5385 216 281
5386 1629 368
5387 460 314
5388 5403 296
5389 4919 320
5390 1170 411
5391 4436 418
5392 387 367
5393 1884 354
5394 5897 253
5395 681 216
5396 0 -1
5397 1424 320
5398 656 290
5399 1191 355
5400 5745 299
5401 1684 216
5402 5454 430
5403 6485 258
5404 2975 376
5405 2047 396
5406 3631 262
5407 3832 359
5408 6236 275
5409 3736 317
5410 4731 166
5411 6590 236
5412 3457 333
5413 1328 363
5414 1401 279
5415 0 -1
5416 5112 331
5417 4869 178
5418 456 196
5419 5401 219
5420 5903 365
5421 349 338
5422 3504 401
5423 2114 231
5424 1163 314
5425 4744 384
5426 863 350
5427 3134 369
5428 2996 270
5429 5070 387
5430 4697 282
5431 316 259
5432 5859 240
5433 1512 138
5434 0 -1
5435 0 -1
5436 845 363
5437 1463 414
5438 3954 328
5439 4258 340
5440 2702 117
5441 1792 220
5442 0 -1
5443 569 255
5444 2235 532
5445 5103 282
5446 2764 282
5447 3843 289
5448 6293 260
5449 2627 309
5450 4639 297
5451 5992 263
5452 4613 308
5453 4024 323
5454 2748 419
5455 3838 233
5456 0 -1
5457 1634 397
5458 1994 363
5459 135 333
5460 927 341
5461 0 -1
5462 232 307
5463 5352 288
5464 0 -1
5465 4314 392
5466 3053 302
5467 0 -1
5468 6204 319
5469 2238 305
5470 4413 248
5471 2810 312
5472 614 326
5473 6026 234
5474 118 337
5475 511 400
5476 6023 306
5477 5857 318
5478 2953 188
5479 1352 331
5480 0 -1
5481 677 328
5482 4462 274
5483 3160 384
5484 5186 279
5485 1304 233
5486 0 -1
5487 123 317
5488 4916 292
5489 3389 293
5490 126 285
5491 1321 452
5492 4862 281
5493 6590 233
5494 1070 264
5495 4436 355
5496 5701 358
5497 4421 356
5498 2236 315
5499 6545 254
5500 0 -1
5501 4885 206
5502 532 217
5503 2131 345
5504 5223 384
5505 703 360
5506 24 272
5507 6003 270
5508 3215 338
5509 100 217
5510 1025 211
5511 1306 280
5512 2361 180
5513 5888 276
5514 2301 268
5515 625 356
5516 834 264
5517 3086 296
5518 5376 338
5519 1051 369
5520 3746 283
5521 429 160
5522 0 -1
5523 4522 366
5524 5748 310
5525 6549 261
5526 178 253
5527 2785 385
5528 4681 207
5529 2726 245
5530 85 271
5531 3225 295
5532 532 243
5533 5264 311
5534 755 330
5535 182 355
5536 3007 357
5537 6505 338
5538 0 -1
5539 1726 313
5540 1667 140
5541 3479 405
5542 4720 433
5543 6337 308
5544 3093 269
5545 4473 254
5546 2421 349
5547 1094 266
5548 0 -1
5549 2738 234
5550 845 284
5551 0 -1
5552 1734 307
5553 5228 390
5554 257 308
5555 4140 357
5556 580 234
5557 5383 259
5558 2845 322
5559 3737 231
5560 5870 305
5561 5398 318
5562 5693 462
5563 5856 122
5564 5741 242
5565 0 -1
5566 1909 86
5567 3806 310
5568 4248 307
5569 0 -1
5570 4912 301
5571 2273 291
5572 458 320
5573 2286 341
5574 0 -1
5575 429 227
5576 1335 217
5577 2941 193
5578 1852 353
5579 2366 402
5580 1167 272
5581 1156 489
5582 6001 195
5583 4201 322
5584 1251 360
5585 498 329
5586 5956 260
5587 6317 327
5588 4300 226
5589 5567 367
5590 2180 542
5591 3789 310
5592 0 -1
5593 2646 474
5594 5401 234
5595 2434 389
5596 5677 310
5597 1122 297
5598 3619 384
5599 2279 281
5600 4498 283
5601 1111 327
5602 5195 313
5603 0 -1
5604 5837 282
5605 984 365
5606 5348 360
5607 1804 275
5608 3140 352
5609 464 406
5610 1271 292
5611 1283 267
5612 4750 326
5613 5999 249
5614 4605 252
5615 1447 317
5616 5893 204
5617 3800 138
5618 966 318
5619 4499 277
5620 2280 300
5621 554 425
5622 0 -1
5623 4345 350
5624 3064 280
5625 0 -1
5626 0 -1
5627 5104 285
5628 199 321
5629 2711 250
5630 575 268
5631 2324 311
5632 262 343
5633 1265 243
5634 2211 419
5635 233 442
5636 429 216
5637 1590 206
5638 2584 378
5639 2813 200
5640 4042 300
5641 1003 356
5642 5463 342
5643 5303 343
5644 2518 396
5645 6371 409
5646 5384 461
5647 3532 210
5648 0 -1
5649 1276 299
5650 229 256
5651 3113 294
5652 3459 180
5653 4164 360
5654 3079 298
5655 4280 312
5656 5716 172
5657 3903 322
5658 2351 271
5659 0 -1
5660 0 -1
5661 6192 294
5662 443 376
5663 2062 351
5664 6192 191
5665 2069 236
5666 905 261
5667 4673 355
5668 6067 236
5669 4479 291
5670 2150 300
5671 854 212
5672 5242 340
5673 2822 317
5674 3369 333
5675 3966 214
5676 921 323
5677 1278 299
5678 18 378
5679 2099 282
5680 3492 213
5681 2268 268
5682 0 -1
5683 1791 322
5684 6221 428
5685 605 360
5686 6556 292
5687 170 229
5688 3020 303
5689 3109 236
5690 5326 488
5691 892 357
5692 5873 293
5693 4867 368
5694 3676 208
5695 57 356
5696 4916 224
5697 841 381
5698 3307 302
5699 2713 284
5700 6479 323
5701 5614 329
5702 421 192
5703 1833 277
5704 2732 340
5705 4552 343
5706 6236 271
5707 697 310
5708 6557 296
5709 662 345
5710 2412 315
5711 2162 366
5712 1293 274
5713 1310 327
5714 4340 471
5715 1097 166
5716 1097 149
5717 2332 285
5718 3025 308
5719 876 476
5720 2506 322
5721 0 -1
5722 387 405
5723 5498 362
5724 3075 296
5725 1175 324
5726 653 247
5727 533 396
5728 2541 431
5729 2323 202
5730 2592 520
5731 355 218
5732 5597 299
5733 1228 286
5734 1351 173
5735 900 293
5736 1540 288
5737 6192 195
5738 4835 88
5739 0 -1
5740 2690 269
5741 2150 235
5742 3698 285
5743 136 309
5744 6155 273
5745 5214 267
5746 1737 280
5747 0 -1
5748 690 278
5749 3741 215
5750 1056 187
5751 715 347
5752 1377 317
5753 0 -1
5754 1590 225
5755 1462 192
5756 4658 234
5757 6204 388
5758 2901 358
5759 695 346
5760 6532 334
5761 4537 290
5762 4672 391
5763 900 253
5764 2336 223
5765 1360 295
5766 3585 419
5767 718 209
5768 6007 279
5769 4992 448
5770 5586 274
5771 2385 254
5772 100 212
5773 6148 237
5774 5749 328
5775 6245 297
5776 44 291
5777 2988 298
5778 1224 243
5779 1388 257
5780 5121 215
5781 1710 243
5782 4333 330
5783 4126 173
5784 6098 362
5785 1861 251
5786 5287 362
5787 1870 440
5788 2700 308
5789 3496 331
5790 3093 213
5791 4130 393
5792 6303 319
5793 4305 522
5794 6051 322
5795 2769 442
5796 2770 426
5797 2052 128
5798 3173 299
5799 2326 306
5800 2258 280
5801 5126 426
5802 561 324
5803 2530 281
5804 4116 306
5805 6102 339
5806 5304 269
5807 2989 234
5808 4378 280
5809 4046 248
5810 5144 196
5811 2468 531
5812 1542 134
5813 3322 300
5814 5106 262
5815 3021 248
5816 2058 400
5817 771 209
5818 1663 356
5819 3449 282
5820 5694 218
5821 848 261
5822 0 -1
5823 3913 242
5824 4755 410
5825 5588 232
5826 6559 310
5827 1142 268
5828 5040 242
5829 5731 225
5830 3226 269
5831 168 264
5832 1465 440
5833 4824 368
5834 5365 176
5835 3735 263
5836 5512 295
5837 2500 266
5838 3459 252
5839 4529 388
5840 3698 256
5841 1276 293
5842 1926 343
5843 1709 349
5844 4467 239
5845 5627 370
5846 3441 320
5847 2153 288
5848 5150 229
5849 0 -1
5850 3850 245
5851 4839 322
5852 2041 290
5853 1787 255
5854 970 301
5855 3686 241
5856 596 39
5857 5619 313
5858 3033 408
5859 3459 238
5860 3492 278
5861 3506 363
5862 2845 291
5863 2125 361
5864 2074 322
5865 6173 260
5866 3000 449
5867 6284 354
5868 5992 320
5869 4804 364
5870 5652 239
5871 1000 266
5872 5165 406
5873 3579 244
5874 0 -1
5875 1658 198
5876 5835 279
5877 2101 304
5878 2094 278
5879 6333 421
5880 6544 314
5881 812 328
5882 854 185
5883 5395 226
5884 565 321
5885 4441 246
5886 5262 302
5887 3957 420
5888 1391 159
5889 3966 299
5890 189 303
5891 1108 214
5892 1634 417
5893 1459 188
5894 0 -1
5895 397 314
5896 5356 369
5897 5521 175
5898 1803 215
5899 5507 284
5900 1833 305
5901 2949 344
5902 570 147
5903 2786 357
5904 5062 266
5905 2448 278
5906 4255 322
5907 3452 329
5908 3661 337
5909 1070 338
5910 2717 241
5911 748 233
5912 28 318
5913 1660 264
5914 3932 345
5915 6573 361
5916 749 318
5917 2163 415
5918 0 -1
5919 5881 340
5920 4335 338
5921 6538 469
5922 2460 256
5923 4961 249
5924 2094 283
5925 4887 301
5926 297 110
5927 3699 260
5928 4970 266
5929 1293 324
5930 302 323
5931 4665 494
5932 2783 261
5933 3325 400
5934 6173 252
5935 1755 264
5936 4285 412
5937 3778 452
5938 1276 316
5939 4633 262
5940 4000 288
5941 1169 470
5942 4562 417
5943 0 -1
5944 6460 297
5945 5957 359
5946 2273 348
5947 1864 261
5948 1435 418
5949 3767 365
5950 1260 320
5951 3077 308
5952 2676 305
5953 4841 219
5954 2601 151
5955 2556 505
5956 3707 191
5957 2280 286
5958 0 -1
5959 1998 173
5960 2993 331
5961 0 -1
5962 1269 263
5963 0 -1
5964 3413 198
5965 3355 352
5966 2350 324
5967 3611 310
5968 3407 399
5969 5989 269
5970 3850 310
5971 4410 388
5972 2396 287
5973 2956 342
5974 2228 473
5975 5160 467
5976 4069 447
5977 2208 404
5978 5033 420
5979 2286 307
5980 1646 315
5981 3840 340
5982 6029 264
5983 0 -1
5984 1692 384
5985 0 -1
5986 0 -1
5987 0 -1
5988 0 -1
5989 100 159
5990 6157 300
5991 2444 347
5992 1664 260
5993 599 306
5994 6004 303
5995 2756 257
5996 6107 400
5997 970 235
5998 4040 314
5999 2561 222
6000 175 431
6001 5316 141
6002 3596 310
6003 5080 236
6004 4814 230
6005 905 216
6006 3344 116
6007 1276 253
6008 4807 381
6009 1694 330
6010 3790 331
6011 2255 348
6012 4291 287
6013 1446 331
6014 2726 277
6015 4261 226
6016 5102 297
6017 1754 251
6018 2956 326
6019 2154 225
6020 6158 230
6021 1927 333
6022 2254 321
6023 3562 233
6024 2000 193
6025 2813 305
6026 3708 226
6027 4119 469
6028 5441 282
6029 2097 180
6030 2986 300
6031 4185 217
6032 734 356
6033 5604 339
6034 1795 251
6035 3658 223
6036 4857 276
6037 4244 224
6038 0 -1
6039 5893 262
6040 3322 255
6041 2414 309
6042 721 369
6043 5669 308
6044 588 376
6045 2602 286
6046 0 -1
6047 4316 330
6048 3425 151
6049 5886 355
6050 4195 278
6051 6019 227
6052 2249 306
6053 5195 314
6054 4585 234
6055 1360 395
6056 3800 174
6057 0 -1
6058 1495 379
6059 2261 296
6060 639 299
6061 5140 231
6062 4146 291
6063 283 258
6064 4418 227
6065 4393 283
6066 864 337
6067 216 216
6068 3228 336
6069 1685 224
6070 4385 219
6071 3262 255
6072 6580 317
6073 1585 342
6074 3 113
6075 6512 373
6076 6239 315
6077 0 -1
6078 6395 295
6079 2786 385
6080 5834 295
6081 2189 307
6082 3975 350
6083 663 258
6084 1427 253
6085 0 -1
6086 5746 316
6087 4669 289
6088 2775 241
6089 787 262
6090 3279 370
6091 1572 291
6092 0 -1
6093 1787 265
6094 1536 389
6095 5453 351
6096 86 244
6097 3165 451
6098 3022 257
6099 836 443
6100 5923 312
6101 5772 243
6102 2994 333
6103 3008 215
6104 3532 249
6105 5378 431
6106 4767 245
6107 5670 335
6108 2774 329
6109 66 382
6110 1444 235
6111 2642 409
6112 6058 392
6113 5256 360
6114 216 220
6115 5662 412
6116 2792 320
6117 5470 270
6118 2516 292
6119 2620 273
6120 905 239
6121 1336 359
6122 0 -1
6123 2035 280
6124 0 -1
6125 3322 253
6126 4381 384
6127 5552 418
6128 5028 389
6129 833 235
6130 3459 201
6131 4103 260
6132 5959 272
6133 6510 285
6134 1400 388
6135 0 -1
6136 5054 164
6137 2888 107
6138 3839 334
6139 4944 232
6140 3772 294
6141 5129 323
6142 5027 463
6143 4343 273
6144 2690 225
6145 2789 268
6146 1928 361
6147 3581 275
6148 2314 138
6149 4101 267
6150 1966 317
6151 2302 365
6152 5115 402
6153 3958 271
6154 0 -1
6155 3510 252
6156 0 -1
6157 516 258
6158 4400 222
6159 4331 303
6160 1213 228
6161 5156 204
6162 3855 213
6163 2794 268
6164 5947 267
6165 6528 193
6166 2804 365
6167 5186 370
6168 660 403
6169 3681 384
6170 3277 443
6171 1693 341
6172 5065 295
6173 2114 182
6174 2641 187
6175 132 197
6176 6303 265
6177 2800 326
6178 5810 275
6179 1358 238
6180 4907 241
6181 5516 366
6182 0 -1
6183 4663 317
6184 6211 363
6185 616 392
6186 2295 297
6187 5385 325
6188 1424 207
6189 2308 273
6190 5499 289
6191 5492 384
6192 2417 180
6193 2400 411
6194 4265 355
6195 987 323
6196 2106 226
6197 2827 402
6198 0 -1
6199 2915 281
6200 3178 266
6201 5477 364
6202 2361 275
6203 6422 296
6204 5302 316
6205 1827 318
6206 470 289
6207 3437 307
6208 5465 411
6209 3692 437
6210 0 -1
6211 4889 252
6212 315 300
6213 4480 287
6214 433 353
6215 2448 308
6216 4731 194
6217 6031 285
6218 5904 320
6219 3450 336
6220 0 -1
6221 1170 366
6222 4017 270
6223 6045 351
6224 4691 355
6225 4191 356
6226 5859 248
6227 2146 388
6228 1385 312
6229 3056 256
6230 2775 178
6231 401 238
6232 3226 242
6233 421 168
6234 0 -1
6235 1244 270
6236 5935 267
6237 1697 382
6238 0 -1
6239 2160 271
6240 1725 212
6241 4223 301
6242 5952 353
6243 4651 284
6244 3750 352
6245 5838 271
6246 4743 358
6247 5221 211
6248 2259 347
6249 5179 441
6250 1762 338
6251 3722 285
6252 4337 339
6253 4994 320
6254 2795 288
6255 5382 377
6256 5799 313
6257 6597 229
6258 8 189
6259 3677 337
6260 5880 387
6261 2016 365
6262 6466 284
6263 0 -1
6264 6193 411
6265 1363 239
6266 2829 376
6267 3153 239
6268 134 385
6269 2566 261
6270 2666 257
6271 4224 378
6272 5786 381
6273 6362 323
6274 3251 211
6275 0 -1
6276 5880 356
6277 6242 422
6278 2300 256
6279 3021 304
6280 1271 242
6281 4149 427
6282 2356 248
6283 1448 379
6284 5121 303
6285 1961 384
6286 1786 330
6287 5133 147
6288 5900 343
6289 3044 272
6290 3774 251
6291 5817 251
6292 0 -1
6293 3076 227
6294 6176 299
6295 1742 127
6296 5529 297
6297 844 254
6298 3394 363
6299 2361 203
6300 5588 257
6301 2870 252
6302 3510 259
6303 1792 213
6304 927 410
6305 5731 313
6306 0 -1
6307 2693 273
6308 0 -1
6309 8 260
6310 5576 328
6311 1824 327
6312 1098 206
6313 857 456
6314 3644 574
6315 5395 306
6316 4935 345
6317 999 267
6318 6545 200
6319 1603 266
6320 6106 314
6321 777 364
6322 2699 414
6323 2315 286
6324 5499 254
6325 3394 339
6326 5932 331
6327 4295 344
6328 5455 255
6329 5817 235
6330 2528 286
6331 1005 335
6332 4827 357
6333 4007 387
6334 4252 264
6335 1404 293
6336 5291 309
6337 6247 266
6338 0 -1
6339 505 289
6340 620 344
6341 4307 224
6342 4741 282
6343 6125 313
6344 1794 336
6345 2167 342
6346 2418 371
6347 2547 262
6348 2627 233
6349 767 310
6350 4752 199
6351 1806 274
6352 1009 335
6353 69 427
6354 410 270
6355 362 472
6356 1781 503
6357 0 -1
6358 1278 285
6359 2188 155
6360 4394 343
6361 3440 347
6362 5823 288
6363 6565 297
6364 2115 426
6365 1071 343
6366 5033 457
6367 3525 339
6368 4371 403
6369 4577 296
6370 0 -1
6371 4000 381
6372 1358 311
6373 639 262
6374 4360 391
6375 3449 320
6376 4302 455
6377 6542 274
6378 1097 157
6379 3525 312
6380 6023 272
6381 0 -1
6382 2735 269
6383 4937 260
6384 1186 318
6385 5111 484
6386 1830 373
6387 5109 350
6388 4798 320
6389 1175 314
6390 3466 348
6391 2106 290
6392 2103 294
6393 4553 163
6394 3344 109
6395 6557 262
6396 2776 241
6397 6578 339
6398 5407 457
6399 2489 339
6400 0 -1
6401 969 514
6402 3671 275
6403 5034 359
6404 210 158
6405 6519 346
6406 1737 328
6407 3928 235
6408 1550 348
6409 4719 342
6410 2700 320
6411 896 287
6412 4194 410
6413 4596 256
6414 0 -1
6415 0 -1
6416 2440 357
6417 4847 288
6418 0 -1
6419 2741 290
6420 4582 335
6421 6589 408
6422 769 266
6423 0 -1
6424 4493 331
6425 0 -1
6426 4700 244
6427 418 210
6428 0 -1
6429 4167 285
6430 2675 307
6431 4580 357
6432 1060 287
6433 6557 352
6434 718 209
6435 1585 246
6436 4728 300
6437 1857 196
6438 1405 236
6439 2316 333
6440 3666 378
6441 2473 254
6442 1195 300
6443 6511 254
6444 6429 331
6445 3190 385
6446 3554 401
6447 3549 327
6448 5820 276
6449 548 369
6450 4838 263
6451 1462 193
6452 3364 356
6453 0 -1
6454 5703 340
6455 2565 326
6456 377 269
6457 1825 320
6458 2640 379
6459 6056 226
6460 1871 278
6461 3078 267
6462 4337 330
6463 4519 325
6464 4226 409
6465 2834 391
6466 900 226
6467 4022 192
6468 6158 292
6469 5174 331
6470 5754 265
6471 6143 314
6472 0 -1
6473 2566 282
6474 6475 358
6475 4955 316
6476 1102 324
6477 1126 322
6478 142 278
6479 1868 304
6480 4495 125
6481 4255 399
6482 1408 262
6483 1760 253
6484 5927 265
6485 2417 231
6486 2266 311
6487 925 321
6488 2516 294
6489 589 346
6490 5539 389
6491 6551 388
6492 6251 327
6493 1202 275
6494 1658 252
6495 1142 256
6496 3265 389
6497 1631 394
6498 1667 182
6499 3207 424
6500 2985 306
6501 5768 363
6502 1796 453
6503 6265 290
6504 741 277
6505 1952 231
6506 3542 320
6507 3447 302
6508 557 291
6509 6378 207
6510 2323 233
6511 5617 165
6512 2859 276
6513 2809 400
6514 0 -1
6515 4887 302
6516 5085 317
6517 1352 383
6518 6293 255
6519 4993 318
6520 5369 381
6521 4938 482
6522 1835 389
6523 1670 254
6524 2258 298
6525 759 280
6526 2764 246
6527 1283 315
6528 2529 189
6529 5069 309
6530 2752 236
6531 5790 214
6532 359 313
6533 5413 378
6534 3921 356
6535 1968 330
6536 3343 291
6537 2179 265
6538 4597 411
6539 5524 377
6540 3673 390
6541 1358 223
6542 1108 207
6543 4731 133
6544 3708 308
6545 1784 149
6546 1124 332
6547 3034 206
6548 1144 336
6549 2193 233
6550 4190 304
6551 3254 344
6552 3681 433
6553 6231 281
6554 4479 295
6555 5700 332
6556 1908 271
6557 401 245
6558 5627 375
6559 3607 271
6560 3342 366
6561 6531 271
6562 3799 290
6563 4437 272
6564 2772 470
6565 6160 267
6566 757 318
6567 2966 247
6568 5431 311
6569 2467 269
6570 4289 209
6571 657 404
6572 3167 333
6573 6222 336
6574 255 234
6575 2724 251
6576 3717 308
6577 2701 259
6578 6438 309
6579 4385 266
6580 5211 274
6581 266 333
6582 0 -1
6583 0 -1
6584 3427 361
6585 1343 376
6586 3496 235
6587 2813 203
6588 4289 203
6589 5650 344
6590 4587 211
6591 4283 78
6592 728 378
6593 0 -1
6594 4391 266
6595 2103 285
6596 5100 263
6597 644 211
6598 3508 360
6599 2355 416
6600 4122 280
