18
1 0 -1
2 3470 349
3 0 -1
4 6032 375
5 2 360
6 0 -1
7 2732 469
8 378 182
9 5184 286
10 3773 337
11 6527 284
12 0 -1
13 1569 345
14 2711 255
15 4420 341
16 1402 441
17 6475 157
18 18 0
19 5431 362
20 4628 273
21 60 260
22 5484 206
23 1293 399
24 2859 273
25 5653 420
26 4645 303
27 5499 311
28 5025 340
29 2156 356
30 6534 344
31 0 -1
32 116 322
33 6406 379
34 1486 356
35 3484 402
36 783 381
37 5142 310
38 5902 275
39 2153 347
40 3846 283
41 3369 280
42 4247 337
43 558 297
44 4291 307
45 1283 346
46 134 411
47 1617 633
48 790 339
49 4119 440
50 3169 287
51 3112 378
52 855 370
53 2095 379
54 3342 323
55 3324 433
56 4057 312
57 5984 299
58 0 -1
59 1504 426
60 6165 237
61 2535 370
62 1727 251
63 3342 317
64 4824 541
65 1562 314
66 5960 272
67 5642 364
68 0 -1
69 3382 450
70 942 243
71 906 365
72 3943 383
73 4828 465
74 5050 314
75 4233 285
76 6051 400
77 5142 306
78 2023 310
79 4049 310
80 4228 301
81 3922 445
82 3863 373
83 101 284
84 2074 223
85 4825 310
86 2358 270
87 4286 291
88 2935 246
89 5345 463
90 20 283
91 227 466
92 0 -1
93 4281 313
94 1782 359
95 311 278
96 3850 309
97 3520 258
98 1126 477
99 6196 326
100 5871 315
101 2064 283
102 4115 232
103 142 292
104 2593 227
105 4525 330
106 1292 327
107 5962 262
108 4614 313
109 924 308
110 6389 322
111 5925 442
112 1259 411
113 2085 323
114 2851 272
115 2537 482
116 22 317
117 939 361
118 5333 214
119 4447 394
120 3289 594
121 3867 388
122 4339 261
123 99 368
124 0 -1
125 6136 274
126 4100 332
127 2577 336
128 5139 216
129 5545 266
130 1436 410
131 5783 328
132 3617 289
133 3117 310
134 880 393
135 1253 324
136 6091 177
137 337 458
138 0 -1
139 3453 369
140 2701 402
141 1000 362
142 4261 269
143 2364 251
144 2993 215
145 2453 338
146 3013 415
147 5016 428
148 2669 318
149 129 310
150 521 361
151 6410 334
152 528 411
153 4042 149
154 5218 379
155 5998 308
156 1277 357
157 0 -1
158 3497 267
159 4421 409
160 1932 331
161 1968 269
162 1900 378
163 5715 317
164 3828 341
165 0 -1
166 2602 485
167 832 346
168 2988 286
169 1227 375
170 1054 272
171 0 -1
172 3032 230
173 3080 366
174 4548 405
175 4131 463
176 1059 295
177 1156 482
178 3798 403
179 3946 360
180 6137 222
181 4693 328
182 3718 372
183 4728 310
184 3594 455
185 4619 318
186 6061 288
187 6334 311
188 6361 319
189 2756 271
190 0 -1
191 1933 374
192 6503 432
193 5361 440
194 6082 388
195 0 -1
196 5671 321
197 1323 388
198 6041 449
199 5008 299
200 5744 383
201 3771 420
202 5799 352
203 2941 311
204 4257 394
205 284 461
206 1705 409
207 3414 371
208 4844 350
209 4990 370
210 3676 379
211 6278 372
212 0 -1
213 6526 345
214 6566 376
215 5933 264
216 1704 356
217 1451 276
218 3897 323
219 2859 308
220 5591 378
221 5163 168
222 2095 382
223 5224 289
224 0 -1
225 0 -1
226 1302 414
227 4125 361
228 2043 242
229 2174 334
230 4186 326
231 5330 318
232 4537 379
233 2397 419
234 3256 478
235 6099 508
236 4006 332
237 0 -1
238 3034 390
239 1849 184
240 4806 355
241 6298 308
242 0 -1
243 18 51
244 1307 369
245 5612 389
246 842 337
247 2259 154
248 5139 249
249 870 420
250 1338 447
251 3498 424
252 1923 403
253 0 -1
254 615 382
255 780 366
256 2485 443
257 4046 421
258 3244 354
259 0 -1
260 3699 180
261 467 392
262 5202 429
263 2244 217
264 1530 373
265 4127 464
266 2692 446
267 4972 373
268 4621 401
269 1809 405
270 407 433
271 4452 379
272 1056 380
273 3181 410
274 359 363
275 5440 428
276 1307 353
277 0 -1
278 337 425
279 2026 359
280 5321 310
281 925 256
282 2887 345
283 1809 352
284 1289 365
285 5697 473
286 1377 453
287 0 -1
288 3822 268
289 4289 314
290 93 329
291 2803 479
292 4920 314
293 5711 354
294 665 360
295 0 -1
296 1667 406
297 1784 165
298 5768 382
299 6048 363
300 3367 562
301 6119 275
302 5101 296
303 2532 374
304 461 468
305 4915 394
306 871 294
307 3309 394
308 4873 196
309 6570 399
310 0 -1
311 4179 250
312 1125 290
313 2778 403
314 3661 129
315 5059 341
316 40 291
317 6137 229
318 1536 306
319 0 -1
320 6055 506
321 482 243
322 2606 370
323 5267 354
324 5509 370
325 4668 271
326 1757 331
327 3121 466
328 5225 366
329 3362 288
330 0 -1
331 5438 440
332 1088 228
333 3411 365
334 3691 309
335 2752 207
336 4224 307
337 5262 367
338 418 364
339 1149 316
340 5716 307
341 2582 341
342 5417 268
343 5570 430
344 1165 331
345 4640 242
346 4126 376
347 548 339
348 3707 228
349 2016 380
350 6236 294
351 530 306
352 5209 311
353 3467 411
354 2839 364
355 429 303
356 982 448
357 3686 382
358 0 -1
359 1185 297
360 2852 342
361 6050 344
362 308 277
363 6168 432
364 6015 307
365 5473 257
366 1935 327
367 3857 351
368 3556 267
369 6243 402
370 1172 393
371 1970 391
372 4773 268
373 491 331
374 2677 312
375 3138 189
376 2766 208
377 3176 394
378 3661 112
379 4793 324
380 0 -1
381 1740 293
382 960 422
383 664 401
384 5025 341
385 5144 294
386 5077 436
387 5681 479
388 430 378
389 6519 330
390 1439 295
391 1328 433
392 0 -1
393 2343 402
394 769 456
395 4133 326
396 5343 337
397 984 362
398 5086 319
399 2653 451
400 0 -1
401 4690 381
402 1619 436
403 1114 399
404 2057 139
405 5798 484
406 3682 278
407 340 333
408 3189 312
409 6373 397
410 4123 248
411 6363 394
412 3204 423
413 301 326
414 3764 438
415 5933 308
416 469 263
417 653 353
418 158 339
419 5036 331
420 3347 376
421 2681 321
422 4658 369
423 5287 352
424 5469 399
425 6008 349
426 3118 333
427 1974 441
428 4895 368
429 6016 221
430 569 364
431 1321 216
432 4220 310
433 2838 142
434 4263 266
435 5102 273
436 1880 378
437 5043 382
438 4983 384
439 2858 375
440 1722 168
441 4164 398
442 1530 348
443 5577 262
444 4924 418
445 6372 371
446 39 358
447 3498 342
448 4937 302
449 2243 265
450 4940 498
451 0 -1
452 1960 306
453 766 499
454 739 395
455 5837 362
456 1732 227
457 4804 359
458 1940 284
459 1996 225
460 4726 320
461 2959 360
462 1647 425
463 5363 437
464 4671 446
465 2111 326
466 5952 308
467 1451 308
468 2907 369
469 6584 212
470 1088 267
471 3224 377
472 807 364
473 4633 277
474 467 349
475 3807 382
476 1043 385
477 456 326
478 41 310
479 3382 347
480 5678 42
481 6368 580
482 6137 235
483 4696 367
484 4770 378
485 5368 290
486 1321 221
487 3243 405
488 2461 302
489 2716 302
490 5544 386
491 6080 308
492 1803 445
493 164 376
494 2584 406
495 654 364
496 5149 205
497 4695 395
498 6354 410
499 0 -1
500 1267 313
501 0 -1
502 1169 343
503 3255 333
504 6463 439
505 456 269
506 4104 316
507 3809 327
508 4998 619
509 5169 387
510 5962 293
511 4847 396
512 4464 257
513 4944 325
514 2110 303
515 1875 367
516 79 328
517 6129 279
518 3407 378
519 4196 291
520 2003 430
521 3571 359
522 2738 376
523 2261 348
524 3699 203
525 0 -1
526 1583 362
527 2472 401
528 3323 394
529 1933 342
530 4685 306
531 4597 436
532 93 327
533 4491 437
534 0 -1
535 2796 354
536 6372 373
537 1292 423
538 2693 370
539 473 282
540 3603 398
541 5975 422
542 5904 469
543 4539 380
544 3149 434
545 6594 306
546 3765 457
547 6365 264
548 2870 327
549 0 -1
550 3316 367
551 5135 432
552 629 266
553 4448 436
554 2539 285
555 3412 291
556 667 337
557 5102 208
558 1386 292
559 5275 313
560 0 -1
561 5545 247
562 3201 257
563 2930 284
564 3655 336
565 4025 298
566 4074 381
567 5561 328
568 114 309
569 5512 329
570 955 226
571 0 -1
572 1536 246
573 1797 552
574 6188 300
575 332 279
576 3880 317
577 4800 438
578 944 340
579 3226 341
580 3171 221
581 1960 351
582 447 429
583 6369 380
584 5919 362
585 144 330
586 2893 643
587 4700 320
588 1409 216
589 630 396
590 3200 290
591 4143 350
592 1153 395
593 3756 311
594 1196 308
595 4993 293
596 4406 354
597 1589 390
598 6064 362
599 126 334
600 0 -1
601 5458 343
602 1847 308
603 2783 326
604 3493 409
605 3227 351
606 1786 461
607 2965 469
608 1194 294
609 5430 287
610 0 -1
611 4910 201
612 5838 385
613 5378 426
614 2506 324
615 5166 297
616 5825 377
617 3360 339
618 0 -1
619 2655 313
620 3431 278
621 2558 350
622 3990 293
623 0 -1
624 6535 422
625 1377 373
626 3189 335
627 6161 386
628 4554 276
629 5806 203
630 3784 278
631 2286 288
632 850 463
633 2847 377
634 4816 373
635 1889 433
636 4698 341
637 5850 254
638 1560 409
639 3537 331
640 5632 370
641 5516 341
642 3603 317
643 569 332
644 4485 293
645 0 -1
646 2217 334
647 574 301
648 5063 316
649 0 -1
650 6309 290
651 682 482
652 321 342
653 1466 347
654 4164 334
655 0 -1
656 1927 279
657 5236 329
658 2484 344
659 2425 374
660 1584 354
661 5462 411
662 616 398
663 1677 314
664 1179 362
665 6523 259
666 176 333
667 3234 308
668 2210 368
669 2233 366
670 2449 263
671 6254 401
672 5751 421
673 1482 434
674 6230 465
675 3434 444
676 1980 392
677 3541 269
678 5908 228
679 6289 477
680 1974 357
681 401 400
682 4049 390
683 2899 317
684 3156 392
685 4963 275
686 1271 367
687 3366 434
688 4760 350
689 4051 402
690 2489 350
691 151 348
692 496 276
693 3261 391
694 3512 413
695 241 369
696 4095 292
697 1377 376
698 4097 300
699 6216 491
700 839 331
701 4760 335
702 3717 239
703 3019 461
704 4346 156
705 2506 310
706 3201 304
707 2640 316
708 4222 529
709 3106 278
710 724 478
711 4136 319
712 2576 359
713 288 308
714 4581 406
715 149 365
716 5231 369
717 6229 422
718 408 348
719 5269 309
720 0 -1
721 6372 334
722 5455 325
723 959 334
724 361 389
725 302 350
726 5499 304
727 937 210
728 4352 390
729 6016 269
730 2140 267
731 114 325
732 140 405
733 4554 284
734 4235 331
735 5875 288
736 2101 335
737 5657 488
738 5187 365
739 4540 300
740 3487 285
741 1007 368
742 2814 422
743 6232 373
744 6500 367
745 6003 424
746 3690 318
747 2756 310
748 5093 326
749 4892 365
750 4348 338
751 1293 351
752 6559 398
753 1136 505
754 5167 421
755 999 399
756 3532 466
757 5332 346
758 3898 414
759 4204 363
760 704 192
761 1409 282
762 1889 516
763 1385 382
764 1002 453
765 6114 335
766 2236 392
767 1732 314
768 5145 389
769 4853 344
770 3137 381
771 3939 320
772 3650 378
773 2694 406
774 3215 408
775 6464 502
776 2735 263
777 3055 335
778 2035 237
779 1715 423
780 557 263
781 6162 248
782 4094 415
783 2756 310
784 565 307
785 5258 444
786 325 325
787 3498 325
788 6270 242
789 0 -1
790 2747 324
791 1288 327
792 971 410
793 5649 328
794 2642 325
795 2862 220
796 1597 547
797 6365 344
798 1160 375
799 4529 457
800 1999 374
801 3307 451
802 5275 293
803 0 -1
804 4692 349
805 345 243
806 1295 360
807 2578 296
808 217 349
809 3965 441
810 0 -1
811 852 596
812 706 381
813 3649 498
814 3154 456
815 0 -1
816 1584 384
817 6243 502
818 476 477
819 0 -1
820 0 -1
821 2883 338
822 4442 428
823 923 404
824 5502 273
825 4663 410
826 4222 471
827 6123 243
828 5586 378
829 3083 566
830 4928 352
831 1103 470
832 4482 273
833 2173 392
834 5334 296
835 6218 359
836 558 298
837 6314 829
838 4985 334
839 5302 283
840 4254 257
841 5784 371
842 2756 332
843 1235 226
844 2027 262
845 6265 356
846 510 411
847 937 272
848 1404 341
849 1822 289
850 2706 402
851 6548 412
852 2320 496
853 5347 316
854 3459 288
855 5577 275
856 1574 405
857 2364 238
858 999 368
859 5936 366
860 4259 375
861 2668 376
862 0 -1
863 1114 380
864 3556 233
865 3315 289
866 4473 355
867 668 384
868 6482 387
869 5995 341
870 5499 352
871 6113 216
872 0 -1
873 4834 342
874 351 325
875 3208 469
876 4435 453
877 2785 334
878 6311 401
879 4876 422
880 1985 305
881 6296 446
882 3365 425
883 0 -1
884 5400 275
885 1526 311
886 5754 335
887 312 387
888 881 489
889 1757 427
890 1712 355
891 1268 399
892 2859 325
893 1634 312
894 924 326
895 1339 439
896 5738 426
897 423 410
898 5598 357
899 5644 490
900 1383 220
901 4600 271
902 3530 383
903 88 338
904 5950 370
905 5716 311
906 1209 333
907 3747 423
908 3632 492
909 4095 345
910 4670 435
911 4217 397
912 1077 368
913 2316 253
914 6492 378
915 3855 251
916 1368 268
917 3701 310
918 1822 332
919 4963 332
920 4512 315
921 4914 357
922 2466 392
923 406 310
924 378 229
925 5545 216
926 3901 253
927 5321 339
928 352 393
929 4608 727
930 4787 505
931 76 430
932 5556 306
933 2364 253
934 4204 423
935 0 -1
936 6194 471
937 3937 191
938 5173 379
939 968 310
940 4134 363
941 5596 344
942 1343 233
943 247 202
944 4062 324
945 2106 365
946 6480 384
947 5331 185
948 0 -1
949 3508 345
950 2147 345
951 4173 361
952 3592 299
953 3737 339
954 4923 335
955 2947 191
956 3809 353
957 2205 406
958 6072 369
959 4963 315
960 4523 341
961 0 -1
962 5101 366
963 5303 326
964 0 -1
965 1877 463
966 6465 391
967 3901 325
968 6511 310
969 1140 505
970 5029 373
971 4310 345
972 864 258
973 3950 368
974 5097 249
975 5449 319
976 507 342
977 2899 326
978 0 -1
979 2378 315
980 4879 322
981 0 -1
982 114 330
983 746 344
984 2290 312
985 770 449
986 5263 477
987 3394 291
988 3203 264
989 4889 382
990 5069 352
991 1145 323
992 0 -1
993 0 -1
994 968 378
995 5338 344
996 2439 376
997 5373 198
998 2002 302
999 3204 360
1000 2891 293
1001 42 446
1002 4068 386
1003 3244 365
1004 4655 368
1005 2091 392
1006 583 422
1007 132 342
1008 41 330
1009 505 354
1010 0 -1
1011 0 -1
1012 3123 480
1013 677 284
1014 3277 346
1015 2002 350
1016 5268 311
1017 2122 291
1018 1183 393
1019 2353 443
1020 4548 420
1021 1622 324
1022 5151 314
1023 6544 374
1024 4178 395
1025 4383 307
1026 2106 378
1027 3387 341
1028 4827 367
1029 486 325
1030 3969 404
1031 2464 517
1032 2112 415
1033 4821 518
1034 1246 426
1035 1003 388
1036 5011 419
1037 5123 369
1038 44 358
1039 5139 221
1040 3250 320
1041 2081 502
1042 4756 318
1043 5169 284
1044 5531 396
1045 5619 412
1046 230 446
1047 0 -1
1048 489 324
1049 5169 374
1050 509 396
1051 4291 342
1052 5198 388
1053 2250 297
1054 900 240
1055 1974 391
1056 2487 372
1057 1329 315
1058 522 390
1059 561 255
1060 2216 366
1061 2074 242
1062 6569 328
1063 5969 350
1064 2603 432
1065 2950 256
1066 5462 420
1067 0 -1
1068 4920 234
1069 4903 390
1070 5675 345
1071 5163 232
1072 4510 343
1073 3273 281
1074 176 373
1075 2655 306
1076 4690 306
1077 5131 354
1078 5933 292
1079 2002 386
1080 2756 309
1081 101 371
1082 5447 408
1083 1442 416
1084 1101 287
1085 0 -1
1086 5494 386
1087 0 -1
1088 4416 171
1089 0 -1
1090 2221 261
1091 0 -1
1092 2681 357
1093 1474 324
1094 2740 328
1095 4993 344
1096 3180 308
1097 6591 317
1098 4264 409
1099 372 337
1100 3544 436
1101 6199 268
1102 6527 259
1103 709 368
1104 1731 303
1105 273 489
1106 23 399
1107 0 -1
1108 4943 323
1109 4515 397
1110 4361 436
1111 3091 368
1112 4912 359
1113 1289 302
1114 3228 369
1115 3437 341
1116 0 -1
1117 709 398
1118 4942 475
1119 3929 380
1120 1634 375
1121 977 393
1122 3618 346
1123 3154 412
1124 5305 330
1125 3958 230
1126 1896 435
1127 2500 390
1128 4397 362
1129 1709 412
1130 3802 275
1131 4913 320
1132 3096 433
1133 4422 300
1134 5308 489
1135 914 419
1136 4336 408
1137 0 -1
1138 2941 326
1139 5924 335
1140 1583 479
1141 2175 338
1142 3533 284
1143 3608 313
1144 1218 343
1145 3958 222
1146 0 -1
1147 3650 315
1148 3277 296
1149 4422 286
1150 2152 329
1151 5207 589
1152 4899 316
1153 6476 296
1154 2856 293
1155 5716 378
1156 621 450
1157 0 -1
1158 5997 295
1159 1783 366
1160 554 368
1161 3356 314
1162 5736 418
1163 4281 273
1164 2417 385
1165 4516 313
1166 822 451
1167 3871 306
1168 5847 244
1169 2063 296
1170 5342 345
1171 5525 389
1172 4044 325
1173 5210 341
1174 2461 300
1175 6269 251
1176 473 324
1177 2799 359
1178 2063 255
1179 1344 344
1180 4362 270
1181 1144 374
1182 2095 281
1183 236 362
1184 2990 413
1185 4339 250
1186 4753 298
1187 704 166
1188 275 496
1189 6496 398
1190 3158 386
1191 1236 347
1192 5196 369
1193 2202 249
1194 557 279
1195 5475 312
1196 1784 189
1197 4831 399
1198 349 425
1199 3953 364
1200 1045 435
1201 5082 347
1202 1288 266
1203 4667 472
1204 306 369
1205 3508 424
1206 865 356
1207 6225 335
1208 5003 377
1209 5761 289
1210 6461 318
1211 2120 354
1212 1267 272
1213 5214 428
1214 1686 386
1215 19 430
1216 3926 525
1217 3527 523
1218 609 338
1219 6530 321
1220 3213 252
1221 2198 343
1222 107 354
1223 6366 473
1224 3022 353
1225 2833 265
1226 2259 233
1227 2904 313
1228 6076 331
1229 3247 324
1230 6078 331
1231 0 -1
1232 3521 399
1233 0 -1
1234 5934 420
1235 221 215
1236 2791 250
1237 3475 355
1238 5828 381
1239 1856 406
1240 2985 400
1241 780 312
1242 3295 345
1243 3897 363
1244 355 312
1245 0 -1
1246 4316 399
1247 3192 364
1248 5709 471
1249 4057 332
1250 5545 222
1251 83 337
1252 2556 426
1253 6509 319
1254 3003 444
1255 4910 249
1256 6371 642
1257 4791 361
1258 4476 355
1259 4342 331
1260 5169 272
1261 2403 456
1262 6509 327
1263 5053 432
1264 5225 457
1265 2183 350
1266 2580 280
1267 2221 229
1268 519 357
1269 2148 217
1270 3302 340
1271 5959 343
1272 5956 213
1273 1103 434
1274 2880 319
1275 782 482
1276 4175 334
1277 1527 299
1278 4489 250
1279 6121 326
1280 2769 396
1281 1724 266
1282 1655 477
1283 485 340
1284 1447 349
1285 3764 441
1286 1509 403
1287 2731 531
1288 1692 242
1289 1278 261
1290 1174 336
1291 4368 356
1292 4633 316
1293 6231 335
1294 5877 359
1295 6119 280
1296 2688 277
1297 0 -1
1298 6531 396
1299 1897 368
1300 5853 370
1301 4719 351
1302 2193 322
1303 3440 399
1304 6188 315
1305 0 -1
1306 2853 394
1307 3773 353
1308 4762 362
1309 5605 496
1310 4291 291
1311 4723 362
1312 947 201
1313 2297 351
1314 4246 315
1315 581 446
1316 0 -1
1317 3503 362
1318 5632 446
1319 1822 310
1320 1622 345
1321 5884 210
1322 5366 335
1323 186 325
1324 0 -1
1325 1719 452
1326 1405 366
1327 6305 238
1328 5735 332
1329 3651 258
1330 719 422
1331 2312 385
1332 0 -1
1333 6378 414
1334 90 291
1335 1395 267
1336 4554 243
1337 6110 226
1338 3782 432
1339 1228 436
1340 741 409
1341 912 373
1342 2739 282
1343 17 200
1344 2023 281
1345 5627 375
1346 6508 244
1347 6547 365
1348 5681 376
1349 3534 491
1350 3995 292
1351 6006 171
1352 5277 372
1353 1968 293
1354 3092 355
1355 5755 375
1356 2016 367
1357 3119 378
1358 3721 377
1359 0 -1
1360 2238 339
1361 1343 308
1362 3640 478
1363 1131 330
1364 682 429
1365 2981 325
1366 5800 422
1367 3088 225
1368 5484 241
1369 5956 314
1370 871 298
1371 1537 362
1372 2921 358
1373 4911 321
1374 4631 464
1375 3387 416
1376 0 -1
1377 4220 349
1378 0 -1
1379 6402 416
1380 0 -1
1381 416 320
1382 5232 456
1383 1351 207
1384 6021 342
1385 470 282
1386 1731 237
1387 3541 243
1388 886 347
1389 6305 305
1390 4444 421
1391 867 429
1392 2377 261
1393 280 387
1394 3958 254
1395 1817 207
1396 5360 452
1397 6174 371
1398 3637 481
1399 3939 367
1400 1920 403
1401 1293 345
1402 1066 421
1403 6256 298
1404 3862 324
1405 1683 356
1406 4606 511
1407 5716 405
1408 5161 295
1409 2221 164
1410 6297 291
1411 0 -1
1412 1932 320
1413 2172 369
1414 0 -1
1415 3108 229
1416 6361 322
1417 443 310
1418 6185 284
1419 3862 406
1420 3118 303
1421 947 295
1422 0 -1
1423 5352 377
1424 4035 263
1425 5686 312
1426 849 330
1427 1933 319
1428 2645 434
1429 3183 376
1430 4780 220
1431 2152 256
1432 5050 312
1433 2410 377
1434 4363 327
1435 504 440
1436 6508 327
1437 3386 330
1438 0 -1
1439 4760 276
1440 2770 397
1441 884 299
1442 236 407
1443 142 287
1444 2339 356
1445 3647 98
1446 5575 275
1447 3470 303
1448 1625 334
1449 4286 294
1450 1987 329
1451 3169 238
1452 3169 227
1453 4862 352
1454 4778 357
1455 0 -1
1456 5239 349
1457 3115 333
1458 2794 318
1459 4700 288
1460 2005 362
1461 834 331
1462 709 328
1463 2147 348
1464 1739 287
1465 3675 398
1466 5586 329
1467 3027 426
1468 3088 266
1469 4261 331
1470 5106 391
1471 721 350
1472 3044 452
1473 562 260
1474 1850 289
1475 158 340
1476 5531 344
1477 3261 450
1478 6454 384
1479 6470 402
1480 5848 396
1481 187 320
1482 1559 345
1483 5060 360
1484 1937 401
1485 0 -1
1486 1057 347
1487 6537 264
1488 3208 465
1489 4896 418
1490 1877 455
1491 2901 259
1492 0 -1
1493 0 -1
1494 0 -1
1495 3005 358
1496 1369 348
1497 4924 411
1498 280 338
1499 5912 418
1500 1525 384
1501 2159 335
1502 1428 489
1503 3226 279
1504 85 361
1505 5314 174
1506 2170 311
1507 3784 385
1508 6342 356
1509 6512 360
1510 3091 381
1511 6255 404
1512 5494 367
1513 6429 329
1514 480 108
1515 5366 363
1516 3285 320
1517 4852 449
1518 1193 343
1519 2146 319
1520 0 -1
1521 4974 459
1522 5764 384
1523 0 -1
1524 2518 369
1525 3602 282
1526 5445 224
1527 1260 276
1528 4329 509
1529 2372 270
1530 3691 292
1531 5057 263
1532 4088 440
1533 6010 419
1534 1276 374
1535 3432 354
1536 6379 216
1537 335 317
1538 4875 422
1539 5761 240
1540 6393 329
1541 2259 236
1542 524 276
1543 6133 351
1544 5999 412
1545 3950 426
1546 0 -1
1547 1026 396
1548 74 336
1549 4855 460
1550 1822 292
1551 6267 424
1552 2059 305
1553 858 424
1554 4042 65
1555 0 -1
1556 4248 416
1557 3800 412
1558 5570 502
1559 3347 317
1560 2645 388
1561 374 327
1562 5521 285
1563 2406 437
1564 6372 382
1565 0 -1
1566 6492 433
1567 4187 448
1568 0 -1
1569 2677 289
1570 1515 419
1571 4549 387
1572 4737 365
1573 356 474
1574 5338 303
1575 4633 341
1576 4182 397
1577 4412 483
1578 2649 218
1579 0 -1
1580 4152 457
1581 2635 426
1582 5698 366
1583 5615 359
1584 1668 308
1585 1531 322
1586 1860 301
1587 6174 340
1588 26 356
1589 4635 326
1590 6256 329
1591 465 346
1592 1917 394
1593 1056 440
1594 6434 249
1595 4416 220
1596 90 388
1597 1601 447
1598 3927 288
1599 6467 409
1600 1740 303
1601 3315 342
1602 1833 345
1603 2344 386
1604 5880 323
1605 6144 445
1606 2535 418
1607 4980 380
1608 3725 292
1609 4990 301
1610 4331 382
1611 0 -1
1612 77 308
1613 4633 262
1614 3643 370
1615 2793 428
1616 1223 556
1617 130 513
1618 650 375
1619 2480 384
1620 5331 224
1621 980 378
1622 1459 299
1623 3798 479
1624 2425 312
1625 1746 296
1626 2570 432
1627 5238 365
1628 2261 381
1629 3063 447
1630 1516 341
1631 6537 325
1632 1650 463
1633 5870 310
1634 6162 258
1635 3498 361
1636 1446 338
1637 4150 309
1638 2730 427
1639 2115 429
1640 1259 337
1641 1104 318
1642 2518 421
1643 5225 396
1644 5100 345
1645 4994 343
1646 3230 445
1647 6076 353
1648 3802 294
1649 0 -1
1650 458 373
1651 5860 350
1652 5225 390
1653 5526 392
1654 846 482
1655 1059 374
1656 5502 189
1657 784 401
1658 2649 218
1659 4996 388
1660 2784 405
1661 793 335
1662 2090 328
1663 4853 327
1664 449 277
1665 66 349
1666 6561 322
1667 5738 358
1668 1996 240
1669 2774 408
1670 4955 192
1671 0 -1
1672 4826 383
1673 65 323
1674 375 231
1675 1582 408
1676 3772 390
1677 3838 227
1678 2543 339
1679 4624 422
1680 5901 378
1681 4115 318
1682 2374 404
1683 352 311
1684 3038 410
1685 2851 271
1686 5490 373
1687 5885 272
1688 474 436
1689 0 -1
1690 491 369
1691 6598 340
1692 4505 228
1693 1153 329
1694 5116 372
1695 1130 326
1696 1238 475
1697 3815 301
1698 244 440
1699 5933 301
1700 4368 321
1701 5525 395
1702 795 332
1703 1236 344
1704 2291 316
1705 2434 380
1706 857 298
1707 6014 357
1708 3493 364
1709 3511 350
1710 4937 307
1711 6172 330
1712 2644 296
1713 2309 439
1714 2711 318
1715 5783 316
1716 0 -1
1717 0 -1
1718 5777 200
1719 6066 333
1720 6367 257
1721 3475 322
1722 4346 158
1723 2824 259
1724 5163 225
1725 1719 392
1726 3068 388
1727 3596 133
1728 4481 354
1729 1481 432
1730 709 380
1731 5163 191
1732 4955 204
1733 4479 331
1734 1925 481
1735 0 -1
1736 66 351
1737 6110 226
1738 4172 283
1739 1860 283
1740 3405 212
1741 3799 376
1742 4687 466
1743 5001 453
1744 2562 253
1745 2924 384
1746 4263 238
1747 0 -1
1748 3598 350
1749 5301 408
1750 2812 405
1751 175 474
1752 3918 363
1753 0 -1
1754 482 246
1755 6133 313
1756 6236 315
1757 5430 317
1758 2056 519
1759 228 338
1760 3838 212
1761 2082 342
1762 470 282
1763 4224 304
1764 246 360
1765 0 -1
1766 1272 328
1767 4254 239
1768 4996 302
1769 4450 383
1770 6063 380
1771 0 -1
1772 0 -1
1773 6176 337
1774 2921 380
1775 137 549
1776 1408 323
1777 6495 403
1778 6165 221
1779 3794 355
1780 3731 392
1781 2142 477
1782 1724 318
1783 4128 318
1784 4873 139
1785 1068 292
1786 1405 422
1787 3459 284
1788 1518 346
1789 4754 330
1790 2316 319
1791 1662 361
1792 1097 323
1793 1350 372
1794 5823 365
1795 2640 354
1796 4739 373
1797 4036 516
1798 0 -1
1799 0 -1
1800 0 -1
1801 0 -1
1802 2615 378
1803 3880 327
1804 3528 308
1805 563 324
1806 1431 274
1807 4746 369
1808 698 365
1809 4790 333
1810 5223 388
1811 108 369
1812 5494 363
1813 4394 356
1814 4150 247
1815 3363 374
1816 3049 295
1817 3958 161
1818 2063 294
1819 1908 315
1820 0 -1
1821 5695 415
1822 5065 273
1823 628 349
1824 4098 355
1825 24 348
1826 1043 394
1827 685 279
1828 713 362
1829 4760 239
1830 3325 214
1831 1699 360
1832 0 -1
1833 4633 259
1834 3265 338
1835 4966 530
1836 5544 377
1837 136 178
1838 2483 372
1839 3293 450
1840 5166 241
1841 5367 503
1842 5208 393
1843 6232 346
1844 0 -1
1845 6268 338
1846 3419 317
1847 2412 255
1848 5934 396
1849 2608 170
1850 5324 253
1851 3600 460
1852 1715 379
1853 614 334
1854 3764 350
1855 593 369
1856 2565 394
1857 1333 477
1858 4080 349
1859 5209 307
1860 1337 275
1861 2000 263
1862 2918 398
1863 828 430
1864 5159 392
1865 2889 388
1866 11 401
1867 2259 139
1868 4857 316
1869 5404 415
1870 5397 411
1871 1715 326
1872 5109 378
1873 3701 262
1874 3064 389
1875 3232 357
1876 0 -1
1877 2845 364
1878 3078 340
1879 4386 236
1880 6080 259
1881 0 -1
1882 6427 330
1883 2752 266
1884 6329 347
1885 4315 416
1886 0 -1
1887 5095 264
1888 102 277
1889 3343 425
1890 3594 418
1891 2045 422
1892 4254 346
1893 125 369
1894 4499 552
1895 2753 402
1896 5493 394
1897 6531 333
1898 2820 336
1899 0 -1
1900 1847 266
1901 29 373
1902 1153 335
1903 3659 371
1904 3969 388
1905 3699 191
1906 0 -1
1907 4780 206
1908 2328 231
1909 2426 290
1910 1035 450
1911 2943 456
1912 4837 277
1913 0 -1
1914 3007 384
1915 2004 363
1916 5905 310
1917 6511 322
1918 3473 371
1919 2631 349
1920 5333 293
1921 2893 564
1922 1708 387
1923 5156 389
1924 2255 270
1925 3755 378
1926 359 374
1927 2111 265
1928 678 286
1929 1845 340
1930 5897 304
1931 211 455
1932 4715 298
1933 834 298
1934 3432 338
1935 3369 270
1936 6492 342
1937 4857 396
1938 3414 335
1939 1016 349
1940 4173 272
1941 2236 350
1942 323 389
1943 2436 243
1944 2783 337
1945 3356 315
1946 5385 548
1947 2568 460
1948 2194 485
1949 6467 425
1950 2746 475
1951 2759 387
1952 4910 208
1953 2295 377
1954 4782 312
1955 5542 544
1956 603 406
1957 6136 240
1958 0 -1
1959 3762 349
1960 3378 304
1961 3384 310
1962 5289 399
1963 4970 406
1964 6399 396
1965 0 -1
1966 5261 353
1967 0 -1
1968 281 264
1969 2943 386
1970 4140 382
1971 5793 625
1972 5639 373
1973 0 -1
1974 460 321
1975 3214 356
1976 1468 328
1977 6103 418
1978 6110 317
1979 6043 351
1980 415 332
1981 3545 419
1982 0 -1
1983 1372 411
1984 0 -1
1985 2240 201
1986 5596 339
1987 1368 260
1988 3188 431
1989 4050 331
1990 495 413
1991 4150 298
1992 2267 356
1993 0 -1
1994 5960 249
1995 315 375
1996 3596 120
1997 4208 380
1998 4441 420
1999 1000 298
2000 3647 175
2001 0 -1
2002 4727 275
2003 485 361
2004 465 327
2005 3708 299
2006 0 -1
2007 5606 440
2008 1732 209
2009 5611 429
2010 1253 369
2011 0 -1
2012 5890 356
2013 3250 337
2014 5651 330
2015 5528 391
2016 4859 309
2017 1111 391
2018 1288 312
2019 5383 357
2020 5541 525
2021 5417 342
2022 5965 438
2023 871 269
2024 332 338
2025 3075 364
2026 5133 290
2027 6466 253
2028 0 -1
2029 1293 354
2030 0 -1
2031 4004 234
2032 2673 380
2033 5377 306
2034 4471 366
2035 2993 143
2036 0 -1
2037 1304 402
2038 0 -1
2039 5649 322
2040 5530 402
2041 5911 405
2042 1898 350
2043 456 229
2044 2453 407
2045 864 349
2046 4796 366
2047 2838 200
2048 3697 360
2049 0 -1
2050 1193 354
2051 3797 463
2052 2787 301
2053 686 444
2054 1436 389
2055 6129 291
2056 4874 424
2057 2667 71
2058 4416 165
2059 3974 284
2060 4798 332
2061 2099 140
2062 1178 268
2063 3589 242
2064 1255 283
2065 647 390
2066 5734 238
2067 4885 350
2068 884 282
2069 3535 305
2070 3628 393
2071 2745 452
2072 3413 380
2073 6031 365
2074 4464 219
2075 5126 535
2076 0 -1
2077 4080 334
2078 3400 318
2079 3179 291
2080 5410 426
2081 5760 420
2082 6474 310
2083 6403 326
2084 3372 358
2085 4191 304
2086 3578 375
2087 634 427
2088 6066 347
2089 1323 397
2090 80 327
2091 4193 372
2092 3513 537
2093 3814 330
2094 523 364
2095 5470 266
2096 0 -1
2097 421 381
2098 1194 324
2099 3958 139
2100 6247 466
2101 1337 270
2102 5731 368
2103 5665 320
2104 396 348
2105 1075 397
2106 1473 274
2107 547 315
2108 3994 478
2109 4812 419
2110 2027 301
2111 4793 255
2112 1651 358
2113 3132 432
2114 1552 314
2115 1294 401
2116 3155 373
2117 4738 390
2118 2070 399
2119 5140 385
2120 2382 310
2121 5401 516
2122 4697 238
2123 6239 359
2124 2685 529
2125 1452 264
2126 5828 348
2127 5516 421
2128 0 -1
2129 5393 341
2130 1059 320
2131 5597 346
2132 6013 462
2133 5532 353
2134 6315 307
2135 2940 419
2136 4987 392
2137 5236 333
2138 4273 302
2139 3325 304
2140 4899 258
2141 821 357
2142 764 459
2143 714 435
2144 1912 286
2145 6250 405
2146 5785 298
2147 4256 309
2148 3647 169
2149 4093 429
2150 5729 367
2151 348 317
2152 1088 223
2153 2688 239
2154 2274 297
2155 4878 333
2156 1145 243
2157 6382 293
2158 430 413
2159 6028 270
2160 3927 232
2161 4166 388
2162 6345 286
2163 1135 457
2164 2784 322
2165 4302 473
2166 2440 308
2167 5065 208
2168 1209 293
2169 0 -1
2170 186 301
2171 5871 381
2172 4226 363
2173 4516 343
2174 3436 315
2175 3713 254
2176 4525 299
2177 22 295
2178 4402 379
2179 4138 366
2180 3258 493
2181 6244 276
2182 6588 361
2183 316 310
2184 4994 338
2185 2593 181
2186 355 335
2187 3098 443
2188 3263 371
2189 4428 354
2190 6297 338
2191 5199 408
2192 602 373
2193 3838 295
2194 1959 457
2195 3280 384
2196 6091 275
2197 0 -1
2198 6100 326
2199 6561 426
2200 170 361
2201 4793 323
2202 3088 185
2203 3049 322
2204 4048 423
2205 3311 372
2206 2024 380
2207 1105 494
2208 1278 359
2209 0 -1
2210 2887 298
2211 1867 200
2212 5650 289
2213 3336 424
2214 3836 428
2215 587 332
2216 2290 345
2217 2748 264
2218 0 -1
2219 2863 370
2220 5329 484
2221 3933 160
2222 3179 307
2223 4770 367
2224 1162 473
2225 108 338
2226 5687 354
2227 1141 345
2228 5104 424
2229 5520 444
2230 0 -1
2231 5705 363
2232 0 -1
2233 848 365
2234 3037 361
2235 5861 457
2236 2906 331
2237 3032 257
2238 4163 303
2239 2806 392
2240 3717 158
2241 2176 412
2242 4085 489
2243 1996 158
2244 2838 126
2245 2157 333
2246 2314 423
2247 6110 277
2248 913 346
2249 6214 353
2250 4291 270
2251 0 -1
2252 3502 325
2253 2918 454
2254 1968 378
2255 2580 200
2256 0 -1
2257 3186 493
2258 3794 284
2259 2838 137
2260 6201 433
2261 5755 347
2262 3603 292
2263 0 -1
2264 5358 354
2265 0 -1
2266 4122 414
2267 1595 283
2268 5288 348
2269 5946 411
2270 2465 346
2271 1976 415
2272 3157 208
2273 900 293
2274 6001 288
2275 864 325
2276 2778 346
2277 933 350
2278 0 -1
2279 3188 408
2280 4911 397
2281 1544 506
2282 5745 290
2283 0 -1
2284 0 -1
2285 1421 324
2286 1289 276
2287 5465 450
2288 5962 268
2289 0 -1
2290 3450 266
2291 2792 215
2292 0 -1
2293 938 427
2294 2400 256
2295 2822 370
2296 5105 362
2297 5516 341
2298 2631 343
2299 9 338
2300 1999 305
2301 3862 328
2302 4914 301
2303 0 -1
2304 3629 391
2305 5358 346
2306 605 397
2307 5706 339
2308 5311 381
2309 3141 403
2310 6345 312
2311 1831 361
2312 3756 336
2313 5830 398
2314 4031 414
2315 550 384
2316 6165 245
2317 2500 273
2318 372 316
2319 1939 389
2320 2760 451
2321 446 418
2322 425 403
2323 2417 341
2324 561 264
2325 3224 361
2326 3256 437
2327 6371 584
2328 6584 187
2329 566 452
2330 4004 254
2331 4651 421
2332 4281 254
2333 4028 367
2334 3918 303
2335 1040 347
2336 169 398
2337 983 349
2338 20 390
2339 2458 299
2340 3282 364
2341 38 278
2342 2345 359
2343 1144 346
2344 421 386
2345 2528 265
2346 5339 464
2347 3386 312
2348 3448 467
2349 4131 423
2350 2435 292
2351 1418 301
2352 1536 314
2353 5182 363
2354 1271 370
2355 1145 270
2356 6051 335
2357 4420 392
2358 942 248
2359 3603 304
2360 5005 401
2361 4485 251
2362 5982 299
2363 4282 488
2364 6113 153
2365 3956 292
2366 2140 292
2367 254 391
2368 6536 438
2369 6534 331
2370 1382 490
2371 4196 337
2372 5186 228
2373 5069 336
2374 3557 399
2375 3194 391
2376 5886 363
2377 2724 230
2378 6219 298
2379 580 316
2380 601 396
2381 0 -1
2382 2202 302
2383 6595 403
2384 0 -1
2385 4304 412
2386 3005 330
2387 5482 454
2388 6150 372
2389 5074 354
2390 1484 408
2391 5910 370
2392 3406 328
2393 0 -1
2394 2752 209
2395 163 415
2396 1731 221
2397 1960 397
2398 0 -1
2399 2936 398
2400 1541 241
2401 5700 431
2402 0 -1
2403 6196 365
2404 0 -1
2405 376 227
2406 5162 416
2407 5375 420
2408 2940 364
2409 4700 385
2410 5082 267
2411 0 -1
2412 1395 211
2413 2819 437
2414 2564 349
2415 0 -1
2416 0 -1
2417 3581 324
2418 805 297
2419 1094 351
2420 6054 397
2421 2337 387
2422 4806 427
2423 1183 386
2424 1036 483
2425 512 273
2426 4600 257
2427 6034 338
2428 3864 310
2429 1707 400
2430 845 414
2431 189 304
2432 2341 371
2433 6570 399
2434 5138 371
2435 1125 240
2436 1692 243
2437 1557 507
2438 135 328
2439 3951 315
2440 308 296
2441 2652 268
2442 5908 297
2443 3985 401
2444 4886 377
2445 3925 415
2446 1266 303
2447 517 394
2448 470 274
2449 1985 231
2450 6285 392
2451 3515 370
2452 0 -1
2453 2174 324
2454 1859 388
2455 2211 295
2456 3108 287
2457 385 405
2458 3395 295
2459 1150 380
2460 4589 339
2461 2578 252
2462 979 393
2463 0 -1
2464 6279 449
2465 1186 346
2466 6315 296
2467 3855 248
2468 3195 634
2469 6523 342
2470 2701 423
2471 0 -1
2472 6318 321
2473 1501 348
2474 2508 356
2475 2844 458
2476 6285 417
2477 2656 338
2478 2688 246
2479 5421 412
2480 3087 356
2481 2706 367
2482 4317 472
2483 5340 320
2484 780 263
2485 3233 386
2486 1028 455
2487 1250 322
2488 2497 385
2489 2985 325
2490 4663 362
2491 5178 488
2492 5141 416
2493 0 -1
2494 2465 466
2495 4295 324
2496 2386 375
2497 2352 373
2498 4038 304
2499 0 -1
2500 5984 273
2501 1412 353
2502 383 442
2503 10 371
2504 4939 434
2505 4916 369
2506 6133 298
2507 3099 409
2508 3713 295
2509 1210 420
2510 0 -1
2511 3022 369
2512 98 565
2513 1780 459
2514 34 372
2515 971 407
2516 2915 258
2517 5778 464
2518 2362 323
2519 0 -1
2520 2914 503
2521 5968 452
2522 2259 202
2523 5933 319
2524 465 382
2525 2900 428
2526 3731 355
2527 0 -1
2528 4449 251
2529 2286 357
2530 3600 390
2531 3040 340
2532 1395 273
2533 679 497
2534 983 349
2535 5168 307
2536 5310 414
2537 5459 419
2538 3085 349
2539 5806 203
2540 4335 364
2541 3288 468
2542 3032 271
2543 108 338
2544 0 -1
2545 5303 368
2546 539 395
2547 705 362
2548 6330 347
2549 5531 352
2550 5932 236
2551 0 -1
2552 3977 381
2553 5300 280
2554 3520 338
2555 3032 243
2556 1226 337
2557 1445 183
2558 6360 293
2559 1312 270
2560 5123 421
2561 4663 372
2562 3837 253
2563 2457 425
2564 2951 323
2565 2151 318
2566 5312 378
2567 110 348
2568 4763 357
2569 628 360
2570 6344 378
2571 754 448
2572 9 292
2573 4390 514
2574 2860 642
2575 3072 439
2576 3179 249
2577 5143 260
2578 433 219
2579 3151 479
2580 4909 193
2581 1893 390
2582 3708 276
2583 6412 425
2584 4498 318
2585 2187 529
2586 1813 392
2587 2921 395
2588 2477 398
2589 1594 298
2590 105 350
2591 5292 447
2592 3604 496
2593 4346 161
2594 3360 375
2595 1902 378
2596 5002 540
2597 440 205
2598 0 -1
2599 0 -1
2600 6227 419
2601 3247 292
2602 3019 397
2603 2871 350
2604 0 -1
2605 3116 326
2606 3583 353
2607 6551 251
2608 5163 163
2609 44 334
2610 6576 233
2611 507 350
2612 4803 379
2613 2880 319
2614 4925 297
2615 6579 314
2616 4664 351
2617 2088 387
2618 5163 210
2619 0 -1
2620 3528 228
2621 6070 303
2622 2539 251
2623 0 -1
2624 0 -1
2625 4924 341
2626 483 391
2627 480 139
2628 4014 408
2629 3951 369
2630 3247 342
2631 6116 333
2632 1740 286
2633 1253 364
2634 1039 336
2635 6511 310
2636 902 400
2637 5410 370
2638 999 421
2639 2583 431
2640 306 308
2641 901 374
2642 2744 323
2643 2353 429
2644 1327 274
2645 4252 319
2646 5348 449
2647 1635 448
2648 2081 531
2649 6600 158
2650 6579 305
2651 0 -1
2652 2989 203
2653 5131 391
2654 2150 411
2655 102 236
2656 3762 330
2657 4261 338
2658 0 -1
2659 4484 400
2660 0 -1
2661 611 239
2662 933 302
2663 1875 418
2664 2130 323
2665 2621 393
2666 2097 424
2667 5256 63
2668 3777 323
2669 2400 271
2670 5310 363
2671 2483 327
2672 2894 449
2673 5840 369
2674 1595 328
2675 2795 398
2676 3489 372
2677 2553 287
2678 5763 334
2679 3535 350
2680 140 506
2681 4523 316
2682 3417 524
2683 346 378
2684 1212 339
2685 2325 440
2686 3839 419
2687 1022 399
2688 2255 204
2689 5947 362
2690 3022 384
2691 2797 420
2692 836 368
2693 2711 251
2694 6130 392
2695 216 435
2696 1102 373
2697 6188 312
2698 5604 351
2699 281 272
2700 4726 301
2701 379 339
2702 3800 328
2703 0 -1
2704 5829 341
2705 5460 361
2706 5168 347
2707 0 -1
2708 1970 412
2709 5552 343
2710 0 -1
2711 3450 229
2712 1476 370
2713 2962 256
2714 4533 324
2715 4804 272
2716 5639 299
2717 2193 335
2718 4359 367
2719 3114 371
2720 5859 364
2721 0 -1
2722 5142 347
2723 1849 257
2724 153 211
2725 4138 330
2726 5221 396
2727 4820 389
2728 2173 343
2729 2414 402
2730 2174 402
2731 246 452
2732 4458 426
2733 5631 315
2734 1499 472
2735 4629 192
2736 5716 370
2737 4874 412
2738 3537 342
2739 5333 213
2740 3499 276
2741 3497 268
2742 3361 603
2743 2534 372
2744 5960 253
2745 5628 378
2746 4486 363
2747 248 305
2748 5418 207
2749 4543 428
2750 152 523
2751 4303 428
2752 3707 198
2753 489 402
2754 6332 431
2755 5402 332
2756 6026 229
2757 5771 382
2758 2181 276
2759 5696 316
2760 5127 399
2761 563 343
2762 3510 409
2763 1668 289
2764 3603 304
2765 2967 511
2766 243 119
2767 3600 445
2768 3272 385
2769 1706 382
2770 5408 358
2771 6086 381
2772 2085 350
2773 6540 541
2774 1720 326
2775 6235 368
2776 172 295
2777 3837 285
2778 733 287
2779 887 416
2780 406 287
2781 1395 324
2782 47 733
2783 3078 266
2784 4495 307
2785 3232 305
2786 3027 335
2787 6480 300
2788 4014 352
2789 1804 364
2790 3811 317
2791 827 244
2792 5256 134
2793 4350 367
2794 3818 284
2795 3558 335
2796 163 332
2797 5251 309
2798 2565 384
2799 2605 349
2800 4794 271
2801 845 432
2802 2449 305
2803 695 411
2804 5939 245
2805 2741 342
2806 1960 374
2807 0 -1
2808 5708 373
2809 1739 303
2810 5491 303
2811 381 318
2812 4943 329
2813 4289 283
2814 5757 364
2815 348 237
2816 2473 390
2817 8 229
2818 5423 431
2819 2905 326
2820 1446 310
2821 0 -1
2822 4628 325
2823 2614 301
2824 3556 198
2825 0 -1
2826 314 160
2827 2318 329
2828 3440 338
2829 4755 372
2830 4650 382
2831 2513 478
2832 3352 455
2833 5445 236
2834 2562 261
2835 3976 399
2836 2156 257
2837 665 307
2838 5418 124
2839 3497 321
2840 6407 436
2841 959 368
2842 4389 364
2843 5998 335
2844 2796 351
2845 997 274
2846 4344 387
2847 1612 328
2848 213 439
2849 0 -1
2850 0 -1
2851 1656 236
2852 1226 254
2853 3867 299
2854 5903 525
2855 5533 371
2856 670 282
2857 6110 278
2858 4554 297
2859 1767 239
2860 198 563
2861 5135 335
2862 2057 145
2863 3756 367
2864 6379 196
2865 2741 346
2866 3783 409
2867 4403 405
2868 1553 513
2869 5090 672
2870 781 306
2871 6219 341
2872 1108 405
2873 750 400
2874 4914 358
2875 0 -1
2876 4288 450
2877 5054 407
2878 4753 352
2879 2988 275
2880 3698 253
2881 5303 327
2882 6044 348
2883 5481 297
2884 630 395
2885 6008 326
2886 4090 351
2887 6365 297
2888 208 395
2889 3609 285
2890 240 373
2891 6024 285
2892 3995 372
2893 462 541
2894 2768 408
2895 1096 338
2896 5981 369
2897 2426 317
2898 4051 411
2899 832 287
2900 3322 408
2901 3589 197
2902 1251 340
2903 3756 395
2904 5908 229
2905 3188 326
2906 4901 299
2907 3990 333
2908 1092 416
2909 2649 208
2910 4878 327
2911 4205 310
2912 468 391
2913 0 -1
2914 2633 435
2915 469 218
2916 755 404
2917 321 256
2918 2483 348
2919 3812 449
2920 6078 300
2921 373 338
2922 0 -1
2923 5509 351
2924 880 321
2925 5913 365
2926 1311 373
2927 0 -1
2928 671 499
2929 4588 292
2930 5314 273
2931 1608 327
2932 5484 306
2933 2815 314
2934 353 496
2935 4955 159
2936 6497 345
2937 2836 318
2938 4758 480
2939 854 346
2940 15 359
2941 6164 236
2942 6264 339
2943 3913 340
2944 5045 351
2945 4269 494
2946 4406 371
2947 6113 159
2948 3560 470
2949 2915 260
2950 760 208
2951 4011 300
2952 2514 433
2953 5871 345
2954 116 357
2955 4980 313
2956 6328 370
2957 5451 404
2958 3022 339
2959 3277 358
2960 4804 291
2961 5233 369
2962 5406 252
2963 4605 433
2964 5675 337
2965 2959 385
2966 647 373
2967 3491 391
2968 6416 379
2969 1069 429
2970 0 -1
2971 2171 467
2972 6485 392
2973 4802 347
2974 5545 186
2975 8 273
2976 4698 340
2977 3244 308
2978 108 350
2979 4406 458
2980 1447 325
2981 6497 298
2982 2464 460
2983 5694 392
2984 0 -1
2985 3850 305
2986 4869 363
2987 3033 527
2988 4042 166
2989 3661 115
2990 3492 305
2991 5680 340
2992 3473 346
2993 5418 129
2994 5691 424
2995 3074 438
2996 2870 344
2997 2092 564
2998 2829 450
2999 0 -1
3000 374 322
3001 3760 397
3002 1573 579
3003 751 429
3004 435 318
3005 5189 316
3006 4356 395
3007 96 341
3008 5563 354
3009 3876 391
3010 3457 251
3011 0 -1
3012 350 359
3013 2652 315
3014 1335 372
3015 1624 379
3016 3287 289
3017 4232 205
3018 601 398
3019 1320 351
3020 4227 287
3021 4862 370
3022 3939 299
3023 1433 467
3024 3778 365
3025 705 347
3026 0 -1
3027 5260 314
3028 0 -1
3029 3774 318
3030 3869 441
3031 5481 319
3032 2099 185
3033 5127 446
3034 4247 343
3035 0 -1
3036 4941 536
3037 6466 293
3038 155 354
3039 5453 429
3040 2906 299
3041 2652 234
3042 4377 361
3043 4561 360
3044 346 404
3045 1226 242
3046 6024 322
3047 365 310
3048 2245 418
3049 4155 266
3050 5120 340
3051 3778 378
3052 0 -1
3053 5636 358
3054 0 -1
3055 2267 313
3056 4633 268
3057 4626 367
3058 1616 628
3059 112 470
3060 3527 450
3061 2003 406
3062 143 355
3063 808 414
3064 4510 351
3065 0 -1
3066 6240 428
3067 3170 464
3068 905 320
3069 721 391
3070 4326 430
3071 5400 320
3072 2924 322
3073 2817 340
3074 2277 435
3075 3493 306
3076 2744 259
3077 3818 300
3078 2467 250
3079 572 308
3080 2559 351
3081 3480 444
3082 0 -1
3083 672 524
3084 602 369
3085 6121 333
3086 6551 337
3087 3795 319
3088 2364 162
3089 0 -1
3090 6455 362
3091 4727 353
3092 4525 327
3093 647 332
3094 17 185
3095 5869 331
3096 5034 328
3097 1699 337
3098 3756 341
3099 2756 332
3100 3250 345
3101 647 404
3102 1186 354
3103 480 45
3104 0 -1
3105 1833 325
3106 637 268
3107 4723 450
3108 2862 171
3109 998 311
3110 0 -1
3111 0 -1
3112 6336 355
3113 6380 233
3114 784 343
3115 2210 310
3116 3573 323
3117 5373 305
3118 5629 293
3119 5399 357
3120 5245 352
3121 3255 372
3122 4943 255
3123 3439 450
3124 0 -1
3125 3907 379
3126 445 466
3127 0 -1
3128 1743 453
3129 2988 261
3130 0 -1
3131 3142 290
3132 1723 320
3133 3586 373
3134 6205 235
3135 1732 216
3136 4083 411
3137 1711 338
3138 5678 85
3139 443 298
3140 4875 441
3141 6222 335
3142 263 264
3143 0 -1
3144 1464 341
3145 2855 393
3146 2133 391
3147 0 -1
3148 3768 361
3149 5348 350
3150 3686 380
3151 5519 404
3152 3551 407
3153 2889 357
3154 3922 389
3155 3118 332
3156 6404 326
3157 3094 201
3158 84 316
3159 690 457
3160 3347 389
3161 543 452
3162 0 -1
3163 5944 399
3164 5691 481
3165 1161 430
3166 2897 356
3167 5726 390
3168 0 -1
3169 1727 199
3170 1360 399
3171 1196 206
3172 1104 303
3173 54 388
3174 4897 412
3175 5121 338
3176 6150 381
3177 3561 509
3178 1229 377
3179 5470 215
3180 5788 305
3181 951 379
3182 5952 336
3183 4179 288
3184 5561 371
3185 530 380
3186 2354 383
3187 6451 408
3188 2055 314
3189 805 311
3190 5059 401
3191 0 -1
3192 3593 339
3193 4802 350
3194 2055 312
3195 1188 590
3196 3593 364
3197 1687 328
3198 5421 466
3199 0 -1
3200 3329 287
3201 2688 255
3202 4829 392
3203 3647 171
3204 5350 352
3205 3877 476
3206 0 -1
3207 174 473
3208 4214 396
3209 3135 217
3210 598 378
3211 4080 276
3212 6538 581
3213 4955 181
3214 3323 326
3215 6161 350
3216 5013 337
3217 0 -1
3218 6134 432
3219 6225 313
3220 440 205
3221 96 364
3222 4948 470
3223 4670 466
3224 3334 344
3225 4450 346
3226 3106 269
3227 3362 322
3228 6172 307
3229 2644 368
3230 5554 440
3231 388 434
3232 1212 294
3233 3175 365
3234 1212 308
3235 4796 348
3236 60 340
3237 1752 475
3238 144 274
3239 5932 290
3240 3273 346
3241 0 -1
3242 1165 379
3243 1122 388
3244 1446 276
3245 3677 432
3246 0 -1
3247 5933 283
3248 2159 341
3249 39 373
3250 180 280
3251 1093 325
3252 1415 236
3253 1862 475
3254 5304 161
3255 75 285
3256 5809 401
3257 5122 355
3258 5818 431
3259 2873 409
3260 342 370
3261 3115 361
3262 24 298
3263 408 338
3264 4238 451
3265 4179 270
3266 3395 354
3267 6114 343
3268 37 337
3269 6563 437
3270 2065 509
3271 0 -1
3272 3875 330
3273 1620 244
3274 413 347
3275 5321 278
3276 1017 338
3277 239 279
3278 4271 412
3279 4718 308
3280 4113 286
3281 2386 350
3282 4588 262
3283 870 419
3284 0 -1
3285 2167 217
3286 3055 358
3287 5686 277
3288 1283 369
3289 3545 482
3290 1416 345
3291 3617 288
3292 1917 382
3293 5093 350
3294 1826 398
3295 3017 276
3296 5811 814
3297 4760 277
3298 4652 372
3299 4004 262
3300 6301 400
3301 1104 327
3302 3437 310
3303 3982 478
3304 0 -1
3305 6324 381
3306 5399 365
3307 1167 337
3308 5935 438
3309 5512 368
3310 900 251
3311 1133 345
3312 4629 161
3313 1204 410
3314 910 486
3315 3617 259
3316 839 292
3317 3412 289
3318 391 449
3319 1746 303
3320 2317 385
3321 5330 388
3322 4189 371
3323 6244 322
3324 4800 414
3325 2748 210
3326 3601 484
3327 1150 380
3328 3186 386
3329 5314 287
3330 5222 421
3331 1908 271
3332 3694 410
3333 873 380
3334 2058 246
3335 3463 415
3336 4179 323
3337 1613 277
3338 4920 287
3339 314 238
3340 2655 300
3341 672 495
3342 2864 300
3343 3811 311
3344 5566 330
3345 83 373
3346 1816 357
3347 4125 313
3348 4126 351
3349 2041 411
3350 4493 354
3351 6531 352
3352 2153 335
3353 0 -1
3354 1312 229
3355 719 390
3356 6576 294
3357 6441 330
3358 5114 314
3359 0 -1
3360 4767 294
3361 5968 490
3362 2063 270
3363 952 329
3364 4450 316
3365 94 391
3366 6043 357
3367 6227 480
3368 1690 429
3369 2061 238
3370 6139 443
3371 5679 256
3372 4116 320
3373 0 -1
3374 962 373
3375 3117 340
3376 1819 326
3377 5558 442
3378 5149 219
3379 4728 364
3380 5571 322
3381 2290 309
3382 6402 344
3383 609 381
3384 4979 294
3385 4019 310
3386 2185 252
3387 4293 335
3388 507 347
3389 1355 392
3390 2700 352
3391 6534 338
3392 0 -1
3393 1278 303
3394 5777 203
3395 2148 276
3396 5094 384
3397 576 346
3398 1837 248
3399 4428 348
3400 5883 289
3401 4154 345
3402 4027 414
3403 6342 387
3404 5100 359
3405 4346 177
3406 6110 284
3407 2365 367
3408 0 -1
3409 2769 416
3410 1022 411
3411 4785 361
3412 3134 289
3413 429 271
3414 3684 272
3415 3922 412
3416 6271 345
3417 116 413
3418 4645 282
3419 1873 294
3420 6206 394
3421 0 -1
3422 2288 362
3423 5098 368
3424 317 349
3425 3598 366
3426 2074 310
3427 2640 388
3428 0 -1
3429 619 402
3430 395 388
3431 4827 277
3432 2140 294
3433 179 392
3434 4651 343
3435 3989 411
3436 2146 304
3437 5732 290
3438 4417 307
3439 4980 372
3440 5745 283
3441 5799 293
3442 3573 337
3443 3197 350
3444 5371 604
3445 1313 359
3446 2901 297
3447 5923 375
3448 5683 382
3449 4044 352
3450 557 214
3451 176 402
3452 5070 405
3453 6015 297
3454 3426 361
3455 4776 272
3456 3565 471
3457 5692 239
3458 4475 409
3459 4798 262
3460 5201 434
3461 2802 309
3462 5840 422
3463 3550 400
3464 6594 287
3465 0 -1
3466 2266 439
3467 5868 381
3468 707 336
3469 2236 390
3470 3631 233
3471 3454 366
3472 2516 284
3473 4256 305
3474 4727 269
3475 4173 283
3476 2788 462
3477 1631 343
3478 1912 316
3479 2643 473
3480 821 375
3481 3928 375
3482 1238 411
3483 4256 297
3484 1531 348
3485 0 -1
3486 2951 364
3487 2328 267
3488 1791 425
3489 2435 316
3490 5577 235
3491 870 368
3492 3750 247
3493 1168 305
3494 1226 341
3495 2914 518
3496 4418 291
3497 4629 229
3498 5142 318
3499 2627 208
3500 6099 493
3501 3096 378
3502 4540 292
3503 4704 333
3504 5071 349
3505 1196 190
3506 83 353
3507 4335 408
3508 2122 331
3509 1888 340
3510 587 322
3511 619 317
3512 2376 392
3513 4384 537
3514 1605 450
3515 2827 348
3516 3550 353
3517 1744 299
3518 3464 338
3519 4076 361
3520 2332 255
3521 3771 354
3522 1972 378
3523 0 -1
3524 3236 358
3525 1445 160
3526 4104 253
3527 5055 418
3528 5545 222
3529 221 287
3530 2795 360
3531 6131 504
3532 4264 453
3533 702 253
3534 5871 384
3535 5095 286
3536 1072 416
3537 1076 321
3538 0 -1
3539 6345 277
3540 2856 303
3541 1526 240
3542 4747 370
3543 3209 284
3544 1267 316
3545 2634 417
3546 4478 310
3547 2481 455
3548 4101 386
3549 3291 323
3550 2247 308
3551 2039 333
3552 1557 428
3553 5906 393
3554 615 384
3555 0 -1
3556 4042 151
3557 4025 303
3558 3450 327
3559 0 -1
3560 2632 353
3561 5248 394
3562 1887 287
3563 5671 342
3564 365 289
3565 4747 433
3566 4622 442
3567 2062 342
3568 6435 354
3569 3419 328
3570 3251 435
3571 2170 315
3572 2934 542
3573 2577 287
3574 2305 431
3575 1968 335
3576 6298 265
3577 4220 302
3578 2177 324
3579 2739 245
3580 1825 353
3581 5347 324
3582 857 268
3583 432 346
3584 4488 389
3585 3486 442
3586 4509 316
3587 2436 339
3588 6018 386
3589 2099 147
3590 5337 459
3591 3676 449
3592 375 194
3593 1278 327
3594 5267 411
3595 4071 408
3596 3138 102
3597 4478 316
3598 5054 350
3599 0 -1
3600 2958 343
3601 1237 430
3602 5932 248
3603 3418 284
3604 4492 387
3605 5433 442
3606 1857 486
3607 5424 354
3608 1102 302
3609 913 279
3610 1473 334
3611 4011 292
3612 3486 466
3613 1837 297
3614 937 307
3615 5665 326
3616 6594 248
3617 4839 251
3618 5701 327
3619 5413 385
3620 3786 432
3621 2485 405
3622 0 -1
3623 3956 247
3624 5013 369
3625 470 384
3626 5908 307
3627 3759 506
3628 2722 376
3629 5347 350
3630 3135 281
3631 2240 183
3632 3005 382
3633 2104 362
3634 3324 502
3635 3075 358
3636 6151 387
3637 856 475
3638 4304 378
3639 5935 411
3640 2462 440
3641 1598 384
3642 0 -1
3643 4489 265
3644 5645 716
3645 0 -1
3646 4243 371
3647 3103 55
3648 0 -1
3649 5504 450
3650 1281 298
3651 5400 254
3652 1926 451
3653 5438 435
3654 2400 284
3655 1700 322
3656 3088 246
3657 5202 350
3658 959 372
3659 125 299
3660 1296 368
3661 480 112
3662 3880 296
3663 1792 326
3664 1725 475
3665 0 -1
3666 507 340
3667 4136 273
3668 663 325
3669 590 363
3670 4318 379
3671 1744 302
3672 3507 487
3673 1678 348
3674 6537 345
3675 1598 358
3676 5738 338
3677 5992 383
3678 0 -1
3679 1976 348
3680 1435 547
3681 2079 382
3682 5226 268
3683 1459 334
3684 913 257
3685 3188 393
3686 1142 313
3687 1102 328
3688 2204 542
3689 0 -1
3690 4295 313
3691 1394 277
3692 5248 395
3693 5582 359
3694 5724 328
3695 963 427
3696 3650 305
3697 2657 359
3698 2859 247
3699 3647 104
3700 3656 292
3701 5306 243
3702 0 -1
3703 916 272
3704 2477 382
3705 0 -1
3706 5114 269
3707 6006 173
3708 3138 197
3709 2137 369
3710 0 -1
3711 0 -1
3712 1966 389
3713 1837 222
3714 0 -1
3715 5212 267
3716 4049 329
3717 2057 147
3718 3818 362
3719 787 325
3720 1147 320
3721 1304 360
3722 3663 388
3723 4411 319
3724 0 -1
3725 1445 195
3726 5852 359
3727 1321 307
3728 2952 450
3729 1259 366
3730 1086 468
3731 3841 315
3732 6078 368
3733 2034 412
3734 43 374
3735 2853 369
3736 4692 354
3737 3985 288
3738 1403 367
3739 0 -1
3740 5176 483
3741 5563 385
3742 4828 402
3743 1530 332
3744 903 448
3745 2635 320
3746 4418 247
3747 2681 403
3748 696 299
3749 5031 357
3750 4275 235
3751 991 402
3752 3995 318
3753 159 513
3754 2790 423
3755 4229 365
3756 2290 289
3757 5031 392
3758 6552 509
3759 4060 396
3760 3949 360
3761 3297 371
3762 3520 324
3763 3225 435
3764 2157 347
3765 2438 419
3766 5487 411
3767 591 398
3768 3643 285
3769 1192 384
3770 5333 187
3771 456 312
3772 6094 361
3773 4825 296
3774 3795 285
3775 4384 468
3776 125 394
3777 5065 317
3778 6458 350
3779 4596 322
3780 2640 407
3781 575 349
3782 5611 429
3783 5340 342
3784 5847 267
3785 0 -1
3786 2747 412
3787 0 -1
3788 899 517
3789 4389 276
3790 172 266
3791 4660 394
3792 2663 441
3793 376 244
3794 2711 235
3795 297 261
3796 5069 305
3797 784 350
3798 1214 395
3799 4190 342
3800 5674 320
3801 374 358
3802 5745 251
3803 792 422
3804 5328 430
3805 5302 380
3806 6064 327
3807 1873 335
3808 168 393
3809 942 280
3810 682 500
3811 2478 260
3812 303 407
3813 4517 409
3814 4194 318
3815 1272 247
3816 4756 326
3817 4377 367
3818 4859 267
3819 69 450
3820 1456 439
3821 850 448
3822 795 259
3823 6534 272
3824 2084 411
3825 0 -1
3826 5906 334
3827 0 -1
3828 297 257
3829 2845 308
3830 4175 351
3831 3719 391
3832 3615 326
3833 4810 360
3834 2981 370
3835 1680 431
3836 6200 347
3837 3325 253
3838 1196 209
3839 6391 374
3840 3220 286
3841 5400 301
3842 4746 364
3843 6139 387
3844 264 411
3845 3418 368
3846 2449 234
3847 5191 446
3848 4720 381
3849 2739 333
3850 727 213
3851 3097 456
3852 8 296
3853 639 363
3854 0 -1
3855 6136 198
3856 3994 403
3857 1169 328
3858 1365 371
3859 0 -1
3860 838 413
3861 202 368
3862 1186 298
3863 5055 361
3864 404 216
3865 3267 368
3866 1917 324
3867 6326 293
3868 2424 541
3869 2252 371
3870 1687 310
3871 153 237
3872 1307 472
3873 4672 336
3874 4961 360
3875 6108 263
3876 1311 378
3877 1598 396
3878 1446 285
3879 1055 416
3880 2756 270
3881 3403 419
3882 0 -1
3883 109 342
3884 299 405
3885 6486 570
3886 4485 362
3887 3372 417
3888 6512 328
3889 2549 392
3890 326 378
3891 1092 378
3892 2012 419
3893 3986 384
3894 1448 370
3895 0 -1
3896 5526 418
3897 588 315
3898 5347 384
3899 2023 361
3900 2778 354
3901 2974 207
3902 1288 249
3903 6173 442
3904 3386 337
3905 5060 311
3906 565 402
3907 4500 312
3908 1452 332
3909 5604 331
3910 3916 429
3911 1001 506
3912 4458 422
3913 4833 298
3914 5717 315
3915 1988 450
3916 1663 338
3917 4703 333
3918 4794 270
3919 3075 345
3920 1341 438
3921 433 231
3922 5560 385
3923 1951 420
3924 3475 383
3925 6197 380
3926 2048 416
3927 4505 204
3928 1193 284
3929 6015 334
3930 6174 423
3931 1175 366
3932 652 382
3933 1445 138
3934 667 359
3935 4502 348
3936 4164 282
3937 4416 176
3938 5182 365
3939 1670 270
3940 0 -1
3941 5746 348
3942 5092 367
3943 1739 332
3944 0 -1
3945 5913 332
3946 1373 332
3947 718 361
3948 5057 362
3949 678 343
3950 2923 353
3951 2358 268
3952 383 436
3953 5280 356
3954 5979 353
3955 228 263
3956 1727 193
3957 1932 373
3958 3647 136
3959 3113 287
3960 1516 389
3961 0 -1
3962 2252 329
3963 105 337
3964 798 421
3965 2318 431
3966 3385 325
3967 1266 332
3968 6271 282
3969 2496 376
3970 1545 492
3971 6239 308
3972 1129 421
3973 3921 283
3974 3386 279
3975 6512 369
3976 1542 339
3977 3929 375
3978 265 499
3979 1548 346
3980 4934 333
3981 1000 378
3982 3833 378
3983 0 -1
3984 985 524
3985 864 286
3986 1550 376
3987 0 -1
3988 3005 404
3989 3286 379
3990 2580 239
3991 1981 499
3992 2605 397
3993 1288 250
3994 2355 368
3995 3049 279
3996 1394 357
3997 6358 315
3998 3280 293
3999 2304 423
4000 4768 457
4001 206 435
4002 3420 403
4003 5195 321
4004 2649 215
4005 5979 334
4006 3985 294
4007 2857 352
4008 4626 342
4009 2370 490
4010 2690 401
4011 1594 253
4012 2332 285
4013 3813 482
4014 1266 336
4015 5043 322
4016 3024 397
4017 4191 316
4018 3926 456
4019 404 207
4020 0 -1
4021 2754 466
4022 5408 309
4023 1353 393
4024 539 287
4025 6117 230
4026 0 -1
4027 2024 401
4028 1125 311
4029 3980 371
4030 3475 298
4031 4406 350
4032 6053 266
4033 885 358
4034 4131 430
4035 6365 242
4036 4319 436
4037 1655 391
4038 1269 302
4039 998 374
4040 4212 268
4041 0 -1
4042 480 65
4043 1817 244
4044 2456 300
4045 4198 535
4046 3897 352
4047 557 275
4048 3287 360
4049 3378 272
4050 1235 295
4051 4138 346
4052 0 -1
4053 3675 441
4054 3912 500
4055 0 -1
4056 3365 436
4057 864 311
4058 3568 393
4059 568 347
4060 4275 348
4061 0 -1
4062 5850 256
4063 6232 346
4064 1369 390
4065 276 404
4066 3233 404
4067 0 -1
4068 767 321
4069 3007 345
4070 1452 233
4071 2042 364
4072 0 -1
4073 4427 551
4074 6028 274
4075 3340 374
4076 2064 351
4077 4266 448
4078 4777 355
4079 4204 372
4080 5097 231
4081 0 -1
4082 5556 335
4083 2294 376
4084 6278 383
4085 103 387
4086 1343 266
4087 5086 322
4088 4100 401
4089 4279 433
4090 1833 288
4091 6548 389
4092 0 -1
4093 28 357
4094 3567 350
4095 6172 255
4096 1845 355
4097 3707 282
4098 2456 347
4099 5889 410
4100 2613 331
4101 3020 302
4102 3951 315
4103 2026 329
4104 6348 225
4105 3386 318
4106 4398 422
4107 3262 361
4108 383 424
4109 3916 380
4110 3894 370
4111 5108 241
4112 3568 392
4113 5873 270
4114 3870 326
4115 2000 220
4116 4049 305
4117 0 -1
4118 617 342
4119 621 427
4120 2678 405
4121 2650 360
4122 6522 375
4123 102 247
4124 5583 461
4125 1879 305
4126 3013 323
4127 4923 379
4128 1367 242
4129 0 -1
4130 5246 399
4131 3342 403
4132 4102 362
4133 3995 300
4134 1059 352
4135 4960 295
4136 2909 228
4137 1783 354
4138 702 315
4139 1317 413
4140 2906 344
4141 61 397
4142 6475 267
4143 5807 235
4144 0 -1
4145 2975 273
4146 955 310
4147 1370 339
4148 4088 408
4149 4350 372
4150 6298 242
4151 1877 364
4152 4323 451
4153 3731 315
4154 2577 282
4155 5807 203
4156 5644 493
4157 2269 502
4158 3129 269
4159 4169 378
4160 2895 392
4161 2454 498
4162 0 -1
4163 4943 237
4164 3238 282
4165 3347 411
4166 1180 382
4167 1202 316
4168 5531 414
4169 2741 340
4170 6422 427
4171 3123 558
4172 153 228
4173 4206 267
4174 1017 389
4175 2618 246
4176 2648 616
4177 77 327
4178 1782 384
4179 3661 227
4180 0 -1
4181 6172 334
4182 1158 333
4183 0 -1
4184 395 393
4185 1025 377
4186 4639 325
4187 4118 439
4188 0 -1
4189 4095 265
4190 3862 327
4191 3875 271
4192 5870 287
4193 3582 310
4194 4179 238
4195 2528 266
4196 5484 272
4197 3496 363
4198 3994 422
4199 1699 333
4200 3135 332
4201 4655 312
4202 2288 318
4203 707 326
4204 1054 352
4205 6530 304
4206 5333 195
4207 6283 483
4208 864 301
4209 1856 399
4210 6163 321
4211 6244 286
4212 1727 221
4213 5651 333
4214 1482 368
4215 0 -1
4216 228 291
4217 2162 318
4218 42 353
4219 3171 261
4220 5470 271
4221 1720 290
4222 3508 444
4223 5817 368
4224 2175 274
4225 1614 383
4226 6145 348
4227 5236 266
4228 342 281
4229 4957 323
4230 5001 348
4231 4978 326
4232 5418 155
4233 678 246
4234 5340 241
4235 4379 214
4236 3506 407
4237 4130 438
4238 6597 360
4239 5851 369
4240 6043 362
4241 629 207
4242 2636 507
4243 4619 285
4244 5159 331
4245 1985 258
4246 5573 290
4247 3737 288
4248 6495 403
4249 2778 288
4250 1007 461
4251 1381 368
4252 1278 275
4253 0 -1
4254 1451 238
4255 665 292
4256 4172 271
4257 2975 299
4258 787 327
4259 5897 263
4260 0 -1
4261 781 265
4262 3904 382
4263 704 190
4264 5580 357
4265 2195 390
4266 5223 385
4267 0 -1
4268 4740 204
4269 6590 428
4270 4511 328
4271 3515 372
4272 1227 370
4273 1163 290
4274 0 -1
4275 3933 228
4276 2988 221
4277 3256 507
4278 2254 388
4279 6166 376
4280 2391 371
4281 5884 252
4282 3163 403
4283 5856 417
4284 5845 427
4285 4588 228
4286 2405 274
4287 5999 349
4288 1825 355
4289 4416 212
4290 5530 384
4291 1674 262
4292 1285 442
4293 1822 288
4294 5576 356
4295 6258 245
4296 0 -1
4297 2238 366
4298 1600 306
4299 420 389
4300 2129 341
4301 0 -1
4302 6324 395
4303 4957 399
4304 3282 349
4305 5596 425
4306 5117 369
4307 5954 311
4308 0 -1
4309 2156 361
4310 6108 315
4311 2787 342
4312 4899 243
4313 0 -1
4314 2857 298
4315 1469 334
4316 1677 311
4317 724 460
4318 3105 339
4319 2483 426
4320 1191 368
4321 3137 348
4322 6395 349
4323 4879 399
4324 0 -1
4325 1486 458
4326 27 352
4327 1712 362
4328 2902 375
4329 2719 454
4330 45 413
4331 945 371
4332 5171 373
4333 4799 352
4334 3849 375
4335 2859 358
4336 1999 360
4337 2758 360
4338 5934 384
4339 5379 243
4340 3141 370
4341 1055 463
4342 143 319
4343 5726 392
4344 1594 316
4345 2146 396
4346 2993 137
4347 144 306
4348 4489 300
4349 1254 545
4350 5283 256
4351 264 383
4352 4635 357
4353 4391 335
4354 2417 372
4355 2518 338
4356 4767 326
4357 55 452
4358 3839 447
4359 4794 327
4360 3062 372
4361 4177 343
4362 1039 254
4363 3656 284
4364 4105 337
4365 2618 328
4366 472 379
4367 0 -1
4368 5082 297
4369 3189 335
4370 0 -1
4371 5452 413
4372 0 -1
4373 5496 367
4374 6527 362
4375 615 303
4376 2878 445
4377 4420 335
4378 2106 319
4379 153 200
4380 1356 395
4381 1826 467
4382 37 428
4383 2140 307
4384 1969 422
4385 163 390
4386 2974 209
4387 1420 339
4388 5319 561
4389 4619 274
4390 2117 412
4391 1578 272
4392 4796 319
4393 522 404
4394 6309 325
4395 870 450
4396 6314 792
4397 5387 347
4398 2568 367
4399 3595 425
4400 5433 473
4401 0 -1
4402 3142 346
4403 2173 350
4404 2582 302
4405 4455 405
4406 3387 347
4407 0 -1
4408 4068 438
4409 6037 452
4410 5846 377
4411 3490 278
4412 5367 392
4413 1727 137
4414 2225 392
4415 5358 421
4416 3103 106
4417 5899 304
4418 5926 237
4419 2082 354
4420 6557 332
4421 2841 405
4422 1656 252
4423 0 -1
4424 1168 316
4425 2335 400
4426 3357 397
4427 5472 460
4428 747 314
4429 1026 418
4430 2924 370
4431 1227 334
4432 5439 420
4433 2140 335
4434 456 341
4435 6052 365
4436 3441 400
4437 1637 344
4438 384 441
4439 413 413
4440 4520 356
4441 2357 417
4442 751 354
4443 0 -1
4444 2632 349
4445 390 355
4446 5404 405
4447 1677 346
4448 6413 367
4449 4115 228
4450 3220 272
4451 4950 556
4452 4837 277
4453 6405 357
4454 2162 363
4455 88 351
4456 3099 380
4457 631 382
4458 4251 410
4459 485 333
4460 744 400
4461 3441 377
4462 854 302
4463 1228 448
4464 1727 190
4465 0 -1
4466 169 407
4467 4289 237
4468 3660 378
4469 5078 493
4470 0 -1
4471 4539 361
4472 2716 375
4473 3928 308
4474 6160 422
4475 4704 376
4476 1664 331
4477 4031 419
4478 486 280
4479 1335 307
4480 1776 329
4481 155 351
4482 215 270
4483 3695 455
4484 5013 336
4485 5306 246
4486 1778 253
4487 1528 588
4488 558 294
4489 1778 235
4490 0 -1
4491 466 331
4492 5189 365
4493 2941 305
4494 2307 406
4495 5470 271
4496 5419 470
4497 0 -1
4498 3483 316
4499 1636 447
4500 5139 294
4501 1383 241
4502 3169 258
4503 0 -1
4504 6294 366
4505 2989 185
4506 3251 364
4507 5113 402
4508 4069 386
4509 3134 301
4510 2917 342
4511 4189 299
4512 692 301
4513 4800 450
4514 3154 405
4515 4263 305
4516 4554 275
4517 5355 380
4518 6004 320
4519 2548 373
4520 2724 315
4521 4414 412
4522 6051 389
4523 4937 305
4524 2377 333
4525 933 289
4526 2133 405
4527 2853 407
4528 4561 336
4529 4989 371
4530 5704 573
4531 0 -1
4532 5102 273
4533 5743 298
4534 1860 327
4535 6002 210
4536 1262 360
4537 2002 342
4538 6307 339
4539 1262 357
4540 3088 230
4541 334 427
4542 2158 470
4543 3055 378
4544 3437 358
4545 3894 408
4546 3338 399
4547 122 270
4548 5700 401
4549 513 327
4550 1856 490
4551 3528 321
4552 5019 336
4553 4700 306
4554 1536 231
4555 5496 372
4556 3781 469
4557 0 -1
4558 3725 275
4559 0 -1
4560 344 339
4561 1978 335
4562 2712 397
4563 4122 410
4564 5106 324
4565 2063 316
4566 3369 279
4567 0 -1
4568 5613 260
4569 4871 511
4570 4003 340
4571 2441 366
4572 539 328
4573 2874 437
4574 1803 346
4575 0 -1
4576 2343 348
4577 776 331
4578 2613 339
4579 3879 487
4580 552 372
4581 4594 345
4582 5689 311
4583 4201 352
4584 1893 412
4585 4574 354
4586 1699 402
4587 2274 338
4588 4505 206
4589 4155 306
4590 3839 414
4591 3016 303
4592 0 -1
4593 4655 393
4594 3696 337
4595 767 321
4596 3855 295
4597 5842 394
4598 3691 383
4599 434 266
4600 5139 239
4601 343 482
4602 5591 421
4603 2016 424
4604 5547 317
4605 3748 347
4606 1251 431
4607 1340 504
4608 4487 701
4609 2890 373
4610 5138 414
4611 2937 360
4612 5593 598
4613 652 368
4614 2649 238
4615 5414 426
4616 2228 442
4617 0 -1
4618 4564 362
4619 4115 246
4620 368 292
4621 530 387
4622 5234 327
4623 0 -1
4624 4146 315
4625 3263 350
4626 2929 339
4627 2679 428
4628 3933 257
4629 3661 136
4630 5463 317
4631 3967 396
4632 1497 444
4633 2838 244
4634 375 253
4635 5226 260
4636 0 -1
4637 2823 383
4638 1311 410
4639 5652 233
4640 871 222
4641 5172 387
4642 0 -1
4643 2296 420
4644 0 -1
4645 6061 248
4646 6404 404
4647 3928 380
4648 4670 496
4649 3905 341
4650 3796 348
4651 4913 319
4652 1583 372
4653 2668 329
4654 0 -1
4655 1353 310
4656 3655 372
4657 2353 399
4658 4733 337
4659 0 -1
4660 1015 362
4661 1888 341
4662 6597 408
4663 4070 305
4664 5717 278
4665 1371 416
4666 2595 426
4667 2761 415
4668 1692 258
4669 4003 339
4670 1479 409
4671 848 352
4672 6014 334
4673 146 441
4674 587 431
4675 3397 360
4676 0 -1
4677 0 -1
4678 264 422
4679 2632 315
4680 3234 403
4681 3247 305
4682 274 413
4683 2341 322
4684 1816 298
4685 5597 297
4686 6246 407
4687 3583 398
4688 205 534
4689 5669 311
4690 2152 261
4691 6354 440
4692 6068 296
4693 1220 279
4694 2361 262
4695 5365 284
4696 519 301
4697 4780 232
4698 1940 329
4699 2687 420
4700 1267 285
4701 2293 453
4702 3595 511
4703 2880 272
4704 1699 311
4705 5524 426
4706 3672 576
4707 1783 357
4708 5234 327
4709 5908 275
4710 3274 429
4711 1590 359
4712 0 -1
4713 2809 378
4714 5629 395
4715 70 286
4716 2008 328
4717 6382 326
4718 2160 235
4719 2237 338
4720 2024 341
4721 1719 403
4722 744 394
4723 2741 359
4724 6162 158
4725 4637 433
4726 937 250
4727 3135 268
4728 3707 244
4729 0 -1
4730 6399 444
4731 2534 400
4732 4705 457
4733 6434 319
4734 2595 442
4735 48 415
4736 877 365
4737 5572 322
4738 3450 329
4739 5864 264
4740 2057 144
4741 2661 315
4742 6299 349
4743 5116 359
4744 5303 325
4745 5065 306
4746 2392 358
4747 4128 337
4748 840 272
4749 0 -1
4750 3655 377
4751 3173 432
4752 2820 329
4753 4219 269
4754 3325 273
4755 3558 372
4756 955 269
4757 3115 377
4758 2694 396
4759 3480 380
4760 3220 233
4761 6443 352
4762 4903 333
4763 5879 317
4764 0 -1
4765 5829 317
4766 2950 266
4767 5086 285
4768 4297 391
4769 2924 378
4770 3131 314
4771 1733 332
4772 5405 370
4773 2240 240
4774 5172 451
4775 4239 422
4776 2008 233
4777 6196 336
4778 1446 326
4779 0 -1
4780 153 157
4781 6393 386
4782 5816 295
4783 5867 355
4784 3520 372
4785 554 333
4786 3892 513
4787 2360 402
4788 5288 335
4789 2102 469
4790 6319 323
4791 3419 341
4792 5311 386
4793 4780 255
4794 2578 245
4795 3926 424
4796 4389 283
4797 3470 258
4798 1288 243
4799 3838 263
4800 4193 351
4801 744 467
4802 947 279
4803 3295 346
4804 4104 242
4805 0 -1
4806 4874 311
4807 5895 383
4808 0 -1
4809 3718 405
4810 5982 343
4811 0 -1
4812 5142 340
4813 0 -1
4814 2043 296
4815 0 -1
4816 1723 290
4817 1114 462
4818 4744 333
4819 1674 329
4820 3027 357
4821 4265 434
4822 3097 451
4823 2962 301
4824 5489 442
4825 6091 248
4826 2577 345
4827 2752 276
4828 5302 378
4829 109 367
4830 350 362
4831 349 384
4832 2589 412
4833 6123 230
4834 2455 318
4835 318 388
4836 80 372
4837 4235 260
4838 5120 368
4839 5932 236
4840 654 411
4841 5563 364
4842 6483 354
4843 1576 465
4844 1849 261
4845 3294 485
4846 5484 305
4847 2024 368
4848 4051 431
4849 1729 434
4850 0 -1
4851 2047 276
4852 4713 415
4853 5086 321
4854 2626 425
4855 485 372
4856 3183 349
4857 6588 308
4858 5108 256
4859 1071 258
4860 0 -1
4861 0 -1
4862 1519 344
4863 3228 351
4864 6587 363
4865 0 -1
4866 1540 329
4867 5406 295
4868 4553 337
4869 2008 273
4870 3677 478
4871 2354 428
4872 4213 408
4873 3103 135
4874 6080 304
4875 4723 411
4876 5072 381
4877 5003 414
4878 1830 267
4879 2185 284
4880 3397 431
4881 6581 334
4882 1207 417
4883 1586 377
4884 0 -1
4885 1000 297
4886 6232 374
4887 4118 356
4888 2227 383
4889 4878 307
4890 5974 562
4891 6493 455
4892 2095 354
4893 6575 307
4894 1295 374
4895 733 347
4896 2676 376
4897 594 336
4898 0 -1
4899 4413 227
4900 3819 507
4901 1125 288
4902 1205 434
4903 788 319
4904 3300 405
4905 689 402
4906 3515 399
4907 5810 300
4908 0 -1
4909 1996 152
4910 6165 189
4911 1202 321
4912 1193 352
4913 2160 247
4914 3713 240
4915 1207 352
4916 3616 336
4917 6509 307
4918 2079 337
4919 202 367
4920 6053 228
4921 5213 372
4922 2155 363
4923 5552 335
4924 6444 340
4925 2202 288
4926 1082 506
4927 107 324
4928 1773 346
4929 4738 402
4930 0 -1
4931 2714 353
4932 1845 442
4933 6403 343
4934 5140 285
4935 3221 392
4936 6580 342
4937 4726 254
4938 3121 453
4939 5844 340
4940 759 447
4941 1828 442
4942 639 385
4943 3108 231
4944 5902 296
4945 937 257
4946 686 413
4947 0 -1
4948 1859 374
4949 5846 362
4950 4854 489
4951 0 -1
4952 97 361
4953 4787 451
4954 3691 336
4955 5640 112
4956 5112 402
4957 5184 297
4958 846 439
4959 2559 318
4960 3049 290
4961 6001 333
4962 4839 290
4963 5086 222
4964 865 352
4965 4373 382
4966 1891 519
4967 2920 329
4968 2484 295
4969 3819 546
4970 2738 354
4971 5166 285
4972 1883 274
4973 2800 321
4974 5677 352
4975 2116 441
4976 0 -1
4977 3129 285
4978 4589 318
4979 5368 272
4980 3455 291
4981 2756 317
4982 0 -1
4983 5383 325
4984 505 387
4985 4158 310
4986 4841 371
4987 988 288
4988 4211 316
4989 4903 345
4990 5340 284
4991 449 310
4992 5695 434
4993 1837 263
4994 3811 312
4995 6146 429
4996 6527 297
4997 0 -1
4998 537 521
4999 4814 312
5000 5264 425
5001 771 344
5002 2705 439
5003 385 323
5004 1923 414
5005 1194 283
5006 1044 396
5007 582 433
5008 2364 231
5009 299 431
5010 4598 433
5011 2802 394
5012 5843 399
5013 942 291
5014 4933 378
5015 2924 329
5016 3976 353
5017 3418 393
5018 5845 494
5019 1289 279
5020 2859 272
5021 0 -1
5022 2142 465
5023 490 389
5024 0 -1
5025 5342 298
5026 0 -1
5027 5272 430
5028 3445 373
5029 4203 348
5030 0 -1
5031 5430 294
5032 0 -1
5033 2857 362
5034 3135 253
5035 343 438
5036 629 280
5037 938 472
5038 0 -1
5039 966 424
5040 4963 303
5041 2378 332
5042 0 -1
5043 4293 322
5044 6192 332
5045 784 348
5046 3777 334
5047 2640 332
5048 507 371
5049 1363 332
5050 611 284
5051 2656 355
5052 4189 337
5053 303 401
5054 3691 306
5055 2930 331
5056 0 -1
5057 70 256
5058 1884 437
5059 781 323
5060 1296 303
5061 5835 455
5062 132 323
5063 3317 309
5064 2237 303
5065 3312 198
5066 6009 528
5067 2561 424
5068 5194 416
5069 6024 275
5070 4479 389
5071 6505 258
5072 3096 334
5073 219 364
5074 3550 312
5075 4692 347
5076 4960 294
5077 1983 423
5078 4667 488
5079 5802 358
5080 832 378
5081 1344 376
5082 5065 267
5083 153 203
5084 4780 225
5085 4307 378
5086 3171 214
5087 1644 405
5088 4293 357
5089 1183 368
5090 1894 562
5091 1008 365
5092 1541 260
5093 2426 265
5094 6575 351
5095 6270 259
5096 3601 522
5097 5314 231
5098 4754 358
5099 5716 389
5100 5636 316
5101 1656 260
5102 4873 162
5103 2057 142
5104 2870 320
5105 5744 342
5106 3703 316
5107 3736 359
5108 6162 227
5109 4471 373
5110 520 460
5111 2237 335
5112 3423 376
5113 5338 290
5114 4263 250
5115 3578 392
5116 6008 302
5117 561 363
5118 6538 498
5119 1147 330
5120 6086 327
5121 1272 234
5122 5754 329
5123 1227 318
5124 2529 374
5125 1017 368
5126 5527 429
5127 3659 372
5128 2673 373
5129 421 429
5130 6547 413
5131 2106 333
5132 5183 497
5133 3589 202
5134 159 487
5135 4994 326
5136 155 424
5137 15 347
5138 603 350
5139 2989 174
5140 5926 265
5141 3340 332
5142 5084 257
5143 2862 247
5144 4189 282
5145 1139 342
5146 6450 480
5147 1120 453
5148 5846 424
5149 6600 111
5150 1634 323
5151 1439 284
5152 4713 484
5153 5957 428
5154 5285 419
5155 3401 459
5156 5613 287
5157 3348 385
5158 132 348
5159 2052 308
5160 4047 368
5161 5851 281
5162 2926 395
5163 2035 143
5164 1961 389
5165 3986 427
5166 6026 210
5167 6218 360
5168 5932 288
5169 4019 271
5170 2691 443
5171 5964 294
5172 1148 383
5173 1446 343
5174 6534 371
5175 1056 414
5176 594 386
5177 2669 298
5178 397 401
5179 4604 344
5180 3396 497
5181 1691 388
5182 4833 296
5183 2143 495
5184 1367 271
5185 3315 351
5186 5149 191
5187 4689 365
5188 4988 338
5189 1541 280
5190 4635 274
5191 4653 395
5192 390 353
5193 4994 367
5194 5954 413
5195 3914 319
5196 6348 257
5197 0 -1
5198 1776 349
5199 5895 347
5200 2704 443
5201 6268 393
5202 5828 312
5203 3674 408
5204 1210 362
5205 0 -1
5206 5494 327
5207 403 483
5208 5309 389
5209 3492 264
5210 5114 294
5211 6573 358
5212 5884 191
5213 5141 360
5214 3425 397
5215 4179 259
5216 1306 434
5217 677 313
5218 3783 342
5219 3894 464
5220 4540 272
5221 5455 330
5222 2556 364
5223 288 276
5224 486 245
5225 2878 355
5226 943 239
5227 2272 253
5228 71 374
5229 6551 299
5230 0 -1
5231 62 365
5232 1668 352
5233 2621 314
5234 5321 292
5235 3529 306
5236 2539 258
5237 3483 325
5238 416 309
5239 2693 284
5240 6264 344
5241 5188 383
5242 2763 304
5243 6005 352
5244 3467 384
5245 6108 312
5246 1158 398
5247 3998 346
5248 6297 326
5249 4337 417
5250 5812 315
5251 4505 301
5252 1503 285
5253 2532 312
5254 3863 424
5255 3281 374
5256 6600 62
5257 4078 381
5258 1360 415
5259 2120 367
5260 5679 219
5261 760 303
5262 485 321
5263 5531 392
5264 3131 309
5265 0 -1
5266 832 365
5267 2290 313
5268 2752 285
5269 3113 288
5270 3776 422
5271 4635 318
5272 2802 386
5273 217 316
5274 133 352
5275 1409 276
5276 0 -1
5277 806 363
5278 0 -1
5279 3633 384
5280 4391 331
5281 4795 441
5282 4973 398
5283 4629 242
5284 4796 309
5285 5332 345
5286 4521 459
5287 4987 335
5288 5470 268
5289 2198 364
5290 3114 374
5291 1880 313
5292 449 353
5293 5621 369
5294 41 380
5295 4825 249
5296 3690 387
5297 4523 309
5298 5179 453
5299 5194 512
5300 1737 238
5301 4262 388
5302 6214 263
5303 5239 308
5304 314 142
5305 3339 314
5306 6167 241
5307 550 461
5308 5914 460
5309 2359 385
5310 5481 341
5311 1840 361
5312 6258 301
5313 1892 358
5314 2838 172
5315 3189 394
5316 1760 312
5317 671 484
5318 6505 317
5319 2206 497
5320 2005 321
5321 2815 265
5322 2944 389
5323 2677 329
5324 1837 205
5325 503 350
5326 3368 529
5327 3823 339
5328 3211 331
5329 6476 400
5330 4994 317
5331 6162 151
5332 6064 322
5333 3213 186
5334 6002 207
5335 3632 480
5336 2428 315
5337 953 424
5338 6164 256
5339 3673 368
5340 3032 239
5341 2826 208
5342 2156 288
5343 4422 267
5344 0 -1
5345 5741 354
5346 4068 325
5347 4123 308
5348 2759 350
5349 3277 328
5350 1070 345
5351 4879 315
5352 5800 346
5353 3370 507
5354 1758 554
5355 6319 356
5356 2078 369
5357 0 -1
5358 6403 325
5359 5671 335
5360 1519 388
5361 1783 337
5362 1416 336
5363 352 343
5364 4562 471
5365 3459 278
5366 4511 332
5367 3337 385
5368 6466 244
5369 1975 417
5370 0 -1
5371 5896 517
5372 3760 369
5373 3525 194
5374 3295 304
5375 312 376
5376 5004 505
5377 3203 263
5378 1096 375
5379 1187 224
5380 5329 503
5381 3852 339
5382 2858 358
5383 2716 314
5384 2477 431
5385 216 445
5386 1629 451
5387 460 340
5388 5031 381
5389 6513 418
5390 1170 404
5391 4436 467
5392 3692 444
5393 2981 339
5394 5897 339
5395 5908 278
5396 0 -1
5397 1424 376
5398 656 292
5399 1191 355
5400 5745 244
5401 4347 396
5402 5454 332
5403 80 348
5404 2975 393
5405 2047 292
5406 3631 238
5407 3832 436
5408 6236 284
5409 3736 369
5410 1666 360
5411 227 363
5412 3457 289
5413 1328 371
5414 1401 373
5415 0 -1
5416 5112 407
5417 2993 247
5418 2667 92
5419 1631 378
5420 5903 421
5421 6550 412
5422 3504 406
5423 2114 380
5424 1163 288
5425 4744 441
5426 863 486
5427 3134 298
5428 2996 353
5429 5070 476
5430 4697 235
5431 4213 361
5432 5859 298
5433 2810 400
5434 0 -1
5435 0 -1
5436 1530 393
5437 6599 406
5438 3954 368
5439 5572 408
5440 2702 338
5441 1792 443
5442 0 -1
5443 569 345
5444 2235 522
5445 5103 162
5446 2764 360
5447 3843 392
5448 6293 411
5449 2627 228
5450 4639 302
5451 5992 329
5452 467 359
5453 4024 323
5454 2748 321
5455 3838 298
5456 0 -1
5457 1634 342
5458 1994 277
5459 135 408
5460 927 349
5461 0 -1
5462 104 347
5463 3265 288
5464 0 -1
5465 4314 393
5466 3053 388
5467 0 -1
5468 6204 279
5469 4540 350
5470 4413 161
5471 2810 369
5472 614 354
5473 6026 206
5474 118 295
5475 3203 273
5476 6023 375
5477 5857 395
5478 2953 416
5479 1352 439
5480 0 -1
5481 677 271
5482 4653 337
5483 5048 387
5484 5186 200
5485 5122 343
5486 0 -1
5487 6150 358
5488 4810 399
5489 3389 435
5490 5449 289
5491 1321 282
5492 4862 423
5493 1386 298
5494 4776 278
5495 6255 399
5496 5701 297
5497 4421 421
5498 1625 365
5499 3334 299
5500 0 -1
5501 5161 357
5502 243 164
5503 1564 389
5504 5223 347
5505 703 515
5506 24 318
5507 6003 384
5508 3215 439
5509 4909 254
5510 4314 352
5511 419 375
5512 2361 270
5513 5888 460
5514 2301 333
5515 4698 417
5516 834 324
5517 4516 278
5518 1083 458
5519 1051 399
5520 3746 348
5521 429 246
5522 0 -1
5523 6011 323
5524 5748 426
5525 6549 326
5526 3250 361
5527 3261 393
5528 4681 362
5529 5285 403
5530 5468 339
5531 4143 331
5532 1656 265
5533 5264 331
5534 1793 420
5535 6109 364
5536 3007 351
5537 6505 328
5538 0 -1
5539 1726 471
5540 746 383
5541 3479 479
5542 4720 453
5543 2120 388
5544 6585 302
5545 5445 170
5546 5377 380
5547 5613 270
5548 0 -1
5549 2738 368
5550 5950 379
5551 0 -1
5552 5972 289
5553 5228 420
5554 5672 364
5555 2023 372
5556 6487 294
5557 5383 349
5558 2845 383
5559 3737 382
5560 5870 310
5561 5398 320
5562 5693 453
5563 6185 306
5564 5741 305
5565 0 -1
5566 1909 326
5567 3806 375
5568 4248 432
5569 0 -1
5570 4912 400
5571 2273 299
5572 458 307
5573 3405 248
5574 0 -1
5575 2909 269
5576 1335 306
5577 2099 170
5578 1852 493
5579 3778 387
5580 1167 336
5581 1156 528
5582 6001 327
5583 4201 414
5584 1251 350
5585 4770 323
5586 5956 268
5587 6317 438
5588 4300 424
5589 1846 397
5590 2180 607
5591 3789 322
5592 0 -1
5593 2287 479
5594 290 386
5595 2992 401
5596 5677 332
5597 4019 284
5598 5454 329
5599 4689 416
5600 4498 328
5601 4196 337
5602 5195 387
5603 0 -1
5604 5837 309
5605 984 429
5606 5348 419
5607 1584 316
5608 2118 519
5609 464 518
5610 1271 447
5611 1283 374
5612 2661 354
5613 2618 211
5614 4568 334
5615 1447 309
5616 5893 311
5617 3800 359
5618 966 478
5619 6560 354
5620 6043 339
5621 554 316
5622 0 -1
5623 4906 417
5624 2684 352
5625 0 -1
5626 0 -1
5627 5104 351
5628 199 318
5629 2711 291
5630 575 306
5631 2324 306
5632 6177 348
5633 1265 377
5634 2211 315
5635 233 480
5636 429 302
5637 1590 335
5638 2584 423
5639 2813 290
5640 4042 111
5641 1003 398
5642 5463 342
5643 5303 384
5644 2518 426
5645 6371 605
5646 5384 481
5647 1487 355
5648 0 -1
5649 4760 248
5650 4614 241
5651 3113 260
5652 5418 185
5653 4164 307
5654 6487 279
5655 4280 421
5656 1148 296
5657 3903 471
5658 2351 303
5659 0 -1
5660 0 -1
5661 6192 440
5662 1782 352
5663 2062 336
5664 6192 337
5665 2069 313
5666 3096 329
5667 4206 246
5668 568 314
5669 97 287
5670 5313 392
5671 854 318
5672 4797 329
5673 2822 407
5674 3369 281
5675 4462 325
5676 921 377
5677 1278 321
5678 18 5
5679 2099 149
5680 3492 261
5681 2268 374
5682 0 -1
5683 6444 376
5684 6221 421
5685 605 465
5686 6556 277
5687 170 306
5688 3020 323
5689 5300 306
5690 5326 631
5691 892 403
5692 5873 222
5693 4867 359
5694 1310 371
5695 1095 365
5696 4718 283
5697 2793 391
5698 3307 366
5699 4776 306
5700 6479 382
5701 3837 268
5702 4145 385
5703 1833 342
5704 2732 484
5705 2047 319
5706 6236 280
5707 697 414
5708 5198 350
5709 4266 457
5710 2412 241
5711 2162 322
5712 1293 368
5713 1310 357
5714 4340 471
5715 4568 305
5716 129 307
5717 2332 259
5718 1170 358
5719 876 533
5720 2506 350
5721 0 -1
5722 387 520
5723 5498 412
5724 3075 310
5725 1175 307
5726 653 369
5727 533 513
5728 1769 488
5729 2323 349
5730 2592 589
5731 355 304
5732 5597 286
5733 1228 357
5734 1351 181
5735 900 301
5736 4030 355
5737 6192 341
5738 4664 336
5739 0 -1
5740 2690 436
5741 3016 298
5742 3698 331
5743 136 189
5744 6155 324
5745 3661 212
5746 1737 247
5747 0 -1
5748 2046 394
5749 6547 386
5750 3155 386
5751 715 409
5752 6579 360
5753 0 -1
5754 4255 325
5755 1462 334
5756 4658 399
5757 6204 348
5758 2901 262
5759 695 373
5760 6532 392
5761 6348 209
5762 4672 437
5763 900 261
5764 2154 364
5765 839 291
5766 3585 449
5767 843 273
5768 6007 331
5769 4992 457
5770 5586 282
5771 950 357
5772 636 377
5773 6148 449
5774 2034 452
5775 6245 385
5776 44 321
5777 2988 170
5778 1224 354
5779 1388 357
5780 5121 265
5781 4095 354
5782 4333 395
5783 3823 313
5784 4194 285
5785 1861 263
5786 5287 400
5787 3601 491
5788 2700 302
5789 3496 406
5790 933 364
5791 4130 439
5792 2386 390
5793 4034 529
5794 6051 414
5795 2769 468
5796 2770 435
5797 2052 302
5798 3173 429
5799 3770 245
5800 2258 321
5801 5126 434
5802 561 319
5803 2530 404
5804 3398 330
5805 6102 435
5806 5304 154
5807 2989 119
5808 2237 330
5809 2101 357
5810 5144 288
5811 2468 752
5812 6309 303
5813 3322 420
5814 5106 339
5815 6119 333
5816 2058 270
5817 771 320
5818 1663 421
5819 3449 353
5820 6588 351
5821 848 369
5822 0 -1
5823 3913 309
5824 4755 477
5825 5084 317
5826 6559 432
5827 4224 361
5828 5040 307
5829 5731 311
5830 3226 299
5831 168 296
5832 1465 416
5833 530 415
5834 5365 282
5835 2085 408
5836 71 368
5837 2500 293
5838 3459 358
5839 4086 296
5840 3698 302
5841 1276 378
5842 3265 303
5843 1709 362
5844 4467 329
5845 6519 417
5846 3441 322
5847 2153 241
5848 5150 384
5849 0 -1
5850 3850 239
5851 4839 267
5852 1631 355
5853 824 358
5854 970 459
5855 3686 374
5856 596 383
5857 5619 390
5858 3033 505
5859 1723 296
5860 3492 326
5861 3506 353
5862 784 344
5863 2125 366
5864 2074 261
5865 6173 409
5866 3000 436
5867 6284 321
5868 5651 327
5869 4804 326
5870 5652 244
5871 4095 292
5872 5165 543
5873 2792 173
5874 0 -1
5875 1658 273
5876 5835 424
5877 3457 327
5878 1739 336
5879 6333 315
5880 6544 286
5881 812 427
5882 854 291
5883 5395 288
5884 6113 151
5885 2593 190
5886 6150 353
5887 3957 471
5888 5512 343
5889 3315 349
5890 189 275
5891 1108 351
5892 1634 362
5893 5338 295
5894 0 -1
5895 3809 307
5896 5356 431
5897 5521 261
5898 1803 346
5899 2372 259
5900 1833 370
5901 2949 353
5902 570 250
5903 2786 413
5904 2535 374
5905 2448 297
5906 4255 316
5907 3321 433
5908 3661 222
5909 1070 449
5910 4344 350
5911 748 344
5912 28 351
5913 5654 293
5914 3932 453
5915 6573 361
5916 749 370
5917 2805 435
5918 0 -1
5919 729 336
5920 4335 384
5921 6538 532
5922 2522 280
5923 5473 276
5924 4773 315
5925 4887 398
5926 297 175
5927 3699 193
5928 477 362
5929 6523 335
5930 302 410
5931 4665 502
5932 2864 206
5933 6113 245
5934 1426 346
5935 1755 357
5936 4285 297
5937 3778 398
5938 4635 273
5939 5577 243
5940 5701 372
5941 1169 337
5942 4562 453
5943 0 -1
5944 4844 342
5945 4403 368
5946 2273 356
5947 2656 349
5948 1435 503
5949 1310 401
5950 1260 319
5951 3077 352
5952 2748 290
5953 4841 403
5954 2601 306
5955 2556 450
5956 3707 199
5957 4996 327
5958 0 -1
5959 3310 328
5960 2993 227
5961 0 -1
5962 1269 248
5963 0 -1
5964 3413 284
5965 4762 437
5966 2350 342
5967 3611 340
5968 3407 419
5969 1334 292
5970 3850 304
5971 4410 390
5972 2396 250
5973 6252 393
5974 2228 539
5975 3183 401
5976 4069 441
5977 2208 455
5978 5033 414
5979 2286 329
5980 1646 448
5981 3533 342
5982 6029 294
5983 0 -1
5984 1692 269
5985 0 -1
5986 0 -1
5987 0 -1
5988 0 -1
5989 100 339
5990 466 385
5991 2444 487
5992 1664 326
5993 599 407
5994 6004 373
5995 2756 229
5996 6107 417
5997 1674 281
5998 4040 276
5999 4962 317
6000 175 485
6001 2159 273
6002 3596 168
6003 5919 350
6004 4814 300
6005 5473 302
6006 1514 124
6007 1145 305
6008 3094 287
6009 1694 458
6010 70 330
6011 2255 300
6012 4291 317
6013 1446 373
6014 306 323
6015 4261 292
6016 5102 201
6017 1754 359
6018 3227 384
6019 5575 317
6020 1267 306
6021 1927 335
6022 443 302
6023 2815 302
6024 2000 205
6025 2813 395
6026 3708 198
6027 4119 464
6028 440 250
6029 3661 210
6030 3712 418
6031 5575 362
6032 6078 366
6033 5220 360
6034 588 272
6035 1228 340
6036 4857 366
6037 5882 391
6038 0 -1
6039 6358 312
6040 3322 375
6041 2414 413
6042 721 346
6043 5669 304
6044 588 269
6045 4323 430
6046 0 -1
6047 4316 395
6048 4257 350
6049 5895 376
6050 4195 290
6051 6019 319
6052 4581 363
6053 263 226
6054 3498 353
6055 1360 450
6056 301 323
6057 0 -1
6058 1495 402
6059 2774 431
6060 639 433
6061 2202 242
6062 4146 379
6063 1195 376
6064 4418 292
6065 4393 417
6066 864 299
6067 6358 373
6068 1474 294
6069 1685 292
6070 6113 250
6071 5019 288
6072 6580 344
6073 1585 427
6074 4232 263
6075 6512 369
6076 6239 305
6077 0 -1
6078 6395 287
6079 2786 441
6080 376 258
6081 2189 382
6082 3975 379
6083 5260 256
6084 1427 421
6085 0 -1
6086 5746 283
6087 107 338
6088 3225 423
6089 787 331
6090 3279 360
6091 2099 171
6092 0 -1
6093 1787 371
6094 1536 256
6095 5453 351
6096 86 299
6097 3165 447
6098 3022 368
6099 836 403
6100 2156 267
6101 5772 408
6102 2994 429
6103 6588 312
6104 4703 381
6105 2771 441
6106 4767 342
6107 2104 352
6108 6205 251
6109 66 353
6110 3589 202
6111 2642 376
6112 6058 415
6113 5256 132
6114 1148 333
6115 5662 388
6116 2792 225
6117 5470 183
6118 2516 336
6119 2620 234
6120 5665 343
6121 1336 281
6122 0 -1
6123 2035 176
6124 0 -1
6125 3322 373
6126 1073 399
6127 5552 400
6128 5028 449
6129 4252 279
6130 3459 307
6131 4103 393
6132 2355 382
6133 1439 283
6134 1400 431
6135 0 -1
6136 4263 194
6137 1321 215
6138 3839 394
6139 4944 335
6140 3275 363
6141 604 415
6142 5027 528
6143 4343 395
6144 2690 392
6145 4125 326
6146 1928 398
6147 3581 422
6148 3806 350
6149 4101 304
6150 839 292
6151 4554 331
6152 5115 409
6153 3958 138
6154 0 -1
6155 4062 303
6156 0 -1
6157 516 385
6158 1068 332
6159 6422 442
6160 1782 336
6161 4766 305
6162 3596 144
6163 2794 312
6164 5065 216
6165 1505 183
6166 2804 346
6167 2364 173
6168 660 408
6169 3681 419
6170 3277 339
6171 1693 359
6172 5065 230
6173 2114 331
6174 4217 333
6175 132 373
6176 5229 330
6177 2800 311
6178 5810 367
6179 1358 416
6180 4907 361
6181 1115 361
6182 0 -1
6183 4663 322
6184 1464 365
6185 3770 273
6186 2295 439
6187 3637 477
6188 1424 263
6189 3234 378
6190 5499 334
6191 1349 498
6192 1559 326
6193 2400 331
6194 4265 448
6195 1437 371
6196 2106 286
6197 4957 341
6198 0 -1
6199 2915 265
6200 1272 289
6201 3515 369
6202 2361 365
6203 979 337
6204 5302 276
6205 1732 228
6206 470 274
6207 3437 294
6208 5465 412
6209 3692 478
6210 0 -1
6211 4889 334
6212 315 366
6213 4480 335
6214 433 260
6215 2448 327
6216 4731 481
6217 3229 379
6218 102 350
6219 3450 280
6220 0 -1
6221 1170 359
6222 4241 270
6223 6432 471
6224 4691 440
6225 4191 278
6226 5859 306
6227 2146 400
6228 1385 297
6229 3056 339
6230 2775 368
6231 979 332
6232 3226 272
6233 421 376
6234 0 -1
6235 1244 356
6236 2221 276
6237 2930 352
6238 0 -1
6239 2160 261
6240 1725 400
6241 4492 375
6242 1924 319
6243 4651 382
6244 3750 257
6245 6228 359
6246 4743 399
6247 5221 371
6248 2259 243
6249 6346 435
6250 1762 323
6251 1957 352
6252 3134 329
6253 4994 326
6254 2795 355
6255 5382 387
6256 5799 252
6257 6597 362
6258 8 206
6259 3677 403
6260 5880 359
6261 2016 379
6262 6466 292
6263 0 -1
6264 6193 331
6265 1363 337
6266 2829 443
6267 3153 360
6268 431 289
6269 2739 244
6270 1996 152
6271 1817 280
6272 6497 376
6273 6362 388
6274 3251 370
6275 0 -1
6276 5880 328
6277 6242 388
6278 5121 327
6279 1014 419
6280 3602 356
6281 4149 461
6282 2356 340
6283 1448 403
6284 247 270
6285 1961 392
6286 3506 421
6287 5133 280
6288 2902 361
6289 3044 422
6290 3774 372
6291 5817 362
6292 0 -1
6293 3076 378
6294 6454 355
6295 5564 377
6296 4874 350
6297 844 262
6298 3394 235
6299 2361 293
6300 2502 442
6301 6361 303
6302 3510 414
6303 2699 316
6304 927 418
6305 2935 218
6306 0 -1
6307 2693 314
6308 0 -1
6309 8 277
6310 2656 351
6311 1824 398
6312 2650 361
6313 857 351
6314 3644 770
6315 2243 262
6316 4935 425
6317 999 378
6318 6545 247
6319 4591 322
6320 4194 326
6321 777 394
6322 2699 330
6323 2355 372
6324 5499 299
6325 3394 211
6326 5932 276
6327 4295 361
6328 2915 253
6329 5817 346
6330 2528 298
6331 1005 456
6332 4827 365
6333 1536 281
6334 4252 286
6335 1404 358
6336 5291 332
6337 1612 380
6338 0 -1
6339 505 359
6340 1431 266
6341 4307 379
6342 4741 325
6343 2805 376
6344 3299 327
6345 2167 277
6346 2418 342
6347 4491 347
6348 2627 152
6349 767 343
6350 1054 345
6351 1806 344
6352 794 384
6353 110 412
6354 410 355
6355 362 376
6356 1781 536
6357 0 -1
6358 1278 307
6359 2188 390
6360 2400 268
6361 3440 292
6362 5952 353
6363 4403 356
6364 2115 449
6365 1071 239
6366 5033 451
6367 3525 206
6368 4371 462
6369 189 341
6370 0 -1
6371 4000 577
6372 5260 271
6373 2886 356
6374 4360 423
6375 783 370
6376 4302 500
6377 3356 399
6378 2981 376
6379 3525 179
6380 4206 217
6381 0 -1
6382 122 281
6383 4937 345
6384 1186 383
6385 5111 426
6386 1830 275
6387 5109 441
6388 4798 346
6389 1175 297
6390 3974 377
6391 2106 350
6392 2103 371
6393 4553 318
6394 3344 349
6395 4464 254
6396 2776 303
6397 6578 501
6398 5407 534
6399 2489 339
6400 0 -1
6401 969 538
6402 3671 335
6403 5034 324
6404 1879 298
6405 4600 313
6406 1737 295
6407 3928 338
6408 1550 400
6409 4719 422
6410 5884 268
6411 4707 376
6412 4194 327
6413 4596 334
6414 0 -1
6415 0 -1
6416 2440 313
6417 4847 374
6418 0 -1
6419 5502 244
6420 980 360
6421 6589 393
6422 1468 344
6423 0 -1
6424 5034 314
6425 0 -1
6426 3193 357
6427 1039 324
6428 0 -1
6429 6108 288
6430 1601 400
6431 4580 444
6432 1060 390
6433 6557 426
6434 4760 239
6435 6043 330
6436 4728 308
6437 5167 364
6438 1405 398
6439 2316 323
6440 3666 431
6441 113 330
6442 2372 318
6443 5777 280
6444 6429 334
6445 3190 451
6446 3554 411
6447 3549 340
6448 5820 409
6449 1465 398
6450 1892 362
6451 563 312
6452 3364 322
6453 0 -1
6454 3696 344
6455 2565 334
6456 5323 368
6457 1825 366
6458 2640 325
6459 4537 346
6460 5802 334
6461 3078 297
6462 4337 405
6463 4519 389
6464 5282 431
6465 2834 374
6466 900 234
6467 4022 341
6468 4996 312
6469 5174 476
6470 1441 307
6471 5761 281
6472 0 -1
6473 2566 444
6474 6475 194
6475 4955 152
6476 1102 295
6477 563 318
6478 5097 281
6479 4134 363
6480 4495 299
6481 2640 369
6482 1408 299
6483 2426 315
6484 5927 198
6485 6269 343
6486 2266 485
6487 925 237
6488 4255 328
6489 589 397
6490 2777 378
6491 6551 273
6492 3546 341
6493 5672 353
6494 1658 327
6495 2523 381
6496 3265 313
6497 6584 286
6498 1667 430
6499 3207 483
6500 2985 306
6501 5768 415
6502 1796 420
6503 6265 388
6504 3449 363
6505 1952 221
6506 3542 380
6507 6242 331
6508 557 232
6509 924 282
6510 2323 380
6511 3556 227
6512 4748 272
6513 6458 364
6514 0 -1
6515 4887 399
6516 5085 472
6517 5449 324
6518 3632 393
6519 4993 308
6520 2333 462
6521 4938 543
6522 857 326
6523 1670 248
6524 5256 76
6525 759 424
6526 2764 324
6527 5304 259
6528 2529 382
6529 5069 321
6530 2752 244
6531 4391 306
6532 359 371
6533 5496 385
6534 3921 263
6535 1968 307
6536 790 383
6537 3203 258
6538 4597 474
6539 5454 404
6540 3673 461
6541 1358 401
6542 1108 344
6543 3494 344
6544 3708 280
6545 2864 196
6546 1124 428
6547 3034 357
6548 1537 360
6549 2193 298
6550 4918 347
6551 3254 229
6552 3681 468
6553 6231 375
6554 4479 384
6555 5700 391
6556 1908 256
6557 6386 319
6558 5627 441
6559 1079 393
6560 3342 315
6561 6200 320
6562 3799 355
6563 4437 356
6564 2772 392
6565 6160 375
6566 1219 373
6567 2805 344
6568 3943 360
6569 2467 299
6570 4289 299
6571 657 352
6572 3167 455
6573 6222 336
6574 2847 386
6575 2724 279
6576 3717 184
6577 4070 328
6578 6438 471
6579 2901 288
6580 3662 301
6581 2559 319
6582 0 -1
6583 0 -1
6584 6524 179
6585 1343 242
6586 3496 310
6587 2813 293
6588 4289 293
6589 5650 329
6590 4587 343
6591 3543 301
6592 1357 434
6593 0 -1
6594 1088 238
6595 2103 362
6596 5100 349
6597 644 344
6598 3045 323
6599 2355 372
6600 18 52
