23
1 0 -1
2 3470 586
3 0 -1
4 6032 396
5 5624 547
6 0 -1
7 2732 559
8 3126 134
9 192 478
10 3773 365
11 6527 467
12 0 -1
13 1569 367
14 23 112
15 1809 443
16 1402 530
17 6475 417
18 2640 461
19 1860 530
20 3615 361
21 45 256
22 5484 432
23 23 0
24 2859 468
25 151 506
26 4645 456
27 5499 443
28 5025 499
29 3318 456
30 6534 514
31 0 -1
32 116 548
33 5737 442
34 1486 447
35 3484 505
36 2248 578
37 4818 452
38 1930 383
39 4330 340
40 3846 481
41 3369 524
42 2019 391
43 558 461
44 4291 321
45 2007 253
46 134 578
47 1617 760
48 790 440
49 4119 478
50 3169 565
51 3112 409
52 855 563
53 2095 513
54 3342 574
55 3324 519
56 4057 342
57 4190 404
58 0 -1
59 1504 354
60 6165 453
61 2535 475
62 2317 500
63 4774 433
64 4824 636
65 1562 305
66 1895 406
67 5642 506
68 0 -1
69 3382 554
70 942 346
71 906 472
72 3826 463
73 4828 635
74 1053 333
75 4233 369
76 6051 422
77 5142 544
78 410 454
79 110 481
80 4228 453
81 2805 509
82 5839 483
83 101 450
84 2074 484
85 4959 238
86 2358 373
87 4286 493
88 288 473
89 5345 566
90 20 371
91 227 504
92 0 -1
93 3318 389
94 1782 575
95 4266 492
96 3214 520
97 3520 363
98 1126 519
99 6196 466
100 5871 255
101 2064 449
102 4115 335
103 142 417
104 2593 384
105 4525 400
106 1292 479
107 5962 517
108 5195 462
109 6020 506
110 6389 413
111 6464 498
112 1259 573
113 4057 378
114 4103 333
115 25 578
116 22 543
117 939 507
118 252 453
119 4447 525
120 3289 862
121 3867 568
122 4339 477
123 99 508
124 0 -1
125 2800 389
126 4100 423
127 1353 508
128 1016 369
129 5545 551
130 48 537
131 4231 412
132 6591 470
133 6529 518
134 3709 560
135 1253 425
136 1491 400
137 337 554
138 0 -1
139 3453 494
140 3231 570
141 4311 434
142 4261 394
143 5953 476
144 1488 426
145 2453 468
146 3732 479
147 3003 531
148 2669 534
149 129 595
150 521 595
151 2566 415
152 528 585
153 2019 387
154 5218 483
155 5998 384
156 1277 393
157 0 -1
158 5284 504
159 4421 513
160 1932 434
161 1968 429
162 1900 573
163 5715 438
164 5680 501
165 0 -1
166 2602 579
167 832 465
168 4970 310
169 1227 488
170 1054 450
171 0 -1
172 4318 470
173 3080 283
174 4548 433
175 4084 579
176 1059 519
177 1156 520
178 3798 427
179 3946 410
180 6137 410
181 4693 358
182 4258 466
183 2409 462
184 3889 527
185 4619 417
186 3578 522
187 6334 461
188 6361 445
189 2756 525
190 0 -1
191 1933 507
192 6503 478
193 2831 545
194 5482 483
195 0 -1
196 5671 371
197 1323 588
198 6041 428
199 3641 442
200 1522 516
201 3771 484
202 4185 390
203 2941 447
204 4257 346
205 284 611
206 1705 409
207 211 544
208 4526 402
209 4990 474
210 3676 484
211 6278 471
212 0 -1
213 2091 418
214 6566 350
215 443 480
216 1704 568
217 3677 524
218 3897 421
219 1249 367
220 5591 477
221 5163 384
222 4360 380
223 5224 541
224 0 -1
225 0 -1
226 1302 519
227 168 399
228 2043 284
229 2174 464
230 4186 455
231 5330 458
232 4537 375
233 2494 542
234 3256 539
235 6099 672
236 3801 431
237 0 -1
238 3034 535
239 1849 400
240 4806 466
241 1283 459
242 0 -1
243 6179 511
244 1307 397
245 5612 512
246 842 416
247 2259 370
248 5915 481
249 870 552
250 1338 510
251 2053 649
252 1923 433
253 0 -1
254 615 510
255 5540 405
256 2485 531
257 4046 436
258 3244 522
259 0 -1
260 3699 486
261 467 424
262 5633 404
263 2244 433
264 1884 511
265 3619 545
266 279 481
267 274 425
268 5428 466
269 1809 498
270 3080 388
271 3932 522
272 1056 517
273 3181 482
274 359 381
275 5440 535
276 1307 381
277 0 -1
278 5281 379
279 5540 388
280 5321 532
281 925 512
282 5172 444
283 1809 445
284 1289 515
285 5697 644
286 1508 468
287 0 -1
288 3822 377
289 4289 435
290 93 405
291 2803 358
292 4920 530
293 4964 466
294 665 436
295 0 -1
296 1667 511
297 6535 480
298 5768 438
299 6048 315
300 3367 775
301 1959 410
302 4671 381
303 3641 535
304 461 576
305 4506 472
306 4294 542
307 3620 406
308 2137 489
309 6570 520
310 0 -1
311 4179 518
312 3009 404
313 2778 583
314 1058 312
315 5059 458
316 40 489
317 6137 417
318 3050 534
319 0 -1
320 6055 560
321 482 431
322 2606 496
323 5267 460
324 5509 453
325 4668 447
326 5323 376
327 3121 550
328 5225 430
329 2383 426
330 0 -1
331 5438 506
332 1088 474
333 3411 548
334 3691 513
335 5813 383
336 4224 483
337 5262 463
338 418 480
339 1149 417
340 3115 436
341 3126 241
342 1659 420
343 5570 528
344 1165 313
345 4964 420
346 2653 502
347 6267 414
348 347 472
349 2016 561
350 6236 466
351 530 419
352 5209 469
353 3467 552
354 2839 510
355 4762 554
356 982 509
357 3686 488
358 0 -1
359 685 315
360 2852 392
361 6050 447
362 308 570
363 6168 586
364 6015 432
365 252 438
366 1935 571
367 1070 409
368 4173 490
369 6243 427
370 1172 442
371 1970 398
372 3476 437
373 5374 462
374 2677 334
375 5577 471
376 2766 549
377 3176 434
378 3661 380
379 4793 515
380 0 -1
381 1740 489
382 1413 528
383 664 419
384 5025 500
385 4425 281
386 5077 416
387 5681 484
388 374 425
389 312 457
390 1439 511
391 6432 353
392 0 -1
393 2343 496
394 769 325
395 523 469
396 5343 438
397 4340 492
398 4302 575
399 2653 536
400 0 -1
401 4690 564
402 1619 411
403 1114 586
404 5556 430
405 5798 711
406 3682 494
407 998 381
408 4231 419
409 6373 567
410 4123 351
411 6363 478
412 3204 422
413 301 461
414 3764 630
415 1885 524
416 4480 443
417 653 382
418 222 455
419 5036 387
420 3347 451
421 630 475
422 4658 355
423 5287 386
424 5888 506
425 6008 402
426 793 519
427 4384 421
428 6257 493
429 3496 485
430 569 552
431 3926 309
432 749 529
433 4259 312
434 4263 482
435 6244 475
436 1880 537
437 2586 371
438 4983 381
439 2858 555
440 1722 384
441 3851 504
442 1530 548
443 5577 468
444 4924 565
445 23 29
446 39 351
447 1447 500
448 2841 542
449 2425 407
450 4940 640
451 0 -1
452 3973 418
453 766 579
454 739 456
455 6131 367
456 1019 493
457 4804 558
458 1940 395
459 1996 469
460 1224 511
461 2895 468
462 1647 549
463 4670 511
464 4671 429
465 1061 463
466 5952 390
467 3945 340
468 3810 424
469 3086 476
470 97 375
471 3224 508
472 6473 483
473 6273 454
474 65 352
475 2745 527
476 6580 544
477 3292 562
478 41 554
479 3382 451
480 578 442
481 6368 612
482 6137 423
483 4696 560
484 4770 491
485 2168 438
486 4968 473
487 3243 455
488 2461 472
489 2716 423
490 5544 489
491 1427 466
492 1803 568
493 164 536
494 2480 432
495 654 512
496 5288 382
497 4695 445
498 6354 344
499 0 -1
500 2696 477
501 0 -1
502 5957 464
503 3255 417
504 6463 514
505 4219 390
506 5020 399
507 3809 430
508 4998 760
509 474 448
510 4044 378
511 4847 529
512 4153 439
513 1249 406
514 2110 446
515 1875 534
516 79 499
517 6129 429
518 5157 251
519 3175 484
520 2003 550
521 3571 593
522 2738 298
523 940 374
524 3699 509
525 0 -1
526 1583 459
527 4135 485
528 3323 568
529 5075 416
530 4685 419
531 4597 510
532 3074 382
533 4491 519
534 0 -1
535 6596 449
536 3322 336
537 3766 564
538 2693 585
539 473 459
540 3347 504
541 5975 619
542 5904 560
543 4539 468
544 3149 531
545 6594 493
546 3765 558
547 6365 480
548 2870 452
549 0 -1
550 487 514
551 5135 444
552 629 322
553 6186 488
554 2539 468
555 4039 354
556 667 468
557 1235 423
558 1997 456
559 2081 489
560 0 -1
561 3050 471
562 3201 397
563 2930 500
564 3655 436
565 2338 503
566 1158 511
567 5561 402
568 114 370
569 5512 517
570 4869 384
571 0 -1
572 6473 460
573 1797 656
574 6188 452
575 4580 446
576 3880 527
577 4800 551
578 2480 336
579 3166 457
580 4911 388
581 1960 524
582 447 587
583 6369 583
584 5919 457
585 1258 536
586 2893 767
587 4700 447
588 1752 468
589 630 536
590 3200 422
591 1160 552
592 1153 578
593 513 410
594 4446 369
595 1673 378
596 4406 431
597 1676 483
598 1644 453
599 126 425
600 0 -1
601 5458 395
602 1847 521
603 2843 391
604 1122 494
605 1627 416
606 1786 595
607 3753 650
608 5754 407
609 2823 381
610 0 -1
611 4910 417
612 5838 435
613 5378 542
614 2506 496
615 5166 425
616 5825 513
617 3360 481
618 0 -1
619 2944 409
620 3431 428
621 2558 388
622 4353 443
623 0 -1
624 5438 508
625 1442 523
626 13 454
627 6161 545
628 5154 407
629 85 259
630 3784 418
631 2609 431
632 850 568
633 2847 615
634 1650 562
635 1889 460
636 4698 452
637 1659 411
638 536 386
639 3537 514
640 5632 401
641 5516 441
642 202 468
643 2465 481
644 5251 379
645 0 -1
646 6211 513
647 574 453
648 5063 464
649 0 -1
650 6309 158
651 682 389
652 321 530
653 1466 376
654 6032 482
655 0 -1
656 1927 430
657 5236 510
658 2484 495
659 2425 464
660 5013 508
661 5462 500
662 2409 461
663 1677 445
664 4393 380
665 6523 335
666 6014 534
667 1676 439
668 2210 543
669 2233 349
670 2334 373
671 6254 442
672 5751 456
673 6032 460
674 6230 516
675 3434 509
676 3053 502
677 3541 467
678 5227 312
679 6289 561
680 5330 533
681 401 583
682 2048 297
683 6012 410
684 5528 466
685 1618 286
686 1271 513
687 3366 539
688 4760 566
689 3443 498
690 2489 401
691 5989 393
692 496 453
693 3261 495
694 3512 444
695 241 520
696 6217 477
697 2944 404
698 4097 542
699 6216 443
700 839 501
701 914 533
702 3717 502
703 3019 588
704 4346 372
705 691 452
706 3201 444
707 2640 458
708 4222 670
709 3106 419
710 724 581
711 4136 487
712 2576 575
713 288 417
714 4581 508
715 3432 400
716 5231 509
717 6229 477
718 1548 400
719 5269 471
720 0 -1
721 2642 535
722 5455 456
723 4226 416
724 361 492
725 302 435
726 5499 436
727 937 456
728 246 520
729 3290 542
730 5584 519
731 2427 293
732 140 573
733 4554 464
734 360 416
735 5875 456
736 4874 529
737 5657 542
738 5187 470
739 4798 361
740 6459 462
741 1007 515
742 2814 426
743 2586 359
744 6500 418
745 174 513
746 3690 270
747 2696 468
748 5546 500
749 1313 473
750 4348 364
751 4981 456
752 1553 447
753 1136 618
754 5167 524
755 999 398
756 3532 533
757 5332 310
758 3898 517
759 1057 505
760 4094 351
761 6069 444
762 1889 543
763 1385 490
764 1002 528
765 6114 410
766 3305 472
767 5768 389
768 6420 470
769 3126 213
770 4100 527
771 3939 426
772 2080 565
773 2694 456
774 1925 508
775 6464 533
776 2735 454
777 3055 459
778 2035 453
779 1715 535
780 4994 473
781 2739 373
782 4094 314
783 2756 564
784 413 461
785 5258 512
786 4118 492
787 5671 412
788 6270 486
789 0 -1
790 2747 425
791 1288 377
792 6217 543
793 2351 467
794 2642 478
795 547 501
796 1597 628
797 6365 560
798 1160 465
799 4529 473
800 1999 487
801 3307 615
802 4806 434
803 0 -1
804 3109 336
805 3240 400
806 1295 562
807 2267 452
808 1986 403
809 3965 610
810 0 -1
811 852 711
812 4671 373
813 3649 607
814 3154 600
815 0 -1
816 1584 574
817 6243 527
818 476 636
819 0 -1
820 0 -1
821 2883 481
822 4442 531
823 923 584
824 641 488
825 4663 636
826 4222 612
827 2973 370
828 5493 501
829 3083 601
830 4928 472
831 1103 374
832 812 392
833 2173 476
834 5656 429
835 6218 462
836 558 462
837 6314 865
838 4985 451
839 5302 453
840 4254 452
841 1363 489
842 5834 411
843 1235 413
844 2803 310
845 6265 402
846 510 496
847 937 518
848 4145 324
849 2377 433
850 2706 507
851 5081 577
852 2320 611
853 6416 399
854 3459 338
855 3257 468
856 1574 541
857 2841 512
858 999 367
859 1372 442
860 4259 366
861 1333 521
862 0 -1
863 4159 452
864 5952 378
865 5428 395
866 4473 453
867 668 559
868 653 492
869 4342 568
870 5499 484
871 6113 607
872 0 -1
873 4834 479
874 2561 376
875 3208 458
876 3198 519
877 2785 501
878 6311 397
879 4632 436
880 200 524
881 6296 515
882 2422 624
883 0 -1
884 5400 543
885 1526 509
886 5754 411
887 312 501
888 6224 491
889 1757 515
890 1712 533
891 1268 522
892 2859 520
893 4814 457
894 1709 508
895 1339 563
896 5738 531
897 423 444
898 5598 491
899 879 538
900 1383 460
901 2691 442
902 3530 424
903 5853 496
904 1306 567
905 5716 510
906 1209 440
907 537 570
908 3632 697
909 1317 478
910 4670 447
911 2042 488
912 6065 444
913 2316 469
914 419 445
915 6120 451
916 1368 467
917 3849 444
918 1822 519
919 4963 436
920 4512 492
921 6312 543
922 2466 516
923 5681 490
924 378 497
925 1880 472
926 2817 300
927 5321 561
928 352 551
929 4608 809
930 4787 623
931 76 452
932 5556 364
933 5409 541
934 1759 437
935 0 -1
936 6194 544
937 3937 437
938 5173 533
939 968 456
940 5530 373
941 5596 303
942 1343 336
943 247 418
944 4062 487
945 2106 505
946 1040 522
947 445 102
948 0 -1
949 3508 486
950 5296 448
951 3810 433
952 3592 409
953 3737 484
954 4923 539
955 2947 582
956 3809 456
957 2205 457
958 6072 494
959 4963 419
960 6499 541
961 0 -1
962 2986 464
963 4457 465
964 0 -1
965 1877 549
966 5772 351
967 3121 467
968 594 456
969 3634 556
970 1249 424
971 3274 494
972 864 403
973 2563 418
974 5097 458
975 5290 573
976 39 418
977 2899 445
978 0 -1
979 2378 530
980 4879 479
981 0 -1
982 114 391
983 746 296
984 2290 527
985 770 595
986 5263 618
987 564 483
988 4101 435
989 4889 507
990 42 445
991 2878 494
992 0 -1
993 0 -1
994 968 524
995 5338 480
996 2439 479
997 704 445
998 2817 268
999 3204 359
1000 2891 412
1001 42 500
1002 4068 461
1003 3244 533
1004 1535 423
1005 2091 352
1006 583 625
1007 1909 489
1008 41 574
1009 5383 397
1010 0 -1
1011 0 -1
1012 3123 574
1013 2434 377
1014 3277 562
1015 4522 423
1016 1103 330
1017 2122 484
1018 1183 492
1019 2353 467
1020 1372 445
1021 1622 451
1022 5151 460
1023 214 358
1024 2900 452
1025 4383 453
1026 2178 503
1027 3387 418
1028 1893 315
1029 1413 485
1030 3969 550
1031 2464 610
1032 2112 495
1033 4821 591
1034 1246 557
1035 3458 484
1036 5011 570
1037 5123 482
1038 44 372
1039 5139 489
1040 5039 440
1041 2081 520
1042 4756 613
1043 4990 467
1044 910 527
1045 5619 544
1046 230 575
1047 0 -1
1048 489 445
1049 6159 448
1050 509 457
1051 4291 356
1052 72 474
1053 2250 311
1054 4576 418
1055 596 507
1056 2487 509
1057 4105 414
1058 522 312
1059 561 479
1060 5174 232
1061 4814 362
1062 3917 470
1063 5969 438
1064 3327 531
1065 2950 415
1066 5462 509
1067 0 -1
1068 4920 450
1069 4903 561
1070 5675 395
1071 5163 448
1072 4510 506
1073 3273 294
1074 176 597
1075 2655 409
1076 4690 489
1077 5131 439
1078 2365 533
1079 966 441
1080 723 508
1081 101 537
1082 5447 422
1083 1442 515
1084 1101 376
1085 0 -1
1086 2696 445
1087 0 -1
1088 4416 417
1089 0 -1
1090 3520 373
1091 0 -1
1092 808 447
1093 4693 377
1094 4830 458
1095 4322 404
1096 3180 424
1097 6591 451
1098 4264 476
1099 372 506
1100 3544 656
1101 1053 357
1102 6527 442
1103 3670 272
1104 4158 466
1105 273 561
1106 23 0
1107 0 -1
1108 5316 439
1109 4515 571
1110 717 528
1111 6031 502
1112 4912 457
1113 1289 452
1114 3228 556
1115 3437 454
1116 0 -1
1117 2325 500
1118 4809 634
1119 3929 505
1120 5062 570
1121 977 512
1122 2843 396
1123 3154 556
1124 5305 425
1125 3811 447
1126 2434 477
1127 506 509
1128 1313 467
1129 1709 508
1130 4109 423
1131 4913 385
1132 3096 570
1133 536 351
1134 5308 565
1135 914 486
1136 4336 521
1137 0 -1
1138 2941 462
1139 5924 471
1140 1583 576
1141 1866 407
1142 4731 390
1143 3608 496
1144 1218 437
1145 48 522
1146 0 -1
1147 3650 531
1148 299 371
1149 4422 387
1150 2152 575
1151 5207 776
1152 4899 588
1153 6476 479
1154 2856 403
1155 4451 383
1156 621 488
1157 0 -1
1158 2900 418
1159 1918 590
1160 5949 458
1161 3356 557
1162 5736 529
1163 4281 378
1164 2417 488
1165 85 295
1166 822 554
1167 4596 470
1168 5847 384
1169 2063 598
1170 5327 510
1171 5525 494
1172 4044 374
1173 4967 407
1174 2461 470
1175 6269 342
1176 473 501
1177 2799 443
1178 4767 509
1179 1344 591
1180 691 415
1181 1144 468
1182 2095 415
1183 236 461
1184 2990 571
1185 4 415
1186 4753 372
1187 704 382
1188 275 603
1189 3258 452
1190 3158 609
1191 1236 474
1192 1582 530
1193 6555 420
1194 4989 397
1195 5647 466
1196 6066 479
1197 4904 503
1198 349 606
1199 3953 462
1200 1045 567
1201 5082 447
1202 1288 316
1203 4667 646
1204 4294 512
1205 5088 535
1206 865 462
1207 6225 501
1208 5003 364
1209 4560 396
1210 6114 416
1211 2120 539
1212 6329 439
1213 5214 550
1214 2683 429
1215 950 546
1216 3926 405
1217 3527 739
1218 609 432
1219 6530 514
1220 3080 282
1221 407 424
1222 3074 393
1223 6366 608
1224 3022 459
1225 2833 470
1226 4094 283
1227 261 426
1228 6076 455
1229 3247 526
1230 6078 352
1231 0 -1
1232 3521 463
1233 0 -1
1234 3066 511
1235 854 402
1236 2791 377
1237 3475 466
1238 4218 441
1239 1856 537
1240 2985 451
1241 1895 364
1242 3295 458
1243 3897 461
1244 2349 433
1245 0 -1
1246 4316 530
1247 3333 496
1248 5709 510
1249 4057 362
1250 1483 466
1251 4322 424
1252 2556 476
1253 1051 420
1254 5172 483
1255 4910 465
1256 6371 678
1257 5668 474
1258 4476 464
1259 3235 493
1260 2890 493
1261 2878 534
1262 6509 496
1263 5053 593
1264 5225 521
1265 2973 311
1266 2580 506
1267 2111 449
1268 174 480
1269 937 472
1270 3302 453
1271 1284 489
1272 3063 487
1273 1103 338
1274 2880 509
1275 782 381
1276 2803 357
1277 359 335
1278 4489 400
1279 6121 506
1280 2769 482
1281 1724 482
1282 1655 701
1283 6240 403
1284 1447 473
1285 3764 633
1286 1509 598
1287 2731 610
1288 1827 292
1289 1278 411
1290 1174 506
1291 4368 456
1292 1334 468
1293 4488 522
1294 5877 522
1295 3822 482
1296 2688 417
1297 0 -1
1298 6531 494
1299 3208 425
1300 5853 423
1301 4719 486
1302 2193 427
1303 2295 502
1304 6188 467
1305 0 -1
1306 2853 491
1307 3773 381
1308 4762 527
1309 5605 711
1310 4291 305
1311 4723 524
1312 947 118
1313 2297 451
1314 2410 452
1315 581 619
1316 0 -1
1317 2425 460
1318 5632 477
1319 2791 463
1320 1622 472
1321 3992 553
1322 5366 468
1323 3861 525
1324 0 -1
1325 1719 597
1326 2480 430
1327 6305 513
1328 5735 428
1329 3651 526
1330 719 584
1331 4471 515
1332 0 -1
1333 4691 442
1334 90 379
1335 1395 501
1336 4554 423
1337 6188 452
1338 3782 495
1339 1228 560
1340 741 556
1341 912 449
1342 2739 373
1343 4825 303
1344 5031 528
1345 5627 500
1346 6508 459
1347 6547 458
1348 5681 381
1349 3534 431
1350 4170 333
1351 3216 478
1352 5277 525
1353 1968 453
1354 3092 425
1355 5755 509
1356 2016 548
1357 3119 505
1358 3721 445
1359 0 -1
1360 1372 407
1361 1343 411
1362 3640 582
1363 1131 395
1364 682 336
1365 2981 450
1366 3445 549
1367 1991 519
1368 4226 440
1369 5644 565
1370 206 520
1371 1537 538
1372 173 338
1373 4911 371
1374 4631 579
1375 3387 493
1376 0 -1
1377 3774 548
1378 0 -1
1379 6402 520
1380 0 -1
1381 416 500
1382 4563 532
1383 2813 447
1384 2691 451
1385 470 390
1386 1731 453
1387 3541 441
1388 886 423
1389 2177 425
1390 4444 558
1391 4283 451
1392 2377 369
1393 3561 447
1394 6552 564
1395 312 441
1396 5360 447
1397 4980 473
1398 1885 584
1399 3939 473
1400 2186 615
1401 1293 532
1402 1066 510
1403 6256 449
1404 3862 398
1405 1683 514
1406 4606 598
1407 1166 586
1408 2081 482
1409 2221 449
1410 6297 339
1411 0 -1
1412 1932 423
1413 2172 412
1414 0 -1
1415 1762 415
1416 6361 448
1417 443 516
1418 5632 406
1419 3862 480
1420 3118 517
1421 947 212
1422 0 -1
1423 5352 566
1424 5433 415
1425 3106 502
1426 849 474
1427 1933 452
1428 2645 584
1429 279 413
1430 4780 458
1431 2152 502
1432 181 412
1433 2410 477
1434 506 464
1435 504 515
1436 4596 504
1437 3386 487
1438 0 -1
1439 4760 492
1440 2770 454
1441 884 567
1442 236 506
1443 142 412
1444 3952 483
1445 3647 431
1446 5575 443
1447 1866 427
1448 3953 469
1449 4286 496
1450 1987 482
1451 3169 516
1452 5140 490
1453 4862 556
1454 4778 525
1455 0 -1
1456 2338 415
1457 3115 437
1458 2794 245
1459 4700 415
1460 2005 616
1461 834 464
1462 489 462
1463 3200 513
1464 1739 450
1465 6273 542
1466 6048 358
1467 3027 653
1468 726 441
1469 219 426
1470 5106 552
1471 3888 487
1472 3044 578
1473 562 400
1474 1850 458
1475 543 502
1476 5776 434
1477 1857 522
1478 4660 466
1479 3845 414
1480 388 468
1481 187 470
1482 1559 420
1483 5700 436
1484 1937 522
1485 0 -1
1486 2683 438
1487 6537 343
1488 1364 403
1489 4896 577
1490 1877 541
1491 2901 344
1492 0 -1
1493 0 -1
1494 0 -1
1495 2253 498
1496 1369 599
1497 4924 558
1498 2208 511
1499 4522 446
1500 1525 523
1501 2159 427
1502 1428 639
1503 4795 368
1504 85 289
1505 5314 390
1506 5154 417
1507 3876 473
1508 173 348
1509 6512 555
1510 4669 518
1511 6255 358
1512 173 309
1513 6459 345
1514 480 508
1515 5366 496
1516 6213 475
1517 4852 564
1518 4918 450
1519 909 526
1520 0 -1
1521 4974 535
1522 5764 476
1523 0 -1
1524 2518 476
1525 3602 421
1526 5447 422
1527 1260 497
1528 4329 591
1529 2168 492
1530 5917 492
1531 5057 366
1532 4088 510
1533 6010 522
1534 3037 381
1535 3432 379
1536 1940 479
1537 335 493
1538 2690 499
1539 5761 424
1540 5394 353
1541 2259 452
1542 5856 437
1543 6133 549
1544 5999 468
1545 3950 509
1546 0 -1
1547 1026 521
1548 74 355
1549 370 533
1550 886 423
1551 6267 433
1552 2059 359
1553 858 423
1554 5913 406
1555 0 -1
1556 4248 530
1557 3800 519
1558 5570 600
1559 3347 392
1560 2645 538
1561 374 349
1562 5521 276
1563 2406 599
1564 3890 491
1565 0 -1
1566 6492 557
1567 4187 520
1568 0 -1
1569 2677 311
1570 3152 521
1571 5394 432
1572 4737 476
1573 356 535
1574 5338 439
1575 4633 557
1576 4182 502
1577 4665 559
1578 685 316
1579 0 -1
1580 4152 495
1581 2635 648
1582 5698 502
1583 2060 456
1584 6574 498
1585 1208 374
1586 1860 464
1587 6174 511
1588 26 509
1589 213 440
1590 6256 480
1591 465 483
1592 1917 557
1593 1056 577
1594 6434 401
1595 640 434
1596 90 476
1597 1601 528
1598 2656 553
1599 6467 466
1600 1740 499
1601 2677 423
1602 1833 515
1603 2344 519
1604 3662 515
1605 6144 485
1606 2535 523
1607 4980 474
1608 5209 522
1609 5989 349
1610 4331 522
1611 0 -1
1612 77 546
1613 4633 478
1614 3643 519
1615 4725 591
1616 1223 691
1617 130 640
1618 650 243
1619 2480 359
1620 5331 539
1621 468 515
1622 1459 426
1623 3798 503
1624 2425 402
1625 1746 512
1626 2570 560
1627 5238 406
1628 2261 515
1629 3063 501
1630 1516 496
1631 6537 404
1632 1650 561
1633 5870 461
1634 4279 468
1635 3916 444
1636 1446 506
1637 603 466
1638 2730 557
1639 2115 592
1640 1518 453
1641 4795 312
1642 2518 528
1643 5225 460
1644 5100 411
1645 359 406
1646 3230 472
1647 6076 477
1648 26 456
1649 0 -1
1650 4279 471
1651 4974 430
1652 5225 454
1653 5526 481
1654 846 567
1655 1059 598
1656 5502 426
1657 5297 543
1658 2649 386
1659 1983 392
1660 2784 550
1661 793 474
1662 2090 480
1663 983 325
1664 449 419
1665 66 483
1666 6561 463
1667 5738 463
1668 1996 484
1669 2774 442
1670 270 408
1671 0 -1
1672 1941 528
1673 65 314
1674 5969 402
1675 1582 544
1676 3772 402
1677 3838 358
1678 2543 476
1679 5077 447
1680 3317 531
1681 4115 421
1682 2374 565
1683 352 469
1684 3038 486
1685 2851 508
1686 5490 507
1687 1888 402
1688 474 439
1689 0 -1
1690 491 527
1691 6598 390
1692 2873 493
1693 1559 434
1694 5116 425
1695 2789 422
1696 1238 535
1697 3815 470
1698 244 468
1699 2112 545
1700 4368 421
1701 5525 500
1702 795 613
1703 1236 471
1704 4409 528
1705 4360 380
1706 942 409
1707 6014 507
1708 3493 504
1709 3511 446
1710 595 418
1711 6172 517
1712 879 474
1713 2309 495
1714 1756 493
1715 5783 428
1716 0 -1
1717 0 -1
1718 5777 405
1719 6066 478
1720 6367 503
1721 3475 433
1722 4346 374
1723 2824 553
1724 5163 441
1725 699 443
1726 3068 576
1727 6218 467
1728 4481 430
1729 1481 582
1730 709 521
1731 5163 407
1732 6072 473
1733 4479 537
1734 1925 527
1735 0 -1
1736 66 485
1737 6110 518
1738 4172 521
1739 1860 446
1740 2377 408
1741 1745 450
1742 4687 497
1743 6245 529
1744 2562 467
1745 2971 413
1746 4263 454
1747 0 -1
1748 3598 472
1749 5301 492
1750 2694 456
1751 175 590
1752 3918 394
1753 0 -1
1754 482 434
1755 2417 470
1756 3862 421
1757 5135 405
1758 2056 630
1759 4170 346
1760 3273 293
1761 2446 553
1762 470 390
1763 5694 439
1764 246 439
1765 0 -1
1766 270 476
1767 4254 434
1768 5077 421
1769 4450 500
1770 6063 530
1771 0 -1
1772 0 -1
1773 2439 457
1774 2921 511
1775 137 645
1776 1408 510
1777 6495 517
1778 5057 401
1779 1206 498
1780 3731 507
1781 2142 552
1782 1724 534
1783 355 595
1784 3265 454
1785 1236 442
1786 5794 556
1787 3459 334
1788 1518 453
1789 1534 455
1790 5871 316
1791 4814 458
1792 1097 457
1793 1350 413
1794 5823 528
1795 1745 428
1796 2141 562
1797 4036 620
1798 0 -1
1799 0 -1
1800 0 -1
1801 0 -1
1802 2615 463
1803 4774 450
1804 3087 359
1805 5841 485
1806 6297 389
1807 206 484
1808 698 607
1809 1028 426
1810 3681 463
1811 108 518
1812 274 413
1813 4394 224
1814 4150 421
1815 3363 484
1816 6223 419
1817 1691 405
1818 2063 596
1819 3158 576
1820 0 -1
1821 5695 475
1822 5065 460
1823 628 480
1824 4098 404
1825 5447 456
1826 1043 577
1827 685 290
1828 713 471
1829 4760 455
1830 5458 407
1831 5162 558
1832 0 -1
1833 1141 429
1834 420 490
1835 4966 598
1836 5544 480
1837 136 401
1838 2483 476
1839 3293 718
1840 5166 369
1841 5367 597
1842 5208 479
1843 6232 487
1844 0 -1
1845 6268 431
1846 3419 496
1847 982 468
1848 5934 505
1849 2608 386
1850 5324 422
1851 3600 566
1852 1715 491
1853 192 485
1854 3764 542
1855 593 468
1856 1647 525
1857 1333 505
1858 5999 433
1859 5209 465
1860 5428 438
1861 4921 476
1862 2918 502
1863 828 553
1864 5159 537
1865 2889 597
1866 4425 343
1867 2259 355
1868 1131 421
1869 3692 365
1870 5397 409
1871 3876 401
1872 5109 466
1873 3701 460
1874 3064 552
1875 3232 524
1876 0 -1
1877 2114 450
1878 3078 508
1879 3489 508
1880 6080 418
1881 0 -1
1882 6427 383
1883 2752 465
1884 6329 426
1885 4315 511
1886 0 -1
1887 5095 508
1888 102 380
1889 3343 452
1890 3594 524
1891 2045 567
1892 4065 530
1893 1618 297
1894 4499 711
1895 2963 324
1896 5128 458
1897 6531 431
1898 2820 415
1899 0 -1
1900 6336 461
1901 1106 42
1902 1153 518
1903 3659 486
1904 2048 295
1905 4094 270
1906 0 -1
1907 2586 325
1908 2328 565
1909 5856 407
1910 1035 546
1911 6374 452
1912 4837 434
1913 0 -1
1914 98 592
1915 2004 393
1916 5905 403
1917 2325 485
1918 293 495
1919 2631 492
1920 636 526
1921 5774 659
1922 1708 527
1923 2563 419
1924 2255 496
1925 3755 424
1926 359 392
1927 2814 416
1928 678 370
1929 1845 433
1930 5897 295
1931 3605 433
1932 4715 401
1933 834 431
1934 3432 363
1935 3369 514
1936 6492 466
1937 4857 517
1938 6255 400
1939 1016 368
1940 4173 383
1941 2236 442
1942 323 495
1943 2436 379
1944 1618 318
1945 3356 558
1946 5385 647
1947 2568 636
1948 2194 502
1949 6467 482
1950 2746 638
1951 2552 520
1952 4910 424
1953 2295 423
1954 4782 555
1955 5542 706
1956 603 471
1957 5713 381
1958 0 -1
1959 204 408
1960 3942 477
1961 3384 443
1962 5289 536
1963 4970 328
1964 6399 447
1965 0 -1
1966 5261 512
1967 0 -1
1968 4591 424
1969 2231 544
1970 1023 389
1971 5793 599
1972 3249 467
1973 0 -1
1974 460 512
1975 3214 470
1976 1897 495
1977 4306 518
1978 567 419
1979 6043 456
1980 2155 527
1981 436 595
1982 0 -1
1983 1372 391
1984 0 -1
1985 2240 464
1986 5596 298
1987 1155 413
1988 3188 581
1989 4050 488
1990 6375 535
1991 4280 403
1992 2267 480
1993 0 -1
1994 2335 301
1995 4750 461
1996 5071 364
1997 2507 447
1998 4441 559
1999 467 411
2000 3647 508
2001 0 -1
2002 973 434
2003 1651 481
2004 3690 357
2005 3708 553
2006 0 -1
2007 5606 154
2008 4999 445
2009 5611 492
2010 1253 470
2011 0 -1
2012 3773 408
2013 2863 418
2014 5651 560
2015 5528 460
2016 5099 490
2017 1111 525
2018 1288 362
2019 5383 354
2020 5541 549
2021 5417 534
2022 5965 548
2023 2322 520
2024 6300 535
2025 3075 504
2026 5133 514
2027 6466 465
2028 0 -1
2029 6559 538
2030 0 -1
2031 4004 402
2032 3305 458
2033 5377 383
2034 4471 454
2035 2993 359
2036 0 -1
2037 1304 554
2038 0 -1
2039 181 414
2040 5530 348
2041 5044 432
2042 1898 429
2043 2626 271
2044 2843 433
2045 864 494
2046 4796 465
2047 2838 416
2048 5157 240
2049 0 -1
2050 2417 476
2051 3797 617
2052 2787 446
2053 686 590
2054 723 527
2055 6129 441
2056 4874 535
2057 2667 462
2058 4416 411
2059 85 338
2060 4798 382
2061 2099 473
2062 4246 483
2063 1739 544
2064 1236 449
2065 684 478
2066 5734 474
2067 4885 469
2068 5438 528
2069 5247 434
2070 3628 619
2071 2745 586
2072 417 477
2073 2048 332
2074 4564 480
2075 5126 639
2076 0 -1
2077 2921 496
2078 3400 575
2079 5897 333
2080 5410 471
2081 5760 438
2082 6536 536
2083 6403 463
2084 3149 472
2085 4191 470
2086 3578 486
2087 634 616
2088 6066 492
2089 1323 597
2090 80 479
2091 2903 332
2092 3513 505
2093 5458 382
2094 523 390
2095 1202 400
2096 0 -1
2097 421 535
2098 1194 442
2099 3958 472
2100 6247 576
2101 2236 468
2102 3892 501
2103 5665 332
2104 396 449
2105 2788 423
2106 1473 414
2107 547 531
2108 3994 631
2109 4812 530
2110 2720 444
2111 4793 446
2112 1651 438
2113 3132 677
2114 1552 368
2115 1294 564
2116 3155 386
2117 4738 465
2118 6455 550
2119 5140 588
2120 2300 495
2121 5401 617
2122 4697 431
2123 6239 534
2124 2685 587
2125 4568 479
2126 5828 452
2127 5516 521
2128 0 -1
2129 848 364
2130 6010 506
2131 2079 436
2132 6013 616
2133 1299 431
2134 2321 499
2135 2940 521
2136 4987 426
2137 4287 449
2138 4273 407
2139 3325 520
2140 5317 529
2141 821 500
2142 764 534
2143 714 537
2144 3789 432
2145 6250 513
2146 5785 511
2147 4256 500
2148 3647 502
2149 3258 512
2150 5729 470
2151 2636 491
2152 1088 469
2153 2688 379
2154 2274 389
2155 6297 429
2156 865 504
2157 6382 485
2158 4522 474
2159 4641 362
2160 2098 471
2161 4166 533
2162 3968 457
2163 1135 524
2164 2784 467
2165 2009 545
2166 2440 366
2167 5065 395
2168 1209 400
2169 0 -1
2170 186 535
2171 5871 321
2172 4226 406
2173 4516 427
2174 3436 445
2175 3713 477
2176 4525 369
2177 4733 406
2178 640 412
2179 1241 468
2180 3258 491
2181 6244 475
2182 6223 398
2183 1936 501
2184 5794 446
2185 2593 338
2186 3214 504
2187 3098 514
2188 5540 384
2189 3311 458
2190 2953 381
2191 5199 511
2192 4918 466
2193 4 400
2194 3018 474
2195 3641 457
2196 6091 531
2197 0 -1
2198 6100 565
2199 2789 529
2200 170 539
2201 4793 514
2202 2353 476
2203 3049 561
2204 4048 629
2205 3311 423
2206 2024 577
2207 1105 566
2208 5694 485
2209 0 -1
2210 2887 473
2211 1867 416
2212 5650 457
2213 3336 692
2214 3836 548
2215 587 459
2216 286 543
2217 2748 480
2218 0 -1
2219 2863 417
2220 5329 543
2221 4136 445
2222 5886 474
2223 3889 442
2224 4941 543
2225 108 487
2226 4973 467
2227 1141 414
2228 5955 520
2229 5520 606
2230 0 -1
2231 2602 496
2232 0 -1
2233 848 348
2234 3037 356
2235 5861 623
2236 1334 423
2237 784 509
2238 4426 472
2239 2729 498
2240 3717 421
2241 2176 482
2242 4085 614
2243 1996 402
2244 2838 342
2245 2157 525
2246 2314 477
2247 6110 569
2248 293 530
2249 6214 523
2250 4291 284
2251 0 -1
2252 3502 443
2253 4311 450
2254 1644 472
2255 2580 426
2256 0 -1
2257 3186 547
2258 3794 499
2259 2838 353
2260 6201 602
2261 5755 481
2262 3603 445
2263 0 -1
2264 4322 473
2265 0 -1
2266 4122 461
2267 6435 407
2268 5288 353
2269 5946 603
2270 2465 420
2271 2647 534
2272 3157 261
2273 900 533
2274 6001 380
2275 864 470
2276 5675 442
2277 933 638
2278 0 -1
2279 275 540
2280 4911 447
2281 1544 562
2282 5745 558
2283 0 -1
2284 0 -1
2285 1421 241
2286 1289 426
2287 5465 585
2288 5962 523
2289 0 -1
2290 3450 481
2291 6451 537
2292 0 -1
2293 938 581
2294 2400 472
2295 2822 416
2296 394 384
2297 5516 441
2298 2631 486
2299 4273 483
2300 1999 418
2301 3862 402
2302 4063 504
2303 0 -1
2304 3629 494
2305 4039 445
2306 605 462
2307 4964 411
2308 5311 509
2309 3141 459
2310 1427 452
2311 1831 559
2312 963 498
2313 5830 539
2314 4031 468
2315 3776 524
2316 6165 461
2317 2500 449
2318 372 485
2319 1939 408
2320 2760 566
2321 446 411
2322 425 456
2323 2417 444
2324 5561 476
2325 232 419
2326 3256 498
2327 6371 620
2328 5159 521
2329 262 520
2330 4004 422
2331 1866 449
2332 4281 359
2333 1652 464
2334 3918 334
2335 14 205
2336 169 511
2337 983 301
2338 4967 413
2339 2458 493
2340 5906 472
2341 38 386
2342 2345 462
2343 1144 440
2344 4580 519
2345 2528 368
2346 5339 504
2347 3993 418
2348 3448 579
2349 2616 433
2350 5675 435
2351 1418 423
2352 1536 577
2353 4393 387
2354 4101 453
2355 1235 476
2356 6051 357
2357 4420 531
2358 942 351
2359 3603 457
2360 5005 519
2361 255 439
2362 6177 406
2363 3208 484
2364 6113 544
2365 2823 480
2366 33 483
2367 3865 519
2368 6536 497
2369 4686 464
2370 1382 566
2371 5516 517
2372 5186 454
2373 6008 455
2374 807 560
2375 3194 510
2376 3009 394
2377 2724 338
2378 6219 513
2379 580 483
2380 601 448
2381 0 -1
2382 721 540
2383 6595 415
2384 0 -1
2385 4304 594
2386 3005 535
2387 5482 547
2388 6150 542
2389 2351 505
2390 5346 504
2391 5910 522
2392 1714 515
2393 0 -1
2394 2836 394
2395 3482 480
2396 1731 437
2397 2918 551
2398 0 -1
2399 2936 578
2400 1541 457
2401 5700 459
2402 0 -1
2403 6196 505
2404 0 -1
2405 6268 429
2406 5162 578
2407 6243 478
2408 6546 457
2409 174 435
2410 5082 367
2411 0 -1
2412 1395 445
2413 2819 558
2414 1277 430
2415 0 -1
2416 0 -1
2417 3581 427
2418 865 444
2419 3832 416
2420 5471 522
2421 2337 339
2422 4806 538
2423 341 321
2424 1036 634
2425 1512 363
2426 4600 525
2427 6034 275
2428 1983 468
2429 1707 550
2430 845 460
2431 1904 385
2432 2341 479
2433 6570 520
2434 1028 375
2435 1125 457
2436 2091 379
2437 1557 614
2438 135 429
2439 3951 418
2440 4290 354
2441 5669 402
2442 5908 565
2443 3985 546
2444 2816 456
2445 3925 499
2446 3380 467
2447 517 544
2448 2073 367
2449 125 461
2450 6285 525
2451 4255 467
2452 0 -1
2453 2174 454
2454 1859 546
2455 6031 432
2456 3079 336
2457 385 392
2458 3395 489
2459 5617 581
2460 4442 485
2461 2578 422
2462 1588 588
2463 0 -1
2464 5796 542
2465 1186 420
2466 653 420
2467 5771 416
2468 3195 741
2469 6523 418
2470 3348 227
2471 0 -1
2472 4980 430
2473 1501 440
2474 6536 505
2475 1024 570
2476 6285 550
2477 2656 443
2478 2688 386
2479 5421 454
2480 1618 331
2481 5138 453
2482 4317 575
2483 5340 424
2484 6543 414
2485 3233 474
2486 1028 403
2487 596 459
2488 4949 460
2489 2985 376
2490 5267 473
2491 5178 618
2492 5141 514
2493 0 -1
2494 2465 540
2495 4295 276
2496 3784 521
2497 2352 636
2498 1986 352
2499 0 -1
2500 761 449
2501 1412 456
2502 383 460
2503 10 399
2504 4939 500
2505 567 494
2506 5775 470
2507 3099 444
2508 3713 518
2509 1210 518
2510 0 -1
2511 3022 475
2512 98 607
2513 2581 427
2514 34 463
2515 971 556
2516 4757 444
2517 5778 570
2518 2362 430
2519 0 -1
2520 2914 604
2521 6552 605
2522 4241 345
2523 2345 476
2524 465 519
2525 2900 391
2526 3731 470
2527 0 -1
2528 4449 354
2529 6148 469
2530 3600 496
2531 1458 316
2532 1395 507
2533 679 581
2534 983 301
2535 5168 412
2536 412 497
2537 5459 520
2538 3288 432
2539 5806 386
2540 3779 435
2541 3288 531
2542 4637 512
2543 5957 475
2544 0 -1
2545 3098 500
2546 539 572
2547 705 504
2548 6330 450
2549 2774 392
2550 5932 489
2551 0 -1
2552 3977 457
2553 5300 572
2554 3520 443
2555 2693 517
2556 1226 387
2557 4950 317
2558 6360 331
2559 1312 187
2560 192 517
2561 6048 369
2562 1466 467
2563 2457 412
2564 5928 435
2565 5211 488
2566 5312 330
2567 110 439
2568 1442 533
2569 628 491
2570 1693 506
2571 754 551
2572 9 484
2573 4390 587
2574 2860 621
2575 3072 594
2576 3214 465
2577 2473 491
2578 433 389
2579 3151 493
2580 3673 419
2581 1893 318
2582 3708 530
2583 6412 693
2584 4498 466
2585 2187 600
2586 1813 260
2587 2921 526
2588 2477 503
2589 341 291
2590 105 420
2591 889 566
2592 3604 597
2593 3902 318
2594 3360 517
2595 1902 561
2596 5002 679
2597 440 421
2598 0 -1
2599 0 -1
2600 6227 632
2601 2762 490
2602 2295 491
2603 2871 565
2604 0 -1
2605 6555 448
2606 3583 479
2607 6551 434
2608 5163 379
2609 44 348
2610 3112 408
2611 4098 418
2612 4803 492
2613 4576 410
2614 4925 504
2615 6579 399
2616 746 336
2617 4082 457
2618 5163 426
2619 0 -1
2620 6549 437
2621 6070 492
2622 2539 434
2623 0 -1
2624 0 -1
2625 4924 488
2626 4593 210
2627 678 412
2628 4014 368
2629 3951 472
2630 2268 425
2631 2227 476
2632 1740 482
2633 1253 465
2634 1039 604
2635 2112 532
2636 902 441
2637 5410 415
2638 999 420
2639 4408 555
2640 383 450
2641 901 545
2642 6268 476
2643 2353 453
2644 1327 549
2645 4252 469
2646 5348 546
2647 1635 531
2648 2081 549
2649 5020 326
2650 6579 390
2651 0 -1
2652 214 428
2653 5131 476
2654 6349 510
2655 102 339
2656 3762 435
2657 4261 463
2658 0 -1
2659 4484 503
2660 0 -1
2661 611 455
2662 4823 500
2663 1632 584
2664 2130 509
2665 5530 381
2666 2097 578
2667 5256 454
2668 5028 502
2669 2400 487
2670 5526 476
2671 5251 388
2672 2894 493
2673 5840 533
2674 2918 461
2675 6426 364
2676 3489 531
2677 1986 309
2678 673 494
2679 3535 497
2680 3672 648
2681 1885 525
2682 3417 750
2683 4057 410
2684 1212 506
2685 2325 498
2686 3839 558
2687 1022 545
2688 6354 344
2689 5947 412
2690 1548 424
2691 2797 430
2692 836 532
2693 2711 466
2694 6130 442
2695 216 647
2696 3249 419
2697 6188 464
2698 5604 527
2699 281 528
2700 5554 485
2701 379 530
2702 3800 435
2703 0 -1
2704 1676 496
2705 6265 500
2706 5168 452
2707 0 -1
2708 1970 419
2709 5552 547
2710 0 -1
2711 3450 444
2712 1476 460
2713 2962 459
2714 4533 363
2715 4804 471
2716 5639 420
2717 2193 440
2718 4359 398
2719 3114 525
2720 3193 349
2721 0 -1
2722 1255 573
2723 6256 458
2724 6034 319
2725 858 466
2726 5221 506
2727 370 446
2728 2173 427
2729 2414 483
2730 2174 532
2731 246 531
2732 3639 516
2733 5272 472
2734 1499 500
2735 3331 383
2736 3932 468
2737 4874 523
2738 2626 264
2739 4970 304
2740 3499 549
2741 4837 430
2742 3361 777
2743 2534 324
2744 5960 444
2745 5628 512
2746 4630 526
2747 4446 406
2748 5418 423
2749 4543 422
2750 152 697
2751 1969 589
2752 731 397
2753 489 523
2754 6166 484
2755 1567 527
2756 6026 483
2757 5771 353
2758 2181 475
2759 5696 498
2760 5127 514
2761 4807 517
2762 6267 489
2763 4968 394
2764 3603 457
2765 2731 604
2766 2305 460
2767 3600 551
2768 3272 429
2769 3443 468
2770 5408 415
2771 6086 564
2772 2085 516
2773 6540 581
2774 6177 360
2775 6235 489
2776 5559 529
2777 3837 501
2778 733 467
2779 887 530
2780 406 503
2781 5430 544
2782 47 860
2783 3078 434
2784 4495 452
2785 3232 472
2786 106 534
2787 6480 445
2788 4014 312
2789 1804 415
2790 3811 457
2791 827 371
2792 1767 470
2793 4350 595
2794 1312 211
2795 6539 376
2796 163 453
2797 5251 319
2798 2565 554
2799 56 433
2800 4794 302
2801 845 478
2802 2319 483
2803 1813 290
2804 5939 451
2805 391 399
2806 1960 547
2807 0 -1
2808 4543 401
2809 1739 466
2810 3932 502
2811 853 491
2812 2490 498
2813 4289 404
2814 2963 368
2815 34 459
2816 1983 434
2817 8 181
2818 5423 485
2819 3605 447
2820 1023 389
2821 0 -1
2822 228 371
2823 522 371
2824 3556 492
2825 0 -1
2826 314 343
2827 2318 498
2828 3440 561
2829 4755 436
2830 4650 451
2831 2513 446
2832 3352 583
2833 1540 441
2834 2562 475
2835 3976 560
2836 1230 366
2837 665 383
2838 5418 340
2839 6424 467
2840 2195 527
2841 959 472
2842 4389 463
2843 1663 348
2844 2796 472
2845 2013 444
2846 4344 539
2847 1612 566
2848 213 512
2849 0 -1
2850 0 -1
2851 1656 473
2852 1226 304
2853 4142 396
2854 5903 561
2855 5533 484
2856 670 392
2857 1676 413
2858 4554 477
2859 1767 434
2860 198 542
2861 5135 347
2862 6103 528
2863 6539 414
2864 2785 475
2865 2741 508
2866 3570 501
2867 4403 489
2868 1553 512
2869 5090 831
2870 781 431
2871 6219 556
2872 1108 521
2873 750 426
2874 4914 581
2875 0 -1
2876 4288 558
2877 1291 510
2878 4753 426
2879 2988 480
2880 1144 443
2881 369 469
2882 5431 592
2883 2691 440
2884 630 535
2885 6008 379
2886 4090 521
2887 897 472
2888 39 392
2889 5336 494
2890 240 484
2891 5754 404
2892 1959 520
2893 462 665
2894 2768 452
2895 2885 444
2896 5981 541
2897 2337 364
2898 4051 565
2899 832 406
2900 3322 371
2901 5295 282
2902 4632 422
2903 4394 305
2904 294 464
2905 3188 476
2906 4901 447
2907 2775 506
2908 1092 506
2909 2649 376
2910 4878 452
2911 294 445
2912 468 446
2913 0 -1
2914 2633 536
2915 1392 460
2916 755 403
2917 321 444
2918 2483 452
2919 3812 610
2920 6078 321
2921 373 469
2922 0 -1
2923 5509 434
2924 3587 476
2925 5913 469
2926 1311 535
2927 0 -1
2928 671 540
2929 1363 456
2930 5314 489
2931 1002 524
2932 2973 381
2933 339 475
2934 353 637
2935 4231 434
2936 6497 525
2937 2836 427
2938 4758 530
2939 854 396
2940 15 461
2941 6164 372
2942 6264 555
2943 3913 503
2944 2233 352
2945 4269 548
2946 6543 446
2947 6113 550
2948 3560 666
2949 2915 502
2950 760 367
2951 4011 452
2952 2514 524
2953 5871 285
2954 1195 562
2955 4980 407
2956 1355 525
2957 5451 508
2958 3022 445
2959 3277 574
2960 4804 490
2961 5233 516
2962 5220 455
2963 4854 288
2964 5675 387
2965 6481 566
2966 5544 487
2967 3491 523
2968 6416 437
2969 543 576
2970 0 -1
2971 2171 407
2972 3534 421
2973 4802 264
2974 5545 471
2975 8 225
2976 4698 451
2977 3244 476
2978 108 499
2979 934 480
2980 1447 449
2981 4599 423
2982 2464 553
2983 5694 406
2984 0 -1
2985 1561 356
2986 4869 446
2987 3033 642
2988 1930 371
2989 3661 383
2990 3492 463
2991 5075 436
2992 3473 537
2993 5418 345
2994 3553 495
2995 3074 325
2996 2861 377
2997 2092 532
2998 2295 497
2999 0 -1
3000 374 344
3001 3760 481
3002 1573 640
3003 2939 510
3004 1302 461
3005 5189 521
3006 4356 537
3007 96 552
3008 6567 503
3009 3876 391
3010 3457 414
3011 0 -1
3012 350 531
3013 835 492
3014 1713 591
3015 1624 469
3016 2362 409
3017 4232 421
3018 291 386
3019 1320 478
3020 2040 349
3021 1126 521
3022 3939 405
3023 1433 567
3024 3778 507
3025 359 416
3026 0 -1
3027 1221 541
3028 0 -1
3029 1144 445
3030 3869 559
3031 4145 302
3032 2099 518
3033 5127 561
3034 4247 488
3035 0 -1
3036 4941 538
3037 4145 288
3038 155 430
3039 5453 606
3040 2906 447
3041 2652 459
3042 4457 456
3043 4561 462
3044 346 530
3045 1226 292
3046 5775 489
3047 5779 435
3048 497 563
3049 4155 505
3050 5120 431
3051 3778 520
3052 0 -1
3053 5636 424
3054 0 -1
3055 2267 437
3056 4289 396
3057 4626 531
3058 1616 763
3059 2729 554
3060 3527 666
3061 2789 481
3062 143 580
3063 808 468
3064 4510 514
3065 0 -1
3066 6240 410
3067 3170 532
3068 559 508
3069 1172 446
3070 5582 515
3071 5400 588
3072 2924 477
3073 2817 292
3074 4950 322
3075 3493 446
3076 2744 450
3077 3818 495
3078 2467 418
3079 100 328
3080 2559 268
3081 3480 587
3082 0 -1
3083 672 559
3084 3042 483
3085 2790 513
3086 2188 459
3087 2609 351
3088 6209 495
3089 0 -1
3090 621 412
3091 3286 492
3092 4525 397
3093 1009 472
3094 6034 238
3095 5554 503
3096 5034 465
3097 1082 490
3098 5979 412
3099 1273 367
3100 5949 437
3101 5308 547
3102 1186 428
3103 480 445
3104 0 -1
3105 4599 440
3106 1165 409
3107 4723 612
3108 2953 384
3109 998 277
3110 0 -1
3111 0 -1
3112 6426 386
3113 5614 478
3114 784 497
3115 940 414
3116 6242 469
3117 3488 558
3118 663 507
3119 5399 484
3120 5245 518
3121 3255 456
3122 4943 468
3123 3439 544
3124 0 -1
3125 3907 594
3126 445 124
3127 0 -1
3128 1743 529
3129 4691 378
3130 0 -1
3131 3142 403
3132 2447 565
3133 3586 522
3134 6205 401
3135 1732 485
3136 4083 627
3137 1711 525
3138 5678 546
3139 443 504
3140 4875 603
3141 6222 391
3142 4291 377
3143 0 -1
3144 1464 504
3145 2855 506
3146 2133 469
3147 0 -1
3148 4918 498
3149 5348 447
3150 3686 486
3151 5519 418
3152 3551 499
3153 3950 463
3154 3922 533
3155 4866 345
3156 6404 539
3157 3094 254
3158 4807 539
3159 690 508
3160 3347 464
3161 543 540
3162 0 -1
3163 5944 535
3164 5691 676
3165 5426 642
3166 2897 403
3167 5726 419
3168 0 -1
3169 2990 477
3170 1360 467
3171 1196 496
3172 631 448
3173 3722 615
3174 4897 473
3175 3890 426
3176 4595 421
3177 3561 557
3178 1229 579
3179 290 466
3180 5788 421
3181 951 451
3182 5952 418
3183 784 513
3184 5561 445
3185 2270 491
3186 5495 437
3187 5001 519
3188 2055 464
3189 1957 465
3190 5059 518
3191 0 -1
3192 3593 489
3193 4802 267
3194 5135 431
3195 1188 697
3196 3593 514
3197 6004 395
3198 5421 508
3199 0 -1
3200 3951 419
3201 2688 395
3202 4829 463
3203 3647 504
3204 5350 351
3205 5578 552
3206 0 -1
3207 174 501
3208 4214 385
3209 3135 486
3210 598 469
3211 4913 373
3212 6538 655
3213 3277 515
3214 1363 440
3215 4561 505
3216 4988 416
3217 0 -1
3218 6134 644
3219 6225 479
3220 440 421
3221 5067 435
3222 4948 607
3223 4670 478
3224 3449 475
3225 5075 423
3226 3106 410
3227 2645 575
3228 6172 494
3229 4411 435
3230 5554 467
3231 3673 479
3232 1212 461
3233 3175 453
3234 6211 470
3235 4796 447
3236 60 556
3237 1752 506
3238 144 485
3239 1768 490
3240 3273 359
3241 0 -1
3242 1165 361
3243 1122 438
3244 1446 444
3245 3677 557
3246 0 -1
3247 4361 485
3248 2159 433
3249 39 366
3250 180 468
3251 1093 378
3252 1415 422
3253 1862 579
3254 5304 344
3255 75 369
3256 5809 462
3257 5122 431
3258 5818 429
3259 2873 435
3260 2716 496
3261 3115 465
3262 4226 420
3263 408 445
3264 4238 537
3265 2039 424
3266 3861 520
3267 6114 418
3268 37 479
3269 6563 413
3270 2065 597
3271 0 -1
3272 5821 374
3273 2794 257
3274 4518 466
3275 3476 483
3276 1017 531
3277 239 495
3278 4271 554
3279 4718 490
3280 4113 449
3281 2386 555
3282 449 444
3283 5191 474
3284 0 -1
3285 2167 404
3286 3055 482
3287 5686 483
3288 1283 432
3289 3545 750
3290 4918 450
3291 3214 453
3292 1507 527
3293 5093 618
3294 1826 581
3295 1350 389
3296 5811 921
3297 4760 493
3298 4652 469
3299 4004 430
3300 3804 462
3301 1104 490
3302 3437 423
3303 2163 613
3304 0 -1
3305 6388 436
3306 5399 492
3307 1167 501
3308 5935 526
3309 5949 441
3310 900 491
3311 1133 396
3312 848 394
3313 1204 553
3314 910 498
3315 832 424
3316 1214 446
3317 3412 437
3318 391 369
3319 1746 519
3320 2317 561
3321 5748 525
3322 2995 334
3323 1659 496
3324 3309 500
3325 2748 426
3326 1810 569
3327 1429 456
3328 3186 440
3329 5314 503
3330 5222 471
3331 4433 376
3332 3694 550
3333 2059 448
3334 1674 425
3335 3463 581
3336 4179 591
3337 926 371
3338 4920 503
3339 5521 333
3340 2655 403
3341 672 530
3342 676 551
3343 299 338
3344 5566 447
3345 2774 451
3346 1816 481
3347 1866 388
3348 1901 133
3349 2041 438
3350 2015 462
3351 3380 437
3352 1206 463
3353 0 -1
3354 1312 146
3355 2549 438
3356 6086 537
3357 6441 385
3358 4834 490
3359 0 -1
3360 4767 436
3361 5968 664
3362 2063 572
3363 952 439
3364 4450 433
3365 94 607
3366 6043 462
3367 6227 693
3368 613 553
3369 5615 482
3370 2998 599
3371 1580 497
3372 4116 489
3373 0 -1
3374 4769 425
3375 5805 557
3376 6036 510
3377 5558 568
3378 1970 487
3379 4728 612
3380 1277 402
3381 1461 490
3382 6402 448
3383 391 436
3384 1959 427
3385 6176 538
3386 2185 409
3387 651 412
3388 507 450
3389 1160 487
3390 3641 504
3391 2789 425
3392 0 -1
3393 1278 453
3394 5777 408
3395 6561 470
3396 5094 492
3397 151 433
3398 1837 471
3399 4428 506
3400 5883 546
3401 4154 549
3402 1024 525
3403 6009 558
3404 5100 425
3405 4346 393
3406 5484 512
3407 517 541
3408 0 -1
3409 1504 408
3410 487 518
3411 4785 544
3412 1943 437
3413 5611 484
3414 3684 488
3415 5249 527
3416 3263 466
3417 116 639
3418 4645 435
3419 262 473
3420 6206 502
3421 0 -1
3422 3208 489
3423 5098 482
3424 317 537
3425 3598 488
3426 6039 395
3427 2640 530
3428 0 -1
3429 619 498
3430 395 531
3431 4533 427
3432 5530 319
3433 179 442
3434 4651 408
3435 3989 535
3436 4309 434
3437 5732 403
3438 4417 454
3439 4980 466
3440 298 506
3441 5799 444
3442 2866 521
3443 3197 417
3444 5371 790
3445 1313 459
3446 3918 329
3447 686 540
3448 5683 494
3449 4044 401
3450 557 429
3451 2150 565
3452 5411 461
3453 6015 422
3454 3426 446
3455 4776 433
3456 3309 554
3457 5692 402
3458 1870 462
3459 4798 312
3460 5201 527
3461 328 448
3462 5840 586
3463 3550 566
3464 6594 474
3465 0 -1
3466 2266 486
3467 402 522
3468 707 478
3469 2236 482
3470 3631 470
3471 2939 426
3472 2516 470
3473 4256 496
3474 4727 464
3475 4173 394
3476 2788 422
3477 1631 422
3478 2073 390
3479 2643 497
3480 821 518
3481 3928 475
3482 1238 471
3483 4256 488
3484 1531 451
3485 0 -1
3486 6349 498
3487 642 488
3488 1791 522
3489 1222 475
3490 2794 281
3491 870 500
3492 6467 405
3493 1168 445
3494 1226 391
3495 2253 536
3496 2274 440
3497 3029 496
3498 5421 547
3499 2627 481
3500 6099 657
3501 1679 481
3502 4540 410
3503 4704 523
3504 5071 420
3505 5483 478
3506 83 519
3507 4643 485
3508 4543 472
3509 1888 443
3510 587 449
3511 619 413
3512 2376 423
3513 4384 505
3514 1605 490
3515 2827 517
3516 990 502
3517 3878 469
3518 5287 410
3519 4065 509
3520 2332 360
3521 3771 418
3522 1972 472
3523 0 -1
3524 1080 559
3525 5756 452
3526 4104 452
3527 5055 634
3528 5545 507
3529 221 503
3530 2795 401
3531 6131 415
3532 4264 520
3533 65 425
3534 5871 324
3535 6001 433
3536 2457 462
3537 1076 504
3538 0 -1
3539 6345 464
3540 2856 413
3541 1526 438
3542 2870 501
3543 1647 515
3544 1267 536
3545 2634 685
3546 5821 434
3547 2481 541
3548 4101 425
3549 3291 488
3550 5899 474
3551 2039 425
3552 1557 535
3553 6448 458
3554 615 512
3555 0 -1
3556 342 445
3557 1875 569
3558 1388 510
3559 0 -1
3560 2632 549
3561 5248 442
3562 1482 464
3563 5671 392
3564 4624 453
3565 2342 542
3566 4622 653
3567 2062 557
3568 6435 407
3569 5128 448
3570 3251 488
3571 2170 549
3572 2934 683
3573 3867 474
3574 2305 530
3575 1968 495
3576 5227 335
3577 2982 558
3578 2177 435
3579 2739 336
3580 1825 461
3581 5347 427
3582 842 481
3583 3928 472
3584 4488 553
3585 3486 576
3586 4509 465
3587 2436 475
3588 6430 511
3589 2099 480
3590 5337 604
3591 3676 554
3592 1813 304
3593 1278 477
3594 5267 517
3595 4071 487
3596 4482 491
3597 5073 431
3598 5001 472
3599 0 -1
3600 2958 449
3601 1237 541
3602 4280 387
3603 3418 437
3604 605 488
3605 5433 388
3606 1857 514
3607 5410 445
3608 1102 485
3609 913 495
3610 1473 474
3611 4393 442
3612 3486 600
3613 5285 371
3614 6327 408
3615 5665 338
3616 6594 435
3617 4839 441
3618 2480 389
3619 621 428
3620 2566 385
3621 2485 493
3622 0 -1
3623 3536 471
3624 5013 472
3625 470 492
3626 5908 575
3627 4384 487
3628 2722 602
3629 5347 453
3630 1404 411
3631 3000 420
3632 3005 587
3633 2104 463
3634 3627 500
3635 3729 419
3636 6151 567
3637 856 611
3638 4304 560
3639 2190 494
3640 1041 544
3641 848 429
3642 0 -1
3643 6226 414
3644 5645 752
3645 0 -1
3646 4243 470
3647 3087 388
3648 0 -1
3649 5504 559
3650 1281 514
3651 5400 522
3652 1926 469
3653 5438 501
3654 6531 468
3655 1700 422
3656 3088 579
3657 5202 454
3658 6223 396
3659 125 414
3660 1296 508
3661 1804 380
3662 2418 452
3663 1792 460
3664 1725 526
3665 0 -1
3666 1027 439
3667 4136 441
3668 663 456
3669 1241 465
3670 2470 230
3671 3386 506
3672 3507 564
3673 5681 388
3674 6537 424
3675 2560 533
3676 5738 443
3677 5992 508
3678 0 -1
3679 1976 515
3680 1435 622
3681 2079 424
3682 5226 484
3683 1459 461
3684 913 473
3685 1551 508
3686 1142 419
3687 1102 511
3688 2204 748
3689 0 -1
3690 4295 265
3691 2162 481
3692 2171 345
3693 5582 432
3694 5724 468
3695 963 566
3696 4733 407
3697 2657 484
3698 2859 442
3699 6543 410
3700 786 557
3701 1186 441
3702 0 -1
3703 593 433
3704 2477 487
3705 0 -1
3706 5172 391
3707 1337 454
3708 1388 451
3709 2137 485
3710 0 -1
3711 0 -1
3712 1966 548
3713 1837 445
3714 0 -1
3715 6216 475
3716 3479 509
3717 669 410
3718 3818 557
3719 787 412
3720 5403 512
3721 4279 428
3722 3663 522
3723 4411 365
3724 0 -1
3725 1096 441
3726 5852 438
3727 1321 650
3728 1005 471
3729 4584 367
3730 1086 527
3731 3963 430
3732 6078 389
3733 2034 500
3734 43 538
3735 2822 421
3736 6166 442
3737 3985 433
3738 1403 518
3739 0 -1
3740 5176 544
3741 1561 469
3742 4820 515
3743 1530 532
3744 903 606
3745 2635 542
3746 4418 450
3747 1781 564
3748 5154 391
3749 3330 518
3750 4275 434
3751 991 573
3752 3995 478
3753 159 617
3754 3488 542
3755 4384 411
3756 2290 504
3757 914 551
3758 6552 551
3759 4060 531
3760 3949 444
3761 5655 430
3762 3520 429
3763 3225 512
3764 2157 539
3765 2438 520
3766 3482 512
3767 99 566
3768 3643 434
3769 4606 529
3770 5333 521
3771 2234 376
3772 2233 373
3773 4825 324
3774 3795 467
3775 4384 436
3776 125 509
3777 5065 504
3778 6458 492
3779 2534 371
3780 6437 490
3781 6066 498
3782 5611 492
3783 5340 446
3784 5847 407
3785 0 -1
3786 2747 513
3787 0 -1
3788 899 565
3789 4389 375
3790 4796 492
3791 4660 467
3792 3146 553
3793 3330 480
3794 2711 450
3795 4135 443
3796 5069 476
3797 784 504
3798 2457 419
3799 4190 416
3800 2888 427
3801 374 380
3802 2923 453
3803 3953 531
3804 307 455
3805 5302 550
3806 5655 420
3807 34 506
3808 168 417
3809 942 383
3810 682 407
3811 2478 400
3812 303 568
3813 2376 470
3814 5736 468
3815 5756 416
3816 3530 423
3817 4377 506
3818 2637 462
3819 69 554
3820 1456 505
3821 850 553
3822 446 368
3823 86 430
3824 2084 525
3825 0 -1
3826 5906 410
3827 0 -1
3828 646 565
3829 2845 478
3830 5519 504
3831 845 459
3832 3615 338
3833 2261 546
3834 2981 495
3835 1680 584
3836 3979 467
3837 3325 469
3838 5633 340
3839 6391 513
3840 2958 500
3841 779 554
3842 4075 544
3843 536 401
3844 2309 467
3845 65 367
3846 4105 432
3847 5191 498
3848 4720 568
3849 2739 424
3850 727 459
3851 2900 490
3852 8 248
3853 639 546
3854 0 -1
3855 6136 414
3856 2270 494
3857 1169 630
3858 1365 496
3859 0 -1
3860 838 530
3861 202 406
3862 1186 372
3863 504 532
3864 404 507
3865 3267 443
3866 3779 483
3867 5138 473
3868 2424 692
3869 2252 489
3870 4462 411
3871 580 451
3872 1307 500
3873 4672 460
3874 4961 422
3875 6108 429
3876 6417 378
3877 3658 483
3878 6240 423
3879 1055 532
3880 6374 480
3881 3403 590
3882 0 -1
3883 2554 482
3884 299 357
3885 6486 617
3886 4485 564
3887 3372 586
3888 690 416
3889 2549 432
3890 326 423
3891 1092 468
3892 2012 471
3893 3986 478
3894 1448 505
3895 0 -1
3896 5526 507
3897 6595 413
3898 5347 487
3899 394 420
3900 6336 490
3901 3921 485
3902 1288 299
3903 6173 496
3904 3386 494
3905 1869 422
3906 565 607
3907 4050 527
3908 5671 395
3909 5604 507
3910 3916 427
3911 1001 560
3912 4458 543
3913 4665 461
3914 5717 420
3915 1988 600
3916 1663 336
3917 3374 466
3918 4794 301
3919 3075 485
3920 1341 514
3921 433 401
3922 5317 529
3923 1951 553
3924 3475 494
3925 2894 464
3926 2048 296
3927 4505 472
3928 1208 384
3929 6015 459
3930 6174 594
3931 1175 457
3932 4448 458
3933 2752 452
3934 667 490
3935 5720 554
3936 3823 462
3937 4416 422
3938 3286 508
3939 6598 376
3940 0 -1
3941 5772 343
3942 5529 428
3943 1739 495
3944 0 -1
3945 5193 300
3946 1373 382
3947 718 413
3948 5057 465
3949 678 427
3950 2923 436
3951 2358 371
3952 383 454
3953 5280 454
3954 5979 419
3955 228 305
3956 1727 527
3957 1932 476
3958 3647 469
3959 3113 532
3960 3624 503
3961 0 -1
3962 2252 447
3963 105 407
3964 798 511
3965 2318 600
3966 1062 491
3967 5138 488
3968 3779 376
3969 2496 522
3970 1545 575
3971 6239 483
3972 1129 517
3973 2531 318
3974 3386 436
3975 6512 564
3976 1542 500
3977 51 451
3978 265 580
3979 1548 365
3980 6179 492
3981 4988 455
3982 3903 536
3983 0 -1
3984 985 670
3985 864 431
3986 5514 470
3987 0 -1
3988 3005 609
3989 3286 503
3990 2580 465
3991 1981 675
3992 1300 502
3993 1288 300
3994 3619 521
3995 5532 439
3996 5928 327
3997 6358 465
3998 6008 358
3999 5447 500
4000 4768 493
4001 206 435
4002 3420 511
4003 5195 426
4004 2649 383
4005 5979 400
4006 3985 439
4007 1934 408
4008 725 435
4009 2370 566
4010 2690 441
4011 1594 405
4012 2332 390
4013 3813 543
4014 3193 296
4015 5043 509
4016 3024 539
4017 4191 482
4018 3926 336
4019 404 498
4020 0 -1
4021 2754 519
4022 5408 366
4023 1353 553
4024 539 464
4025 6117 502
4026 0 -1
4027 2024 598
4028 3551 450
4029 6048 353
4030 3475 409
4031 2803 404
4032 181 402
4033 6007 443
4034 3454 553
4035 6365 458
4036 4319 540
4037 6224 412
4038 3806 539
4039 998 340
4040 423 447
4041 0 -1
4042 2873 456
4043 4255 370
4044 2456 349
4045 4198 558
4046 4970 367
4047 4170 406
4048 3287 566
4049 1336 539
4050 5247 452
4051 1933 500
4052 0 -1
4053 3675 616
4054 3912 621
4055 0 -1
4056 5081 591
4057 3080 341
4058 3568 446
4059 568 408
4060 5172 483
4061 0 -1
4062 1133 419
4063 6232 487
4064 1429 466
4065 276 432
4066 3233 492
4067 0 -1
4068 767 396
4069 3007 556
4070 2351 464
4071 2042 443
4072 0 -1
4073 4427 696
4074 5692 460
4075 3340 477
4076 599 511
4077 4266 487
4078 4777 495
4079 4526 442
4080 5097 440
4081 0 -1
4082 5556 393
4083 2294 592
4084 6278 482
4085 103 512
4086 1343 369
4087 5086 604
4088 1619 471
4089 4279 451
4090 1833 458
4091 6548 563
4092 0 -1
4093 28 516
4094 6309 249
4095 6172 442
4096 1845 448
4097 3149 524
4098 2456 396
4099 5889 575
4100 2613 422
4101 1165 341
4102 3951 418
4103 3126 240
4104 5675 424
4105 2233 404
4106 4398 598
4107 3262 483
4108 383 442
4109 3916 378
4110 3894 505
4111 3091 523
4112 3568 445
4113 5873 433
4114 3993 395
4115 5381 323
4116 5997 474
4117 0 -1
4118 5633 414
4119 621 465
4120 2678 565
4121 2650 445
4122 5694 422
4123 102 350
4124 5694 482
4125 3150 533
4126 4803 492
4127 4665 549
4128 3310 528
4129 0 -1
4130 6272 503
4131 3342 654
4132 4102 465
4133 3995 460
4134 3547 575
4135 4214 375
4136 2909 396
4137 6218 460
4138 702 578
4139 6550 483
4140 2691 461
4141 61 502
4142 6203 293
4143 5807 479
4144 0 -1
4145 2975 225
4146 1804 375
4147 3208 460
4148 4088 478
4149 3451 588
4150 4146 416
4151 1877 450
4152 4323 489
4153 3731 430
4154 1094 486
4155 185 442
4156 5644 600
4157 2269 694
4158 3129 386
4159 1895 432
4160 2895 498
4161 2454 656
4162 0 -1
4163 4943 450
4164 3238 493
4165 3347 486
4166 1180 527
4167 1202 366
4168 5531 555
4169 3093 493
4170 6422 318
4171 3123 652
4172 153 466
4173 6040 378
4174 5752 480
4175 2618 462
4176 3627 605
4177 77 565
4178 3924 558
4179 3661 495
4180 0 -1
4181 973 485
4182 1601 438
4183 0 -1
4184 395 536
4185 5193 358
4186 1940 454
4187 4118 511
4188 0 -1
4189 4216 413
4190 3862 401
4191 3875 437
4192 6267 420
4193 4832 424
4194 4179 506
4195 2528 369
4196 5484 498
4197 3496 512
4198 4877 445
4199 2151 557
4200 3449 470
4201 1824 410
4202 1870 446
4203 707 468
4204 1054 530
4205 3129 493
4206 2098 526
4207 6283 618
4208 864 446
4209 1856 530
4210 6163 248
4211 474 359
4212 3855 505
4213 5651 563
4214 2973 357
4215 0 -1
4216 228 333
4217 2162 489
4218 42 407
4219 1028 335
4220 5225 536
4221 1720 536
4222 3508 585
4223 5817 474
4224 3288 450
4225 1614 532
4226 3732 391
4227 5236 447
4228 342 433
4229 596 461
4230 5001 454
4231 2190 384
4232 5418 371
4233 678 330
4234 6469 323
4235 4379 371
4236 3506 573
4237 4130 542
4238 6597 446
4239 5851 559
4240 6510 442
4241 629 263
4242 2636 548
4243 4619 384
4244 168 423
4245 1065 508
4246 3655 427
4247 3737 433
4248 6495 517
4249 2778 468
4250 4185 447
4251 283 492
4252 1278 425
4253 0 -1
4254 3208 433
4255 665 368
4256 6416 462
4257 2975 251
4258 787 414
4259 5897 254
4260 0 -1
4261 781 390
4262 4338 503
4263 704 406
4264 2888 424
4265 2195 463
4266 5394 424
4267 0 -1
4268 4509 462
4269 6590 482
4270 2932 471
4271 2705 514
4272 1227 483
4273 1163 395
4274 0 -1
4275 942 427
4276 2988 426
4277 3256 568
4278 2254 482
4279 6166 394
4280 4732 342
4281 59 357
4282 6595 450
4283 5856 430
4284 5291 558
4285 4588 496
4286 2405 476
4287 5999 405
4288 1825 463
4289 3080 333
4290 5530 330
4291 4103 276
4292 2524 595
4293 1822 475
4294 5576 461
4295 6258 197
4296 0 -1
4297 2191 532
4298 3852 333
4299 420 464
4300 2129 364
4301 0 -1
4302 3259 493
4303 4237 560
4304 3282 531
4305 5596 384
4306 6311 442
4307 5291 450
4308 0 -1
4309 1504 403
4310 4893 479
4311 3945 331
4312 6550 421
4313 0 -1
4314 2857 433
4315 1469 429
4316 1677 442
4317 724 563
4318 934 438
4319 2483 530
4320 1191 495
4321 2640 503
4322 6395 370
4323 6209 437
4324 0 -1
4325 1486 549
4326 27 484
4327 1712 540
4328 2902 457
4329 174 536
4330 45 320
4331 945 511
4332 5839 477
4333 4799 483
4334 3849 466
4335 2859 553
4336 1999 473
4337 3655 462
4338 5934 493
4339 5379 459
4340 3141 426
4341 1055 579
4342 143 544
4343 5726 421
4344 1594 468
4345 3355 486
4346 2993 353
4347 1768 515
4348 173 326
4349 1254 584
4350 6291 484
4351 5009 470
4352 234 560
4353 1535 406
4354 2417 475
4355 2518 445
4356 4767 468
4357 55 538
4358 676 575
4359 4794 358
4360 1944 358
4361 5566 465
4362 6172 456
4363 4978 470
4364 4105 423
4365 2618 544
4366 4266 443
4367 0 -1
4368 5082 397
4369 3189 489
4370 0 -1
4371 5452 445
4372 0 -1
4373 383 481
4374 2638 461
4375 615 431
4376 2878 519
4377 4420 474
4378 2106 459
4379 4298 357
4380 1356 576
4381 1826 650
4382 37 570
4383 4587 453
4384 2963 390
4385 163 511
4386 2974 494
4387 1420 553
4388 5319 603
4389 4619 373
4390 2093 485
4391 1578 370
4392 4796 418
4393 522 326
4394 6309 193
4395 870 582
4396 6314 828
4397 323 463
4398 2568 543
4399 875 479
4400 5433 419
4401 0 -1
4402 3142 459
4403 2173 434
4404 2582 556
4405 6216 466
4406 3387 424
4407 0 -1
4408 4068 513
4409 6037 502
4410 5846 528
4411 3490 324
4412 5367 486
4413 1806 409
4414 2225 541
4415 5358 558
4416 6065 352
4417 5899 451
4418 5926 440
4419 3230 545
4420 6557 471
4421 2841 509
4422 5556 353
4423 0 -1
4424 1168 456
4425 2335 258
4426 3357 452
4427 5472 605
4428 747 472
4429 1026 543
4430 2924 525
4431 1227 447
4432 5439 508
4433 1869 369
4434 456 607
4435 6052 467
4436 4842 480
4437 5915 440
4438 286 568
4439 5917 524
4440 4520 464
4441 2357 556
4442 3318 457
4443 0 -1
4444 2362 486
4445 6246 545
4446 5404 357
4447 1677 477
4448 2383 439
4449 4115 331
4450 2995 389
4451 4950 375
4452 4837 434
4453 6288 552
4454 2567 527
4455 1019 532
4456 3099 415
4457 2489 437
4458 1725 531
4459 485 481
4460 744 451
4461 3441 528
4462 854 352
4463 1228 572
4464 1727 524
4465 0 -1
4466 169 520
4467 4289 358
4468 3660 518
4469 5078 667
4470 0 -1
4471 4539 449
4472 2716 496
4473 2498 406
4474 6160 638
4475 4343 452
4476 513 440
4477 5588 467
4478 5585 447
4479 1961 513
4480 5668 420
4481 155 427
4482 215 486
4483 5856 493
4484 5013 439
4485 5306 448
4486 1778 433
4487 1528 670
4488 558 458
4489 6051 385
4490 0 -1
4491 466 413
4492 5189 570
4493 2941 441
4494 2307 478
4495 4742 416
4496 5419 549
4497 0 -1
4498 468 464
4499 3722 606
4500 5139 562
4501 307 424
4502 4431 499
4503 0 -1
4504 6294 468
4505 2989 453
4506 3251 417
4507 5113 463
4508 445 141
4509 914 450
4510 6052 505
4511 4189 447
4512 692 478
4513 4800 563
4514 6191 492
4515 1086 479
4516 5998 359
4517 5355 500
4518 6004 362
4519 902 459
4520 2724 423
4521 4414 561
4522 6051 411
4523 5329 534
4524 2377 441
4525 5882 359
4526 3074 377
4527 2853 504
4528 4561 438
4529 4989 387
4530 5704 550
4531 0 -1
4532 3001 511
4533 1053 337
4534 1860 490
4535 6002 426
4536 2349 493
4537 518 338
4538 5075 485
4539 5702 445
4540 2558 348
4541 334 631
4542 2158 531
4543 1904 372
4544 3437 471
4545 3894 543
4546 3338 615
4547 122 486
4548 5700 429
4549 513 408
4550 1856 621
4551 187 497
4552 5019 486
4553 4700 433
4554 552 411
4555 1464 542
4556 34 563
4557 0 -1
4558 4259 332
4559 0 -1
4560 344 321
4561 1978 437
4562 2712 487
4563 6040 444
4564 3808 447
4565 1405 566
4566 1674 515
4567 0 -1
4568 5613 449
4569 4871 594
4570 4003 445
4571 2441 500
4572 539 505
4573 2874 660
4574 1803 469
4575 0 -1
4576 474 369
4577 776 522
4578 2613 430
4579 3879 603
4580 552 428
4581 4594 447
4582 5689 312
4583 4201 450
4584 1893 340
4585 4574 477
4586 1699 646
4587 2274 430
4588 4505 474
4589 6022 517
4590 1810 551
4591 3016 423
4592 0 -1
4593 2007 197
4594 3696 439
4595 4094 301
4596 4689 438
4597 1585 468
4598 3691 587
4599 2975 341
4600 5139 507
4601 343 580
4602 5591 520
4603 2016 605
4604 2347 451
4605 3748 439
4606 1251 518
4607 1340 651
4608 4487 783
4609 3020 469
4610 5138 479
4611 2937 469
4612 5593 733
4613 652 556
4614 2649 406
4615 5414 613
4616 2228 538
4617 0 -1
4618 4564 485
4619 44 345
4620 1814 466
4621 530 500
4622 3067 538
4623 0 -1
4624 4146 380
4625 2116 430
4626 2929 503
4627 2679 575
4628 3933 571
4629 3661 404
4630 5463 471
4631 5375 511
4632 4641 362
4633 2838 460
4634 375 535
4635 5226 476
4636 0 -1
4637 2823 453
4638 4832 495
4639 5652 384
4640 179 427
4641 2007 245
4642 0 -1
4643 2296 442
4644 0 -1
4645 2549 401
4646 284 593
4647 3928 480
4648 4670 508
4649 3905 452
4650 4098 417
4651 4913 384
4652 1583 469
4653 1141 479
4654 0 -1
4655 4047 458
4656 5154 429
4657 2353 423
4658 6048 323
4659 0 -1
4660 1015 435
4661 1888 444
4662 6597 494
4663 3315 531
4664 5717 383
4665 1511 451
4666 4581 542
4667 2761 589
4668 51 434
4669 4003 444
4670 1479 421
4671 848 335
4672 5839 458
4673 146 505
4674 587 558
4675 3397 447
4676 0 -1
4677 0 -1
4678 264 560
4679 2632 511
4680 5953 564
4681 3247 507
4682 274 431
4683 2341 430
4684 1816 422
4685 5597 410
4686 6246 460
4687 5044 429
4688 205 684
4689 5669 416
4690 4999 444
4691 6354 374
4692 6068 465
4693 1220 309
4694 6432 274
4695 5365 334
4696 519 494
4697 1350 425
4698 1940 440
4699 2687 566
4700 2138 412
4701 3048 601
4702 3595 590
4703 2880 462
4704 3621 501
4705 5524 262
4706 3672 653
4707 2805 456
4708 4935 515
4709 5908 543
4710 1232 540
4711 1590 510
4712 0 -1
4713 2809 541
4714 5629 610
4715 70 389
4716 5717 445
4717 3942 443
4718 6043 417
4719 5814 473
4720 4066 528
4721 5587 456
4722 744 445
4723 2741 521
4724 1227 445
4725 113 494
4726 937 496
4727 5687 463
4728 5687 492
4729 0 -1
4730 6331 469
4731 2534 352
4732 4705 293
4733 3073 325
4734 2595 625
4735 48 516
4736 10 426
4737 5572 433
4738 1585 404
4739 1731 486
4740 1816 469
4741 771 489
4742 1276 415
4743 5116 412
4744 3066 438
4745 5065 493
4746 2392 545
4747 4128 623
4748 840 467
4749 0 -1
4750 5979 451
4751 1140 600
4752 2820 408
4753 4219 343
4754 5726 423
4755 2808 436
4756 4855 564
4757 279 427
4758 2694 446
4759 3480 523
4760 3220 449
4761 6443 557
4762 1221 498
4763 5879 528
4764 0 -1
4765 6504 469
4766 2950 425
4767 5410 427
4768 2423 427
4769 3945 413
4770 3131 427
4771 5812 203
4772 5405 586
4773 2240 503
4774 5172 432
4775 5310 578
4776 4987 394
4777 6196 476
4778 1446 494
4779 0 -1
4780 153 395
4781 5786 498
4782 1381 538
4783 6479 498
4784 3520 477
4785 554 516
4786 3892 565
4787 2360 520
4788 5288 340
4789 2102 602
4790 6319 443
4791 3419 520
4792 5311 514
4793 4340 446
4794 2973 276
4795 3926 304
4796 4389 382
4797 4987 440
4798 1288 293
4799 3838 394
4800 5347 464
4801 744 518
4802 947 196
4803 3295 459
4804 4104 441
4805 0 -1
4806 4874 422
4807 5895 486
4808 0 -1
4809 5842 530
4810 5982 572
4811 0 -1
4812 4364 451
4813 0 -1
4814 2043 338
4815 0 -1
4816 4730 495
4817 3243 552
4818 4744 446
4819 1674 500
4820 2616 420
4821 4265 507
4822 3893 547
4823 622 477
4824 5489 537
4825 6258 276
4826 2577 576
4827 2752 475
4828 5302 548
4829 3151 438
4830 4981 439
4831 349 565
4832 2589 405
4833 6123 446
4834 2455 455
4835 1742 518
4836 4774 481
4837 4235 417
4838 5120 459
4839 5397 426
4840 654 559
4841 5945 466
4842 6532 421
4843 1576 570
4844 1849 477
4845 3294 668
4846 3607 461
4847 1349 501
4848 4051 585
4849 1729 584
4850 0 -1
4851 222 444
4852 4520 530
4853 3190 554
4854 2626 244
4855 485 520
4856 3973 436
4857 6588 429
4858 4363 485
4859 1071 474
4860 0 -1
4861 0 -1
4862 3068 548
4863 3228 538
4864 6587 484
4865 0 -1
4866 4854 280
4867 5362 486
4868 4553 464
4869 1895 356
4870 261 515
4871 2354 511
4872 4650 498
4873 2962 463
4874 2757 415
4875 4723 573
4876 5072 518
4877 5003 401
4878 3979 392
4879 2185 441
4880 3397 518
4881 6581 251
4882 5740 501
4883 5120 504
4884 0 -1
4885 1000 416
4886 6232 515
4887 4118 428
4888 2227 452
4889 4878 432
4890 5974 658
4891 6493 538
4892 2095 488
4893 6575 415
4894 3830 535
4895 733 527
4896 2676 535
4897 594 397
4898 0 -1
4899 4413 499
4900 3819 611
4901 5144 436
4902 1205 545
4903 4796 490
4904 3300 467
4905 689 498
4906 3515 568
4907 5810 435
4908 0 -1
4909 1996 396
4910 6165 405
4911 1202 371
4912 1923 450
4913 5524 312
4914 3713 463
4915 1207 518
4916 5699 498
4917 6509 476
4918 2079 379
4919 202 405
4920 6053 444
4921 5213 470
4922 2155 459
4923 5552 539
4924 3349 487
4925 5245 495
4926 1082 520
4927 6417 407
4928 1773 466
4929 4537 428
4930 0 -1
4931 2714 392
4932 4769 525
4933 4693 388
4934 1877 479
4935 3221 463
4936 85 271
4937 4726 500
4938 3121 537
4939 5318 406
4940 759 589
4941 6224 444
4942 639 568
4943 3108 444
4944 5902 454
4945 937 503
4946 686 559
4947 0 -1
4948 3954 511
4949 4400 423
4950 4854 308
4951 0 -1
4952 3074 364
4953 4787 569
4954 3945 322
4955 4912 473
4956 5112 516
4957 2612 564
4958 846 524
4959 2559 235
4960 1926 424
4961 3723 395
4962 4839 480
4963 3094 326
4964 2843 392
4965 4373 496
4966 6179 587
4967 2920 350
4968 2953 356
4969 3819 650
4970 2738 276
4971 5166 413
4972 1883 473
4973 2800 352
4974 782 428
4975 2116 454
4976 0 -1
4977 3129 402
4978 513 459
4979 6454 446
4980 5998 385
4981 5596 348
4982 0 -1
4983 5383 322
4984 505 508
4985 4158 427
4986 4841 473
4987 2581 322
4988 4211 389
4989 1827 361
4990 5340 388
4991 449 452
4992 5695 494
4993 4633 483
4994 3811 452
4995 6146 504
4996 6527 480
4997 0 -1
4998 537 662
4999 4814 354
5000 5264 538
5001 771 450
5002 2705 578
5003 385 310
5004 1923 444
5005 1194 401
5006 1044 527
5007 4675 530
5008 1883 468
5009 299 383
5010 1280 550
5011 2957 545
5012 743 456
5013 942 394
5014 4933 423
5015 2924 484
5016 3976 514
5017 3418 546
5018 5845 638
5019 1289 429
5020 4641 304
5021 0 -1
5022 2142 540
5023 490 492
5024 0 -1
5025 4100 457
5026 0 -1
5027 5272 461
5028 3445 473
5029 4203 490
5030 0 -1
5031 5430 487
5032 0 -1
5033 2857 497
5034 4970 390
5035 343 536
5036 629 336
5037 938 626
5038 0 -1
5039 966 384
5040 4963 407
5041 2378 547
5042 0 -1
5043 4293 509
5044 5281 350
5045 784 502
5046 3777 521
5047 2640 474
5048 507 474
5049 1363 397
5050 5566 453
5051 2656 460
5052 4189 485
5053 303 562
5054 3691 510
5055 2930 547
5056 0 -1
5057 70 359
5058 1884 516
5059 4353 440
5060 1296 443
5061 5835 516
5062 132 504
5063 3317 457
5064 6299 538
5065 1061 385
5066 6009 581
5067 2561 421
5068 5194 614
5069 6024 446
5070 5211 533
5071 4798 329
5072 3096 471
5073 219 423
5074 1082 471
5075 5433 384
5076 4960 428
5077 1983 403
5078 4667 662
5079 5802 483
5080 5888 492
5081 507 525
5082 1028 367
5083 3092 416
5084 4780 463
5085 587 509
5086 3201 496
5087 412 433
5088 4539 459
5089 1183 467
5090 1894 721
5091 1008 609
5092 1541 476
5093 2426 533
5094 6575 459
5095 6270 503
5096 3601 633
5097 6226 440
5098 6531 472
5099 4733 402
5100 5636 382
5101 6579 408
5102 4873 490
5103 3814 473
5104 2870 445
5105 5744 479
5106 3703 477
5107 3736 447
5108 4442 516
5109 4471 461
5110 520 580
5111 5725 467
5112 3423 490
5113 498 351
5114 4263 466
5115 3578 503
5116 6008 355
5117 561 587
5118 6538 572
5119 5479 495
5120 276 418
5121 1272 508
5122 5754 405
5123 1227 431
5124 2529 486
5125 1017 561
5126 5527 533
5127 3659 487
5128 2019 428
5129 3166 496
5130 6547 506
5131 6265 418
5132 5183 599
5133 5856 426
5134 159 591
5135 4290 338
5136 155 500
5137 15 449
5138 603 415
5139 2989 442
5140 5926 468
5141 3211 430
5142 5084 495
5143 4707 549
5144 6192 417
5145 1139 478
5146 6450 600
5147 1120 648
5148 2136 525
5149 3579 389
5150 567 452
5151 5597 430
5152 4009 625
5153 5957 548
5154 5285 383
5155 3401 663
5156 2498 441
5157 3348 167
5158 132 529
5159 2052 453
5160 5967 484
5161 5851 471
5162 2926 557
5163 2035 359
5164 1961 522
5165 3986 521
5166 6537 338
5167 6218 463
5168 1005 393
5169 2158 506
5170 2691 453
5171 5964 507
5172 3074 364
5173 2193 497
5174 3126 195
5175 1056 551
5176 594 447
5177 4307 467
5178 397 531
5179 4604 478
5180 3396 605
5181 1691 438
5182 6253 452
5183 2143 597
5184 1367 565
5185 3315 516
5186 723 417
5187 4689 470
5188 4988 411
5189 630 485
5190 4635 490
5191 232 447
5192 5450 522
5193 341 288
5194 5954 611
5195 3914 424
5196 5588 521
5197 0 -1
5198 1776 536
5199 5895 450
5200 2704 598
5201 6268 486
5202 5828 416
5203 3674 487
5204 1210 460
5205 0 -1
5206 2018 409
5207 403 670
5208 2808 475
5209 3492 422
5210 5114 510
5211 6573 414
5212 2146 525
5213 5141 458
5214 3425 519
5215 4179 527
5216 1306 531
5217 1889 455
5218 3783 446
5219 3894 599
5220 4540 390
5221 5888 440
5222 2556 414
5223 288 385
5224 486 497
5225 344 419
5226 943 455
5227 2272 306
5228 71 481
5229 6551 482
5230 0 -1
5231 530 505
5232 747 551
5233 3020 461
5234 5321 514
5235 3529 522
5236 5597 439
5237 3483 516
5238 5296 350
5239 2693 499
5240 6264 560
5241 5188 456
5242 2763 409
5243 6005 499
5244 3009 484
5245 6108 478
5246 1158 521
5247 3998 411
5248 6297 374
5249 454 507
5250 5812 183
5251 5524 311
5252 5897 283
5253 5115 522
5254 1549 557
5255 3281 579
5256 219 453
5257 1651 515
5258 1360 483
5259 3914 498
5260 621 485
5261 760 462
5262 812 417
5263 5531 533
5264 3131 422
5265 0 -1
5266 832 484
5267 246 419
5268 2752 484
5269 1866 450
5270 4214 477
5271 4635 534
5272 5700 417
5273 217 564
5274 4630 548
5275 554 535
5276 0 -1
5277 5910 516
5278 0 -1
5279 3633 485
5280 4391 429
5281 4795 321
5282 4973 429
5283 4629 510
5284 4796 408
5285 5332 309
5286 4521 608
5287 4987 369
5288 2586 273
5289 1389 501
5290 3114 528
5291 1858 441
5292 449 495
5293 5621 552
5294 41 624
5295 4825 277
5296 3690 339
5297 6567 423
5298 5179 587
5299 5194 710
5300 1737 530
5301 3186 472
5302 6214 433
5303 5239 523
5304 314 325
5305 3339 409
5306 255 443
5307 420 554
5308 5914 536
5309 3261 497
5310 3149 472
5311 1840 489
5312 6258 253
5313 2980 487
5314 2838 388
5315 2914 537
5316 1760 393
5317 671 525
5318 56 367
5319 5282 539
5320 4954 329
5321 2815 487
5322 2944 390
5323 2677 351
5324 4115 374
5325 503 434
5326 3368 653
5327 3823 497
5328 3211 428
5329 4506 459
5330 4994 457
5331 6162 466
5332 3670 286
5333 3213 520
5334 6002 423
5335 504 622
5336 2428 473
5337 953 569
5338 6164 392
5339 3673 408
5340 804 343
5341 2480 391
5342 2156 549
5343 4422 368
5344 0 -1
5345 4471 457
5346 4068 400
5347 4123 411
5348 419 447
5349 4451 463
5350 344 344
5351 5561 444
5352 1810 535
5353 3370 663
5354 1758 665
5355 6319 476
5356 2179 555
5357 0 -1
5358 6403 462
5359 5671 385
5360 941 383
5361 1388 464
5362 274 443
5363 4560 433
5364 4562 561
5365 3459 328
5366 6589 465
5367 3337 479
5368 6466 456
5369 523 469
5370 0 -1
5371 5896 703
5372 3760 453
5373 3525 486
5374 3295 417
5375 312 490
5376 5004 535
5377 45 340
5378 1096 491
5379 1187 440
5380 5329 562
5381 3852 291
5382 5661 527
5383 518 311
5384 2477 536
5385 2253 544
5386 1629 505
5387 460 531
5388 6392 434
5389 4919 503
5390 5955 510
5391 4436 547
5392 3692 394
5393 2981 464
5394 5897 330
5395 6022 535
5396 0 -1
5397 3037 374
5398 656 443
5399 1191 482
5400 5745 512
5401 1684 497
5402 5454 548
5403 6485 461
5404 2975 345
5405 2047 508
5406 3631 475
5407 3832 448
5408 2677 341
5409 3736 457
5410 4731 405
5411 227 401
5412 3457 452
5413 1328 467
5414 1401 560
5415 0 -1
5416 3646 519
5417 4869 439
5418 3490 308
5419 1631 457
5420 5903 457
5421 6550 454
5422 3504 477
5423 2114 434
5424 1163 393
5425 4744 554
5426 863 558
5427 3134 464
5428 2996 386
5429 5070 620
5430 4697 428
5431 316 591
5432 5859 396
5433 1512 346
5434 0 -1
5435 0 -1
5436 845 507
5437 1463 581
5438 3954 434
5439 4258 496
5440 2702 445
5441 1792 577
5442 0 -1
5443 1416 507
5444 2235 688
5445 5103 493
5446 2764 513
5447 3843 406
5448 3876 486
5449 2627 501
5450 4639 453
5451 4522 433
5452 467 391
5453 4024 500
5454 2748 537
5455 3838 429
5456 0 -1
5457 1634 552
5458 1994 329
5459 135 509
5460 3865 553
5461 0 -1
5462 232 436
5463 3265 442
5464 0 -1
5465 4314 528
5466 3053 454
5467 0 -1
5468 6204 449
5469 4540 468
5470 4413 433
5471 966 458
5472 1721 499
5473 6026 460
5474 118 534
5475 3203 606
5476 6023 551
5477 5857 527
5478 2953 356
5479 5546 461
5480 0 -1
5481 677 469
5482 4462 430
5483 3160 470
5484 5186 426
5485 5122 419
5486 0 -1
5487 123 517
5488 4916 582
5489 3389 530
5490 3475 423
5491 87 603
5492 4862 627
5493 6590 419
5494 1070 425
5495 6255 353
5496 5701 513
5497 1023 432
5498 2236 486
5499 2503 431
5500 0 -1
5501 3899 431
5502 532 401
5503 1564 498
5504 5223 456
5505 1646 545
5506 24 513
5507 6003 479
5508 3215 594
5509 100 337
5510 4314 487
5511 419 431
5512 2361 458
5513 5888 546
5514 2301 407
5515 4698 528
5516 5771 424
5517 4516 362
5518 5376 535
5519 1051 413
5520 3223 510
5521 1312 237
5522 0 -1
5523 1342 434
5524 4854 262
5525 6549 431
5526 178 450
5527 3261 497
5528 2843 431
5529 5285 367
5530 85 285
5531 4722 472
5532 291 416
5533 5264 444
5534 755 440
5535 6109 498
5536 5938 517
5537 6505 544
5538 0 -1
5539 5006 624
5540 746 335
5541 3479 503
5542 3834 615
5543 6337 514
5544 6585 405
5545 4473 455
5546 2421 389
5547 5613 459
5548 0 -1
5549 2738 290
5550 845 428
5551 0 -1
5552 5972 493
5553 5228 527
5554 6532 391
5555 4140 553
5556 6163 352
5557 5383 346
5558 689 509
5559 3737 527
5560 5870 461
5561 2665 394
5562 5693 644
5563 5856 479
5564 5741 425
5565 0 -1
5566 1909 443
5567 3806 468
5568 4248 546
5569 0 -1
5570 6093 498
5571 2733 513
5572 458 418
5573 1940 454
5574 0 -1
5575 2909 437
5576 6473 411
5577 2941 376
5578 910 547
5579 3778 529
5580 1167 500
5581 1156 566
5582 2805 400
5583 4201 512
5584 1251 437
5585 498 348
5586 2856 403
5587 6317 437
5588 4300 447
5589 5567 525
5590 2180 605
5591 3789 421
5592 0 -1
5593 2287 614
5594 290 462
5595 2434 423
5596 3670 291
5597 1122 397
5598 3619 463
5599 4689 521
5600 4498 476
5601 4196 563
5602 5195 492
5603 0 -1
5604 5837 485
5605 984 644
5606 1901 133
5607 1804 428
5608 2118 670
5609 464 501
5610 1271 593
5611 1283 437
5612 4750 477
5613 5999 400
5614 4605 463
5615 1447 433
5616 5893 311
5617 3800 466
5618 966 438
5619 6560 486
5620 6043 444
5621 554 499
5622 0 -1
5623 4345 545
5624 2684 519
5625 0 -1
5626 0 -1
5627 5104 476
5628 3809 452
5629 2711 506
5630 575 473
5631 2324 518
5632 6177 379
5633 1265 338
5634 2211 531
5635 233 603
5636 2963 368
5637 3954 468
5638 2584 571
5639 2813 411
5640 4042 502
5641 1003 566
5642 2791 484
5643 5272 508
5644 2518 533
5645 6371 641
5646 5384 586
5647 1487 434
5648 0 -1
5649 1276 407
5650 4614 409
5651 1199 490
5652 3459 336
5653 4164 518
5654 3079 418
5655 4280 392
5656 5113 365
5657 3903 525
5658 2351 425
5659 0 -1
5660 0 -1
5661 6192 473
5662 443 559
5663 2062 551
5664 6192 370
5665 2788 325
5666 3096 466
5667 290 424
5668 568 375
5669 97 392
5670 5313 521
5671 854 368
5672 5242 508
5673 2822 453
5674 950 497
5675 4462 375
5676 921 563
5677 1278 471
5678 18 466
5679 2099 482
5680 3492 419
5681 2268 379
5682 0 -1
5683 1791 488
5684 6221 586
5685 605 530
5686 6556 483
5687 3364 448
5688 3020 385
5689 3109 307
5690 5326 755
5691 892 598
5692 5873 385
5693 4867 550
5694 1310 385
5695 1095 425
5696 4718 465
5697 841 562
5698 2158 502
5699 4776 467
5700 6479 410
5701 3837 484
5702 4145 337
5703 6268 497
5704 2486 461
5705 6310 491
5706 6473 429
5707 697 442
5708 6557 509
5709 4266 496
5710 4526 474
5711 2162 493
5712 1293 555
5713 1310 371
5714 4340 527
5715 2983 426
5716 1097 506
5717 2332 364
5718 3025 486
5719 876 599
5720 2506 522
5721 0 -1
5722 387 525
5723 5498 533
5724 3075 450
5725 1175 398
5726 653 398
5727 533 595
5728 2541 601
5729 2323 452
5730 2592 690
5731 5664 475
5732 5597 399
5733 1228 481
5734 1424 417
5735 391 397
5736 4030 466
5737 6192 374
5738 4664 441
5739 0 -1
5740 2690 476
5741 3016 418
5742 3698 526
5743 136 412
5744 6155 461
5745 3661 480
5746 1960 518
5747 0 -1
5748 1023 405
5749 6547 479
5750 3155 399
5751 715 444
5752 6579 445
5753 0 -1
5754 4255 401
5755 1462 468
5756 4658 385
5757 6204 518
5758 2901 347
5759 695 524
5760 6532 410
5761 4537 393
5762 4672 561
5763 2633 494
5764 2154 456
5765 1360 418
5766 3585 583
5767 843 460
5768 6007 387
5769 4992 517
5770 2589 402
5771 5312 328
5772 100 332
5773 6148 542
5774 2034 540
5775 6245 453
5776 44 335
5777 2988 375
5778 1224 460
5779 1388 433
5780 5998 367
5781 3587 495
5782 4333 526
5783 1959 425
5784 4194 553
5785 1861 476
5786 5287 434
5787 1870 494
5788 1133 418
5789 3496 555
5790 3093 520
5791 4130 543
5792 6303 532
5793 4305 503
5794 6051 436
5795 2769 554
5796 2770 492
5797 2052 447
5798 3173 656
5799 1058 396
5800 2258 536
5801 5126 538
5802 3674 444
5803 2530 510
5804 4116 515
5805 6102 506
5806 5304 337
5807 2159 363
5808 5248 423
5809 326 418
5810 5144 423
5811 2468 859
5812 6309 171
5813 3322 383
5814 1904 356
5815 3021 541
5816 2058 516
5817 771 426
5818 1663 419
5819 3074 354
5820 5694 395
5821 848 352
5822 0 -1
5823 3913 472
5824 4755 541
5825 5588 453
5826 6559 487
5827 2091 390
5828 5040 411
5829 5731 482
5830 3226 440
5831 168 320
5832 1465 560
5833 530 528
5834 5365 332
5835 3735 469
5836 71 475
5837 2500 469
5838 3459 408
5839 4086 399
5840 1373 466
5841 1276 401
5842 1926 419
5843 1709 458
5844 4467 450
5845 5627 561
5846 3441 473
5847 2153 381
5848 5150 513
5849 0 -1
5850 1938 433
5851 4839 457
5852 1631 434
5853 1787 411
5854 970 510
5855 3686 480
5856 2743 396
5857 5619 522
5858 3033 620
5859 3459 394
5860 3492 484
5861 3506 519
5862 784 498
5863 2125 581
5864 2074 522
5865 6173 463
5866 3000 458
5867 6284 537
5868 5992 511
5869 4804 525
5870 5652 395
5871 4508 232
5872 5165 637
5873 3579 336
5874 0 -1
5875 1658 441
5876 5835 485
5877 3457 490
5878 2094 446
5879 6333 526
5880 6544 540
5881 812 419
5882 854 341
5883 5395 545
5884 565 515
5885 2593 347
5886 5262 456
5887 3957 574
5888 1276 429
5889 3315 514
5890 189 529
5891 1108 467
5892 2264 550
5893 5524 295
5894 0 -1
5895 3809 410
5896 5356 617
5897 5521 252
5898 1803 469
5899 567 406
5900 1833 540
5901 1403 534
5902 570 408
5903 6012 449
5904 1348 465
5905 2448 390
5906 4255 392
5907 3452 494
5908 3661 490
5909 1070 499
5910 4344 502
5911 2172 470
5912 28 510
5913 691 397
5914 3932 529
5915 6573 417
5916 749 478
5917 2805 492
5918 0 -1
5919 5881 431
5920 5955 512
5921 6538 606
5922 326 398
5923 4961 443
5924 2094 451
5925 4887 470
5926 3249 378
5927 4960 472
5928 4970 322
5929 6523 411
5930 302 495
5931 4665 537
5932 2783 459
5933 3325 518
5934 6173 455
5935 1413 445
5936 4285 565
5937 879 523
5938 1276 424
5939 5577 449
5940 4000 520
5941 3024 590
5942 4562 543
5943 0 -1
5944 6460 478
5945 4403 452
5946 3668 548
5947 5350 399
5948 1435 578
5949 1310 415
5950 1644 522
5951 3077 547
5952 6166 372
5953 3504 476
5954 2601 504
5955 2556 500
5956 3707 480
5957 2280 447
5958 0 -1
5959 4781 538
5960 2410 418
5961 0 -1
5962 1269 503
5963 0 -1
5964 3413 497
5965 3355 547
5966 2350 485
5967 5758 438
5968 3407 593
5969 1334 380
5970 5107 489
5971 4410 541
5972 496 454
5973 6252 559
5974 2228 635
5975 5160 598
5976 1318 576
5977 2208 581
5978 5033 549
5979 3240 395
5980 1646 475
5981 3533 514
5982 6029 523
5983 0 -1
5984 1692 534
5985 0 -1
5986 0 -1
5987 0 -1
5988 0 -1
5989 100 279
5990 466 467
5991 2444 566
5992 6343 451
5993 599 498
5994 4109 403
5995 2756 483
5996 6107 518
5997 970 444
5998 1220 352
5999 2561 373
6000 175 601
6001 2159 365
6002 2558 384
6003 5919 445
6004 4814 342
6005 6555 449
6006 3946 439
6007 1276 361
6008 3094 340
6009 1694 511
6010 70 433
6011 2255 526
6012 4291 331
6013 1812 527
6014 6349 473
6015 4261 417
6016 1506 484
6017 4460 463
6018 2956 602
6019 1827 339
6020 6158 438
6021 1927 486
6022 443 508
6023 2184 478
6024 1372 376
6025 2813 516
6026 3708 452
6027 4119 502
6028 440 466
6029 4767 439
6030 2986 561
6031 4185 400
6032 6078 387
6033 5220 478
6034 5157 209
6035 3658 399
6036 4857 487
6037 5882 441
6038 0 -1
6039 5893 369
6040 3322 338
6041 4970 392
6042 721 547
6043 5669 409
6044 588 521
6045 4323 468
6046 0 -1
6047 2481 498
6048 4257 302
6049 5895 479
6050 4195 393
6051 6019 341
6052 4581 465
6053 263 442
6054 4585 488
6055 6032 504
6056 301 458
6057 0 -1
6058 1495 542
6059 2774 465
6060 639 616
6061 5140 499
6062 4146 444
6063 283 526
6064 1392 484
6065 4393 339
6066 864 444
6067 6358 523
6068 1474 463
6069 5831 373
6070 3723 439
6071 3262 423
6072 6580 469
6073 1585 479
6074 3986 475
6075 6512 564
6076 1273 429
6077 0 -1
6078 6395 308
6079 2786 640
6080 6126 417
6081 2189 486
6082 1264 538
6083 663 454
6084 1427 554
6085 0 -1
6086 5808 466
6087 4669 468
6088 1038 442
6089 787 418
6090 3279 542
6091 6573 427
6092 0 -1
6093 1787 421
6094 1536 519
6095 5453 528
6096 86 402
6097 531 613
6098 3022 474
6099 836 567
6100 5923 506
6101 5772 363
6102 2994 500
6103 6588 433
6104 4703 571
6105 5378 569
6106 932 469
6107 2104 453
6108 6205 417
6109 66 487
6110 5836 494
6111 2642 529
6112 6058 555
6113 5256 523
6114 1148 408
6115 3448 591
6116 1596 557
6117 5470 455
6118 2516 522
6119 2620 443
6120 5665 355
6121 1336 461
6122 0 -1
6123 2035 392
6124 0 -1
6125 3322 336
6126 1073 412
6127 3123 581
6128 5028 549
6129 4252 429
6130 3459 357
6131 4103 304
6132 2355 588
6133 6510 481
6134 1400 643
6135 0 -1
6136 4263 410
6137 6255 403
6138 3839 533
6139 4944 493
6140 3772 385
6141 604 500
6142 5027 559
6143 4343 424
6144 2690 432
6145 2789 421
6146 494 473
6147 3581 525
6148 3806 443
6149 4101 343
6150 839 462
6151 4554 511
6152 5115 520
6153 3958 471
6154 0 -1
6155 1230 440
6156 0 -1
6157 6216 544
6158 4400 430
6159 6422 333
6160 1782 552
6161 4766 464
6162 3855 459
6163 2794 239
6164 70 352
6165 1505 399
6166 1893 364
6167 5186 517
6168 660 562
6169 3681 461
6170 3277 555
6171 1693 464
6172 5065 417
6173 2114 385
6174 4217 504
6175 2305 476
6176 6303 478
6177 2800 342
6178 5810 502
6179 1358 484
6180 4907 496
6181 1115 474
6182 0 -1
6183 4663 548
6184 1464 528
6185 1318 526
6186 2295 485
6187 5385 588
6188 1424 415
6189 2308 535
6190 1745 456
6191 1349 438
6192 359 359
6193 2400 547
6194 4265 521
6195 1437 528
6196 2106 426
6197 2827 547
6198 0 -1
6199 532 478
6200 1531 478
6201 3515 538
6202 1026 549
6203 6422 265
6204 5302 446
6205 1827 394
6206 470 382
6207 3437 407
6208 5465 547
6209 3692 428
6210 0 -1
6211 4889 459
6212 315 483
6213 4480 426
6214 433 430
6215 2448 420
6216 4731 433
6217 3229 446
6218 102 453
6219 3450 495
6220 0 -1
6221 1170 524
6222 4241 326
6223 6432 337
6224 4691 374
6225 4191 444
6226 5859 404
6227 2146 613
6228 1385 405
6229 1904 394
6230 1824 419
6231 294 520
6232 3226 413
6233 421 530
6234 0 -1
6235 1244 477
6236 5935 448
6237 1697 559
6238 0 -1
6239 3540 436
6240 5596 382
6241 4223 518
6242 5952 420
6243 3018 407
6244 3750 456
6245 5838 427
6246 4743 452
6247 5221 481
6248 2259 459
6249 5179 579
6250 1762 431
6251 1957 493
6252 3134 495
6253 3166 448
6254 2795 396
6255 4018 341
6256 5799 403
6257 6597 448
6258 8 158
6259 3677 528
6260 4457 493
6261 2016 560
6262 6296 483
6263 0 -1
6264 6193 547
6265 181 383
6266 2829 507
6267 3845 369
6268 431 382
6269 2739 335
6270 498 396
6271 1817 524
6272 5786 453
6273 638 433
6274 3251 423
6275 0 -1
6276 1500 530
6277 6242 489
6278 213 426
6279 5903 532
6280 6562 464
6281 4149 677
6282 2356 362
6283 1448 538
6284 247 486
6285 1961 525
6286 3506 587
6287 2724 400
6288 2902 443
6289 4687 506
6290 5681 421
6291 5817 468
6292 0 -1
6293 4931 491
6294 6454 457
6295 4578 489
6296 5529 419
6297 844 310
6298 3394 440
6299 2361 481
6300 2502 460
6301 6361 429
6302 2319 528
6303 196 426
6304 6552 575
6305 2935 493
6306 0 -1
6307 1745 480
6308 0 -1
6309 5606 145
6310 2656 456
6311 4018 394
6312 2650 446
6313 857 625
6314 3644 806
6315 2243 506
6316 4935 496
6317 999 377
6318 6545 526
6319 4591 442
6320 4373 507
6321 777 518
6322 2699 586
6323 6307 554
6324 5499 431
6325 4715 402
6326 5932 529
6327 4295 313
6328 5455 451
6329 6488 425
6330 2528 401
6331 1005 416
6332 5217 517
6333 4007 492
6334 4252 436
6335 1404 432
6336 5291 460
6337 3197 472
6338 0 -1
6339 4526 450
6340 620 502
6341 4307 518
6342 4378 497
6343 6125 396
6344 3299 495
6345 2167 464
6346 2418 489
6347 4491 429
6348 4280 419
6349 767 418
6350 4752 498
6351 1806 459
6352 1009 448
6353 110 503
6354 6163 289
6355 362 669
6356 1781 611
6357 0 -1
6358 1278 457
6359 2188 403
6360 4394 306
6361 2788 418
6362 5952 435
6363 4403 440
6364 2115 612
6365 1071 455
6366 5033 586
6367 263 452
6368 4371 494
6369 696 544
6370 0 -1
6371 4000 613
6372 5260 537
6373 2886 526
6374 4360 409
6375 3449 440
6376 4302 598
6377 6542 527
6378 2981 501
6379 3525 471
6380 6023 517
6381 0 -1
6382 2735 473
6383 5063 499
6384 1186 457
6385 5111 558
6386 1830 468
6387 5109 529
6388 4798 396
6389 1175 388
6390 3974 534
6391 3063 489
6392 2103 383
6393 4553 445
6394 3344 466
6395 2559 275
6396 485 464
6397 6578 659
6398 5407 546
6399 2489 390
6400 0 -1
6401 969 589
6402 5952 439
6403 5034 461
6404 210 511
6405 6519 556
6406 1084 487
6407 3928 438
6408 1550 531
6409 4719 557
6410 2700 498
6411 4707 475
6412 4194 595
6413 5754 441
6414 0 -1
6415 0 -1
6416 2440 371
6417 4950 349
6418 0 -1
6419 2741 433
6420 4582 430
6421 5572 521
6422 769 235
6423 0 -1
6424 5034 451
6425 0 -1
6426 3193 274
6427 5172 377
6428 0 -1
6429 4167 446
6430 2675 476
6431 4580 500
6432 1060 256
6433 1705 472
6434 5340 391
6435 1585 383
6436 4728 556
6437 4933 423
6438 1405 556
6439 2466 519
6440 3666 530
6441 113 385
6442 1206 492
6443 5777 485
6444 160 489
6445 3898 568
6446 3554 539
6447 3549 505
6448 76 443
6449 1465 542
6450 4838 482
6451 1695 451
6452 3364 439
6453 0 -1
6454 3696 446
6455 76 467
6456 5323 390
6457 1825 474
6458 2640 467
6459 4537 342
6460 5802 459
6461 3078 465
6462 4337 507
6463 6420 464
6464 5282 462
6465 3409 514
6466 1424 446
6467 4022 398
6468 4996 495
6469 5174 300
6470 5754 441
6471 5761 465
6472 0 -1
6473 2566 396
6474 6475 454
6475 1534 412
6476 1102 478
6477 1126 481
6478 142 469
6479 4446 391
6480 4495 444
6481 4255 469
6482 1408 486
6483 1760 399
6484 3576 344
6485 6269 434
6486 2266 532
6487 925 493
6488 4255 404
6489 589 537
6490 3625 525
6491 6551 456
6492 3546 465
6493 1202 436
6494 1658 495
6495 1142 495
6496 3265 467
6497 1631 466
6498 1667 535
6499 3207 511
6500 2985 357
6501 5768 471
6502 1796 609
6503 6265 434
6504 3449 412
6505 1952 437
6506 2567 485
6507 6242 432
6508 557 447
6509 1915 451
6510 371 429
6511 1328 453
6512 4748 467
6513 6458 506
6514 0 -1
6515 4887 471
6516 5085 603
6517 5449 597
6518 6293 519
6519 4993 528
6520 5369 549
6521 4938 627
6522 857 600
6523 3852 324
6524 5256 467
6525 1248 513
6526 2764 477
6527 5304 442
6528 2529 494
6529 5069 492
6530 4983 437
6531 4391 404
6532 359 389
6533 5413 482
6534 3921 433
6535 1968 467
6536 3343 442
6537 3109 337
6538 4597 548
6539 5524 329
6540 3673 501
6541 1358 469
6542 1108 460
6543 4731 372
6544 3708 534
6545 2864 475
6546 2944 436
6547 2176 450
6548 1144 534
6549 2193 403
6550 4918 389
6551 3254 412
6552 3681 510
6553 6231 563
6554 889 567
6555 5700 419
6556 3418 462
6557 2168 458
6558 5627 566
6559 1079 448
6560 5952 447
6561 6531 461
6562 3799 429
6563 3193 332
6564 2772 558
6565 950 511
6566 757 347
6567 2805 401
6568 3943 523
6569 2467 467
6570 4289 420
6571 657 533
6572 3167 484
6573 6222 392
6574 255 429
6575 2724 387
6576 4909 446
6577 4343 461
6578 6438 629
6579 2901 373
6580 691 426
6581 2559 236
6582 0 -1
6583 0 -1
6584 3120 529
6585 1343 345
6586 3496 459
6587 2813 414
6588 4289 414
6589 4820 460
6590 5428 397
6591 4283 435
6592 1357 561
6593 0 -1
6594 4391 425
6595 2103 374
6596 5100 415
6597 644 430
6598 3045 373
6599 2355 578
6600 4122 457
