24
1 0 -1
2 3470 566
3 0 -1
4 6032 408
5 5624 460
6 0 -1
7 2732 464
8 149 445
9 192 436
10 3773 404
11 6527 407
12 0 -1
13 1314 365
14 2711 378
15 4420 292
16 1402 468
17 6475 312
18 6346 357
19 1860 460
20 3615 377
21 45 309
22 5484 389
23 1293 480
24 24 0
25 151 521
26 4645 386
27 5499 427
28 5025 313
29 4855 383
30 3486 487
31 0 -1
32 116 450
33 5737 342
34 1645 346
35 2387 493
36 2248 411
37 5039 381
38 5902 414
39 4330 393
40 3846 422
41 3369 370
42 2019 359
43 558 401
44 4291 415
45 1283 306
46 134 551
47 1617 652
48 790 332
49 4119 524
50 3169 501
51 3112 466
52 855 512
53 2271 445
54 3342 472
55 3324 473
56 4057 394
57 4190 453
58 0 -1
59 1504 498
60 6165 367
61 2535 440
62 2225 347
63 2359 331
64 852 525
65 3515 431
66 1652 314
67 5642 397
68 0 -1
69 3382 456
70 1732 361
71 906 434
72 3349 394
73 4828 572
74 1053 384
75 876 463
76 6051 463
77 5142 433
78 410 314
79 6180 272
80 4228 399
81 2602 466
82 1108 483
83 101 341
84 2074 380
85 5001 387
86 6301 357
87 4286 394
88 288 354
89 5345 506
90 20 387
91 227 556
92 0 -1
93 6010 365
94 1782 505
95 311 443
96 3214 517
97 3520 404
98 1126 509
99 6196 314
100 3416 183
101 2064 340
102 4115 499
103 142 450
104 2593 254
105 4525 346
106 5880 411
107 5962 487
108 5195 356
109 5951 484
110 6389 401
111 6464 461
112 1259 439
113 599 339
114 6261 440
115 2537 544
116 1311 445
117 939 437
118 786 392
119 4672 434
120 3289 815
121 3867 481
122 777 308
123 99 356
124 0 -1
125 5109 437
126 4100 318
127 5959 298
128 1016 459
129 5545 356
130 48 429
131 5783 340
132 3617 422
133 2118 407
134 3709 533
135 1253 386
136 174 400
137 337 418
138 0 -1
139 3453 478
140 2701 476
141 2157 416
142 4261 427
143 5953 422
144 60 388
145 2453 302
146 3732 491
147 3003 475
148 2279 402
149 129 400
150 521 471
151 6410 430
152 528 581
153 2019 355
154 5767 367
155 5998 392
156 1277 441
157 0 -1
158 456 358
159 4421 569
160 940 327
161 1968 357
162 1900 519
163 5715 428
164 1850 430
165 0 -1
166 2602 455
167 832 433
168 293 420
169 1227 497
170 1054 243
171 0 -1
172 4318 321
173 3080 335
174 4548 301
175 4084 495
176 1059 191
177 3570 469
178 3798 443
179 4907 157
180 6137 398
181 4693 366
182 3718 406
183 2409 330
184 3889 457
185 3472 404
186 6061 398
187 6334 403
188 230 390
189 2756 347
190 0 -1
191 1933 390
192 6093 436
193 5361 576
194 6082 324
195 0 -1
196 5671 317
197 1323 498
198 6041 417
199 2248 390
200 5744 511
201 3771 503
202 4185 413
203 2941 438
204 4257 424
205 284 591
206 1705 459
207 211 460
208 2979 419
209 6266 320
210 3676 443
211 6278 387
212 0 -1
213 6526 334
214 6132 417
215 4871 351
216 1704 514
217 3677 437
218 3897 365
219 1249 419
220 5591 438
221 5163 314
222 2095 462
223 5224 404
224 0 -1
225 0 -1
226 1302 451
227 4125 451
228 2043 327
229 2174 298
230 1966 328
231 5330 262
232 4537 403
233 2397 505
234 3256 514
235 6099 612
236 4006 456
237 0 -1
238 4060 413
239 1849 330
240 1788 394
241 1283 356
242 0 -1
243 18 408
244 1307 413
245 5612 384
246 842 362
247 2259 384
248 776 366
249 870 500
250 1338 407
251 2053 383
252 1086 418
253 0 -1
254 615 383
255 780 380
256 2485 295
257 4046 425
258 3244 436
259 0 -1
260 3699 452
261 467 447
262 3972 506
263 2595 418
264 1530 408
265 3231 489
266 279 472
267 6014 421
268 5428 398
269 1809 453
270 3080 440
271 3932 515
272 1056 463
273 3181 486
274 6350 423
275 4583 393
276 1307 397
277 0 -1
278 337 385
279 5540 379
280 5321 431
281 925 346
282 1878 344
283 1809 400
284 1289 495
285 5697 576
286 1377 495
287 0 -1
288 5225 258
289 683 375
290 93 381
291 2803 468
292 4920 475
293 5711 356
294 665 445
295 0 -1
296 1667 470
297 1784 381
298 5768 364
299 6048 393
300 3367 669
301 6119 365
302 4671 389
303 2532 515
304 461 520
305 4915 379
306 4294 449
307 3309 447
308 4873 412
309 3960 455
310 0 -1
311 2846 415
312 1125 311
313 2778 569
314 3661 404
315 5059 478
316 40 430
317 6137 405
318 3050 412
319 0 -1
320 6055 530
321 482 419
322 2606 380
323 5267 406
324 5509 381
325 5234 458
326 1757 351
327 3121 440
328 5225 207
329 6176 424
330 0 -1
331 430 529
332 1088 551
333 3456 538
334 3691 344
335 5813 348
336 4224 138
337 5262 327
338 2223 447
339 1149 449
340 3115 322
341 2582 417
342 5417 366
343 5570 418
344 3072 275
345 4640 194
346 2653 405
347 548 389
348 2550 408
349 2016 414
350 6236 366
351 530 378
352 4198 431
353 3467 366
354 2839 478
355 429 455
356 982 467
357 309 467
358 0 -1
359 685 464
360 2852 443
361 2045 470
362 308 493
363 6168 460
364 2613 330
365 5473 333
366 1935 417
367 1070 296
368 4173 455
369 4269 466
370 1172 370
371 1970 383
372 4773 486
373 1392 346
374 2677 433
375 5577 462
376 2766 421
377 3176 437
378 2221 383
379 4793 485
380 0 -1
381 1740 371
382 911 445
383 664 523
384 5025 314
385 5144 399
386 5077 451
387 2998 376
388 3938 422
389 312 364
390 1439 414
391 684 466
392 0 -1
393 2343 486
394 769 427
395 4133 335
396 5343 470
397 984 442
398 5086 479
399 2653 439
400 0 -1
401 4441 378
402 1619 496
403 1114 478
404 2057 404
405 5798 624
406 3682 497
407 340 348
408 3262 125
409 6373 482
410 3947 211
411 6363 482
412 3204 360
413 301 416
414 3764 485
415 1908 448
416 469 327
417 653 304
418 158 430
419 5036 434
420 4650 447
421 5666 400
422 5528 351
423 5287 358
424 3374 400
425 19 478
426 4079 430
427 4384 451
428 6257 243
429 6132 373
430 569 417
431 1321 392
432 749 320
433 3299 388
434 1918 431
435 6244 446
436 1247 422
437 1660 480
438 3288 369
439 2858 541
440 1722 427
441 3851 469
442 1530 383
443 5577 459
444 4924 445
445 6372 489
446 39 404
447 1447 346
448 4937 449
449 5880 367
450 4940 469
451 0 -1
452 1960 421
453 766 491
454 739 402
455 5837 418
456 1019 312
457 4804 445
458 1940 360
459 1996 415
460 1224 430
461 2895 412
462 1647 472
463 4670 415
464 4671 437
465 2111 487
466 761 351
467 3945 363
468 2907 469
469 3086 276
470 97 416
471 3224 436
472 807 452
473 6273 419
474 467 404
475 3807 435
476 6580 380
477 456 411
478 41 400
479 3382 353
480 5678 399
481 6368 438
482 6137 411
483 583 458
484 4770 563
485 2168 250
486 2408 336
487 3243 422
488 1945 541
489 2716 377
490 3567 481
491 1427 349
492 1803 349
493 164 465
494 2584 508
495 654 446
496 4435 445
497 4695 391
498 6354 373
499 0 -1
500 1892 474
501 0 -1
502 5957 410
503 3255 307
504 6463 471
505 456 354
506 4104 402
507 3765 386
508 4998 606
509 474 500
510 4044 306
511 4847 386
512 4153 366
513 1249 458
514 697 460
515 1875 480
516 79 290
517 6129 371
518 3407 371
519 3175 459
520 2003 390
521 3571 469
522 2738 429
523 940 260
524 4589 467
525 0 -1
526 1583 332
527 188 478
528 3323 564
529 1933 358
530 1741 378
531 4597 442
532 3712 372
533 5068 446
534 0 -1
535 2796 465
536 3322 301
537 3766 410
538 2693 493
539 473 424
540 3603 387
541 5975 465
542 5904 495
543 1916 519
544 3205 446
545 6594 445
546 3765 354
547 6365 402
548 2870 377
549 0 -1
550 2311 373
551 5135 376
552 749 308
553 6186 485
554 3196 474
555 5770 340
556 667 450
557 1235 369
558 1997 396
559 5275 355
560 0 -1
561 6457 143
562 3416 245
563 2930 437
564 3655 282
565 3846 458
566 1158 465
567 5561 266
568 3904 369
569 5512 382
570 4869 406
571 0 -1
572 1536 474
573 1797 588
574 2031 368
575 4580 419
576 3880 393
577 4800 478
578 6349 440
579 3226 476
580 4911 334
581 2254 429
582 447 433
583 6369 456
584 5088 438
585 666 291
586 2893 690
587 4700 359
588 1409 258
589 630 462
590 3200 416
591 4143 505
592 1153 424
593 3756 434
594 4446 375
595 4420 392
596 4406 377
597 1589 420
598 6064 436
599 126 320
600 0 -1
601 5140 529
602 1847 449
603 940 376
604 1878 416
605 1627 439
606 3313 570
607 2965 579
608 5754 416
609 2823 407
610 0 -1
611 4910 331
612 5838 381
613 5378 476
614 2506 442
615 1441 298
616 5825 497
617 3360 399
618 0 -1
619 2655 395
620 4756 412
621 2558 509
622 3990 420
623 0 -1
624 6535 510
625 1377 415
626 3189 287
627 6161 528
628 2724 297
629 85 408
630 3784 344
631 2286 418
632 850 446
633 2847 425
634 1650 506
635 1889 377
636 4698 417
637 2376 407
638 536 351
639 3537 492
640 5632 431
641 4653 371
642 3603 306
643 569 385
644 4485 346
645 0 -1
646 2217 410
647 2157 363
648 6350 359
649 0 -1
650 6309 366
651 682 545
652 321 518
653 1466 298
654 4404 416
655 0 -1
656 1927 358
657 5236 477
658 2484 358
659 2425 483
660 1584 382
661 5462 438
662 2409 329
663 5768 422
664 4393 484
665 6523 344
666 176 229
667 3234 421
668 2210 506
669 2233 357
670 2334 288
671 6254 524
672 5751 342
673 230 446
674 6230 444
675 674 494
676 503 400
677 3541 359
678 5227 414
679 6289 506
680 5330 337
681 401 397
682 2048 453
683 2174 310
684 5528 361
685 4963 435
686 1271 247
687 4186 530
688 4760 597
689 4051 439
690 2489 432
691 5989 321
692 1576 492
693 3261 381
694 3512 380
695 241 417
696 4095 415
697 2944 412
698 4097 489
699 6216 538
700 1379 451
701 914 580
702 2614 437
703 3019 431
704 4220 393
705 691 380
706 3201 369
707 2640 471
708 4222 684
709 3106 413
710 724 604
711 4136 478
712 2576 463
713 288 298
714 4581 389
715 3432 441
716 5231 414
717 5568 559
718 408 161
719 2084 381
720 0 -1
721 2642 436
722 5554 350
723 4226 428
724 361 515
725 2236 344
726 5259 419
727 937 443
728 4352 407
729 6016 485
730 2140 481
731 2427 397
732 140 479
733 4554 450
734 1755 395
735 5875 406
736 2101 433
737 5657 515
738 2223 444
739 4798 307
740 3487 344
741 1007 501
742 2323 456
743 4385 494
744 6500 411
745 174 381
746 3690 414
747 2756 386
748 5093 233
749 1313 264
750 5534 408
751 1293 432
752 6559 381
753 1136 607
754 5167 525
755 999 336
756 3532 485
757 5332 378
758 3898 444
759 4204 334
760 2072 416
761 1409 324
762 1889 460
763 1385 531
764 1002 454
765 5115 388
766 2236 384
767 5768 315
768 5145 377
769 3086 315
770 4100 422
771 3939 345
772 5337 370
773 2694 402
774 3215 427
775 6464 496
776 2735 337
777 5736 242
778 2035 383
779 1715 435
780 4994 277
781 1998 414
782 4094 394
783 2756 386
784 413 416
785 5258 468
786 3540 384
787 5671 358
788 6270 432
789 0 -1
790 2790 317
791 1288 323
792 971 456
793 2351 451
794 2642 379
795 547 423
796 1597 535
797 6365 482
798 1160 523
799 4405 428
800 1999 502
801 3307 537
802 5275 335
803 0 -1
804 3109 394
805 345 195
806 1295 450
807 2267 384
808 2543 421
809 3965 484
810 0 -1
811 852 564
812 4671 381
813 3649 488
814 3154 553
815 0 -1
816 1584 412
817 6243 598
818 476 472
819 0 -1
820 0 -1
821 2883 428
822 4442 509
823 923 519
824 5541 361
825 4663 604
826 2437 612
827 910 382
828 5586 329
829 3083 487
830 4928 424
831 1103 473
832 4482 360
833 2173 480
834 5656 458
835 6218 463
836 558 402
837 6314 837
838 4985 447
839 5302 457
840 2237 452
841 1363 486
842 5834 357
843 1235 359
844 1466 396
845 6265 378
846 510 424
847 937 505
848 1404 332
849 6580 294
850 3892 385
851 5081 523
852 2320 464
853 5347 346
854 3459 284
855 1437 417
856 1574 497
857 2840 455
858 999 305
859 3231 435
860 4259 476
861 2668 346
862 0 -1
863 3163 340
864 5952 398
865 5428 327
866 4473 384
867 668 522
868 653 414
869 5995 417
870 2003 432
871 6113 481
872 0 -1
873 4834 424
874 351 397
875 3208 502
876 4435 436
877 2785 422
878 6311 378
879 4876 387
880 200 519
881 6296 438
882 3365 571
883 0 -1
884 6180 224
885 1526 401
886 5754 420
887 312 408
888 881 481
889 5670 442
890 1712 484
891 1268 390
892 5286 422
893 5337 366
894 4282 386
895 1339 486
896 5738 490
897 423 416
898 5598 513
899 879 489
900 1383 429
901 2691 479
902 3530 506
903 5853 442
904 766 499
905 5716 401
906 1209 402
907 537 416
908 3632 623
909 1317 334
910 4670 351
911 4217 399
912 1077 356
913 2316 383
914 419 492
915 3855 445
916 1368 287
917 3701 363
918 1822 532
919 4963 492
920 4512 531
921 6312 445
922 2225 420
923 5681 425
924 378 500
925 5545 306
926 3901 343
927 5321 460
928 1205 507
929 4608 677
930 4787 575
931 76 493
932 5556 396
933 985 506
934 4066 288
935 0 -1
936 6194 445
937 3937 424
938 5173 444
939 968 386
940 4134 259
941 5085 302
942 1343 388
943 247 432
944 2926 442
945 2106 353
946 1040 450
947 5666 355
948 0 -1
949 3508 500
950 2147 430
951 4173 437
952 4167 403
953 6271 264
954 4923 369
955 2947 456
956 1038 475
957 2205 422
958 6072 330
959 4963 475
960 6499 409
961 0 -1
962 6341 332
963 5303 449
964 0 -1
965 4871 349
966 5772 279
967 3121 357
968 5473 386
969 1140 475
970 337 338
971 4310 391
972 864 423
973 3950 379
974 5097 404
975 5449 436
976 507 401
977 2899 413
978 0 -1
979 2378 438
980 4879 349
981 0 -1
982 2611 349
983 2694 391
984 5194 392
985 770 490
986 5263 559
987 564 329
988 4679 417
989 67 477
990 4107 96
991 2878 261
992 0 -1
993 0 -1
994 968 454
995 5338 471
996 2439 473
997 5373 340
998 2002 326
999 3204 297
1000 2891 421
1001 42 468
1002 4068 387
1003 3244 447
1004 4655 303
1005 2091 403
1006 583 498
1007 132 475
1008 41 420
1009 505 439
1010 0 -1
1011 0 -1
1012 3123 582
1013 677 374
1014 3277 492
1015 2002 374
1016 42 420
1017 2122 484
1018 302 505
1019 2353 286
1020 4548 316
1021 1622 294
1022 5151 427
1023 4058 409
1024 2900 417
1025 4383 495
1026 6597 295
1027 3387 364
1028 1893 488
1029 486 440
1030 1902 434
1031 2464 558
1032 2112 509
1033 4821 492
1034 1246 533
1035 3458 385
1036 5011 504
1037 5123 491
1038 2605 355
1039 5139 490
1040 5039 368
1041 2081 523
1042 1839 360
1043 5169 441
1044 910 431
1045 5619 513
1046 230 448
1047 0 -1
1048 6253 277
1049 6180 206
1050 509 509
1051 2267 445
1052 72 405
1053 122 362
1054 3917 211
1055 1974 413
1056 2487 455
1057 4105 355
1058 522 443
1059 561 151
1060 5174 477
1061 2074 399
1062 3917 213
1063 5969 375
1064 3327 490
1065 3288 359
1066 5462 447
1067 0 -1
1068 4920 395
1069 1538 567
1070 5675 282
1071 5182 370
1072 4510 387
1073 5546 392
1074 176 269
1075 2655 388
1076 4690 467
1077 5131 342
1078 2365 338
1079 966 369
1080 2756 385
1081 101 428
1082 5447 387
1083 6049 419
1084 1101 351
1085 0 -1
1086 2184 348
1087 0 -1
1088 4416 494
1089 0 -1
1090 3520 414
1091 0 -1
1092 5375 421
1093 4693 385
1094 373 408
1095 4322 416
1096 3180 358
1097 6591 422
1098 428 290
1099 154 437
1100 3544 610
1101 6199 332
1102 6527 382
1103 3670 371
1104 1731 449
1105 2053 407
1106 23 480
1107 0 -1
1108 2117 405
1109 4515 474
1110 4361 554
1111 3091 364
1112 4912 398
1113 1289 432
1114 3228 448
1115 3437 421
1116 0 -1
1117 2325 501
1118 4809 543
1119 3929 332
1120 5062 522
1121 977 480
1122 912 363
1123 3154 509
1124 4430 329
1125 3811 251
1126 1896 467
1127 2500 446
1128 1313 258
1129 1709 494
1130 3802 405
1131 5878 382
1132 3096 398
1133 536 316
1134 5308 544
1135 5068 412
1136 4336 510
1137 0 -1
1138 2941 453
1139 4420 323
1140 1583 449
1141 2175 401
1142 458 381
1143 3608 436
1144 1218 450
1145 4429 409
1146 0 -1
1147 5194 434
1148 3277 442
1149 4422 419
1150 963 565
1151 5207 668
1152 4899 530
1153 6476 325
1154 2856 275
1155 417 405
1156 4336 570
1157 0 -1
1158 5997 372
1159 1918 480
1160 5949 516
1161 6150 444
1162 5736 288
1163 4281 419
1164 2417 415
1165 4516 405
1166 4896 480
1167 4596 392
1168 5847 310
1169 5693 490
1170 5327 364
1171 5525 426
1172 4044 302
1173 4967 419
1174 5699 423
1175 1354 356
1176 473 466
1177 2799 349
1178 2063 487
1179 1344 557
1180 691 343
1181 1144 481
1182 2095 361
1183 236 486
1184 2990 579
1185 4 427
1186 4753 421
1187 704 403
1188 275 461
1189 3258 442
1190 3158 543
1191 1236 365
1192 1582 480
1193 6555 288
1194 1251 427
1195 2174 370
1196 1784 405
1197 4831 433
1198 349 459
1199 3953 378
1200 1045 536
1201 5082 445
1202 1288 262
1203 4667 625
1204 4294 419
1205 3231 474
1206 865 394
1207 1074 320
1208 5003 296
1209 4560 358
1210 6461 417
1211 6493 364
1212 6329 385
1213 5214 463
1214 2683 426
1215 19 528
1216 3926 561
1217 3527 676
1218 3170 445
1219 5801 431
1220 3540 290
1221 407 391
1222 167 442
1223 6366 616
1224 3022 378
1225 2833 228
1226 5650 334
1227 2323 435
1228 6076 378
1229 3247 522
1230 6078 364
1231 0 -1
1232 3521 452
1233 0 -1
1234 5934 395
1235 854 348
1236 2791 268
1237 3475 431
1238 1347 371
1239 1856 460
1240 2530 479
1241 780 326
1242 3295 380
1243 3897 405
1244 355 464
1245 0 -1
1246 4316 506
1247 3192 360
1248 5709 432
1249 4057 414
1250 5545 312
1251 83 394
1252 2556 527
1253 4591 381
1254 3003 469
1255 4910 379
1256 6371 650
1257 5668 406
1258 4720 401
1259 3235 359
1260 2890 421
1261 2878 301
1262 6509 518
1263 5053 573
1264 5225 298
1265 2183 489
1266 2580 441
1267 2758 403
1268 174 348
1269 3726 442
1270 3302 420
1271 5959 223
1272 5956 402
1273 2743 431
1274 2880 393
1275 782 461
1276 2020 409
1277 3184 383
1278 4489 380
1279 6121 492
1280 6157 441
1281 1724 412
1282 1655 373
1283 485 300
1284 1447 319
1285 3764 488
1286 1509 555
1287 2731 556
1288 5225 238
1289 1278 391
1290 1174 459
1291 4368 454
1292 3930 431
1293 6231 416
1294 5877 281
1295 6119 370
1296 2401 328
1297 0 -1
1298 6531 487
1299 1897 459
1300 2353 289
1301 3115 392
1302 2193 359
1303 2295 509
1304 3085 339
1305 0 -1
1306 2138 439
1307 6296 397
1308 4762 494
1309 5605 576
1310 4291 399
1311 4723 408
1312 947 371
1313 3516 242
1314 4246 298
1315 581 524
1316 0 -1
1317 3503 316
1318 5632 507
1319 2791 354
1320 1622 315
1321 5884 386
1322 5631 262
1323 186 435
1324 0 -1
1325 2767 544
1326 1356 436
1327 6305 475
1328 5735 541
1329 4859 385
1330 719 494
1331 2312 508
1332 0 -1
1333 160 421
1334 90 395
1335 1395 408
1336 4554 409
1337 6188 438
1338 3782 392
1339 1228 483
1340 741 542
1341 912 361
1342 1525 378
1343 17 355
1344 2890 494
1345 5627 425
1346 6508 405
1347 6547 342
1348 5681 316
1349 3534 522
1350 777 344
1351 6006 432
1352 5277 391
1353 1968 381
1354 5561 342
1355 5755 463
1356 2016 401
1357 3119 396
1358 3721 377
1359 0 -1
1360 2238 363
1361 4482 460
1362 3640 585
1363 1131 392
1364 2868 488
1365 2981 496
1366 3445 340
1367 1991 402
1368 2884 260
1369 5956 503
1370 1083 429
1371 1537 495
1372 2921 373
1373 4911 317
1374 4631 486
1375 3387 439
1376 0 -1
1377 4220 391
1378 0 -1
1379 6402 422
1380 0 -1
1381 416 384
1382 5232 430
1383 2813 416
1384 6021 421
1385 470 431
1386 1731 383
1387 3541 333
1388 886 432
1389 2177 437
1390 4444 499
1391 4283 461
1392 2377 251
1393 4198 420
1394 3958 585
1395 312 348
1396 5360 446
1397 6174 373
1398 3637 573
1399 3939 392
1400 2186 562
1401 1293 426
1402 1066 448
1403 2342 405
1404 1049 315
1405 1683 476
1406 4606 568
1407 5716 495
1408 5161 428
1409 4640 206
1410 6297 425
1411 0 -1
1412 2317 390
1413 2172 424
1414 0 -1
1415 3108 399
1416 6361 433
1417 4174 441
1418 252 434
1419 3862 529
1420 3118 426
1421 947 465
1422 0 -1
1423 5352 405
1424 4035 401
1425 5686 360
1426 849 335
1427 1933 335
1428 2645 526
1429 4343 372
1430 4780 413
1431 2152 523
1432 4859 375
1433 2410 475
1434 506 467
1435 504 472
1436 3629 401
1437 3386 357
1438 0 -1
1439 2500 395
1440 2770 434
1441 884 248
1442 236 531
1443 142 445
1444 2339 543
1445 3647 429
1446 5575 367
1447 1313 273
1448 3953 385
1449 4286 397
1450 1987 348
1451 3169 452
1452 3169 441
1453 4862 415
1454 4778 449
1455 0 -1
1456 1978 358
1457 2130 260
1458 2794 352
1459 5079 258
1460 2005 438
1461 4669 444
1462 489 416
1463 2147 433
1464 1739 380
1465 3675 429
1466 5586 280
1467 3027 544
1468 3349 407
1469 2552 429
1470 5106 410
1471 6547 384
1472 3044 481
1473 562 248
1474 1850 350
1475 158 431
1476 5531 478
1477 3121 428
1478 4660 417
1479 6470 318
1480 5848 389
1481 187 412
1482 1559 435
1483 5700 304
1484 1937 544
1485 0 -1
1486 1057 387
1487 6537 401
1488 3208 498
1489 4896 439
1490 1877 514
1491 4887 394
1492 0 -1
1493 0 -1
1494 0 -1
1495 3005 489
1496 1369 537
1497 4924 438
1498 3121 441
1499 5912 391
1500 1525 465
1501 5681 414
1502 1428 581
1503 3226 414
1504 6078 433
1505 2041 356
1506 2170 421
1507 3784 451
1508 6342 376
1509 6512 512
1510 3091 377
1511 6255 501
1512 173 361
1513 6459 373
1514 480 465
1515 5366 426
1516 3285 396
1517 4852 446
1518 1193 382
1519 909 382
1520 0 -1
1521 4974 556
1522 5764 501
1523 0 -1
1524 2518 506
1525 3602 363
1526 5445 314
1527 1260 425
1528 4329 459
1529 2168 304
1530 3691 327
1531 5057 381
1532 4088 426
1533 6010 348
1534 1276 449
1535 3432 420
1536 1940 444
1537 4153 450
1538 4875 468
1539 1071 412
1540 6393 111
1541 4914 435
1542 5856 447
1543 6133 470
1544 3598 470
1545 3950 437
1546 0 -1
1547 1026 313
1548 4318 372
1549 4855 420
1550 1224 392
1551 5131 427
1552 2059 332
1553 858 361
1554 4042 302
1555 0 -1
1556 2065 434
1557 3800 502
1558 5570 490
1559 3347 407
1560 2645 480
1561 5447 380
1562 5521 437
1563 2406 483
1564 1583 429
1565 0 -1
1566 6492 548
1567 1889 453
1568 0 -1
1569 5583 362
1570 1515 482
1571 3848 378
1572 4737 405
1573 356 493
1574 865 395
1575 4633 581
1576 4182 409
1577 4412 576
1578 3022 330
1579 0 -1
1580 4152 484
1581 2635 652
1582 5698 452
1583 5615 329
1584 4429 336
1585 1208 306
1586 1860 394
1587 6174 342
1588 26 439
1589 213 356
1590 1237 464
1591 2315 395
1592 1917 489
1593 1056 523
1594 6434 267
1595 3548 448
1596 90 492
1597 1601 435
1598 1437 455
1599 6467 474
1600 1740 381
1601 2924 330
1602 1833 430
1603 2344 465
1604 3662 320
1605 6144 470
1606 2535 488
1607 4980 482
1608 4482 411
1609 5989 277
1610 4331 288
1611 0 -1
1612 77 435
1613 4633 502
1614 3643 465
1615 2793 531
1616 1223 699
1617 130 532
1618 650 451
1619 3737 444
1620 5331 471
1621 980 405
1622 1459 269
1623 3798 519
1624 2425 421
1625 1746 533
1626 2570 467
1627 5238 429
1628 2261 469
1629 3063 500
1630 5351 372
1631 6537 462
1632 1650 505
1633 5870 407
1634 4279 412
1635 1655 290
1636 1446 430
1637 4150 297
1638 2730 391
1639 2115 351
1640 1259 365
1641 4795 391
1642 2729 449
1643 5225 237
1644 5100 445
1645 4994 287
1646 3230 338
1647 6076 400
1648 26 386
1649 0 -1
1650 4279 415
1651 3261 444
1652 5225 231
1653 5526 469
1654 846 495
1655 1059 270
1656 5502 416
1657 784 510
1658 2649 423
1659 1983 427
1660 2784 464
1661 793 458
1662 2090 426
1663 3163 315
1664 449 379
1665 66 391
1666 6106 388
1667 5738 422
1668 1996 430
1669 2774 372
1670 3351 347
1671 0 -1
1672 1941 428
1673 6142 433
1674 5969 339
1675 1582 494
1676 3772 410
1677 1427 368
1678 2543 382
1679 4624 352
1680 5901 442
1681 4251 434
1682 2374 497
1683 352 431
1684 3038 484
1685 2851 474
1686 5490 456
1687 5885 299
1688 474 491
1689 0 -1
1690 491 410
1691 4037 378
1692 4505 456
1693 1153 358
1694 5116 361
1695 2789 391
1696 1238 465
1697 6526 407
1698 244 484
1699 5933 544
1700 4368 419
1701 1941 410
1702 795 535
1703 1236 362
1704 4409 474
1705 2434 430
1706 942 461
1707 6014 348
1708 3196 369
1709 3511 432
1710 2808 403
1711 6172 453
1712 879 425
1713 2309 522
1714 2711 441
1715 5783 328
1716 0 -1
1717 0 -1
1718 5777 437
1719 4852 489
1720 6367 488
1721 3475 398
1722 4346 417
1723 2824 452
1724 5163 371
1725 699 538
1726 3068 442
1727 3293 347
1728 1019 327
1729 1481 524
1730 2751 468
1731 5163 337
1732 6072 309
1733 4479 472
1734 1925 557
1735 0 -1
1736 66 393
1737 6110 480
1738 6346 347
1739 1860 376
1740 2377 290
1741 1745 347
1742 4687 476
1743 6245 475
1744 2562 368
1745 2924 310
1746 4263 475
1747 0 -1
1748 3598 385
1749 5301 318
1750 2694 402
1751 175 506
1752 3918 514
1753 0 -1
1754 482 422
1755 3982 301
1756 6236 387
1757 5135 337
1758 2056 607
1759 2106 377
1760 1350 383
1761 2446 426
1762 3845 396
1763 4224 135
1764 246 385
1765 0 -1
1766 1272 517
1767 905 441
1768 4996 425
1769 4450 465
1770 6063 438
1771 0 -1
1772 0 -1
1773 3034 409
1774 2921 395
1775 137 509
1776 1408 456
1777 6495 474
1778 6165 351
1779 1206 430
1780 3731 453
1781 2142 478
1782 1724 464
1783 4128 495
1784 4873 355
1785 1236 333
1786 4778 533
1787 3459 280
1788 1447 354
1789 4754 402
1790 2316 449
1791 1662 459
1792 1097 428
1793 1350 424
1794 5823 470
1795 1745 325
1796 2141 509
1797 4036 552
1798 0 -1
1799 0 -1
1800 0 -1
1801 0 -1
1802 2615 451
1803 5959 231
1804 3528 398
1805 2441 475
1806 2316 421
1807 3611 411
1808 698 554
1809 4790 381
1810 5223 378
1811 108 412
1812 5494 397
1813 4394 363
1814 4150 235
1815 3363 478
1816 5180 509
1817 1691 393
1818 2063 526
1819 1908 424
1820 0 -1
1821 5191 444
1822 5065 473
1823 628 370
1824 4098 332
1825 24 75
1826 4499 540
1827 6512 432
1828 713 352
1829 5701 457
1830 2689 399
1831 5162 442
1832 0 -1
1833 5923 344
1834 4650 442
1835 4966 530
1836 354 502
1837 136 401
1838 312 397
1839 3293 357
1840 5166 317
1841 5367 640
1842 5208 382
1843 3898 462
1844 0 -1
1845 6268 514
1846 3419 370
1847 2412 396
1848 5934 371
1849 2608 316
1850 5324 314
1851 3600 485
1852 1715 391
1853 192 443
1854 3764 397
1855 593 492
1856 1647 448
1857 1333 484
1858 728 436
1859 3374 397
1860 3299 368
1861 6411 415
1862 2918 434
1863 828 381
1864 5802 314
1865 2889 518
1866 11 524
1867 2259 369
1868 1131 418
1869 5404 435
1870 5397 468
1871 1225 291
1872 5109 360
1873 3701 315
1874 3064 433
1875 3232 470
1876 0 -1
1877 2114 423
1878 1119 337
1879 4386 326
1880 6080 347
1881 0 -1
1882 2184 369
1883 4741 454
1884 6329 372
1885 4315 500
1886 0 -1
1887 316 452
1888 4003 413
1889 3343 369
1890 3594 470
1891 2045 490
1892 3817 400
1893 3768 470
1894 4499 644
1895 2753 418
1896 5128 426
1897 6531 424
1898 2820 428
1899 0 -1
1900 1847 407
1901 29 400
1902 1153 364
1903 3659 534
1904 2048 451
1905 4094 350
1906 0 -1
1907 161 374
1908 2328 340
1909 5856 417
1910 6321 379
1911 922 530
1912 4837 441
1913 0 -1
1914 3007 498
1915 2004 415
1916 198 440
1917 3560 417
1918 293 385
1919 2631 380
1920 636 491
1921 5774 595
1922 1708 392
1923 4022 468
1924 2255 431
1925 3755 454
1926 359 541
1927 3372 344
1928 678 472
1929 697 506
1930 5897 456
1931 3605 448
1932 4715 416
1933 6575 314
1934 3086 306
1935 3369 360
1936 1591 419
1937 4857 539
1938 3364 461
1939 1016 458
1940 4173 348
1941 2236 342
1942 323 441
1943 2436 390
1944 6047 473
1945 3356 463
1946 5385 646
1947 2568 614
1948 1751 559
1949 6467 490
1950 2746 522
1951 2552 396
1952 4910 338
1953 2295 430
1954 4782 439
1955 5542 495
1956 603 456
1957 3010 319
1958 0 -1
1959 1960 467
1960 3526 419
1961 5034 462
1962 5289 504
1963 5447 429
1964 1111 451
1965 0 -1
1966 5261 299
1967 0 -1
1968 4591 352
1969 2231 384
1970 4140 374
1971 5793 698
1972 3971 436
1973 0 -1
1974 3814 343
1975 3214 467
1976 6194 423
1977 4306 341
1978 567 283
1979 6043 497
1980 6368 354
1981 436 480
1982 0 -1
1983 1372 426
1984 0 -1
1985 2240 419
1986 5596 397
1987 1368 279
1988 3188 523
1989 4050 464
1990 910 453
1991 4150 286
1992 2267 412
1993 0 -1
1994 5960 438
1995 4750 333
1996 5071 310
1997 2507 387
1998 4441 371
1999 1000 426
2000 3647 506
2001 0 -1
2002 4727 299
2003 485 321
2004 4364 379
2005 3708 375
2006 0 -1
2007 5126 437
2008 1732 314
2009 5611 389
2010 1253 431
2011 0 -1
2012 4797 260
2013 3250 414
2014 5651 450
2015 5528 355
2016 4859 343
2017 1111 387
2018 1288 308
2019 3817 322
2020 5541 368
2021 5417 440
2022 5965 478
2023 871 534
2024 5079 328
2025 3075 430
2026 4620 328
2027 3616 426
2028 0 -1
2029 1293 435
2030 0 -1
2031 4004 269
2032 3305 404
2033 5377 436
2034 4471 557
2035 2790 289
2036 0 -1
2037 1304 426
2038 0 -1
2039 181 422
2040 5530 497
2041 5911 312
2042 1898 442
2043 456 314
2044 2453 371
2045 34 417
2046 969 478
2047 2838 451
2048 3697 396
2049 0 -1
2050 1193 393
2051 3797 572
2052 2884 318
2053 686 324
2054 5627 462
2055 6129 383
2056 4874 512
2057 2667 336
2058 4547 425
2059 3974 311
2060 2324 278
2061 2099 471
2062 4246 329
2063 1739 474
2064 1236 340
2065 684 373
2066 3569 353
2067 4885 478
2068 884 231
2069 4008 369
2070 3628 520
2071 2745 543
2072 417 399
2073 6031 426
2074 4564 376
2075 5126 525
2076 0 -1
2077 2921 380
2078 3400 488
2079 5463 364
2080 5410 492
2081 5760 441
2082 6536 453
2083 6403 431
2084 3372 349
2085 4191 400
2086 6194 436
2087 634 560
2088 5817 424
2089 1323 507
2090 80 425
2091 3235 383
2092 3513 535
2093 3814 239
2094 523 276
2095 1202 346
2096 0 -1
2097 421 460
2098 430 433
2099 3958 470
2100 6247 535
2101 2236 368
2102 3892 353
2103 5665 348
2104 396 481
2105 6054 337
2106 1473 262
2107 547 453
2108 3994 623
2109 4812 471
2110 2027 474
2111 4793 416
2112 1651 452
2113 3132 619
2114 1552 341
2115 1294 323
2116 3155 217
2117 4738 397
2118 6455 392
2119 5140 570
2120 2300 360
2121 5401 615
2122 4697 431
2123 6239 406
2124 2685 588
2125 4568 436
2126 4876 437
2127 5516 583
2128 0 -1
2129 848 372
2130 1059 216
2131 5597 426
2132 6013 554
2133 537 451
2134 4615 478
2135 2940 370
2136 4098 377
2137 4622 422
2138 3351 319
2139 3325 490
2140 4899 472
2141 821 447
2142 764 460
2143 714 418
2144 3061 385
2145 3044 443
2146 5785 405
2147 3473 394
2148 3647 500
2149 4093 402
2150 5729 397
2151 2636 422
2152 1809 490
2153 588 305
2154 1086 414
2155 6005 389
2156 1145 430
2157 6382 340
2158 430 466
2159 1505 460
2160 4033 416
2161 4166 318
2162 3968 288
2163 1135 450
2164 1872 376
2165 2009 442
2166 2440 433
2167 5065 408
2168 2876 212
2169 0 -1
2170 186 411
2171 3302 466
2172 4226 418
2173 1356 431
2174 3436 279
2175 2725 317
2176 4525 315
2177 4733 418
2178 4402 412
2179 1241 430
2180 3258 481
2181 6054 384
2182 1166 519
2183 316 449
2184 4994 282
2185 2593 208
2186 1910 451
2187 3098 566
2188 3263 184
2189 3311 423
2190 6297 472
2191 5199 470
2192 4088 422
2193 916 332
2194 1959 575
2195 5611 358
2196 6091 536
2197 0 -1
2198 6100 431
2199 2789 498
2200 170 332
2201 4793 484
2202 2353 295
2203 3049 548
2204 4048 471
2205 3311 388
2206 2024 370
2207 1105 412
2208 1278 489
2209 0 -1
2210 2887 436
2211 6039 424
2212 5650 350
2213 3336 699
2214 3912 545
2215 587 371
2216 2290 468
2217 4583 340
2218 0 -1
2219 2863 493
2220 5329 513
2221 3299 344
2222 5886 338
2223 3889 372
2224 1162 343
2225 256 304
2226 5687 325
2227 2418 302
2228 5104 474
2229 5520 510
2230 0 -1
2231 5705 336
2232 0 -1
2233 848 356
2234 2543 474
2235 5861 514
2236 2906 323
2237 4419 440
2238 1814 327
2239 2729 385
2240 587 376
2241 2176 428
2242 4085 647
2243 1996 348
2244 2838 377
2245 2157 380
2246 2314 446
2247 6110 531
2248 4376 363
2249 1405 530
2250 4291 378
2251 0 -1
2252 3502 469
2253 3570 449
2254 6341 342
2255 2580 361
2256 0 -1
2257 3186 373
2258 3794 407
2259 5494 367
2260 6201 476
2261 5755 435
2262 3603 281
2263 0 -1
2264 3554 437
2265 0 -1
2266 4122 424
2267 6435 339
2268 2923 397
2269 5946 550
2270 2465 469
2271 2647 380
2272 3157 363
2273 900 502
2274 4419 474
2275 373 442
2276 5675 329
2277 933 603
2278 0 -1
2279 275 398
2280 4911 393
2281 1188 519
2282 5745 565
2283 0 -1
2284 0 -1
2285 4316 461
2286 1289 406
2287 5465 593
2288 2505 416
2289 0 -1
2290 3450 389
2291 2792 480
2292 0 -1
2293 938 492
2294 5481 453
2295 2003 423
2296 5554 377
2297 5516 503
2298 2631 374
2299 9 488
2300 1622 283
2301 4581 340
2302 4063 374
2303 0 -1
2304 3629 372
2305 2174 317
2306 2536 463
2307 1128 338
2308 491 431
2309 706 486
2310 1427 335
2311 5802 330
2312 3756 459
2313 5830 533
2314 4031 437
2315 550 390
2316 6165 375
2317 2500 329
2318 3321 359
2319 6392 439
2320 6030 419
2321 446 464
2322 425 532
2323 2417 371
2324 561 160
2325 3224 420
2326 3256 473
2327 6371 592
2328 3833 296
2329 566 536
2330 4004 289
2331 4651 517
2332 4281 400
2333 1652 241
2334 5736 249
2335 1040 395
2336 169 520
2337 983 396
2338 4883 424
2339 2458 486
2340 3282 436
2341 2507 413
2342 6106 370
2343 2615 430
2344 421 465
2345 2060 282
2346 5339 439
2347 3386 339
2348 681 490
2349 1870 505
2350 2435 313
2351 4112 407
2352 1536 542
2353 4907 206
2354 1271 250
2355 1235 422
2356 6051 398
2357 4420 343
2358 5954 345
2359 3603 293
2360 5005 549
2361 4485 304
2362 6177 436
2363 4282 395
2364 6113 418
2365 5672 285
2366 33 383
2367 254 392
2368 6536 414
2369 4686 400
2370 1382 464
2371 4196 520
2372 2629 391
2373 5069 449
2374 807 492
2375 3194 442
2376 5886 330
2377 2724 220
2378 6219 421
2379 2668 387
2380 4021 528
2381 0 -1
2382 2202 412
2383 6595 431
2384 0 -1
2385 4304 484
2386 3005 461
2387 5482 424
2388 6150 415
2389 5074 384
2390 5346 430
2391 5910 388
2392 1714 463
2393 0 -1
2394 6150 382
2395 3482 410
2396 1731 367
2397 2918 483
2398 0 -1
2399 2936 636
2400 1541 440
2401 5700 327
2402 0 -1
2403 6196 353
2404 0 -1
2405 3974 330
2406 5162 462
2407 5375 441
2408 2940 315
2409 174 303
2410 5082 365
2411 0 -1
2412 1395 352
2413 2819 441
2414 1294 317
2415 0 -1
2416 0 -1
2417 3581 354
2418 805 249
2419 1094 431
2420 6054 313
2421 3072 324
2422 4048 511
2423 341 497
2424 5006 545
2425 512 382
2426 5010 496
2427 1998 379
2428 5352 478
2429 1707 391
2430 845 436
2431 189 380
2432 527 500
2433 6241 464
2434 5138 421
2435 1125 261
2436 1691 390
2437 1557 597
2438 3833 225
2439 3951 412
2440 1741 421
2441 3582 390
2442 5908 515
2443 3985 566
2444 706 453
2445 3925 402
2446 3380 340
2447 517 486
2448 470 423
2449 1985 449
2450 3965 493
2451 3515 413
2452 0 -1
2453 2174 288
2454 1859 478
2455 5182 377
2456 3079 264
2457 1512 455
2458 3395 482
2459 5617 564
2460 6082 344
2461 2578 498
2462 979 516
2463 0 -1
2464 5536 490
2465 1186 469
2466 653 342
2467 3855 442
2468 3195 599
2469 6523 427
2470 3348 465
2471 0 -1
2472 4980 438
2473 1501 427
2474 6536 422
2475 680 444
2476 6285 569
2477 232 475
2478 2688 370
2479 5421 478
2480 3087 468
2481 1635 391
2482 4317 598
2483 1368 356
2484 780 277
2485 3233 238
2486 1028 576
2487 596 405
2488 4949 475
2489 2985 407
2490 5267 419
2491 5178 568
2492 5141 498
2493 0 -1
2494 2465 589
2495 4295 420
2496 3784 447
2497 2352 601
2498 2333 283
2499 0 -1
2500 761 329
2501 1412 423
2502 909 451
2503 10 438
2504 4939 476
2505 567 358
2506 5775 416
2507 3099 384
2508 3713 457
2509 5623 482
2510 0 -1
2511 3022 394
2512 98 597
2513 1780 520
2514 34 362
2515 971 453
2516 2915 322
2517 5778 489
2518 2362 460
2519 0 -1
2520 2914 407
2521 5968 445
2522 2259 432
2523 2345 390
2524 147 499
2525 2900 356
2526 3731 416
2527 0 -1
2528 4449 468
2529 5878 379
2530 3600 415
2531 3040 332
2532 1395 414
2533 679 526
2534 983 396
2535 5168 377
2536 412 435
2537 5459 481
2538 3288 329
2539 5806 478
2540 6023 391
2541 3288 428
2542 4637 538
2543 108 381
2544 0 -1
2545 2315 390
2546 539 537
2547 705 432
2548 1377 429
2549 2774 322
2550 5932 369
2551 0 -1
2552 3977 333
2553 1749 405
2554 2157 445
2555 6221 387
2556 1226 438
2557 6536 376
2558 6360 452
2559 5072 339
2560 1655 373
2561 6048 447
2562 6434 368
2563 2457 475
2564 953 340
2565 2151 423
2566 2279 402
2567 110 427
2568 4763 511
2569 628 381
2570 6344 413
2571 754 552
2572 9 442
2573 4390 444
2574 2860 610
2575 3072 365
2576 6199 353
2577 5143 399
2578 433 465
2579 3151 493
2580 3673 354
2581 1893 491
2582 3708 352
2583 6412 624
2584 4498 420
2585 2187 652
2586 1813 399
2587 2921 410
2588 3873 413
2589 1594 316
2590 105 366
2591 889 493
2592 3604 620
2593 3902 188
2594 3360 435
2595 1902 407
2596 5002 634
2597 5123 440
2598 0 -1
2599 0 -1
2600 6227 526
2601 1441 263
2602 3019 367
2603 2871 467
2604 0 -1
2605 6555 316
2606 3583 363
2607 2374 492
2608 5163 309
2609 44 442
2610 6576 441
2611 4098 346
2612 4803 414
2613 4657 305
2614 4925 407
2615 6579 387
2616 746 480
2617 2088 464
2618 5163 356
2619 0 -1
2620 3528 318
2621 6070 448
2622 6491 451
2623 0 -1
2624 0 -1
2625 4924 368
2626 4593 341
2627 3250 405
2628 4014 516
2629 4078 370
2630 2268 469
2631 2227 364
2632 1740 364
2633 5225 268
2634 3988 557
2635 6511 536
2636 5541 372
2637 3751 380
2638 999 358
2639 4408 481
2640 306 463
2641 793 548
2642 2744 377
2643 2353 272
2644 1327 511
2645 4252 411
2646 5348 577
2647 1635 377
2648 2081 552
2649 5020 363
2650 6579 378
2651 0 -1
2652 2989 478
2653 5131 379
2654 6349 436
2655 1441 318
2656 3762 476
2657 4261 496
2658 0 -1
2659 4484 489
2660 0 -1
2661 611 369
2662 2632 401
2663 1632 528
2664 2130 219
2665 179 245
2666 2097 503
2667 5256 328
2668 5028 293
2669 127 369
2670 5310 453
2671 962 350
2672 2894 423
2673 5840 443
2674 4378 362
2675 896 507
2676 3489 393
2677 1986 408
2678 5763 370
2679 3966 345
2680 140 580
2681 4523 463
2682 3417 652
2683 346 407
2684 1212 452
2685 2325 499
2686 3839 407
2687 1022 512
2688 4420 328
2689 5947 350
2690 3022 409
2691 2797 467
2692 836 472
2693 2711 374
2694 6130 388
2695 216 593
2696 1170 417
2697 1922 433
2698 5604 407
2699 281 362
2700 5554 351
2701 1708 413
2702 3800 418
2703 0 -1
2704 3842 453
2705 5460 455
2706 5168 417
2707 0 -1
2708 1970 404
2709 5552 377
2710 0 -1
2711 3450 352
2712 1476 504
2713 2962 347
2714 423 377
2715 4804 358
2716 5639 374
2717 2193 372
2718 4359 441
2719 911 459
2720 293 384
2721 0 -1
2722 5142 474
2723 1849 403
2724 3833 201
2725 1074 299
2726 5221 465
2727 370 374
2728 2744 415
2729 2414 370
2730 2174 366
2731 246 477
2732 3639 421
2733 5631 211
2734 1499 445
2735 3331 266
2736 5716 460
2737 4874 500
2738 2626 395
2739 3751 360
2740 3499 511
2741 4837 437
2742 3361 596
2743 3817 353
2744 777 307
2745 5628 469
2746 4630 410
2747 4446 412
2748 1124 400
2749 4543 439
2750 152 693
2751 1969 429
2752 3707 387
2753 2505 418
2754 6332 492
2755 1567 460
2756 6026 305
2757 5771 467
2758 2181 384
2759 5696 444
2760 5127 486
2761 563 496
2762 3510 448
2763 4968 270
2764 3603 293
2765 2967 518
2766 2305 332
2767 3600 470
2768 2998 359
2769 3443 428
2770 4063 395
2771 6086 469
2772 2085 446
2773 6540 516
2774 3072 290
2775 6235 416
2776 172 386
2777 3837 471
2778 733 453
2779 887 437
2780 2562 442
2781 1395 465
2782 47 752
2783 3078 460
2784 3061 366
2785 5072 393
2786 3027 453
2787 6480 397
2788 4014 460
2789 4100 384
2790 3811 261
2791 3621 262
2792 5256 399
2793 4350 470
2794 3818 318
2795 3558 458
2796 163 443
2797 2238 356
2798 1397 461
2799 2605 339
2800 4794 486
2801 845 454
2802 2105 419
2803 4686 400
2804 843 424
2805 2741 511
2806 1960 489
2807 0 -1
2808 5708 344
2809 2633 359
2810 748 264
2811 381 396
2812 2490 444
2813 5561 373
2814 1872 472
2815 34 358
2816 1983 469
2817 6493 285
2818 5423 458
2819 2905 330
2820 1446 402
2821 0 -1
2822 228 414
2823 4424 397
2824 2882 391
2825 0 -1
2826 314 435
2827 2318 372
2828 3440 480
2829 4755 243
2830 4650 379
2831 5058 527
2832 3352 515
2833 1540 199
2834 2562 376
2835 3976 492
2836 1230 378
2837 665 392
2838 3945 375
2839 6424 435
2840 2195 428
2841 959 528
2842 4389 557
2843 1663 338
2844 2796 462
2845 997 416
2846 4344 405
2847 6266 376
2848 213 428
2849 0 -1
2850 0 -1
2851 3412 439
2852 1226 355
2853 4142 366
2854 5903 513
2855 5533 423
2856 4655 264
2857 1676 421
2858 4554 463
2859 5217 382
2860 198 531
2861 5135 279
2862 2057 410
2863 3756 490
2864 2785 396
2865 5623 502
2866 3570 435
2867 4403 493
2868 1553 450
2869 5090 764
2870 3293 356
2871 1449 458
2872 6364 487
2873 750 470
2874 1472 487
2875 0 -1
2876 4288 177
2877 4435 438
2878 1540 193
2879 6300 504
2880 3698 327
2881 5303 450
2882 6044 390
2883 5481 387
2884 6457 204
2885 6008 481
2886 4090 436
2887 6365 435
2888 2727 420
2889 3609 415
2890 240 412
2891 5754 413
2892 3995 533
2893 462 588
2894 2768 382
2895 1096 388
2896 5981 429
2897 2337 459
2898 4051 448
2899 832 374
2900 3322 336
2901 5295 426
2902 1251 397
2903 1294 392
2904 5908 447
2905 6493 330
2906 4371 291
2907 2775 433
2908 1092 480
2909 4583 367
2910 4878 469
2911 294 454
2912 6343 421
2913 0 -1
2914 2633 339
2915 469 282
2916 755 341
2917 321 432
2918 2483 384
2919 3812 590
2920 6078 333
2921 373 353
2922 0 -1
2923 5509 362
2924 748 247
2925 5913 397
2926 1311 419
2927 0 -1
2928 3999 495
2929 1363 453
2930 5552 426
2931 1608 446
2932 1857 485
2933 2815 435
2934 353 451
2935 4955 396
2936 6497 583
2937 318 427
2938 4758 476
2939 854 342
2940 15 310
2941 6164 363
2942 4116 408
2943 3913 445
2944 2233 360
2945 4269 480
2946 4406 394
2947 6113 424
2948 3560 527
2949 2915 324
2950 760 432
2951 4011 318
2952 2514 423
2953 4480 411
2954 1195 466
2955 4980 415
2956 6328 434
2957 5451 442
2958 3022 364
2959 5670 468
2960 4804 377
2961 1128 356
2962 2880 343
2963 4854 415
2964 5675 274
2965 2959 495
2966 5907 385
2967 2174 398
2968 6416 504
2969 6378 584
2970 0 -1
2971 799 471
2972 6485 424
2973 1931 471
2974 5545 276
2975 1961 529
2976 5944 356
2977 3244 390
2978 5750 335
2979 934 331
2980 1447 295
2981 4599 469
2982 2464 501
2983 5694 500
2984 0 -1
2985 1561 387
2986 5476 435
2987 3033 614
2988 4042 403
2989 3661 390
2990 3492 471
2991 5075 451
2992 3473 429
2993 5418 388
2994 3553 515
2995 3416 290
2996 2861 309
2997 2092 562
2998 2829 321
2999 0 -1
3000 374 443
3001 3760 380
3002 1573 598
3003 674 454
3004 1302 393
3005 5189 447
3006 4356 555
3007 4789 455
3008 5563 408
3009 3876 393
3010 4312 214
3011 0 -1
3012 350 431
3013 835 493
3014 1335 513
3015 2105 389
3016 3287 337
3017 4232 389
3018 291 496
3019 1320 321
3020 1040 423
3021 4862 433
3022 3939 324
3023 1433 565
3024 3778 460
3025 705 417
3026 0 -1
3027 5260 432
3028 0 -1
3029 6375 389
3030 2056 544
3031 5481 409
3032 641 472
3033 5127 533
3034 4247 390
3035 0 -1
3036 4941 526
3037 6466 491
3038 5054 428
3039 5453 571
3040 2906 291
3041 2880 428
3042 4377 312
3043 4561 326
3044 346 433
3045 1226 343
3046 686 286
3047 365 386
3048 2245 465
3049 4155 492
3050 5120 309
3051 3778 473
3052 0 -1
3053 5636 458
3054 0 -1
3055 2267 369
3056 1399 441
3057 4626 528
3058 1616 771
3059 2729 441
3060 3527 603
3061 2003 366
3062 5651 488
3063 1224 467
3064 4510 395
3065 0 -1
3066 6240 430
3067 3170 488
3068 559 374
3069 1172 374
3070 5909 476
3071 5400 595
3072 2924 248
3073 2817 396
3074 4950 449
3075 3493 372
3076 2744 313
3077 3818 334
3078 2467 444
3079 100 256
3080 3046 320
3081 3480 534
3082 0 -1
3083 672 445
3084 3042 339
3085 2790 317
3086 2188 259
3087 3795 431
3088 2364 427
3089 0 -1
3090 6455 337
3091 5687 349
3092 4583 337
3093 647 394
3094 17 340
3095 5554 369
3096 2068 293
3097 1082 455
3098 3756 464
3099 3255 307
3100 3250 422
3101 4876 433
3102 6335 360
3103 3255 376
3104 0 -1
3105 510 401
3106 4343 403
3107 4723 496
3108 2227 341
3109 998 335
3110 0 -1
3111 0 -1
3112 6336 443
3113 5614 353
3114 1736 447
3115 940 300
3116 3573 423
3117 5373 447
3118 5629 416
3119 5399 375
3120 5245 448
3121 3255 346
3122 4943 425
3123 3439 552
3124 0 -1
3125 3679 520
3126 5856 522
3127 0 -1
3128 1743 475
3129 4691 407
3130 0 -1
3131 3142 475
3132 2447 507
3133 3467 342
3134 6205 340
3135 1732 321
3136 4083 597
3137 1711 461
3138 686 366
3139 443 495
3140 4875 487
3141 950 448
3142 772 449
3143 0 -1
3144 1464 434
3145 2855 445
3146 487 447
3147 0 -1
3148 3768 456
3149 5348 478
3150 3686 477
3151 1828 418
3152 1665 498
3153 3950 391
3154 3922 486
3155 4866 176
3156 6404 402
3157 3094 356
3158 84 473
3159 690 539
3160 3347 479
3161 543 591
3162 0 -1
3163 5944 306
3164 5691 578
3165 5426 530
3166 2897 498
3167 5726 341
3168 0 -1
3169 1727 413
3170 1360 423
3171 1196 422
3172 3905 427
3173 3524 528
3174 4897 479
3175 3890 401
3176 6150 424
3177 3637 607
3178 1229 575
3179 3948 393
3180 5788 355
3181 951 455
3182 5952 438
3183 189 417
3184 5561 309
3185 530 452
3186 2354 263
3187 5001 438
3188 2055 406
3189 805 263
3190 5059 538
3191 0 -1
3192 3593 335
3193 2809 429
3194 5135 363
3195 1188 555
3196 3593 360
3197 1687 355
3198 5421 532
3199 0 -1
3200 3951 413
3201 1021 320
3202 4829 463
3203 3647 502
3204 5350 289
3205 3877 405
3206 0 -1
3207 174 369
3208 4214 429
3209 3135 322
3210 598 452
3211 4913 404
3212 6538 587
3213 4955 418
3214 1363 437
3215 4561 369
3216 5013 426
3217 0 -1
3218 6134 591
3219 6225 409
3220 4569 452
3221 6420 440
3222 4948 560
3223 4670 382
3224 3449 403
3225 2195 422
3226 3106 404
3227 2645 517
3228 3701 386
3229 4411 542
3230 5554 333
3231 3673 414
3232 1212 407
3233 6597 217
3234 1212 421
3235 6271 313
3236 60 470
3237 1752 626
3238 144 447
3239 4166 375
3240 4694 426
3241 0 -1
3242 1165 471
3243 1122 405
3244 1828 358
3245 3677 470
3246 0 -1
3247 4361 481
3248 574 432
3249 39 419
3250 2914 357
3251 1093 386
3252 1415 406
3253 1862 511
3254 5304 436
3255 4574 259
3256 5809 437
3257 5122 405
3258 5818 419
3259 2873 479
3260 2647 387
3261 3115 351
3262 24 25
3263 408 151
3264 4238 287
3265 2039 432
3266 3395 541
3267 485 308
3268 37 408
3269 6563 425
3270 2065 492
3271 0 -1
3272 5821 382
3273 2794 364
3274 413 437
3275 5321 399
3276 1017 531
3277 239 425
3278 4271 455
3279 3851 459
3280 4113 432
3281 2386 481
3282 4337 334
3283 5191 392
3284 0 -1
3285 4369 293
3286 3055 414
3287 5686 325
3288 1283 329
3289 3545 703
3290 2254 416
3291 3617 421
3292 1917 477
3293 5093 257
3294 430 476
3295 5737 311
3296 5811 779
3297 843 465
3298 4652 342
3299 4004 297
3300 6301 437
3301 1104 473
3302 3437 390
3303 3982 306
3304 0 -1
3305 6388 382
3306 5399 383
3307 1167 423
3308 5935 426
3309 5512 421
3310 5064 411
3311 1133 361
3312 4629 369
3313 1204 460
3314 910 402
3315 832 392
3316 1214 443
3317 3412 394
3318 391 482
3319 395 423
3320 2317 441
3321 5330 332
3322 2995 299
3323 6244 492
3324 4800 454
3325 5490 396
3326 1810 484
3327 1429 415
3328 3186 266
3329 1951 454
3330 5327 450
3331 1054 259
3332 3694 476
3333 2059 421
3334 1674 362
3335 3463 445
3336 4179 598
3337 926 414
3338 312 429
3339 6219 466
3340 2655 382
3341 672 416
3342 676 449
3343 3811 255
3344 5566 457
3345 2774 381
3346 4114 453
3347 4125 403
3348 3503 371
3349 2041 318
3350 2015 357
3351 3380 310
3352 1206 395
3353 0 -1
3354 127 298
3355 2549 368
3356 6086 442
3357 6441 346
3358 4834 435
3359 0 -1
3360 5611 354
3361 5968 483
3362 540 489
3363 952 433
3364 4450 398
3365 94 537
3366 3309 466
3367 6227 587
3368 1690 470
3369 5615 328
3370 2998 423
3371 5679 393
3372 4116 311
3373 0 -1
3374 4769 316
3375 3117 482
3376 2254 420
3377 1918 475
3378 1970 472
3379 4728 441
3380 5571 275
3381 2290 432
3382 6402 350
3383 609 501
3384 4979 454
3385 6176 484
3386 2185 279
3387 780 358
3388 3870 405
3389 1355 480
3390 2700 402
3391 6230 375
3392 0 -1
3393 1278 433
3394 5777 440
3395 6561 463
3396 5094 374
3397 576 422
3398 3044 446
3399 4428 424
3400 5883 459
3401 4154 484
3402 4027 404
3403 6342 407
3404 5100 459
3405 4346 436
3406 5484 469
3407 2365 360
3408 0 -1
3409 399 452
3410 487 485
3411 4785 550
3412 3134 394
3413 5611 381
3414 3684 402
3415 5249 385
3416 3263 172
3417 116 541
3418 6470 277
3419 1873 347
3420 5583 444
3421 0 -1
3422 5818 484
3423 4723 429
3424 1864 335
3425 3598 401
3426 6039 378
3427 3377 505
3428 0 -1
3429 619 484
3430 395 397
3431 4827 466
3432 5726 360
3433 179 189
3434 4204 427
3435 3989 467
3436 4309 268
3437 5732 370
3438 4417 318
3439 4980 474
3440 6536 425
3441 1469 455
3442 3573 437
3443 3197 377
3444 5371 612
3445 1313 250
3446 6005 391
3447 686 274
3448 5683 430
3449 4044 329
3450 6150 337
3451 176 298
3452 5411 414
3453 3156 406
3454 3426 429
3455 4776 377
3456 3565 488
3457 4971 369
3458 4475 363
3459 4798 258
3460 5201 406
3461 328 225
3462 5840 496
3463 3550 430
3464 6594 426
3465 0 -1
3466 2266 449
3467 5117 336
3468 748 333
3469 2236 382
3470 1360 450
3471 2939 372
3472 2516 348
3473 3583 388
3474 4727 293
3475 4173 359
3476 2788 570
3477 2357 346
3478 638 462
3479 2643 316
3480 821 465
3481 3928 407
3482 1238 401
3483 4256 399
3484 1531 466
3485 0 -1
3486 2951 382
3487 642 326
3488 5559 481
3489 2435 337
3490 2794 388
3491 3119 399
3492 6467 413
3493 1168 371
3494 6253 335
3495 2914 422
3496 4418 472
3497 5259 418
3498 5142 445
3499 397 443
3500 6099 597
3501 3096 343
3502 3923 436
3503 4704 287
3504 5071 366
3505 1196 406
3506 83 410
3507 4643 435
3508 541 486
3509 1888 476
3510 587 361
3511 619 399
3512 2376 359
3513 4384 535
3514 1605 475
3515 2827 391
3516 990 153
3517 1744 414
3518 5287 382
3519 3264 395
3520 2332 401
3521 2918 407
3522 1972 441
3523 0 -1
3524 1080 436
3525 625 451
3526 4104 339
3527 5055 571
3528 5545 312
3529 221 433
3530 2795 483
3531 6131 542
3532 1480 472
3533 1387 441
3534 1638 415
3535 776 419
3536 1072 460
3537 1076 482
3538 0 -1
3539 6345 477
3540 2856 285
3541 1526 330
3542 2870 426
3543 3209 389
3544 1267 490
3545 2634 638
3546 4478 425
3547 2481 479
3548 2032 417
3549 3291 456
3550 5899 338
3551 2039 433
3552 1557 518
3553 5906 478
3554 615 385
3555 0 -1
3556 4042 388
3557 1875 515
3558 3450 450
3559 0 -1
3560 2730 410
3561 5248 528
3562 1887 475
3563 5671 338
3564 4624 318
3565 2342 450
3566 4622 442
3567 2062 403
3568 6435 339
3569 2998 323
3570 5980 422
3571 2170 425
3572 2934 497
3573 3867 387
3574 2305 402
3575 1968 423
3576 5227 437
3577 4220 344
3578 2177 447
3579 2739 392
3580 1825 80
3581 5347 354
3582 2715 379
3583 432 356
3584 6138 478
3585 3486 460
3586 4509 421
3587 2436 486
3588 3904 418
3589 2099 478
3590 5337 384
3591 3572 502
3592 1813 443
3593 3445 323
3594 5267 463
3595 4071 500
3596 2453 349
3597 1652 296
3598 5054 385
3599 0 -1
3600 2958 368
3601 414 492
3602 2345 329
3603 749 273
3604 605 511
3605 5433 403
3606 1857 493
3607 2245 439
3608 1102 425
3609 913 409
3610 1473 322
3611 4011 310
3612 3486 484
3613 2012 349
3614 937 540
3615 5665 354
3616 6594 387
3617 4839 384
3618 6118 404
3619 5413 450
3620 2566 457
3621 2485 257
3622 0 -1
3623 3956 461
3624 5013 458
3625 5358 514
3626 5908 525
3627 3759 505
3628 2722 503
3629 15 331
3630 6072 326
3631 2240 401
3632 3005 513
3633 5845 489
3634 3627 518
3635 3075 424
3636 2575 456
3637 856 567
3638 4304 450
3639 5935 399
3640 1041 547
3641 848 437
3642 0 -1
3643 6226 360
3644 5645 724
3645 0 -1
3646 4243 564
3647 3103 386
3648 0 -1
3649 5504 440
3650 1281 444
3651 907 439
3652 1926 618
3653 5438 548
3654 6531 461
3655 6257 268
3656 3088 511
3657 5202 466
3658 275 406
3659 125 462
3660 1296 419
3661 1341 387
3662 2418 257
3663 1792 431
3664 5307 577
3665 0 -1
3666 1027 385
3667 1448 399
3668 2062 403
3669 1241 427
3670 4318 329
3671 3386 376
3672 3507 514
3673 5681 323
3674 1191 407
3675 2560 389
3676 5738 402
3677 5992 421
3678 0 -1
3679 5966 419
3680 1435 579
3681 2079 455
3682 5226 487
3683 1459 304
3684 913 387
3685 3188 485
3686 1142 410
3687 1102 451
3688 2204 590
3689 0 -1
3690 4295 409
3691 2162 312
3692 2171 490
3693 5582 398
3694 5724 394
3695 3278 521
3696 4733 419
3697 1170 395
3698 2184 321
3699 6543 376
3700 786 449
3701 5306 296
3702 0 -1
3703 916 291
3704 2477 519
3705 0 -1
3706 1970 447
3707 2330 362
3708 3917 273
3709 2137 458
3710 0 -1
3711 0 -1
3712 1966 335
3713 2809 384
3714 0 -1
3715 5094 379
3716 3479 328
3717 2057 412
3718 3818 396
3719 787 358
3720 1147 439
3721 2505 360
3722 3663 493
3723 4411 472
3724 0 -1
3725 1096 375
3726 5852 338
3727 1321 483
3728 2952 440
3729 1259 394
3730 1086 430
3731 3963 376
3732 6078 401
3733 3922 527
3734 43 478
3735 2853 436
3736 4692 415
3737 2538 335
3738 1403 474
3739 0 -1
3740 5176 550
3741 5563 439
3742 4828 509
3743 1530 367
3744 903 552
3745 1950 542
3746 5752 397
3747 1781 490
3748 2310 364
3749 3330 497
3750 4275 462
3751 991 340
3752 3995 479
3753 159 673
3754 2790 367
3755 4384 441
3756 2290 412
3757 5031 567
3758 6552 582
3759 4060 395
3760 3949 343
3761 1927 458
3762 3520 470
3763 714 481
3764 2157 394
3765 2438 316
3766 6054 358
3767 99 414
3768 3643 380
3769 1192 495
3770 5333 424
3771 6213 395
3772 2233 381
3773 123 363
3774 3795 397
3775 4384 466
3776 5266 483
3777 5065 517
3778 4938 445
3779 6321 341
3780 6437 366
3781 575 489
3782 5611 389
3783 5597 449
3784 5847 333
3785 0 -1
3786 2747 519
3787 0 -1
3788 899 516
3789 4389 469
3790 172 357
3791 4660 418
3792 3146 531
3793 376 457
3794 2711 358
3795 2784 373
3796 5069 418
3797 784 459
3798 1214 435
3799 2565 450
3800 5674 410
3801 6459 422
3802 2923 381
3803 3953 447
3804 307 496
3805 5302 554
3806 6064 401
3807 1873 388
3808 168 527
3809 942 435
3810 682 563
3811 5827 204
3812 303 548
3813 2376 406
3814 5736 227
3815 5504 410
3816 2084 383
3817 4377 318
3818 4859 301
3819 69 456
3820 1456 448
3821 850 431
3822 5490 383
3823 6253 284
3824 2084 402
3825 0 -1
3826 5906 419
3827 0 -1
3828 646 462
3829 6157 388
3830 3593 437
3831 3719 424
3832 3615 354
3833 2876 188
3834 5485 509
3835 1680 495
3836 3979 484
3837 3325 439
3838 1196 425
3839 6391 362
3840 1646 370
3841 779 454
3842 4075 445
3843 536 366
3844 264 446
3845 3418 363
3846 4105 373
3847 5249 402
3848 4720 332
3849 4440 438
3850 727 446
3851 2900 455
3852 4523 505
3853 639 524
3854 0 -1
3855 2995 392
3856 2270 543
3857 1169 522
3858 5597 483
3859 0 -1
3860 6402 434
3861 202 429
3862 1186 421
3863 504 489
3864 404 481
3865 3267 333
3866 1917 419
3867 6326 386
3868 2424 603
3869 2252 515
3870 1687 337
3871 580 397
3872 1307 516
3873 4672 327
3874 2942 442
3875 6108 359
3876 3133 380
3877 3163 325
3878 1446 377
3879 1055 438
3880 2756 346
3881 3403 439
3882 0 -1
3883 213 440
3884 5540 369
3885 6486 580
3886 4485 415
3887 3372 408
3888 5137 407
3889 2549 362
3890 326 398
3891 5878 396
3892 2012 323
3893 3986 416
3894 1448 421
3895 0 -1
3896 5526 495
3897 588 357
3898 5347 414
3899 6553 456
3900 6336 450
3901 2974 297
3902 6180 169
3903 6173 469
3904 3386 364
3905 5060 362
3906 3264 378
3907 4050 503
3908 5671 341
3909 5604 387
3910 3916 417
3911 1001 528
3912 4458 486
3913 4833 403
3914 231 314
3915 1988 542
3916 1663 326
3917 408 209
3918 6350 421
3919 3992 406
3920 1341 426
3921 433 477
3922 5560 482
3923 1951 429
3924 3475 459
3925 1098 367
3926 2048 452
3927 3867 391
3928 1208 316
3929 4585 286
3930 6174 425
3931 1175 471
3932 4448 451
3933 2752 442
3934 667 472
3935 5720 500
3936 3823 316
3937 5199 409
3938 5182 343
3939 3264 295
3940 0 -1
3941 5772 271
3942 4544 483
3943 1739 425
3944 0 -1
3945 5193 323
3946 1373 328
3947 718 174
3948 1271 299
3949 2168 326
3950 2923 364
3951 2358 365
3952 383 558
3953 3328 370
3954 4498 466
3955 228 348
3956 1727 407
3957 1884 458
3958 3647 467
3959 3113 407
3960 4429 419
3961 0 -1
3962 1633 456
3963 105 353
3964 2829 349
3965 2318 474
3966 1062 234
3967 5138 473
3968 6271 207
3969 2496 448
3970 1545 503
3971 6239 355
3972 674 491
3973 2531 334
3974 3386 306
3975 6512 521
3976 1311 432
3977 3929 327
3978 265 524
3979 1548 382
3980 6179 424
3981 1000 506
3982 3833 206
3983 0 -1
3984 985 565
3985 864 451
3986 5514 408
3987 0 -1
3988 3005 535
3989 3286 435
3990 6520 366
3991 1981 560
3992 1300 368
3993 1288 246
3994 268 513
3995 5532 440
3996 5928 338
3997 5865 381
3998 6507 425
3999 2304 404
4000 4768 465
4001 206 485
4002 3420 453
4003 5195 320
4004 3833 250
4005 2005 437
4006 2923 418
4007 1934 351
4008 725 344
4009 2370 464
4010 2690 426
4011 1594 271
4012 5837 373
4013 3813 479
4014 578 444
4015 353 377
4016 3024 492
4017 4191 412
4018 3926 492
4019 174 421
4020 0 -1
4021 2754 527
4022 126 374
4023 1353 481
4024 539 429
4025 6117 444
4026 0 -1
4027 2024 391
4028 1125 332
4029 6048 431
4030 3475 374
4031 4406 373
4032 3479 390
4033 6007 369
4034 3454 536
4035 6365 380
4036 4319 472
4037 1655 287
4038 3806 520
4039 998 398
4040 423 419
4041 0 -1
4042 6026 302
4043 562 271
4044 2456 277
4045 4198 490
4046 4888 356
4047 557 436
4048 3287 408
4049 1336 525
4050 1235 428
4051 1933 383
4052 0 -1
4053 3675 472
4054 3912 564
4055 0 -1
4056 5081 537
4057 3080 393
4058 3568 378
4059 3295 394
4060 4246 347
4061 0 -1
4062 1133 384
4063 2980 357
4064 1429 425
4065 276 448
4066 3233 256
4067 0 -1
4068 767 322
4069 3007 459
4070 1452 447
4071 2042 456
4072 0 -1
4073 4427 661
4074 2072 443
4075 5471 378
4076 599 406
4077 4266 438
4078 4777 343
4079 4204 343
4080 5610 370
4081 0 -1
4082 5990 420
4083 3851 562
4084 6278 398
4085 103 545
4086 1343 421
4087 5086 482
4088 4100 387
4089 4279 395
4090 1833 373
4091 1140 490
4092 0 -1
4093 28 330
4094 1966 329
4095 6172 378
4096 5642 446
4097 3707 471
4098 2456 324
4099 5889 408
4100 2613 317
4101 3020 438
4102 4893 365
4103 2026 367
4104 5675 311
4105 3386 345
4106 2530 530
4107 3262 88
4108 383 546
4109 3916 368
4110 3894 421
4111 3091 380
4112 3568 377
4113 6068 416
4114 3993 341
4115 5381 487
4116 2664 296
4117 0 -1
4118 617 402
4119 5258 511
4120 4288 185
4121 4662 327
4122 3447 385
4123 6470 277
4124 5583 396
4125 1879 395
4126 4803 414
4127 4923 413
4128 1367 419
4129 0 -1
4130 6272 475
4131 3342 552
4132 4102 412
4133 3418 309
4134 1059 248
4135 4214 419
4136 2909 387
4137 6218 461
4138 702 513
4139 1317 367
4140 2906 336
4141 61 467
4142 3461 263
4143 5327 390
4144 0 -1
4145 2975 529
4146 1804 414
4147 3382 419
4148 4088 394
4149 3451 321
4150 176 230
4151 966 392
4152 4323 478
4153 761 357
4154 2577 421
4155 185 429
4156 5644 630
4157 2269 641
4158 3189 382
4159 4169 442
4160 2895 442
4161 2454 588
4162 0 -1
4163 4943 407
4164 3238 455
4165 3347 501
4166 5117 312
4167 1202 312
4168 5996 520
4169 2446 404
4170 6422 420
4171 3123 660
4172 153 434
4173 6040 343
4174 5752 370
4175 2618 392
4176 3627 623
4177 77 454
4178 3924 523
4179 3661 502
4180 0 -1
4181 3244 429
4182 1601 345
4183 0 -1
4184 395 402
4185 5193 381
4186 1940 419
4187 4118 499
4188 0 -1
4189 4216 370
4190 3862 450
4191 3875 367
4192 5870 384
4193 3582 421
4194 2870 437
4195 2528 483
4196 5484 455
4197 3496 544
4198 4877 377
4199 2151 488
4200 1427 358
4201 4655 247
4202 2940 322
4203 3307 442
4204 1054 323
4205 2241 490
4206 5333 432
4207 6283 534
4208 1003 452
4209 4429 350
4210 6163 355
4211 474 411
4212 1727 435
4213 5651 453
4214 6559 401
4215 0 -1
4216 2093 290
4217 2162 320
4218 42 375
4219 3171 477
4220 5225 313
4221 1720 521
4222 3508 599
4223 5817 393
4224 5506 105
4225 1614 478
4226 3732 403
4227 5236 414
4228 342 379
4229 596 407
4230 5001 373
4231 4603 464
4232 5708 339
4233 678 432
4234 5340 403
4235 3019 378
4236 3506 464
4237 4130 514
4238 6597 196
4239 5851 502
4240 6510 423
4241 629 412
4242 2636 479
4243 4619 478
4244 5159 348
4245 1019 383
4246 3655 273
4247 3737 335
4248 6495 474
4249 2778 454
4250 4185 470
4251 1381 432
4252 5980 367
4253 0 -1
4254 1451 452
4255 665 377
4256 713 373
4257 6014 329
4258 787 360
4259 4440 364
4260 0 -1
4261 40 423
4262 4338 369
4263 704 427
4264 5580 443
4265 2195 364
4266 5223 375
4267 0 -1
4268 4509 418
4269 6590 414
4270 4511 433
4271 3515 415
4272 1227 492
4273 6023 411
4274 0 -1
4275 6120 455
4276 2988 458
4277 3256 543
4278 2254 352
4279 2041 338
4280 2391 389
4281 5840 398
4282 3163 310
4283 5856 440
4284 5845 496
4285 5191 437
4286 2405 377
4287 3831 449
4288 1825 82
4289 3080 385
4290 5530 479
4291 1674 370
4292 1285 489
4293 1822 488
4294 2162 368
4295 6258 341
4296 0 -1
4297 2238 390
4298 1600 384
4299 420 460
4300 2129 372
4301 0 -1
4302 6324 503
4303 4237 532
4304 3282 421
4305 5596 483
4306 5117 265
4307 4312 228
4308 0 -1
4309 5827 237
4310 4893 361
4311 3945 354
4312 6393 109
4313 0 -1
4314 2857 441
4315 5494 418
4316 492 418
4317 724 586
4318 934 289
4319 2483 462
4320 1191 386
4321 3137 471
4322 6395 382
4323 4879 426
4324 0 -1
4325 1486 498
4326 27 468
4327 1712 491
4328 3486 404
4329 174 404
4330 45 373
4331 4625 277
4332 5171 472
4333 1063 489
4334 3849 480
4335 2859 501
4336 5258 462
4337 3655 308
4338 5934 359
4339 5379 427
4340 3141 483
4341 1055 485
4342 520 480
4343 5726 343
4344 1594 334
4345 3355 416
4346 2993 396
4347 144 479
4348 173 378
4349 1254 570
4350 3708 359
4351 4209 362
4352 6280 374
4353 4391 426
4354 2417 402
4355 2518 475
4356 4767 486
4357 384 425
4358 3839 435
4359 2175 401
4360 206 500
4361 2502 461
4362 6172 392
4363 4978 469
4364 4105 364
4365 2618 474
4366 4266 394
4367 0 -1
4368 5082 395
4369 3189 287
4370 0 -1
4371 2353 271
4372 0 -1
4373 5496 514
4374 2638 399
4375 615 304
4376 2878 286
4377 4420 286
4378 2106 307
4379 2161 387
4380 1356 429
4381 1826 613
4382 37 499
4383 633 495
4384 1969 420
4385 275 405
4386 2974 299
4387 1420 462
4388 5319 551
4389 4619 467
4390 2093 342
4391 2620 363
4392 5533 419
4393 4576 430
4394 5834 332
4395 870 530
4396 6314 800
4397 323 409
4398 2568 521
4399 3595 517
4400 5433 434
4401 0 -1
4402 772 379
4403 2173 438
4404 2582 378
4405 4585 314
4406 3387 370
4407 0 -1
4408 4068 439
4409 6037 448
4410 5846 539
4411 3490 431
4412 3397 485
4413 1727 351
4414 1610 324
4415 5358 526
4416 3936 429
4417 5899 315
4418 2225 418
4419 3230 411
4420 6557 283
4421 2841 565
4422 5556 385
4423 0 -1
4424 1168 382
4425 2335 448
4426 3357 413
4427 5472 570
4428 747 390
4429 1026 335
4430 2924 296
4431 1227 456
4432 5439 454
4433 1869 439
4434 456 426
4435 6052 348
4436 4842 453
4437 1637 332
4438 384 414
4439 413 503
4440 4520 346
4441 2357 368
4442 751 435
4443 0 -1
4444 2632 427
4445 390 474
4446 3343 363
4447 1677 487
4448 6413 432
4449 1821 445
4450 2995 354
4451 4950 502
4452 4837 441
4453 6288 500
4454 2162 365
4455 1019 351
4456 3099 355
4457 2489 468
4458 4251 474
4459 485 293
4460 744 444
4461 3441 539
4462 854 298
4463 1228 495
4464 1727 404
4465 0 -1
4466 3766 458
4467 4289 410
4468 3660 429
4469 5078 646
4470 0 -1
4471 4539 552
4472 5182 392
4473 2498 337
4474 6160 568
4475 4704 330
4476 289 414
4477 1871 398
4478 486 395
4479 1335 448
4480 5668 352
4481 155 435
4482 215 357
4483 5856 503
4484 5013 425
4485 5306 299
4486 1778 383
4487 1528 538
4488 558 398
4489 1778 365
4490 0 -1
4491 466 374
4492 5189 496
4493 2941 432
4494 2307 405
4495 3351 374
4496 5419 590
4497 0 -1
4498 3483 418
4499 1636 539
4500 5139 563
4501 1258 413
4502 3169 472
4503 0 -1
4504 6039 452
4505 3617 413
4506 3906 402
4507 4902 429
4508 4932 426
4509 3134 406
4510 6052 386
4511 4189 404
4512 692 517
4513 4800 490
4514 6191 489
4515 1086 382
4516 5998 367
4517 5355 428
4518 2323 404
4519 2548 455
4520 2724 305
4521 4414 344
4522 6051 452
4523 4937 452
4524 2377 323
4525 5882 305
4526 2133 503
4527 2853 474
4528 4561 302
4529 1970 417
4530 5704 568
4531 0 -1
4532 3001 410
4533 1282 380
4534 1860 420
4535 5325 410
4536 1448 423
4537 2002 366
4538 6307 402
4539 1262 548
4540 2558 469
4541 334 462
4542 2158 523
4543 5094 389
4544 4475 428
4545 3894 459
4546 3338 541
4547 122 317
4548 5700 297
4549 513 460
4550 1856 544
4551 3528 411
4552 5019 466
4553 4700 345
4554 552 397
4555 1464 472
4556 3303 425
4557 0 -1
4558 3694 407
4559 0 -1
4560 344 283
4561 1978 301
4562 2712 531
4563 6040 409
4564 5106 343
4565 1405 528
4566 3369 369
4567 0 -1
4568 5613 406
4569 4871 391
4570 4003 339
4571 2441 488
4572 539 470
4573 2874 566
4574 1803 250
4575 0 -1
4576 4975 321
4577 776 405
4578 2613 325
4579 3879 509
4580 5201 401
4581 4594 328
4582 5689 367
4583 4201 287
4584 1893 513
4585 4574 258
4586 1699 645
4587 2274 524
4588 4669 420
4589 6022 446
4590 3839 402
4591 3016 351
4592 0 -1
4593 4655 328
4594 884 320
4595 767 322
4596 5512 360
4597 1585 400
4598 3691 418
4599 941 387
4600 5139 508
4601 343 470
4602 5591 481
4603 2016 458
4604 2347 372
4605 3748 412
4606 1251 488
4607 1340 637
4608 4487 651
4609 2890 412
4610 4938 459
4611 5492 430
4612 5593 615
4613 652 544
4614 5572 409
4615 681 434
4616 2228 492
4617 0 -1
4618 4564 381
4619 44 439
4620 1814 280
4621 530 459
4622 1162 327
4623 0 -1
4624 4120 245
4625 3263 163
4626 2929 500
4627 2679 423
4628 3933 561
4629 6555 344
4630 5463 355
4631 5375 418
4632 1497 471
4633 3999 484
4634 3144 482
4635 3839 470
4636 0 -1
4637 2823 479
4638 1311 456
4639 5652 330
4640 179 174
4641 744 480
4642 0 -1
4643 4318 392
4644 0 -1
4645 2549 331
4646 6404 480
4647 3928 412
4648 4670 412
4649 3905 392
4650 4098 345
4651 4913 415
4652 1583 342
4653 2668 299
4654 0 -1
4655 4797 245
4656 3655 318
4657 2353 242
4658 4733 355
4659 0 -1
4660 1015 386
4661 706 409
4662 6597 244
4663 3315 499
4664 595 421
4665 1371 549
4666 4581 423
4667 2761 568
4668 5527 465
4669 4003 338
4670 1479 325
4671 848 343
4672 6014 325
4673 146 517
4674 587 470
4675 3397 436
4676 0 -1
4677 0 -1
4678 264 457
4679 2632 393
4680 5953 510
4681 3247 503
4682 274 473
4683 2341 457
4684 5788 382
4685 5597 377
4686 6246 396
4687 3583 408
4688 205 664
4689 5669 457
4690 4999 422
4691 6354 403
4692 6068 357
4693 1220 317
4694 2361 315
4695 5365 280
4696 519 469
4697 4780 425
4698 1940 405
4699 2687 533
4700 2138 324
4701 3048 503
4702 3595 603
4703 2880 346
4704 3621 265
4705 5524 389
4706 3672 603
4707 2884 293
4708 5234 448
4709 5908 493
4710 3274 519
4711 1590 494
4712 0 -1
4713 2809 434
4714 5629 518
4715 70 404
4716 2008 433
4717 3936 363
4718 2160 419
4719 4089 417
4720 4066 292
4721 5587 394
4722 744 438
4723 2002 405
4724 6162 405
4725 113 455
4726 937 483
4727 5687 292
4728 5687 321
4729 0 -1
4730 6331 520
4731 2534 447
4732 4705 420
4733 6434 337
4734 2595 471
4735 6341 343
4736 877 453
4737 2105 362
4738 1585 336
4739 1731 416
4740 2057 409
4741 771 408
4742 6299 402
4743 5116 348
4744 5303 448
4745 2976 437
4746 2392 493
4747 4128 514
4748 4818 424
4749 0 -1
4750 3655 323
4751 1140 473
4752 2820 421
4753 1122 392
4754 5726 345
4755 1763 243
4756 4855 376
4757 3115 367
4758 2694 392
4759 3480 470
4760 3220 480
4761 1517 510
4762 1221 465
4763 5879 471
4764 0 -1
4765 6504 397
4766 6577 408
4767 5086 445
4768 5325 399
4769 2924 304
4770 3131 499
4771 6390 405
4772 5405 621
4773 2240 458
4774 5172 559
4775 5310 537
4776 2008 338
4777 6196 324
4778 1446 418
4779 0 -1
4780 2498 350
4781 6393 168
4782 1381 422
4783 6479 366
4784 3520 518
4785 554 522
4786 3892 417
4787 4598 472
4788 5288 427
4789 2102 454
4790 6319 371
4791 3419 394
4792 5311 462
4793 1992 416
4794 2689 460
4795 2357 383
4796 4389 476
4797 4224 151
4798 1288 239
4799 3838 479
4800 5347 391
4801 744 511
4802 3999 444
4803 3295 381
4804 4104 328
4805 0 -1
4806 4874 399
4807 5895 524
4808 0 -1
4809 3718 439
4810 5982 561
4811 0 -1
4812 4364 392
4813 0 -1
4814 2043 381
4815 0 -1
4816 5865 475
4817 3243 519
4818 4692 398
4819 1674 437
4820 3027 475
4821 4265 408
4822 3893 485
4823 2361 389
4824 343 464
4825 6258 420
4826 2577 484
4827 2752 465
4828 5718 485
4829 3151 438
4830 6433 390
4831 349 418
4832 2589 430
4833 2414 335
4834 2455 400
4835 318 494
4836 78 419
4837 4235 424
4838 5120 337
4839 5932 369
4840 654 493
4841 5563 418
4842 6483 394
4843 1576 477
4844 1849 407
4845 3294 563
4846 3607 455
4847 2024 358
4848 4051 468
4849 1729 526
4850 0 -1
4851 3925 426
4852 4520 412
4853 5086 481
4854 1679 371
4855 485 332
4856 3973 452
4857 1532 451
4858 2511 414
4859 2188 292
4860 0 -1
4861 0 -1
4862 1519 407
4863 3228 430
4864 6587 453
4865 0 -1
4866 1540 111
4867 6434 352
4868 4553 376
4869 2008 378
4870 3677 516
4871 2354 308
4872 4650 426
4873 2962 351
4874 6080 392
4875 4723 457
4876 5072 346
4877 5003 333
4878 3979 409
4879 2185 311
4880 3397 507
4881 6581 403
4882 1207 402
4883 5120 382
4884 0 -1
4885 1000 425
4886 4783 472
4887 5223 386
4888 2227 340
4889 4878 449
4890 5974 612
4891 6493 348
4892 2095 434
4893 6575 297
4894 1295 464
4895 733 513
4896 2676 397
4897 594 403
4898 0 -1
4899 4413 441
4900 3819 513
4901 1125 309
4902 1966 406
4903 788 509
4904 3300 442
4905 689 439
4906 3515 442
4907 5810 97
4908 0 -1
4909 1996 342
4910 6165 319
4911 1202 317
4912 1193 391
4913 2138 343
4914 3713 402
4915 1207 337
4916 5699 435
4917 2541 496
4918 2079 410
4919 6555 391
4920 6053 389
4921 5213 454
4922 2155 419
4923 5552 369
4924 3349 367
4925 2202 398
4926 1082 485
4927 6417 409
4928 1773 418
4929 4738 409
4930 0 -1
4931 4576 350
4932 4769 416
4933 4693 396
4934 1877 452
4935 3221 468
4936 4120 187
4937 4441 401
4938 3121 427
4939 4216 382
4940 759 418
4941 1828 432
4942 6042 523
4943 3108 401
4944 5902 435
4945 937 490
4946 686 293
4947 0 -1
4948 1859 464
4949 4400 438
4950 4854 435
4951 0 -1
4952 3074 491
4953 4787 521
4954 3945 345
4955 5640 349
4956 5112 463
4957 5184 474
4958 846 452
4959 2559 387
4960 414 510
4961 3723 502
4962 4839 423
4963 5086 382
4964 2843 382
4965 1679 413
4966 6179 519
4967 2920 362
4968 6351 232
4969 3819 552
4970 2738 407
4971 5166 361
4972 6212 418
4973 5600 315
4974 2886 449
4975 2116 285
4976 0 -1
4977 3129 431
4978 4589 458
4979 6454 432
4980 5998 393
4981 2756 393
4982 0 -1
4983 5383 400
4984 505 472
4985 4158 423
4986 4841 425
4987 4609 434
4988 4211 441
4989 697 483
4990 5340 446
4991 449 412
4992 5695 506
4993 1810 463
4994 3811 256
4995 6146 580
4996 6527 420
4997 0 -1
4998 537 508
4999 2664 332
5000 5264 477
5001 771 369
5002 2705 533
5003 3433 242
5004 1923 493
5005 1194 431
5006 1044 431
5007 582 437
5008 1883 457
5009 299 461
5010 4598 468
5011 2957 479
5012 1063 434
5013 101 380
5014 4933 431
5015 2924 255
5016 3976 446
5017 3418 388
5018 5845 563
5019 1289 409
5020 562 341
5021 0 -1
5022 6052 456
5023 5916 371
5024 0 -1
5025 884 271
5026 0 -1
5027 5272 329
5028 3445 264
5029 4203 464
5030 0 -1
5031 6320 469
5032 0 -1
5033 2857 505
5034 3135 358
5035 343 426
5036 5817 383
5037 938 537
5038 0 -1
5039 966 312
5040 4963 463
5041 2378 455
5042 0 -1
5043 6042 484
5044 6192 363
5045 2564 432
5046 5126 484
5047 2640 487
5048 507 430
5049 1363 394
5050 611 414
5051 3445 346
5052 4189 442
5053 303 542
5054 3691 341
5055 2930 484
5056 0 -1
5057 70 374
5058 1884 462
5059 4353 460
5060 1296 354
5061 5835 531
5062 132 456
5063 3317 414
5064 6299 403
5065 6076 398
5066 6009 517
5067 589 490
5068 5194 387
5069 2017 388
5070 289 490
5071 4798 275
5072 3096 299
5073 219 475
5074 3550 342
5075 5433 399
5076 1676 466
5077 1983 438
5078 4667 641
5079 5802 254
5080 5888 459
5081 298 471
5082 5666 365
5083 4704 353
5084 5878 352
5085 4307 295
5086 3299 374
5087 412 371
5088 5428 409
5089 1048 397
5090 1894 654
5091 1008 455
5092 34 390
5093 4288 172
5094 6575 341
5095 6270 449
5096 3601 584
5097 6226 386
5098 4754 430
5099 4733 414
5100 5636 416
5101 6579 396
5102 4873 378
5103 3814 232
5104 2870 370
5105 5744 470
5106 3703 335
5107 3736 420
5108 967 472
5109 2409 355
5110 520 420
5111 5725 481
5112 3423 437
5113 498 380
5114 4263 487
5115 526 382
5116 4640 291
5117 561 259
5118 6538 504
5119 1147 449
5120 3155 296
5121 1272 423
5122 2176 379
5123 1227 440
5124 2529 396
5125 1017 561
5126 5527 419
5127 2308 459
5128 2019 396
5129 421 508
5130 6547 390
5131 2106 321
5132 5183 480
5133 187 420
5134 159 647
5135 4994 270
5136 1132 506
5137 15 298
5138 603 400
5139 6442 443
5140 1063 450
5141 3340 414
5142 5084 384
5143 4707 386
5144 4189 387
5145 1139 330
5146 6450 478
5147 1120 600
5148 2136 476
5149 5272 404
5150 567 316
5151 5597 397
5152 4009 523
5153 5957 494
5154 2231 447
5155 3401 598
5156 2498 372
5157 3348 405
5158 132 481
5159 2052 325
5160 1547 330
5161 5851 414
5162 2926 441
5163 2035 289
5164 1961 541
5165 3986 459
5166 6026 286
5167 6218 464
5168 6190 358
5169 2387 428
5170 2691 490
5171 5964 393
5172 3074 491
5173 2330 408
5174 5126 440
5175 1056 497
5176 594 453
5177 4307 245
5178 397 481
5179 4604 399
5180 3396 487
5181 1691 426
5182 6253 274
5183 2143 478
5184 1367 448
5185 1063 472
5186 4420 374
5187 1951 501
5188 2298 392
5189 630 411
5190 305 423
5191 4653 365
5192 5450 468
5193 4994 311
5194 5954 384
5195 3914 318
5196 3743 444
5197 0 -1
5198 1776 482
5199 3092 409
5200 2704 555
5201 1447 365
5202 1384 428
5203 3674 470
5204 1423 415
5205 0 -1
5206 2018 355
5207 403 562
5208 5309 378
5209 3492 430
5210 5114 531
5211 3949 378
5212 5884 367
5213 5141 442
5214 3425 432
5215 4891 372
5216 1306 479
5217 526 364
5218 3783 449
5219 3894 515
5220 3334 393
5221 5160 399
5222 2556 465
5223 288 266
5224 486 360
5225 2878 196
5226 2045 458
5227 2272 408
5228 71 443
5229 3567 463
5230 0 -1
5231 4581 410
5232 4134 326
5233 2621 459
5234 5321 413
5235 3529 452
5236 5597 406
5237 3483 427
5238 416 373
5239 2693 407
5240 1547 419
5241 5188 437
5242 2763 285
5243 6005 367
5244 3467 339
5245 6108 408
5246 1158 475
5247 3998 478
5248 6297 460
5249 4337 365
5250 5812 391
5251 5524 438
5252 1503 420
5253 2311 397
5254 1549 444
5255 3281 505
5256 6580 327
5257 4078 369
5258 1360 439
5259 3914 392
5260 209 337
5261 5093 249
5262 485 281
5263 1224 474
5264 777 361
5265 0 -1
5266 1708 440
5267 246 365
5268 6141 442
5269 133 407
5270 3776 511
5271 4635 528
5272 5700 285
5273 217 477
5274 4630 432
5275 1409 318
5276 0 -1
5277 5910 382
5278 0 -1
5279 3633 511
5280 4391 422
5281 4795 400
5282 4973 392
5283 4629 450
5284 1594 350
5285 5332 377
5286 4521 391
5287 3349 341
5288 1833 360
5289 2198 469
5290 3114 478
5291 1880 401
5292 449 455
5293 43 521
5294 41 470
5295 4825 421
5296 3690 483
5297 1295 401
5298 5179 508
5299 5194 483
5300 1737 492
5301 3186 298
5302 1068 437
5303 5239 431
5304 314 417
5305 2590 379
5306 5736 294
5307 550 467
5308 5914 515
5309 2359 374
5310 5481 431
5311 1840 437
5312 3928 392
5313 2980 333
5314 2838 423
5315 2914 340
5316 1792 468
5317 671 607
5318 3022 343
5319 2206 487
5320 4954 352
5321 2815 386
5322 2944 398
5323 5808 358
5324 6178 266
5325 503 324
5326 3368 570
5327 3823 351
5328 3764 445
5329 6476 429
5330 4994 261
5331 6162 398
5332 3948 354
5333 3213 423
5334 1439 446
5335 309 564
5336 2428 483
5337 953 349
5338 6164 383
5339 3673 343
5340 804 401
5341 4064 447
5342 2156 475
5343 4422 400
5344 0 -1
5345 1708 397
5346 4068 326
5347 4123 338
5348 2759 478
5349 5582 431
5350 1070 282
5351 5561 308
5352 1261 374
5353 3370 487
5354 1758 642
5355 6319 404
5356 2179 517
5357 0 -1
5358 6403 430
5359 5671 331
5360 941 382
5361 1388 473
5362 3447 353
5363 2307 387
5364 4562 605
5365 3459 274
5366 6589 395
5367 3337 522
5368 6466 442
5369 523 355
5370 0 -1
5371 5896 525
5372 3760 352
5373 1074 336
5374 3295 339
5375 312 397
5376 5004 584
5377 45 393
5378 1096 425
5379 3567 408
5380 5329 532
5381 6449 455
5382 5661 486
5383 2716 389
5384 6218 566
5385 2253 543
5386 1629 504
5387 460 450
5388 6195 438
5389 4919 489
5390 1170 423
5391 4436 520
5392 387 379
5393 1884 490
5394 5897 491
5395 681 448
5396 0 -1
5397 1878 433
5398 656 371
5399 1191 373
5400 5745 519
5401 1684 495
5402 5454 525
5403 6485 402
5404 2359 413
5405 2047 543
5406 3631 456
5407 3832 464
5408 6236 356
5409 3736 430
5410 1666 426
5411 6590 354
5412 3457 419
5413 1728 436
5414 1401 454
5415 0 -1
5416 5112 468
5417 288 345
5418 456 351
5419 5401 498
5420 5903 409
5421 349 478
5422 3504 423
5423 2114 407
5424 552 394
5425 4843 548
5426 863 446
5427 3134 403
5428 2996 318
5429 5070 577
5430 4697 428
5431 4213 481
5432 5859 342
5433 2810 361
5434 0 -1
5435 0 -1
5436 1530 428
5437 1463 501
5438 3954 481
5439 4258 442
5440 2420 331
5441 1792 548
5442 0 -1
5443 569 398
5444 2235 579
5445 5103 252
5446 2764 349
5447 3843 371
5448 6293 465
5449 5600 345
5450 4639 399
5451 5992 367
5452 467 414
5453 4024 465
5454 2748 514
5455 1750 426
5456 0 -1
5457 1634 496
5458 1994 466
5459 135 470
5460 3865 443
5461 0 -1
5462 104 374
5463 6054 326
5464 0 -1
5465 4314 536
5466 2916 436
5467 0 -1
5468 6204 417
5469 2238 377
5470 4413 375
5471 2810 330
5472 1721 464
5473 6026 282
5474 2553 433
5475 511 476
5476 6023 387
5477 5857 496
5478 2953 482
5479 5546 446
5480 0 -1
5481 677 361
5482 4653 307
5483 5048 446
5484 5186 383
5485 5122 393
5486 0 -1
5487 123 365
5488 4916 519
5489 3389 523
5490 126 372
5491 1321 458
5492 666 332
5493 6590 351
5494 1070 312
5495 4436 457
5496 5701 444
5497 3503 399
5498 2236 386
5499 3334 415
5500 0 -1
5501 3899 467
5502 532 391
5503 1564 436
5504 5223 337
5505 1646 411
5506 24 45
5507 6003 424
5508 3215 458
5509 100 265
5510 4444 468
5511 853 462
5512 2361 323
5513 462 513
5514 2301 345
5515 3061 465
5516 834 486
5517 6555 318
5518 1083 461
5519 1051 502
5520 3223 414
5521 429 398
5522 0 -1
5523 1342 439
5524 4854 389
5525 6549 363
5526 3250 438
5527 3261 383
5528 2012 326
5529 5285 435
5530 85 434
5531 4722 465
5532 532 417
5533 5264 383
5534 755 378
5535 6109 406
5536 1294 372
5537 6505 458
5538 0 -1
5539 1726 525
5540 4871 326
5541 3479 322
5542 4720 404
5543 2120 438
5544 6585 457
5545 5445 260
5546 2421 374
5547 4883 405
5548 0 -1
5549 2738 421
5550 845 404
5551 0 -1
5552 1125 323
5553 5228 489
5554 5672 257
5555 4140 428
5556 6487 384
5557 5383 424
5558 689 450
5559 3737 429
5560 5870 407
5561 2665 258
5562 5693 510
5563 6520 360
5564 5741 353
5565 0 -1
5566 1909 453
5567 5244 416
5568 1066 500
5569 0 -1
5570 492 388
5571 2733 252
5572 458 383
5573 1731 409
5574 0 -1
5575 2359 361
5576 1335 447
5577 2941 367
5578 910 451
5579 2366 481
5580 1167 422
5581 1156 648
5582 3357 366
5583 4201 349
5584 1251 407
5585 498 377
5586 2884 219
5587 6317 375
5588 4300 455
5589 1846 450
5590 2180 595
5591 1314 382
5592 0 -1
5593 6142 496
5594 290 438
5595 2434 469
5596 3670 390
5597 1122 364
5598 3619 485
5599 2279 467
5600 3621 292
5601 1111 428
5602 5195 386
5603 0 -1
5604 5837 365
5605 984 509
5606 1901 491
5607 1584 344
5608 2118 512
5609 464 509
5610 1271 327
5611 1283 334
5612 4750 349
5613 2618 357
5614 2225 338
5615 1447 279
5616 5893 329
5617 3800 449
5618 966 366
5619 4482 455
5620 1645 405
5621 554 505
5622 0 -1
5623 4906 460
5624 3064 432
5625 0 -1
5626 0 -1
5627 5104 401
5628 199 409
5629 2711 414
5630 575 446
5631 2324 202
5632 6177 409
5633 2914 445
5634 2211 539
5635 233 566
5636 2117 402
5637 2967 425
5638 1497 493
5639 3042 365
5640 4042 348
5641 1003 480
5642 2791 375
5643 5272 376
5644 2518 563
5645 6371 613
5646 5384 616
5647 1095 481
5648 0 -1
5649 744 414
5650 229 302
5651 3113 380
5652 3459 282
5653 4164 480
5654 3079 346
5655 4280 439
5656 5113 394
5657 3903 498
5658 2351 409
5659 0 -1
5660 0 -1
5661 2560 432
5662 550 490
5663 2062 397
5664 6192 368
5665 916 341
5666 3096 294
5667 290 400
5668 345 307
5669 97 433
5670 5313 367
5671 854 314
5672 4797 222
5673 2822 496
5674 3369 371
5675 3966 262
5676 921 465
5677 1278 451
5678 18 362
5679 1313 286
5680 3492 427
5681 5916 314
5682 0 -1
5683 6444 424
5684 6221 440
5685 4430 402
5686 6556 325
5687 170 277
5688 3020 459
5689 3765 362
5690 5326 672
5691 892 500
5692 5873 394
5693 4867 416
5694 1310 479
5695 1095 437
5696 6544 411
5697 2793 494
5698 3307 452
5699 2713 404
5700 6479 278
5701 5614 415
5702 421 479
5703 1833 427
5704 2732 479
5705 991 292
5706 6236 352
5707 2689 407
5708 6557 321
5709 662 418
5710 2412 382
5711 2162 324
5712 1293 449
5713 1310 465
5714 4340 584
5715 1721 416
5716 129 397
5717 2332 405
5718 1170 377
5719 876 516
5720 2506 468
5721 0 -1
5722 387 417
5723 5498 433
5724 3075 376
5725 1175 412
5726 653 320
5727 533 522
5728 2541 498
5729 2323 379
5730 2592 713
5731 355 456
5732 5597 366
5733 1228 404
5734 449 381
5735 391 510
5736 1540 225
5737 5916 274
5738 550 400
5739 0 -1
5740 2690 461
5741 3016 346
5742 3698 405
5743 229 391
5744 6155 452
5745 3661 487
5746 1960 460
5747 0 -1
5748 1023 456
5749 6547 363
5750 3155 230
5751 3233 330
5752 4166 335
5753 0 -1
5754 4255 410
5755 1462 422
5756 4658 417
5757 6204 486
5758 2901 491
5759 695 421
5760 6532 413
5761 4537 421
5762 4672 428
5763 2633 297
5764 2154 481
5765 1360 374
5766 3585 467
5767 718 257
5768 6007 313
5769 4992 529
5770 5586 233
5771 950 442
5772 100 260
5773 6148 523
5774 5749 476
5775 6245 399
5776 5751 417
5777 2988 407
5778 1224 379
5779 3207 398
5780 5998 375
5781 4095 477
5782 5403 486
5783 3823 325
5784 4194 484
5785 4066 370
5786 5287 406
5787 1870 553
5788 2700 352
5789 3565 496
5790 3093 442
5791 5801 440
5792 6303 478
5793 4305 602
5794 6051 477
5795 2769 514
5796 2770 472
5797 2052 319
5798 3173 569
5799 3239 428
5800 245 442
5801 5126 424
5802 561 215
5803 2530 429
5804 4116 337
5805 6102 478
5806 5304 429
5807 4459 352
5808 4378 328
5809 326 393
5810 3580 85
5811 2468 717
5812 6309 379
5813 3322 348
5814 5106 358
5815 6119 423
5816 2058 530
5817 771 345
5818 1663 409
5819 3449 330
5820 5694 489
5821 848 360
5822 0 -1
5823 3913 414
5824 4755 348
5825 1572 437
5826 6559 415
5827 4224 192
5828 5040 467
5829 5731 463
5830 3226 434
5831 1360 396
5832 1465 447
5833 530 487
5834 5365 278
5835 3735 484
5836 71 437
5837 2500 349
5838 3459 354
5839 4086 451
5840 3698 376
5841 1276 453
5842 3265 465
5843 1709 444
5844 846 460
5845 5627 486
5846 3441 484
5847 2153 307
5848 5150 377
5849 0 -1
5850 3850 472
5851 4839 400
5852 2041 334
5853 1787 357
5854 970 424
5855 846 455
5856 596 406
5857 5619 491
5858 3033 592
5859 3459 340
5860 3492 492
5861 3506 410
5862 2925 445
5863 2125 538
5864 2074 418
5865 1533 372
5866 2595 499
5867 6284 551
5868 5992 424
5869 4804 412
5870 5652 341
5871 4095 415
5872 5165 575
5873 683 345
5874 0 -1
5875 1464 391
5876 5835 500
5877 2884 249
5878 2094 332
5879 6333 469
5880 6544 362
5881 812 427
5882 854 287
5883 5395 458
5884 5545 327
5885 2593 217
5886 5262 320
5887 3957 556
5888 5512 396
5889 3966 347
5890 3072 344
5891 1108 433
5892 2264 514
5893 1459 313
5894 0 -1
5895 6516 448
5896 6202 439
5897 5521 413
5898 1803 250
5899 567 270
5900 6128 437
5901 2949 417
5902 3184 389
5903 4656 401
5904 1348 400
5905 3826 433
5906 4255 401
5907 3321 377
5908 2147 440
5909 1070 386
5910 4344 368
5911 748 251
5912 28 324
5913 691 325
5914 2840 508
5915 6573 485
5916 749 269
5917 2163 541
5918 0 -1
5919 5881 439
5920 4478 506
5921 6538 538
5922 2460 366
5923 2633 309
5924 2094 337
5925 4887 428
5926 297 391
5927 3699 465
5928 526 333
5929 6523 420
5930 302 503
5931 4665 635
5932 2333 339
5933 3325 488
5934 2225 321
5935 1755 345
5936 4285 506
5937 879 474
5938 1276 476
5939 5577 440
5940 4000 492
5941 1169 531
5942 4562 587
5943 0 -1
5944 6460 249
5945 4403 456
5946 3668 495
5947 5350 337
5948 1435 535
5949 3767 473
5950 1260 468
5951 3077 386
5952 6344 392
5953 3504 422
5954 2601 277
5955 2556 551
5956 3707 388
5957 2280 393
5958 0 -1
5959 4781 208
5960 2410 416
5961 0 -1
5962 3308 473
5963 0 -1
5964 5910 383
5965 3355 477
5966 2350 363
5967 3611 358
5968 3407 412
5969 5989 317
5970 5107 462
5971 4410 552
5972 2396 396
5973 6252 426
5974 2228 589
5975 5160 444
5976 4069 555
5977 2208 585
5978 5623 549
5979 2286 459
5980 1646 341
5981 1995 402
5982 6029 512
5983 0 -1
5984 5023 472
5985 0 -1
5986 0 -1
5987 0 -1
5988 0 -1
5989 100 207
5990 6157 389
5991 2444 563
5992 78 364
5993 599 393
5994 4109 393
5995 2756 305
5996 6107 467
5997 970 358
5998 1220 360
5999 1779 432
6000 175 517
6001 2159 463
6002 3596 415
6003 1639 390
6004 4814 385
6005 6555 317
6006 3946 385
6007 4704 287
6008 3094 442
6009 1694 447
6010 666 259
6011 2255 461
6012 4291 425
6013 1446 465
6014 1019 314
6015 4261 450
6016 5102 417
6017 4460 456
6018 2956 511
6019 122 380
6020 6158 453
6021 1927 414
6022 2254 437
6023 2184 314
6024 1372 411
6025 2813 485
6026 3708 274
6027 4119 548
6028 894 479
6029 2811 428
6030 3712 364
6031 4185 423
6032 6078 399
6033 5604 422
6034 588 314
6035 1228 387
6036 4857 509
6037 5882 387
6038 0 -1
6039 4078 352
6040 3322 303
6041 2414 381
6042 721 448
6043 5669 450
6044 588 311
6045 2602 411
6046 0 -1
6047 2481 436
6048 4257 380
6049 5886 373
6050 4271 463
6051 6019 382
6052 4581 346
6053 5195 387
6054 4585 269
6055 1360 474
6056 301 413
6057 0 -1
6058 5087 483
6059 2774 395
6060 639 594
6061 2202 352
6062 666 299
6063 1195 434
6064 1392 366
6065 4393 443
6066 864 464
6067 4896 402
6068 1474 355
6069 5831 449
6070 1732 395
6071 3262 28
6072 6580 305
6073 1585 411
6074 3986 413
6075 6512 521
6076 6239 352
6077 0 -1
6078 6395 320
6079 2786 559
6080 5262 346
6081 2189 451
6082 1264 315
6083 5260 374
6084 1427 437
6085 0 -1
6086 5808 371
6087 4669 362
6088 1038 425
6089 787 364
6090 3279 511
6091 1572 432
6092 0 -1
6093 1787 367
6094 4879 426
6095 5453 493
6096 86 386
6097 531 545
6098 3022 393
6099 836 507
6100 5923 372
6101 5772 291
6102 4803 472
6103 4315 438
6104 4703 455
6105 5378 503
6106 4459 337
6107 5670 402
6108 2774 347
6109 66 395
6110 5836 456
6111 2642 430
6112 6058 496
6113 5256 397
6114 1148 479
6115 5662 526
6116 2792 490
6117 5470 397
6118 2516 400
6119 2620 324
6120 5665 371
6121 1336 447
6122 0 -1
6123 2035 322
6124 0 -1
6125 3322 301
6126 1073 510
6127 5552 434
6128 5028 340
6129 4252 371
6130 3459 303
6131 4103 431
6132 5959 307
6133 1439 402
6134 1400 590
6135 0 -1
6136 2859 411
6137 1321 391
6138 3839 382
6139 2315 451
6140 3772 393
6141 604 422
6142 5027 427
6143 4343 346
6144 2690 417
6145 2789 390
6146 494 549
6147 3581 452
6148 3806 424
6149 3807 428
6150 1966 335
6151 2302 406
6152 5115 399
6153 4721 439
6154 0 -1
6155 4062 431
6156 0 -1
6157 516 347
6158 4400 445
6159 3621 319
6160 1782 482
6161 4766 447
6162 3596 391
6163 2794 346
6164 5947 343
6165 428 313
6166 2804 525
6167 2364 438
6168 660 436
6169 3681 492
6170 3277 485
6171 1693 388
6172 4528 353
6173 2114 358
6174 4217 335
6175 2305 348
6176 6303 424
6177 5027 372
6178 5810 164
6179 1358 416
6180 4907 158
6181 1115 441
6182 0 -1
6183 2772 493
6184 2896 430
6185 3770 510
6186 881 482
6187 3637 569
6188 1424 401
6189 2308 457
6190 1745 353
6191 5492 435
6192 2417 357
6193 2942 446
6194 4265 422
6195 1437 398
6196 2106 274
6197 2827 421
6198 0 -1
6199 2915 329
6200 1272 478
6201 3515 412
6202 1026 341
6203 6422 367
6204 250 414
6205 1732 333
6206 470 423
6207 6457 182
6208 5465 555
6209 3692 573
6210 0 -1
6211 4889 476
6212 4351 405
6213 4480 358
6214 5907 466
6215 2448 476
6216 4731 528
6217 3898 420
6218 5904 454
6219 3450 403
6220 0 -1
6221 1170 378
6222 1338 394
6223 6045 476
6224 4691 403
6225 4191 374
6226 5859 350
6227 2146 507
6228 1385 446
6229 3056 512
6230 1824 347
6231 1470 413
6232 3226 407
6233 421 455
6234 0 -1
6235 1533 404
6236 5935 348
6237 1697 496
6238 0 -1
6239 3540 308
6240 3133 402
6241 4223 437
6242 5952 440
6243 4651 478
6244 2608 427
6245 5838 373
6246 4743 388
6247 5221 440
6248 5232 400
6249 6346 387
6250 1457 379
6251 537 416
6252 4337 362
6253 4994 270
6254 2795 478
6255 2719 484
6256 5799 435
6257 6597 198
6258 3386 302
6259 3677 441
6260 5880 435
6261 2016 413
6262 6296 406
6263 0 -1
6264 6193 446
6265 432 359
6266 2829 314
6267 3845 365
6268 431 465
6269 2739 391
6270 1996 342
6271 4224 205
6272 5786 425
6273 638 398
6274 3251 431
6275 0 -1
6276 5880 404
6277 6242 509
6278 213 342
6279 5903 484
6280 1271 277
6281 4149 410
6282 2356 403
6283 1448 454
6284 247 500
6285 1961 544
6286 3506 478
6287 2724 282
6288 160 391
6289 3044 451
6290 5681 356
6291 5817 387
6292 0 -1
6293 3076 432
6294 6454 443
6295 4578 384
6296 2068 342
6297 844 396
6298 3394 472
6299 2361 346
6300 2502 451
6301 4570 340
6302 3510 453
6303 196 372
6304 927 539
6305 2935 455
6306 0 -1
6307 1745 377
6308 0 -1
6309 1966 353
6310 2656 497
6311 1824 375
6312 1098 348
6313 5562 542
6314 3644 778
6315 2243 452
6316 1396 496
6317 999 315
6318 6545 447
6319 4591 370
6320 6106 406
6321 777 301
6322 2699 420
6323 6307 451
6324 2694 407
6325 4715 417
6326 5025 369
6327 4295 457
6328 2915 317
6329 5817 371
6330 691 398
6331 1005 467
6332 5217 426
6333 4007 435
6334 4252 378
6335 1404 349
6336 5291 420
6337 3197 432
6338 0 -1
6339 3451 346
6340 5751 413
6341 4307 296
6342 4378 345
6343 2808 359
6344 3299 362
6345 2167 477
6346 2418 294
6347 4491 390
6348 2627 418
6349 767 344
6350 1054 316
6351 5810 183
6352 794 438
6353 110 491
6354 410 318
6355 362 592
6356 1781 537
6357 0 -1
6358 2245 403
6359 2188 203
6360 3887 427
6361 3877 403
6362 5952 455
6363 4403 444
6364 2115 371
6365 1071 377
6366 5033 594
6367 263 437
6368 4371 320
6369 189 417
6370 0 -1
6371 4000 585
6372 5260 389
6373 2886 441
6374 4186 518
6375 3449 368
6376 4302 608
6377 6542 493
6378 1097 485
6379 3525 470
6380 6023 353
6381 0 -1
6382 122 328
6383 5063 456
6384 5390 504
6385 5111 572
6386 1830 460
6387 5109 423
6388 4798 342
6389 5681 376
6390 3974 404
6391 2106 338
6392 2103 399
6393 24 100
6394 4577 464
6395 6557 287
6396 485 276
6397 6578 609
6398 5407 562
6399 2489 421
6400 0 -1
6401 969 508
6402 585 341
6403 5034 429
6404 1314 374
6405 5293 527
6406 1084 462
6407 3928 370
6408 1550 500
6409 4719 501
6410 2700 364
6411 4707 312
6412 4194 526
6413 4596 399
6414 0 -1
6415 0 -1
6416 2440 438
6417 3380 351
6418 0 -1
6419 990 170
6420 980 387
6421 6589 454
6422 769 337
6423 0 -1
6424 5034 419
6425 0 -1
6426 3193 436
6427 5642 394
6428 0 -1
6429 6108 384
6430 1601 388
6431 4580 473
6432 1060 501
6433 6557 377
6434 718 257
6435 1585 315
6436 4728 385
6437 3621 299
6438 1405 518
6439 2466 441
6440 3666 476
6441 113 346
6442 2588 416
6443 5777 517
6444 160 382
6445 3898 495
6446 3554 412
6447 3549 473
6448 76 484
6449 1465 429
6450 4838 360
6451 6106 413
6452 3364 404
6453 0 -1
6454 3239 432
6455 4306 309
6456 5323 397
6457 1825 93
6458 2640 480
6459 4537 370
6460 5802 230
6461 2500 396
6462 4337 353
6463 6420 421
6464 5282 425
6465 2834 489
6466 1424 432
6467 4022 406
6468 4996 435
6469 5174 545
6470 6207 223
6471 4879 363
6472 0 -1
6473 2566 468
6474 6475 349
6475 3386 307
6476 4994 324
6477 563 471
6478 2620 378
6479 4134 259
6480 1974 396
6481 4255 478
6482 1437 430
6483 3418 355
6484 3576 446
6485 3204 375
6486 2266 495
6487 925 327
6488 2516 402
6489 589 463
6490 3625 547
6491 3402 447
6492 3546 456
6493 5672 246
6494 1658 532
6495 2523 452
6496 5260 449
6497 1631 524
6498 1667 494
6499 3207 379
6500 4946 350
6501 5768 397
6502 1796 556
6503 6265 410
6504 3449 340
6505 1952 351
6506 3542 436
6507 526 334
6508 557 393
6509 1915 473
6510 2323 410
6511 161 453
6512 4748 424
6513 2809 438
6514 0 -1
6515 4887 429
6516 5085 389
6517 3848 440
6518 6293 460
6519 4993 508
6520 2333 336
6521 4938 517
6522 5663 473
6523 6476 333
6524 5256 341
6525 759 395
6526 2764 313
6527 1283 382
6528 2529 404
6529 5069 434
6530 2752 433
6531 4391 397
6532 6499 392
6533 5413 451
6534 3921 509
6535 1968 395
6536 3343 359
6537 3109 395
6538 4597 480
6539 4581 427
6540 3673 436
6541 1358 401
6542 1108 426
6543 3494 338
6544 3708 356
6545 2864 396
6546 1124 427
6547 5079 334
6548 1537 493
6549 2193 335
6550 4918 420
6551 3254 504
6552 3681 541
6553 6231 456
6554 6462 441
6555 5700 287
6556 3418 304
6557 2168 270
6558 5627 491
6559 1079 376
6560 1850 423
6561 6531 454
6562 3751 451
6563 4437 344
6564 2772 488
6565 6390 456
6566 757 415
6567 2966 426
6568 3943 453
6569 2446 418
6570 4686 422
6571 4166 421
6572 3167 406
6573 6222 460
6574 255 404
6575 2724 269
6576 4909 392
6577 4343 383
6578 5623 579
6579 432 361
6580 3662 262
6581 2559 388
6582 0 -1
6583 0 -1
6584 6524 444
6585 1343 397
6586 122 358
6587 2813 383
6588 4289 466
6589 5650 390
6590 5428 329
6591 3543 406
6592 1357 452
6593 0 -1
6594 4140 377
6595 2103 390
6596 5100 449
6597 336 180
6598 3045 424
6599 5728 512
6600 18 409
