30
1 0 -1
2 3470 557
3 0 -1
4 6032 326
5 5624 433
6 0 -1
7 2732 478
8 378 440
9 192 405
10 3773 468
11 6527 538
12 0 -1
13 1569 433
14 329 235
15 4420 405
16 1402 524
17 6475 445
18 6346 473
19 1860 490
20 83 400
21 60 319
22 5484 439
23 1293 526
24 2859 397
25 151 518
26 4645 497
27 5499 405
28 5025 419
29 4855 506
30 30 0
31 0 -1
32 116 487
33 5737 305
34 1645 328
35 3484 476
36 2248 453
37 5142 419
38 1930 492
39 2153 459
40 3846 438
41 3369 462
42 4247 461
43 558 444
44 2815 447
45 1283 437
46 134 570
47 1617 753
48 790 433
49 4119 594
50 3169 511
51 3112 481
52 855 467
53 1132 499
54 2433 460
55 3324 549
56 849 443
57 4190 270
58 0 -1
59 1504 443
60 6165 296
61 2535 422
62 2317 337
63 2359 461
64 4824 496
65 1562 414
66 1652 413
67 5642 445
68 0 -1
69 3382 442
70 4190 317
71 906 443
72 3349 392
73 4828 544
74 1053 218
75 4233 461
76 6051 297
77 5142 415
78 410 438
79 110 346
80 4228 367
81 2602 525
82 3863 432
83 101 343
84 2074 411
85 5001 327
86 6301 374
87 4286 481
88 3510 378
89 5345 534
90 20 410
91 227 653
92 0 -1
93 2110 494
94 1782 586
95 311 536
96 3850 443
97 3520 308
98 1126 558
99 6196 450
100 3416 435
101 2064 342
102 4115 476
103 142 426
104 2593 429
105 4525 379
106 1292 367
107 5962 441
108 5195 373
109 5951 493
110 6532 278
111 4445 452
112 3034 523
113 599 364
114 2851 400
115 2537 550
116 1311 482
117 939 546
118 4768 437
119 4672 498
120 3289 774
121 3867 537
122 4339 142
123 99 492
124 0 -1
125 6136 472
126 4100 343
127 1353 459
128 1016 347
129 5545 453
130 48 530
131 5783 391
132 3617 438
133 2118 440
134 880 552
135 1253 409
136 1491 430
137 337 511
138 0 -1
139 3453 503
140 2701 505
141 2157 250
142 4261 403
143 5507 443
144 60 317
145 5144 386
146 3732 486
147 3003 483
148 2279 426
149 129 497
150 521 505
151 6410 427
152 528 499
153 2019 468
154 5218 456
155 5998 457
156 1277 256
157 0 -1
158 3497 381
159 4421 564
160 1932 348
161 1968 380
162 1900 481
163 329 308
164 1850 502
165 0 -1
166 2602 514
167 832 422
168 293 495
169 1227 434
170 1054 370
171 0 -1
172 849 417
173 3080 485
174 4548 481
175 4084 593
176 1059 482
177 3570 466
178 3798 397
179 4907 358
180 6137 480
181 3862 285
182 4223 445
183 2409 441
184 3594 563
185 4076 453
186 418 516
187 6334 336
188 230 462
189 2756 508
190 0 -1
191 1933 473
192 6503 405
193 2831 566
194 5482 387
195 0 -1
196 5671 412
197 1323 547
198 6041 393
199 3641 399
200 1522 491
201 3771 452
202 4185 487
203 2941 338
204 4290 481
205 284 486
206 1705 325
207 3414 430
208 4526 422
209 6266 472
210 3676 429
211 192 419
212 0 -1
213 6526 434
214 6566 466
215 443 371
216 1704 517
217 1451 484
218 3897 492
219 2859 432
220 5591 476
221 5163 428
222 4360 388
223 6100 485
224 0 -1
225 0 -1
226 1302 449
227 4125 548
228 2043 463
229 4405 382
230 1966 400
231 5330 370
232 2567 369
233 2494 408
234 3256 468
235 6099 655
236 3801 466
237 0 -1
238 3034 452
239 1849 393
240 2639 458
241 4544 459
242 0 -1
243 6179 453
244 1307 469
245 5755 382
246 842 423
247 2259 401
248 722 435
249 870 414
250 1338 538
251 3498 533
252 1923 444
253 0 -1
254 615 399
255 6189 445
256 2485 459
257 4046 423
258 3244 482
259 0 -1
260 3699 367
261 414 370
262 3972 489
263 2244 451
264 1884 397
265 5259 516
266 2692 545
267 274 288
268 5428 426
269 1809 476
270 520 488
271 3932 538
272 1056 567
273 3181 541
274 359 244
275 5440 417
276 4203 405
277 0 -1
278 337 478
279 6233 490
280 5321 413
281 925 443
282 3630 375
283 5888 398
284 1289 390
285 5697 508
286 1377 492
287 0 -1
288 5225 357
289 683 458
290 93 510
291 2803 418
292 4920 492
293 4964 431
294 6488 480
295 0 -1
296 1667 456
297 1784 344
298 5768 498
299 6048 389
300 3367 666
301 1959 401
302 4671 338
303 2532 477
304 461 488
305 4506 438
306 4294 469
307 3309 497
308 4873 375
309 3960 510
310 0 -1
311 4179 508
312 3009 396
313 2778 592
314 3661 387
315 5059 439
316 40 446
317 6137 487
318 2066 495
319 0 -1
320 6055 490
321 482 463
322 2261 367
323 5267 467
324 3355 484
325 5234 440
326 5323 305
327 3121 483
328 5225 306
329 6176 191
330 0 -1
331 5438 465
332 1088 453
333 3411 583
334 3691 452
335 2752 455
336 4224 365
337 5262 420
338 418 461
339 1149 496
340 3115 477
341 2582 578
342 1659 334
343 5570 442
344 4585 357
345 4964 385
346 2653 429
347 6267 393
348 2550 424
349 2514 449
350 6236 355
351 530 347
352 2547 415
353 3467 508
354 2839 464
355 429 447
356 982 576
357 5805 389
358 0 -1
359 1185 178
360 2852 251
361 2045 452
362 308 456
363 6168 574
364 2613 355
365 252 449
366 1935 387
367 1070 313
368 3556 475
369 6243 487
370 1172 421
371 1970 402
372 4773 476
373 5374 347
374 2677 400
375 5577 362
376 2766 480
377 3176 293
378 3661 370
379 4793 433
380 0 -1
381 1740 429
382 960 453
383 664 491
384 3840 416
385 5144 292
386 5077 443
387 2346 518
388 3938 411
389 312 449
390 1439 297
391 6432 631
392 0 -1
393 2343 343
394 769 611
395 523 398
396 5343 517
397 4340 473
398 5086 474
399 2653 463
400 0 -1
401 4441 482
402 1619 458
403 1114 469
404 2057 417
405 5798 605
406 3682 479
407 897 422
408 2946 377
409 6373 540
410 3947 335
411 5930 496
412 3204 377
413 301 452
414 3764 319
415 1885 530
416 4480 391
417 653 323
418 1603 436
419 5036 374
420 4650 474
421 2681 352
422 4658 429
423 5287 356
424 5888 457
425 2780 477
426 793 411
427 1974 491
428 6257 407
429 6016 365
430 569 459
431 680 464
432 4220 451
433 2838 409
434 349 477
435 5102 452
436 1247 451
437 1660 390
438 4983 496
439 2858 538
440 1722 435
441 4164 500
442 4542 428
443 5577 359
444 4924 443
445 23 555
446 39 470
447 3498 451
448 4937 472
449 2425 410
450 4940 573
451 0 -1
452 1960 438
453 766 510
454 1743 435
455 2591 348
456 1732 448
457 4804 462
458 1940 427
459 5196 427
460 1224 370
461 4190 380
462 1647 553
463 5363 435
464 4671 386
465 2111 435
466 2133 362
467 3945 452
468 553 521
469 3086 528
470 97 320
471 3224 366
472 807 517
473 1719 451
474 65 461
475 3807 434
476 1043 495
477 3292 499
478 41 492
479 3382 339
480 4553 452
481 6368 483
482 5005 455
483 583 396
484 4770 612
485 2168 409
486 2408 435
487 3243 446
488 2461 569
489 2716 414
490 3567 178
491 1427 432
492 4828 525
493 164 537
494 2480 479
495 654 386
496 2208 455
497 4757 433
498 6354 456
499 0 -1
500 1267 451
501 0 -1
502 5957 460
503 3255 350
504 6463 506
505 4219 256
506 4104 419
507 3587 446
508 4998 649
509 5169 497
510 5962 472
511 4847 475
512 4889 350
513 4944 441
514 2110 390
515 1875 420
516 79 364
517 6129 304
518 5157 407
519 3175 413
520 2003 409
521 3819 503
522 2738 504
523 2261 303
524 3699 390
525 0 -1
526 1583 469
527 4135 402
528 3323 482
529 1933 441
530 1741 347
531 4597 415
532 3712 444
533 4491 488
534 0 -1
535 2796 345
536 946 499
537 3766 453
538 2693 549
539 473 456
540 3970 364
541 5975 629
542 5904 520
543 1916 442
544 3149 516
545 6594 447
546 3765 533
547 6365 505
548 5259 410
549 0 -1
550 3316 472
551 5135 404
552 629 411
553 1232 469
554 3196 503
555 3412 321
556 667 384
557 5102 387
558 1997 439
559 2081 352
560 0 -1
561 5545 434
562 3201 381
563 2930 343
564 3655 369
565 6013 448
566 3101 360
567 5561 437
568 114 437
569 2962 424
570 4869 522
571 0 -1
572 1536 475
573 1797 760
574 6188 498
575 4580 345
576 3880 535
577 4992 513
578 2480 383
579 3226 412
580 3171 376
581 1960 483
582 447 538
583 6369 394
584 5919 414
585 144 432
586 2893 771
587 4700 349
588 4347 438
589 630 421
590 3200 349
591 4143 566
592 1153 532
593 513 445
594 1196 463
595 1673 487
596 4406 485
597 1676 440
598 1644 406
599 126 345
600 0 -1
601 5458 518
602 1847 411
603 2843 484
604 1878 459
605 178 413
606 1786 470
607 2965 678
608 1194 434
609 2823 228
610 0 -1
611 4910 260
612 5838 456
613 5378 444
614 2506 326
615 1756 314
616 5825 470
617 3360 437
618 0 -1
619 2944 366
620 3431 313
621 4399 524
622 4353 424
623 0 -1
624 5438 467
625 1377 412
626 3189 478
627 6161 404
628 2724 476
629 85 348
630 3784 303
631 2286 313
632 850 515
633 2847 486
634 1650 504
635 1889 491
636 192 422
637 1659 325
638 1560 434
639 3537 459
640 5632 545
641 4486 431
642 3603 436
643 2465 347
644 5251 293
645 0 -1
646 6211 398
647 2157 197
648 5063 346
649 0 -1
650 6309 438
651 682 522
652 321 562
653 1466 317
654 1691 356
655 0 -1
656 1927 388
657 5236 501
658 2484 376
659 3898 449
660 5013 496
661 5462 494
662 2409 440
663 6489 429
664 4393 452
665 6523 404
666 6014 439
667 3234 355
668 2210 513
669 2233 306
670 2449 422
671 6254 500
672 5751 506
673 6032 390
674 6230 576
675 3434 530
676 503 443
677 3541 426
678 3153 404
679 6289 439
680 1974 407
681 401 501
682 2220 430
683 2899 393
684 3156 550
685 2698 398
686 1271 439
687 3366 484
688 4760 617
689 4493 430
690 1548 314
691 151 441
692 496 526
693 4984 438
694 3512 436
695 6176 308
696 6217 384
697 2944 361
698 4097 421
699 6216 504
700 1379 437
701 914 520
702 4436 405
703 3019 490
704 3570 422
705 2506 312
706 3201 428
707 141 364
708 4222 638
709 3106 349
710 724 586
711 4136 579
712 2576 486
713 288 397
714 4581 533
715 3432 460
716 5231 437
717 6229 535
718 1548 285
719 5269 461
720 0 -1
721 2642 505
722 5554 347
723 4226 423
724 361 497
725 2236 363
726 5499 398
727 3025 344
728 4352 460
729 6016 413
730 1018 486
731 2427 397
732 140 508
733 4554 513
734 360 275
735 1628 396
736 2101 452
737 5657 602
738 5187 415
739 4032 376
740 5280 426
741 1007 517
742 2323 465
743 6232 444
744 6500 473
745 6003 476
746 3690 487
747 1032 435
748 5093 548
749 1313 426
750 4348 363
751 6144 384
752 6559 343
753 1136 677
754 5167 550
755 999 353
756 3532 546
757 2430 426
758 3898 377
759 3407 438
760 4094 210
761 6069 491
762 1889 574
763 1385 435
764 1002 434
765 3643 340
766 2236 403
767 1926 295
768 4553 430
769 4853 499
770 4100 447
771 3939 285
772 2080 500
773 2694 501
774 3215 426
775 6464 588
776 2735 464
777 3055 456
778 2035 497
779 1715 486
780 4994 385
781 3393 399
782 4094 173
783 2756 547
784 413 452
785 5258 538
786 4118 474
787 3498 434
788 6270 474
789 0 -1
790 2024 418
791 1288 422
792 6217 450
793 6448 359
794 4958 412
795 2862 498
796 1597 646
797 6365 585
798 2270 375
799 4405 471
800 1999 562
801 3307 560
802 4806 431
803 0 -1
804 4692 440
805 345 386
806 1295 499
807 2267 449
808 2543 438
809 3965 592
810 0 -1
811 852 636
812 4671 330
813 3649 587
814 3154 533
815 0 -1
816 1584 576
817 6243 587
818 476 587
819 0 -1
820 0 -1
821 2883 395
822 4442 461
823 923 605
824 641 478
825 4663 586
826 4222 580
827 910 456
828 5493 461
829 3083 651
830 4928 213
831 1103 541
832 812 349
833 4830 497
834 3013 395
835 6218 488
836 558 445
837 6314 785
838 4985 511
839 5302 438
840 2237 449
841 1144 353
842 5834 418
843 1235 458
844 2027 349
845 6265 329
846 510 590
847 937 442
848 1404 281
849 6334 340
850 2706 454
851 6548 433
852 2320 536
853 4878 331
854 3459 383
855 5577 372
856 1574 512
857 2840 463
858 999 322
859 1372 478
860 4889 423
861 2668 508
862 0 -1
863 4159 307
864 6217 428
865 5428 355
866 4473 355
867 668 529
868 653 433
869 6133 381
870 3385 346
871 6113 557
872 0 -1
873 4834 456
874 351 366
875 3208 464
876 3198 439
877 2785 387
878 6311 505
879 4876 437
880 1985 464
881 6296 494
882 2422 621
883 0 -1
884 6180 425
885 1526 498
886 113 469
887 312 493
888 881 537
889 1757 475
890 1712 478
891 1268 521
892 2859 449
893 1634 464
894 1709 465
895 1339 454
896 5738 476
897 423 414
898 5598 492
899 879 539
900 1383 422
901 2691 356
902 3530 506
903 88 470
904 5950 480
905 2625 413
906 1209 411
907 3747 454
908 3632 582
909 1317 481
910 5993 425
911 4217 507
912 1077 380
913 2316 312
914 419 432
915 3855 446
916 1368 474
917 3701 374
918 1822 518
919 4963 487
920 4512 565
921 6312 523
922 3423 448
923 3866 511
924 378 487
925 5545 403
926 6543 303
927 5321 442
928 352 497
929 4608 808
930 4787 585
931 76 327
932 1015 337
933 5409 488
934 2529 434
935 0 -1
936 6194 501
937 2681 361
938 5173 463
939 968 495
940 4391 423
941 5596 369
942 1343 432
943 247 449
944 4062 458
945 2106 489
946 6480 477
947 524 398
948 0 -1
949 3508 454
950 2147 446
951 4173 537
952 4167 458
953 6271 442
954 4923 483
955 2947 532
956 5004 525
957 2205 455
958 6072 446
959 4963 470
960 4523 372
961 0 -1
962 2986 419
963 4457 435
964 0 -1
965 4871 541
966 6503 390
967 3121 400
968 6511 495
969 3634 603
970 5029 421
971 3274 501
972 864 453
973 3950 333
974 5097 308
975 5290 500
976 3422 387
977 2899 402
978 0 -1
979 2378 494
980 6102 453
981 0 -1
982 114 458
983 2694 490
984 2290 491
985 770 515
986 5263 499
987 564 416
988 4679 440
989 4889 392
990 4107 473
991 2878 360
992 0 -1
993 0 -1
994 968 563
995 5338 451
996 2439 482
997 5373 458
998 2002 376
999 3204 314
1000 2891 481
1001 42 570
1002 4068 367
1003 3244 493
1004 4655 479
1005 2091 520
1006 583 436
1007 132 491
1008 41 512
1009 505 341
1010 0 -1
1011 0 -1
1012 3123 646
1013 2434 438
1014 1608 544
1015 4522 298
1016 1462 308
1017 5472 397
1018 302 454
1019 2353 487
1020 1372 481
1021 1622 353
1022 5151 316
1023 3874 406
1024 1299 379
1025 4383 428
1026 6597 459
1027 3387 472
1028 1893 376
1029 1413 492
1030 3969 435
1031 2464 512
1032 2112 354
1033 4821 548
1034 1246 581
1035 3458 448
1036 5011 445
1037 5123 428
1038 4328 439
1039 5139 479
1040 5039 409
1041 2081 383
1042 4756 504
1043 5169 394
1044 910 505
1045 5619 533
1046 230 520
1047 0 -1
1048 6253 385
1049 6180 407
1050 509 506
1051 2267 510
1052 72 403
1053 122 196
1054 4576 338
1055 1974 441
1056 1509 559
1057 4105 371
1058 522 518
1059 561 442
1060 2216 510
1061 2074 430
1062 3917 374
1063 4244 450
1064 3327 509
1065 2950 274
1066 5462 503
1067 0 -1
1068 4920 412
1069 1538 483
1070 5675 299
1071 5182 473
1072 4510 531
1073 3273 479
1074 176 560
1075 2655 550
1076 4690 434
1077 5131 366
1078 2365 380
1079 2002 460
1080 147 493
1081 101 430
1082 5447 411
1083 6049 498
1084 1101 261
1085 0 -1
1086 2184 387
1087 0 -1
1088 4416 396
1089 0 -1
1090 3520 318
1091 0 -1
1092 2681 388
1093 1474 457
1094 3970 279
1095 589 505
1096 3180 355
1097 6591 506
1098 428 454
1099 2290 524
1100 3544 574
1101 1053 242
1102 4652 478
1103 709 439
1104 4158 526
1105 2053 599
1106 23 526
1107 0 -1
1108 2117 484
1109 4515 513
1110 4361 545
1111 3091 491
1112 4912 468
1113 1289 327
1114 3228 439
1115 3437 445
1116 0 -1
1117 2325 431
1118 4809 497
1119 3929 375
1120 1634 527
1121 977 469
1122 912 387
1123 3154 489
1124 5305 428
1125 3811 365
1126 1896 516
1127 2500 403
1128 4397 412
1129 1709 465
1130 3425 448
1131 3795 375
1132 3096 448
1133 4422 480
1134 5308 552
1135 914 473
1136 4336 580
1137 0 -1
1138 2941 353
1139 5924 400
1140 1583 586
1141 569 478
1142 4292 353
1143 3518 473
1144 1218 284
1145 2986 504
1146 0 -1
1147 2673 495
1148 299 445
1149 4422 466
1150 963 551
1151 5207 659
1152 4899 540
1153 6476 433
1154 2856 451
1155 417 424
1156 1217 608
1157 0 -1
1158 5997 455
1159 1783 536
1160 554 586
1161 6150 516
1162 5736 535
1163 4281 458
1164 2844 409
1165 85 384
1166 822 484
1167 4596 415
1168 5847 356
1169 5693 487
1170 5327 472
1171 5525 424
1172 5451 353
1173 4236 469
1174 5699 386
1175 1354 418
1176 473 498
1177 2799 505
1178 4767 465
1179 1344 507
1180 4314 438
1181 1144 315
1182 2095 443
1183 236 496
1184 2990 575
1185 4339 131
1186 4753 238
1187 704 432
1188 275 485
1189 6496 479
1190 3158 574
1191 3128 423
1192 1582 405
1193 6555 486
1194 3412 419
1195 5647 471
1196 6066 344
1197 4904 407
1198 349 494
1199 5001 380
1200 1045 556
1201 5082 495
1202 1288 361
1203 4667 531
1204 4294 439
1205 5088 513
1206 865 422
1207 5159 413
1208 5003 375
1209 1659 367
1210 6461 374
1211 2120 463
1212 6329 325
1213 5214 409
1214 2683 380
1215 950 544
1216 3926 561
1217 3527 582
1218 609 279
1219 3860 437
1220 3540 420
1221 5740 453
1222 167 431
1223 6366 556
1224 3022 318
1225 2833 475
1226 4094 142
1227 261 372
1228 609 346
1229 3247 513
1230 2761 451
1231 0 -1
1232 3521 431
1233 0 -1
1234 5934 471
1235 854 447
1236 2791 417
1237 3475 518
1238 1347 456
1239 1856 541
1240 2530 419
1241 780 434
1242 3295 343
1243 6439 436
1244 355 456
1245 0 -1
1246 4316 554
1247 3192 389
1248 5709 543
1249 4057 495
1250 5545 409
1251 83 396
1252 2556 335
1253 4591 404
1254 3003 477
1255 4910 308
1256 6371 598
1257 5668 422
1258 2994 437
1259 4342 511
1260 5169 382
1261 2878 400
1262 6509 504
1263 5053 535
1264 5225 397
1265 2183 498
1266 2580 473
1267 2111 367
1268 519 479
1269 937 396
1270 3302 444
1271 5330 415
1272 3063 426
1273 1254 481
1274 2880 356
1275 782 240
1276 2803 417
1277 359 198
1278 4489 275
1279 6121 555
1280 2070 474
1281 1724 493
1282 1655 664
1283 6240 431
1284 6427 459
1285 3764 322
1286 1509 575
1287 2731 569
1288 5225 337
1289 1278 286
1290 1174 422
1291 4368 425
1292 2784 356
1293 2080 462
1294 5877 469
1295 6119 419
1296 2688 401
1297 0 -1
1298 6531 367
1299 1897 339
1300 5853 425
1301 4604 397
1302 2193 357
1303 3316 513
1304 3085 453
1305 0 -1
1306 2138 429
1307 6296 453
1308 4762 517
1309 5605 675
1310 4291 464
1311 6444 445
1312 947 414
1313 654 404
1314 4246 385
1315 581 578
1316 0 -1
1317 2425 463
1318 5632 621
1319 1822 496
1320 1622 374
1321 5884 483
1322 5366 458
1323 1362 484
1324 0 -1
1325 1719 462
1326 4867 460
1327 6305 453
1328 5735 534
1329 4859 463
1330 1805 498
1331 2312 517
1332 0 -1
1333 160 442
1334 90 418
1335 1395 370
1336 4554 472
1337 863 419
1338 3782 523
1339 1228 451
1340 741 558
1341 912 385
1342 1525 331
1343 2661 399
1344 5031 444
1345 5627 526
1346 6508 423
1347 6547 427
1348 2689 417
1349 3534 651
1350 3995 408
1351 6006 451
1352 5277 462
1353 1968 404
1354 3092 404
1355 5755 330
1356 2016 479
1357 3119 454
1358 3721 387
1359 0 -1
1360 1372 443
1361 4482 480
1362 3640 445
1363 1131 385
1364 682 469
1365 2981 491
1366 3445 502
1367 1991 414
1368 4226 447
1369 152 535
1370 206 436
1371 1537 506
1372 2921 374
1373 812 336
1374 4631 571
1375 4939 436
1376 0 -1
1377 3774 388
1378 0 -1
1379 6402 408
1380 0 -1
1381 416 448
1382 4563 608
1383 1521 409
1384 2691 365
1385 470 335
1386 1731 497
1387 3541 400
1388 886 481
1389 156 352
1390 4444 557
1391 4283 531
1392 2377 430
1393 3561 486
1394 6552 533
1395 1817 310
1396 6055 509
1397 6174 481
1398 3637 588
1399 3939 332
1400 2186 589
1401 1293 472
1402 1066 504
1403 6368 460
1404 3862 264
1405 1683 460
1406 4606 570
1407 1166 516
1408 2081 345
1409 4640 407
1410 6297 378
1411 0 -1
1412 1932 337
1413 2172 419
1414 0 -1
1415 1762 360
1416 6361 510
1417 443 407
1418 252 460
1419 3862 346
1420 3118 457
1421 947 508
1422 0 -1
1423 5352 496
1424 2479 477
1425 3106 432
1426 849 381
1427 1933 418
1428 2645 459
1429 4343 391
1430 4780 329
1431 2152 481
1432 181 339
1433 5619 511
1434 4363 474
1435 504 507
1436 4596 449
1437 3970 320
1438 0 -1
1439 1773 278
1440 3251 441
1441 884 449
1442 5290 517
1443 3888 374
1444 2339 423
1445 3647 421
1446 1632 403
1447 1313 435
1448 3953 423
1449 2681 439
1450 1987 523
1451 2635 446
1452 3169 451
1453 4862 419
1454 4889 424
1455 0 -1
1456 2338 519
1457 2130 411
1458 2794 430
1459 4700 317
1460 2005 599
1461 834 430
1462 1545 283
1463 3200 440
1464 1739 410
1465 3675 500
1466 1691 299
1467 3027 682
1468 726 403
1469 2069 450
1470 5106 535
1471 3888 400
1472 3044 505
1473 562 384
1474 1850 422
1475 158 454
1476 5531 515
1477 3121 471
1478 4660 341
1479 3845 523
1480 5848 450
1481 187 345
1482 1559 375
1483 5060 484
1484 1937 569
1485 0 -1
1486 2683 389
1487 4135 348
1488 3208 460
1489 4896 552
1490 1877 533
1491 4391 374
1492 0 -1
1493 0 -1
1494 0 -1
1495 3005 448
1496 1369 569
1497 4924 436
1498 2208 410
1499 4522 321
1500 1525 418
1501 2159 402
1502 1428 514
1503 3226 350
1504 85 378
1505 5314 233
1506 2170 539
1507 3784 410
1508 34 388
1509 6512 532
1510 4669 429
1511 6255 436
1512 5494 418
1513 6459 423
1514 480 518
1515 5366 486
1516 6213 423
1517 4852 449
1518 2560 460
1519 2146 423
1520 0 -1
1521 4974 394
1522 5764 451
1523 0 -1
1524 2518 554
1525 3602 316
1526 5447 411
1527 1260 386
1528 4329 590
1529 1742 442
1530 4292 374
1531 5057 337
1532 4088 451
1533 6010 493
1534 1276 457
1535 3432 439
1536 2864 445
1537 3049 461
1538 2690 384
1539 5761 402
1540 6393 358
1541 2259 483
1542 524 463
1543 6133 353
1544 3598 416
1545 3567 207
1546 0 -1
1547 1026 477
1548 74 240
1549 370 512
1550 1224 332
1551 6267 412
1552 2059 419
1553 858 378
1554 3234 400
1555 0 -1
1556 2065 347
1557 3800 594
1558 5570 514
1559 4931 347
1560 2645 413
1561 5447 404
1562 5521 385
1563 2406 520
1564 3890 420
1565 0 -1
1566 6492 514
1567 4187 502
1568 0 -1
1569 2677 377
1570 3152 433
1571 4549 503
1572 4737 448
1573 356 602
1574 5338 410
1575 4633 598
1576 4182 520
1577 4412 580
1578 3022 270
1579 0 -1
1580 4721 526
1581 2635 507
1582 5698 377
1583 2060 466
1584 4429 500
1585 1208 385
1586 1860 424
1587 2625 445
1588 26 550
1589 3458 445
1590 1237 551
1591 465 455
1592 5420 466
1593 589 502
1594 6434 391
1595 4416 445
1596 90 515
1597 1601 546
1598 1437 418
1599 6467 470
1600 1740 439
1601 2924 441
1602 1833 491
1603 2344 417
1604 2248 424
1605 6144 370
1606 2535 470
1607 4980 546
1608 4482 431
1609 4255 491
1610 4331 506
1611 0 -1
1612 77 417
1613 4633 519
1614 3643 353
1615 4725 447
1616 1223 639
1617 130 633
1618 6293 413
1619 2480 406
1620 5331 504
1621 980 509
1622 1459 328
1623 3798 473
1624 2425 405
1625 1746 512
1626 2570 515
1627 5881 423
1628 2261 336
1629 3063 440
1630 1516 444
1631 6537 511
1632 4292 375
1633 5870 401
1634 4279 410
1635 3498 470
1636 1726 439
1637 4408 470
1638 2730 531
1639 2115 539
1640 3831 435
1641 4795 468
1642 2729 425
1643 5225 336
1644 3601 364
1645 359 269
1646 3230 335
1647 6076 481
1648 264 401
1649 0 -1
1650 4279 413
1651 4974 289
1652 5225 330
1653 5526 409
1654 846 661
1655 1059 561
1656 3020 472
1657 5297 452
1658 4273 405
1659 4928 306
1660 2784 374
1661 793 366
1662 2090 394
1663 6239 459
1664 449 422
1665 66 490
1666 6561 336
1667 5738 408
1668 1996 472
1669 2774 483
1670 3351 337
1671 0 -1
1672 1941 447
1673 65 423
1674 375 404
1675 1582 419
1676 3772 359
1677 3838 382
1678 4803 369
1679 5077 474
1680 3317 413
1681 4251 447
1682 1807 398
1683 352 415
1684 3038 497
1685 2851 399
1686 5490 448
1687 3966 370
1688 2587 530
1689 0 -1
1690 6291 431
1691 2157 249
1692 1836 441
1693 1559 389
1694 5088 467
1695 2789 412
1696 1238 550
1697 6526 507
1698 244 540
1699 2112 404
1700 4489 354
1701 1941 429
1702 795 610
1703 1236 511
1704 2291 477
1705 141 296
1706 942 505
1707 6014 412
1708 3196 398
1709 3511 403
1710 4937 477
1711 1002 459
1712 4746 419
1713 2309 476
1714 1756 359
1715 5783 379
1716 0 -1
1717 0 -1
1718 5777 495
1719 6066 343
1720 6367 521
1721 3475 485
1722 4346 425
1723 643 450
1724 6100 452
1725 1719 402
1726 3068 439
1727 5794 357
1728 4481 503
1729 1481 457
1730 709 451
1731 5163 451
1732 6072 425
1733 4479 434
1734 1925 622
1735 0 -1
1736 66 492
1737 4203 474
1738 4172 446
1739 1860 406
1740 3405 348
1741 3799 316
1742 4687 375
1743 5001 418
1744 2562 289
1745 2971 292
1746 5764 454
1747 0 -1
1748 3598 331
1749 5301 352
1750 2812 442
1751 175 604
1752 3918 577
1753 0 -1
1754 482 466
1755 6133 315
1756 3862 287
1757 5135 365
1758 2056 622
1759 4170 512
1760 3838 367
1761 2446 416
1762 470 335
1763 4224 362
1764 246 446
1765 0 -1
1766 1272 541
1767 4254 440
1768 5077 448
1769 4450 478
1770 6063 483
1771 0 -1
1772 0 -1
1773 6176 198
1774 2921 396
1775 137 602
1776 1408 373
1777 6495 461
1778 6165 280
1779 6518 425
1780 3731 486
1781 2142 458
1782 1724 545
1783 355 488
1784 4873 318
1785 1858 425
1786 5794 431
1787 3459 379
1788 1518 463
1789 960 412
1790 2316 378
1791 1662 427
1792 3194 405
1793 1350 488
1794 5823 446
1795 1745 307
1796 2141 476
1797 4036 724
1798 0 -1
1799 0 -1
1800 0 -1
1801 0 -1
1802 2615 478
1803 1124 468
1804 3087 349
1805 563 383
1806 2316 350
1807 490 290
1808 698 486
1809 4790 404
1810 3681 432
1811 108 429
1812 274 276
1813 4394 424
1814 4150 411
1815 4894 527
1816 3049 411
1817 1691 264
1818 2063 556
1819 3158 541
1820 0 -1
1821 5695 411
1822 5065 459
1823 628 549
1824 4098 518
1825 5447 445
1826 1043 504
1827 685 402
1828 713 451
1829 2759 469
1830 3325 392
1831 1699 463
1832 0 -1
1833 5923 405
1834 3265 419
1835 4966 540
1836 5544 407
1837 136 431
1838 312 482
1839 3293 672
1840 1873 335
1841 5367 600
1842 5208 468
1843 3898 395
1844 0 -1
1845 3128 462
1846 3419 381
1847 2412 358
1848 5934 447
1849 2608 379
1850 5324 386
1851 3600 425
1852 1715 442
1853 614 336
1854 3764 231
1855 2873 454
1856 1647 529
1857 1333 505
1858 4080 408
1859 5209 469
1860 5428 398
1861 1278 367
1862 5946 580
1863 828 513
1864 5159 434
1865 2889 447
1866 4425 466
1867 2259 386
1868 2343 379
1869 3692 466
1870 1379 483
1871 1715 389
1872 5109 471
1873 3701 326
1874 1892 558
1875 3232 410
1876 0 -1
1877 5045 442
1878 1119 380
1879 4386 423
1880 6080 440
1881 0 -1
1882 6427 367
1883 4741 394
1884 6329 312
1885 4315 517
1886 0 -1
1887 316 468
1888 4003 430
1889 3343 483
1890 3594 526
1891 2045 472
1892 3817 513
1893 3768 358
1894 4499 636
1895 2753 491
1896 5493 475
1897 6531 304
1898 2820 463
1899 0 -1
1900 1847 369
1901 4068 412
1902 1153 472
1903 3659 501
1904 3969 419
1905 4094 129
1906 0 -1
1907 4780 315
1908 2328 462
1909 6103 470
1910 1035 510
1911 6374 460
1912 4837 500
1913 0 -1
1914 3007 518
1915 2004 431
1916 5905 363
1917 2325 416
1918 293 460
1919 2631 496
1920 636 496
1921 5774 680
1922 1708 421
1923 2563 430
1924 2255 394
1925 3755 519
1926 359 255
1927 2111 374
1928 3774 395
1929 697 455
1930 5897 404
1931 211 502
1932 1439 315
1933 834 397
1934 4002 412
1935 5984 330
1936 6492 423
1937 4857 564
1938 3414 394
1939 1016 346
1940 2796 415
1941 2236 361
1942 323 502
1943 2436 261
1944 1618 488
1945 1810 529
1946 5385 643
1947 2568 647
1948 2194 535
1949 6467 486
1950 2746 534
1951 2552 439
1952 4910 267
1953 2295 449
1954 4782 406
1955 5542 623
1956 603 564
1957 6136 438
1958 0 -1
1959 3762 399
1960 3526 436
1961 3384 388
1962 5289 463
1963 5447 453
1964 6399 502
1965 0 -1
1966 5261 371
1967 0 -1
1968 4591 375
1969 2943 467
1970 4140 393
1971 5793 621
1972 5740 425
1973 0 -1
1974 460 371
1975 3214 444
1976 1897 368
1977 2666 505
1978 567 454
1979 6043 401
1980 6368 399
1981 436 509
1982 0 -1
1983 1372 427
1984 0 -1
1985 1481 360
1986 5596 364
1987 1155 454
1988 3188 456
1989 4050 500
1990 495 435
1991 4280 298
1992 2267 477
1993 0 -1
1994 2335 424
1995 4750 420
1996 5071 352
1997 2507 430
1998 4441 475
1999 1000 486
2000 6394 438
2001 0 -1
2002 973 349
2003 1651 340
2004 4364 395
2005 3708 536
2006 0 -1
2007 2591 396
2008 1732 430
2009 5611 520
2010 1253 454
2011 0 -1
2012 4797 487
2013 2863 462
2014 5651 478
2015 5072 444
2016 4859 421
2017 1111 514
2018 1288 407
2019 3817 435
2020 5541 569
2021 5417 539
2022 5965 503
2023 2322 595
2024 6384 417
2025 3075 476
2026 5133 441
2027 1756 340
2028 0 -1
2029 6559 428
2030 0 -1
2031 4004 448
2032 3305 474
2033 6492 478
2034 4471 543
2035 2790 403
2036 0 -1
2037 1304 540
2038 0 -1
2039 181 341
2040 5530 437
2041 5044 310
2042 1898 477
2043 456 450
2044 2453 511
2045 34 399
2046 1500 440
2047 2838 467
2048 5157 396
2049 0 -1
2050 2417 412
2051 3797 571
2052 2787 343
2053 686 516
2054 1436 511
2055 6129 316
2056 6533 527
2057 2667 349
2058 4547 259
2059 3974 398
2060 1499 392
2061 2099 437
2062 4246 416
2063 1739 504
2064 1255 342
2065 647 286
2066 751 405
2067 4885 519
2068 2562 402
2069 4008 388
2070 3628 462
2071 2745 552
2072 417 418
2073 2048 488
2074 758 407
2075 5126 603
2076 0 -1
2077 2921 381
2078 3400 466
2079 5463 407
2080 2419 406
2081 5760 301
2082 6536 567
2083 6403 438
2084 3149 457
2085 4191 505
2086 6194 492
2087 634 558
2088 6066 357
2089 4699 538
2090 80 393
2091 4193 500
2092 3513 618
2093 3349 389
2094 523 319
2095 2276 428
2096 0 -1
2097 421 412
2098 4159 331
2099 3958 436
2100 6247 527
2101 2236 387
2102 5731 402
2103 5665 403
2104 396 528
2105 6054 380
2106 1473 398
2107 3842 433
2108 3994 632
2109 4812 487
2110 2027 388
2111 4793 364
2112 1651 297
2113 3132 552
2114 1552 428
2115 1294 511
2116 725 461
2117 4738 476
2118 6455 425
2119 5140 564
2120 2300 419
2121 5401 618
2122 4697 347
2123 6239 487
2124 2685 518
2125 3514 382
2126 5817 394
2127 5516 520
2128 0 -1
2129 848 321
2130 6133 367
2131 5597 450
2132 6013 479
2133 1299 345
2134 6315 539
2135 2940 483
2136 4987 487
2137 4287 455
2138 3351 309
2139 3325 482
2140 6102 480
2141 821 414
2142 764 440
2143 714 562
2144 3385 303
2145 6250 458
2146 5785 402
2147 3473 410
2148 3647 492
2149 4093 508
2150 5729 406
2151 348 513
2152 1088 448
2153 3204 351
2154 2274 364
2155 4878 343
2156 4279 452
2157 6382 174
2158 4522 349
2159 1505 337
2160 2098 360
2161 4166 556
2162 637 396
2163 2866 490
2164 2784 291
2165 4302 555
2166 2440 402
2167 5065 394
2168 1209 371
2169 0 -1
2170 186 529
2171 3302 490
2172 4226 413
2173 4516 500
2174 3436 419
2175 2725 439
2176 4525 348
2177 22 528
2178 4402 542
2179 1444 457
2180 3258 581
2181 6054 427
2182 1166 523
2183 1936 458
2184 5794 321
2185 5740 371
2186 3214 478
2187 3098 473
2188 3263 436
2189 4428 479
2190 6297 425
2191 5199 509
2192 4088 447
2193 4 330
2194 1959 507
2195 3641 414
2196 6091 572
2197 0 -1
2198 6100 492
2199 6561 440
2200 170 459
2201 4793 432
2202 3088 468
2203 3049 438
2204 4048 611
2205 4001 421
2206 2024 459
2207 1105 604
2208 1278 384
2209 0 -1
2210 2887 443
2211 6039 314
2212 5650 434
2213 3336 682
2214 3836 433
2215 587 361
2216 1377 489
2217 3957 499
2218 0 -1
2219 2863 461
2220 5329 345
2221 4147 424
2222 5886 431
2223 2517 477
2224 1162 590
2225 108 398
2226 5687 452
2227 2418 418
2228 5955 379
2229 5520 592
2230 0 -1
2231 2602 431
2232 0 -1
2233 848 305
2234 2543 491
2235 5861 516
2236 2906 342
2237 4419 437
2238 4426 458
2239 2729 361
2240 587 366
2241 2176 461
2242 4085 623
2243 1996 390
2244 2325 360
2245 2157 214
2246 2314 537
2247 6110 538
2248 913 405
2249 1405 514
2250 4291 443
2251 0 -1
2252 3781 471
2253 3570 446
2254 1644 425
2255 1884 324
2256 0 -1
2257 3186 541
2258 3794 463
2259 5494 384
2260 6201 571
2261 5755 302
2262 3603 411
2263 0 -1
2264 3554 453
2265 0 -1
2266 2538 556
2267 6435 404
2268 4759 489
2269 5946 587
2270 2465 286
2271 1976 455
2272 3517 357
2273 900 495
2274 6001 355
2275 373 443
2276 5675 346
2277 933 585
2278 0 -1
2279 275 422
2280 4911 492
2281 1544 510
2282 5745 548
2283 0 -1
2284 0 -1
2285 1468 478
2286 1289 301
2287 5465 533
2288 5962 447
2289 0 -1
2290 3450 445
2291 6451 376
2292 0 -1
2293 938 511
2294 2400 438
2295 2003 442
2296 5554 374
2297 5516 440
2298 2144 416
2299 9 457
2300 1622 342
2301 3862 268
2302 4063 434
2303 0 -1
2304 3629 485
2305 2174 457
2306 605 459
2307 2343 292
2308 5311 475
2309 3141 440
2310 6439 387
2311 1831 464
2312 963 468
2313 5830 469
2314 4031 528
2315 550 489
2316 6165 304
2317 2500 286
2318 3321 467
2319 1939 386
2320 6030 491
2321 446 530
2322 425 531
2323 2417 380
2324 561 451
2325 3224 350
2326 3256 427
2327 6371 540
2328 5159 418
2329 566 431
2330 5330 409
2331 4651 507
2332 76 304
2333 1652 340
2334 5736 496
2335 14 328
2336 169 457
2337 5494 423
2338 20 517
2339 2458 366
2340 3214 517
2341 2507 456
2342 6106 473
2343 1144 287
2344 421 417
2345 2060 396
2346 5339 494
2347 3993 463
2348 3448 536
2349 3957 471
2350 5675 339
2351 4112 472
2352 1536 543
2353 4907 407
2354 1271 442
2355 1235 521
2356 6051 232
2357 495 447
2358 648 354
2359 3603 423
2360 1725 481
2361 5737 354
2362 5982 484
2363 3208 490
2364 6113 494
2365 2823 327
2366 33 346
2367 254 408
2368 6536 528
2369 4686 397
2370 5872 531
2371 5516 516
2372 5045 408
2373 5069 543
2374 4894 532
2375 3194 416
2376 3009 386
2377 2724 399
2378 6219 477
2379 580 471
2380 1219 552
2381 0 -1
2382 5950 491
2383 6549 439
2384 0 -1
2385 3425 459
2386 3005 420
2387 5482 451
2388 6150 487
2389 5074 434
2390 5346 410
2391 5910 459
2392 1714 381
2393 0 -1
2394 6150 454
2395 163 406
2396 1731 481
2397 1960 529
2398 0 -1
2399 2936 685
2400 1550 423
2401 5700 525
2402 0 -1
2403 6196 489
2404 0 -1
2405 3974 417
2406 5162 499
2407 3685 501
2408 6546 414
2409 4700 414
2410 5082 415
2411 0 -1
2412 1395 314
2413 2819 462
2414 1277 293
2415 0 -1
2416 0 -1
2417 5523 363
2418 3426 365
2419 1094 302
2420 6054 356
2421 3072 435
2422 4806 535
2423 1183 520
2424 1036 509
2425 512 366
2426 4600 515
2427 6034 379
2428 2812 469
2429 1707 455
2430 845 387
2431 1904 509
2432 527 424
2433 6241 404
2434 1028 436
2435 1125 375
2436 1691 261
2437 1557 689
2438 3833 404
2439 3951 421
2440 1741 390
2441 5669 347
2442 5908 531
2443 3985 588
2444 4886 448
2445 3925 456
2446 3380 330
2447 517 419
2448 470 327
2449 1985 390
2450 6285 470
2451 3515 508
2452 0 -1
2453 2174 428
2454 1859 550
2455 2211 409
2456 1636 450
2457 385 403
2458 3395 362
2459 5617 500
2460 4442 415
2461 2578 519
2462 627 457
2463 0 -1
2464 6279 444
2465 1186 286
2466 653 361
2467 3791 434
2468 3195 623
2469 6523 487
2470 5861 488
2471 0 -1
2472 6318 486
2473 1501 415
2474 6536 536
2475 2844 449
2476 6285 495
2477 2656 388
2478 4533 304
2479 5421 374
2480 3087 378
2481 2706 419
2482 4317 580
2483 5340 528
2484 6543 295
2485 3233 402
2486 1028 464
2487 1250 509
2488 4949 549
2489 2985 431
2490 5267 480
2491 5178 599
2492 5141 476
2493 0 -1
2494 2465 406
2495 4804 457
2496 3784 406
2497 2352 602
2498 2458 371
2499 0 -1
2500 5984 286
2501 3997 361
2502 383 532
2503 10 502
2504 4939 416
2505 4916 431
2506 6133 300
2507 3099 427
2508 3713 524
2509 1210 476
2510 0 -1
2511 3022 334
2512 98 646
2513 2581 488
2514 34 344
2515 971 563
2516 4757 412
2517 5778 429
2518 2362 508
2519 0 -1
2520 2914 506
2521 5968 487
2522 4241 434
2523 2345 504
2524 465 491
2525 5974 555
2526 3731 449
2527 0 -1
2528 4449 435
2529 6148 364
2530 3600 355
2531 3040 351
2532 1395 376
2533 679 459
2534 983 495
2535 5168 359
2536 412 452
2537 5459 487
2538 3085 447
2539 5806 461
2540 6023 430
2541 3766 517
2542 4637 359
2543 108 398
2544 0 -1
2545 3098 459
2546 539 569
2547 705 364
2548 1377 426
2549 2774 433
2550 5932 385
2551 0 -1
2552 3977 376
2553 1749 439
2554 2157 279
2555 3320 481
2556 1226 246
2557 6536 490
2558 6360 475
2559 5072 389
2560 192 444
2561 6048 443
2562 5984 289
2563 2457 423
2564 2951 465
2565 2151 514
2566 2279 426
2567 110 304
2568 1442 544
2569 1942 514
2570 1693 461
2571 754 577
2572 9 411
2573 4390 594
2574 2860 586
2575 3072 476
2576 6448 376
2577 2473 466
2578 433 486
2579 3151 592
2580 1991 386
2581 1893 379
2582 3708 513
2583 6412 583
2584 4708 473
2585 2187 559
2586 1813 460
2587 2921 411
2588 2477 448
2589 643 424
2590 105 399
2591 1545 324
2592 3604 586
2593 3902 363
2594 3360 473
2595 1114 454
2596 5002 606
2597 5123 377
2598 0 -1
2599 0 -1
2600 6227 523
2601 2762 439
2602 3019 426
2603 2871 509
2604 0 -1
2605 3116 472
2606 3583 379
2607 6551 453
2608 540 372
2609 1228 454
2610 5452 318
2611 507 469
2612 4803 377
2613 4576 330
2614 5805 461
2615 3663 414
2616 4664 401
2617 2088 397
2618 5163 470
2619 0 -1
2620 6549 367
2621 6070 434
2622 6491 479
2623 0 -1
2624 0 -1
2625 4924 366
2626 483 420
2627 1976 476
2628 4014 459
2629 3951 475
2630 3247 531
2631 2227 480
2632 1740 422
2633 5225 367
2634 3988 516
2635 2112 391
2636 902 523
2637 5410 371
2638 999 375
2639 3514 457
2640 306 483
2641 793 456
2642 2744 446
2643 2353 473
2644 1327 489
2645 4252 344
2646 5348 531
2647 3751 524
2648 2081 412
2649 5020 418
2650 6532 370
2651 0 -1
2652 2989 461
2653 5131 403
2654 6349 416
2655 102 480
2656 3762 380
2657 1556 448
2658 0 -1
2659 4484 491
2660 0 -1
2661 611 298
2662 4823 378
2663 1632 398
2664 2130 370
2665 179 446
2666 2097 455
2667 2041 341
2668 5028 455
2669 2400 453
2670 5526 404
2671 5251 302
2672 2894 450
2673 5840 482
2674 4378 482
2675 896 493
2676 3489 506
2677 1986 375
2678 673 424
2679 3966 377
2680 140 609
2681 4523 347
2682 3417 689
2683 2511 361
2684 1212 392
2685 2325 429
2686 3839 497
2687 1022 401
2688 2255 328
2689 5947 367
2690 1548 309
2691 2797 344
2692 1615 467
2693 2711 430
2694 6130 487
2695 216 596
2696 4302 486
2697 1922 462
2698 5604 364
2699 281 459
2700 5554 348
2701 1708 442
2702 3800 510
2703 0 -1
2704 5829 375
2705 6265 427
2706 5168 399
2707 0 -1
2708 1970 423
2709 5552 491
2710 0 -1
2711 3450 408
2712 1476 541
2713 2962 310
2714 4533 248
2715 4804 375
2716 5639 411
2717 2193 370
2718 4359 563
2719 3114 452
2720 293 459
2721 0 -1
2722 1255 416
2723 1849 466
2724 3833 380
2725 858 421
2726 5790 337
2727 370 425
2728 2744 484
2729 2414 346
2730 2174 506
2731 4905 490
2732 3639 435
2733 575 445
2734 1499 375
2735 3331 393
2736 3932 484
2737 4874 520
2738 3537 470
2739 5333 446
2740 3499 542
2741 3497 382
2742 3361 638
2743 1419 423
2744 108 376
2745 5628 478
2746 4486 422
2747 248 491
2748 284 451
2749 4543 546
2750 152 611
2751 1969 512
2752 3707 446
2753 2505 491
2754 6166 545
2755 1567 509
2756 6026 466
2757 5771 460
2758 2181 427
2759 1628 398
2760 5127 529
2761 563 402
2762 3510 438
2763 4059 364
2764 3603 423
2765 2967 505
2766 2343 391
2767 3600 410
2768 3272 386
2769 3443 492
2770 5408 419
2771 5733 478
2772 2085 551
2773 6540 571
2774 3072 401
2775 6235 479
2776 172 482
2777 3837 463
2778 3310 476
2779 887 522
2780 2562 363
2781 1395 427
2782 47 853
2783 3078 441
2784 3764 276
2785 3232 358
2786 106 422
2787 3874 342
2788 4014 403
2789 1804 405
2790 3811 375
2791 2412 411
2792 1767 476
2793 4350 454
2794 3818 396
2795 3558 458
2796 163 323
2797 5251 233
2798 1397 569
2799 2605 495
2800 4794 491
2801 845 405
2802 2319 461
2803 695 350
2804 5939 342
2805 2741 456
2806 5526 493
2807 0 -1
2808 5708 423
2809 1739 426
2810 6081 498
2811 853 423
2812 3795 366
2813 2916 395
2814 5757 519
2815 34 340
2816 2473 457
2817 6493 427
2818 5423 545
2819 2905 351
2820 1023 437
2821 0 -1
2822 228 550
2823 1545 218
2824 3556 406
2825 0 -1
2826 314 418
2827 1353 467
2828 3440 552
2829 4755 458
2830 4650 406
2831 5058 467
2832 3352 543
2833 1540 446
2834 2562 297
2835 3976 529
2836 1230 465
2837 4768 402
2838 5418 391
2839 6424 421
2840 6407 436
2841 959 523
2842 4389 589
2843 3501 441
2844 2796 342
2845 696 466
2846 4344 529
2847 1612 437
2848 213 528
2849 0 -1
2850 0 -1
2851 3412 364
2852 1226 163
2853 5345 425
2854 5903 600
2855 5533 463
2856 4655 440
2857 6456 361
2858 1377 460
2859 5922 363
2860 198 507
2861 5135 307
2862 2057 423
2863 5630 458
2864 2785 361
2865 2741 460
2866 3570 432
2867 4403 562
2868 1553 467
2869 5090 756
2870 781 457
2871 1449 500
2872 1108 566
2873 6562 410
2874 1472 511
2875 0 -1
2876 1878 492
2877 1291 479
2878 4753 292
2879 6300 488
2880 1144 290
2881 3393 444
2882 6044 510
2883 2691 354
2884 630 420
2885 6008 483
2886 4314 494
2887 897 442
2888 208 467
2889 3609 344
2890 240 476
2891 5754 473
2892 3995 488
2893 462 669
2894 2768 409
2895 1096 385
2896 5981 443
2897 2337 486
2898 4051 527
2899 832 363
2900 3322 576
2901 5295 420
2902 1251 399
2903 4394 505
2904 5908 463
2905 3188 351
2906 4901 310
2907 2775 496
2908 1092 447
2909 2649 468
2910 4878 337
2911 294 489
2912 6343 500
2913 0 -1
2914 2633 438
2915 1392 521
2916 755 358
2917 3009 471
2918 2483 556
2919 3812 552
2920 3923 485
2921 373 354
2922 0 -1
2923 5266 513
2924 3587 358
2925 6285 477
2926 1311 456
2927 0 -1
2928 3999 580
2929 1363 446
2930 5314 332
2931 1002 430
2932 1857 506
2933 2815 417
2934 353 593
2935 4231 478
2936 6497 632
2937 5664 297
2938 4758 464
2939 3909 369
2940 15 423
2941 6039 263
2942 6264 521
2943 3913 421
2944 2233 309
2945 4269 508
2946 6543 327
2947 6113 500
2948 3560 606
2949 6148 451
2950 760 226
2951 4011 442
2952 2514 405
2953 4480 427
2954 4678 459
2955 4980 479
2956 1355 346
2957 5451 383
2958 3022 304
2959 3277 567
2960 4804 394
2961 5233 500
2962 2880 306
2963 4854 498
2964 5675 291
2965 2959 594
2966 647 269
2967 3491 385
2968 6416 473
2969 6378 508
2970 0 -1
2971 782 286
2972 2081 407
2973 4802 453
2974 5545 373
2975 1961 455
2976 4698 483
2977 3244 436
2978 108 410
2979 934 477
2980 1447 457
2981 1559 464
2982 2464 455
2983 5694 527
2984 0 -1
2985 1561 411
2986 2612 401
2987 4176 616
2988 5843 467
2989 3661 373
2990 3492 467
2991 5075 490
2992 3473 445
2993 5418 396
2994 3553 370
2995 3074 535
2996 2861 337
2997 2092 645
2998 2295 523
2999 0 -1
3000 374 410
3001 3760 484
3002 1573 707
3003 751 462
3004 1302 391
3005 5189 406
3006 4356 493
3007 96 475
3008 1094 368
3009 3876 383
3010 3457 364
3011 0 -1
3012 350 420
3013 5655 395
3014 1335 475
3015 2105 432
3016 1700 360
3017 4232 424
3018 291 446
3019 1320 380
3020 3337 394
3021 4862 437
3022 3939 264
3023 1433 601
3024 3778 503
3025 359 279
3026 0 -1
3027 5260 570
3028 0 -1
3029 1144 292
3030 2056 559
3031 5481 476
3032 106 437
3033 5127 576
3034 1774 405
3035 0 -1
3036 4941 625
3037 6466 495
3038 1936 441
3039 5453 560
3040 2906 310
3041 2880 391
3042 4377 425
3043 4561 497
3044 346 457
3045 1226 151
3046 5775 469
3047 5779 493
3048 2245 299
3049 2158 382
3050 5120 413
3051 3778 516
3052 0 -1
3053 5636 502
3054 0 -1
3055 2267 434
3056 1399 381
3057 4626 521
3058 1616 711
3059 2729 417
3060 3527 509
3061 2003 385
3062 5651 516
3063 1224 407
3064 4510 539
3065 0 -1
3066 6240 438
3067 3170 568
3068 559 371
3069 1172 425
3070 5909 493
3071 5400 578
3072 2924 359
3073 2817 538
3074 4950 532
3075 3493 418
3076 2744 382
3077 614 343
3078 1299 425
3079 100 508
3080 2559 470
3081 3480 501
3082 0 -1
3083 672 609
3084 3042 452
3085 2790 431
3086 2188 511
3087 3795 341
3088 751 445
3089 0 -1
3090 4660 340
3091 5687 476
3092 4525 376
3093 647 228
3094 6034 342
3095 5554 366
3096 3768 343
3097 1699 440
3098 5979 371
3099 3255 350
3100 4391 444
3101 647 300
3102 1186 294
3103 3255 419
3104 0 -1
3105 1833 471
3106 637 339
3107 4723 546
3108 2862 449
3109 998 385
3110 0 -1
3111 0 -1
3112 6336 458
3113 6380 408
3114 3236 424
3115 2210 455
3116 4646 469
3117 3488 527
3118 1633 447
3119 5399 433
3120 5245 553
3121 3255 389
3122 5263 443
3123 3439 616
3124 0 -1
3125 3679 489
3126 5856 611
3127 0 -1
3128 1743 418
3129 4691 490
3130 0 -1
3131 3142 524
3132 2447 440
3133 3467 484
3134 6205 444
3135 1732 437
3136 4083 593
3137 1711 467
3138 686 558
3139 443 395
3140 2228 497
3141 57 372
3142 263 498
3143 0 -1
3144 3640 438
3145 2855 485
3146 2133 383
3147 0 -1
3148 3768 344
3149 5348 432
3150 3686 449
3151 1828 517
3152 3551 411
3153 3950 345
3154 3957 466
3155 4866 423
3156 6404 484
3157 3094 358
3158 84 504
3159 690 421
3160 3347 576
3161 543 514
3162 0 -1
3163 5944 503
3164 5691 605
3165 5426 497
3166 3375 488
3167 5726 360
3168 0 -1
3169 1727 423
3170 1360 503
3171 1196 361
3172 631 330
3173 3524 509
3174 4897 567
3175 3890 355
3176 4595 280
3177 3561 596
3178 1229 566
3179 5470 439
3180 5788 352
3181 2475 510
3182 2535 432
3183 784 504
3184 5561 480
3185 2270 357
3186 5495 431
3187 5001 378
3188 2055 339
3189 805 454
3190 5059 499
3191 0 -1
3192 3593 364
3193 4802 456
3194 2055 337
3195 1188 579
3196 3593 389
3197 1687 426
3198 5421 428
3199 0 -1
3200 3329 346
3201 1021 379
3202 1117 458
3203 3647 494
3204 5350 306
3205 3877 482
3206 0 -1
3207 174 549
3208 4214 391
3209 3135 438
3210 598 422
3211 4080 335
3212 6538 560
3213 4725 414
3214 3323 414
3215 6161 368
3216 5013 428
3217 0 -1
3218 6134 618
3219 5048 453
3220 440 472
3221 5067 463
3222 4948 566
3223 5872 561
3224 4846 333
3225 4450 441
3226 3106 340
3227 2645 450
3228 3395 377
3229 4411 486
3230 5554 330
3231 388 467
3232 1212 347
3233 6597 381
3234 6211 355
3235 4796 484
3236 60 399
3237 2360 600
3238 144 376
3239 5932 439
3240 4694 476
3241 0 -1
3242 1165 450
3243 1122 429
3244 1446 404
3245 3677 526
3246 0 -1
3247 4361 472
3248 2159 408
3249 39 485
3250 2914 456
3251 4300 344
3252 1415 367
3253 1862 657
3254 5304 419
3255 4574 302
3256 5809 391
3257 5122 438
3258 3480 519
3259 2873 419
3260 6176 290
3261 3115 506
3262 1389 402
3263 408 403
3264 4238 451
3265 2039 351
3266 3395 421
3267 485 467
3268 37 446
3269 6563 598
3270 2065 405
3271 0 -1
3272 5821 331
3273 2794 442
3274 413 473
3275 5321 381
3276 1017 444
3277 239 488
3278 4271 481
3279 6291 417
3280 4974 363
3281 2386 440
3282 4337 421
3283 870 413
3284 0 -1
3285 6543 327
3286 3055 479
3287 1296 474
3288 1283 460
3289 3545 662
3290 1560 458
3291 3214 427
3292 1507 464
3293 5093 572
3294 5773 501
3295 5737 274
3296 5811 803
3297 3266 451
3298 2065 299
3299 1381 451
3300 3804 385
3301 1104 550
3302 3437 414
3303 3982 485
3304 0 -1
3305 4578 452
3306 5399 441
3307 1167 446
3308 5935 440
3309 5512 471
3310 5263 426
3311 1133 525
3312 5297 347
3313 1204 480
3314 910 476
3315 832 381
3316 1214 397
3317 3412 319
3318 391 647
3319 395 486
3320 2317 398
3321 5330 440
3322 4189 539
3323 1659 410
3324 3309 530
3325 5490 388
3326 3601 380
3327 1429 434
3328 3186 434
3329 5314 346
3330 5222 330
3331 1054 386
3332 3694 518
3333 873 494
3334 2058 340
3335 3463 495
3336 4179 581
3337 926 374
3338 5289 458
3339 5521 442
3340 2655 544
3341 672 580
3342 2864 465
3343 3811 369
3344 3876 450
3345 83 432
3346 4114 443
3347 4125 500
3348 4126 404
3349 2041 316
3350 4493 381
3351 3380 300
3352 1206 423
3353 0 -1
3354 1312 442
3355 261 393
3356 6576 514
3357 6441 371
3358 6066 388
3359 0 -1
3360 4767 392
3361 5968 525
3362 540 466
3363 952 488
3364 4450 411
3365 94 618
3366 6043 407
3367 6227 584
3368 613 455
3369 2844 420
3370 6139 488
3371 1976 446
3372 4116 460
3373 0 -1
3374 962 426
3375 5805 432
3376 6036 481
3377 5558 500
3378 5149 488
3379 4728 568
3380 1277 265
3381 1461 456
3382 6402 336
3383 609 322
3384 5380 372
3385 6176 251
3386 2185 442
3387 780 466
3388 3870 383
3389 1355 347
3390 2700 399
3391 1462 331
3392 0 -1
3393 1278 328
3394 5777 498
3395 6561 343
3396 2238 551
3397 151 445
3398 3684 431
3399 2433 461
3400 5883 437
3401 4154 370
3402 1499 432
3403 6342 420
3404 5100 502
3405 1651 313
3406 5484 519
3407 2365 402
3408 0 -1
3409 399 476
3410 1022 413
3411 4785 579
3412 1943 319
3413 429 415
3414 3684 331
3415 5249 472
3416 3263 424
3417 116 578
3418 4645 476
3419 1873 358
3420 1015 396
3421 0 -1
3422 4974 350
3423 5098 355
3424 1864 455
3425 3598 347
3426 6039 268
3427 3377 530
3428 0 -1
3429 3761 394
3430 395 460
3431 4533 312
3432 5726 379
3433 179 390
3434 4651 429
3435 2517 466
3436 2146 408
3437 5732 394
3438 1979 470
3439 4980 538
3440 4088 497
3441 1469 476
3442 2866 452
3443 3384 441
3444 5371 735
3445 1313 412
3446 1299 417
3447 686 466
3448 5683 451
3449 5059 506
3450 557 393
3451 648 466
3452 5411 442
3453 6015 431
3454 3426 319
3455 4776 493
3456 3565 580
3457 4971 352
3458 4475 426
3459 4798 357
3460 5201 568
3461 328 324
3462 5840 535
3463 3550 480
3464 6594 428
3465 0 -1
3466 2266 581
3467 5868 478
3468 707 384
3469 2236 401
3470 3631 441
3471 3454 324
3472 2516 438
3473 3583 404
3474 4727 420
3475 696 446
3476 2788 513
3477 2357 450
3478 5311 490
3479 2643 517
3480 821 432
3481 3928 375
3482 1632 405
3483 4256 458
3484 1531 422
3485 0 -1
3486 4682 385
3487 642 456
3488 1791 491
3489 5214 450
3490 5577 332
3491 870 362
3492 6467 409
3493 1168 417
3494 1226 250
3495 2914 521
3496 2274 415
3497 3029 343
3498 5142 427
3499 397 474
3500 6099 640
3501 3096 393
3502 3923 479
3503 4704 436
3504 5071 408
3505 1196 345
3506 83 412
3507 4643 475
3508 2122 440
3509 1888 493
3510 587 351
3511 619 370
3512 2376 415
3513 4384 618
3514 1605 375
3515 2827 486
3516 3550 433
3517 1744 335
3518 5287 380
3519 4076 420
3520 2332 305
3521 3771 386
3522 1972 430
3523 0 -1
3524 3236 417
3525 625 448
3526 4104 356
3527 5055 477
3528 5545 409
3529 221 547
3530 2795 483
3531 6131 655
3532 1480 533
3533 702 419
3534 5871 544
3535 6001 408
3536 2457 473
3537 1076 449
3538 0 -1
3539 4522 371
3540 5063 415
3541 2620 397
3542 3401 463
3543 3209 505
3544 1267 454
3545 2634 597
3546 5821 391
3547 2481 507
3548 2032 487
3549 3291 462
3550 5179 388
3551 3883 337
3552 1557 610
3553 6448 333
3554 615 401
3555 0 -1
3556 342 359
3557 1875 455
3558 4916 450
3559 0 -1
3560 2632 489
3561 5248 481
3562 1482 419
3563 5671 433
3564 4624 443
3565 1254 542
3566 4622 545
3567 30 100
3568 6435 404
3569 2612 379
3570 5980 419
3571 2170 543
3572 2934 639
3573 3867 443
3574 2305 542
3575 1968 446
3576 5227 431
3577 4220 443
3578 4837 548
3579 2566 454
3580 4577 423
3581 5347 519
3582 2715 396
3583 3928 372
3584 4488 534
3585 3486 463
3586 4509 452
3587 2436 357
3588 6018 425
3589 2099 444
3590 5337 562
3591 3676 499
3592 375 367
3593 1278 352
3594 4978 519
3595 4071 535
3596 4482 382
3597 1652 395
3598 5001 331
3599 0 -1
3600 2958 308
3601 414 326
3602 4280 282
3603 620 403
3604 4492 477
3605 5433 497
3606 1857 514
3607 2245 273
3608 1102 521
3609 913 338
3610 3469 437
3611 4011 434
3612 3486 487
3613 758 428
3614 937 477
3615 5665 409
3616 6594 389
3617 4839 400
3618 2480 436
3619 5413 429
3620 2566 481
3621 2485 421
3622 0 -1
3623 3956 471
3624 5661 443
3625 470 437
3626 5908 541
3627 3759 534
3628 2722 445
3629 15 444
3630 1404 277
3631 2240 391
3632 3005 472
3633 1605 481
3634 3627 547
3635 3075 470
3636 6151 522
3637 856 582
3638 4304 472
3639 5935 413
3640 1041 407
3641 848 386
3642 0 -1
3643 4504 248
3644 5645 672
3645 0 -1
3646 1629 510
3647 3087 378
3648 0 -1
3649 5504 539
3650 1281 525
3651 907 477
3652 1926 332
3653 5438 460
3654 6531 341
3655 1700 355
3656 3088 529
3657 5202 410
3658 275 430
3659 1017 429
3660 1296 492
3661 1804 370
3662 2418 373
3663 4225 385
3664 1725 485
3665 0 -1
3666 627 406
3667 1448 437
3668 663 440
3669 590 422
3670 4318 475
3671 1744 338
3672 3507 554
3673 1678 378
3674 1191 465
3675 2560 460
3676 5738 388
3677 5992 477
3678 0 -1
3679 1976 388
3680 1435 614
3681 841 393
3682 5226 469
3683 1459 363
3684 913 316
3685 3188 418
3686 1142 382
3687 1102 547
3688 2204 730
3689 0 -1
3690 4295 482
3691 2162 420
3692 3234 446
3693 5582 416
3694 5724 436
3695 963 536
3696 1082 530
3697 2657 469
3698 2184 360
3699 6543 291
3700 786 539
3701 1186 307
3702 0 -1
3703 905 455
3704 2477 432
3705 0 -1
3706 1970 466
3707 1337 421
3708 3917 434
3709 2137 491
3710 0 -1
3711 0 -1
3712 1966 407
3713 2809 451
3714 0 -1
3715 238 488
3716 3479 529
3717 669 367
3718 3818 474
3719 787 434
3720 1335 426
3721 4279 370
3722 3663 447
3723 4411 416
3724 0 -1
3725 1096 372
3726 5852 336
3727 1321 580
3728 2952 422
3729 4584 428
3730 1086 469
3731 3963 409
3732 1614 396
3733 3922 521
3734 43 521
3735 6140 435
3736 4552 389
3737 2538 453
3738 1403 529
3739 0 -1
3740 5176 638
3741 5563 519
3742 4828 481
3743 1530 414
3744 903 580
3745 2635 401
3746 4418 395
3747 2681 434
3748 696 391
3749 3330 377
3750 4275 517
3751 991 439
3752 3995 434
3753 159 668
3754 2790 481
3755 4229 506
3756 2464 465
3757 5031 501
3758 6552 520
3759 6561 424
3760 901 447
3761 5655 325
3762 3520 374
3763 3225 530
3764 2157 228
3765 2438 495
3766 6054 401
3767 99 550
3768 3643 268
3769 1192 420
3770 5333 420
3771 4611 344
3772 2233 330
3773 367 427
3774 3795 307
3775 4384 549
3776 5266 484
3777 5065 503
3778 4938 488
3779 4596 410
3780 6437 530
3781 6066 363
3782 5611 520
3783 6195 419
3784 3022 292
3785 0 -1
3786 2563 532
3787 0 -1
3788 899 566
3789 2098 433
3790 172 453
3791 4660 342
3792 2663 421
3793 3330 339
3794 2711 414
3795 2784 283
3796 5069 512
3797 3188 458
3798 1214 389
3799 4190 282
3800 2888 502
3801 3412 415
3802 368 501
3803 2966 384
3804 5328 378
3805 5302 535
3806 5655 315
3807 34 387
3808 168 602
3809 942 479
3810 682 540
3811 2478 318
3812 303 510
3813 2376 462
3814 5736 474
3815 1272 460
3816 2084 491
3817 4377 431
3818 4859 379
3819 69 442
3820 1456 609
3821 850 500
3822 5490 375
3823 6253 392
3824 2084 510
3825 0 -1
3826 5906 479
3827 0 -1
3828 297 436
3829 6157 462
3830 3593 466
3831 845 386
3832 3615 409
3833 2261 367
3834 2981 536
3835 1680 466
3836 3979 352
3837 3325 431
3838 1196 364
3839 6391 452
3840 2958 359
3841 779 505
3842 4746 417
3843 6139 432
3844 264 435
3845 65 476
3846 4105 389
3847 5249 489
3848 4720 460
3849 4440 489
3850 727 347
3851 3097 559
3852 4523 389
3853 639 491
3854 0 -1
3855 2133 393
3856 2270 360
3857 1169 519
3858 3514 479
3859 0 -1
3860 6402 420
3861 202 503
3862 1186 238
3863 5055 420
3864 3752 473
3865 1572 489
3866 1917 418
3867 6326 442
3868 2424 567
3869 2252 517
3870 4462 315
3871 580 439
3872 1307 572
3873 4672 391
3874 4504 299
3875 6108 464
3876 6417 370
3877 5935 402
3878 1446 413
3879 1055 466
3880 6374 488
3881 3403 452
3882 0 -1
3883 2554 318
3884 299 431
3885 6486 661
3886 6286 568
3887 3372 557
3888 690 329
3889 2549 473
3890 326 352
3891 1092 409
3892 2105 441
3893 3986 320
3894 1448 459
3895 0 -1
3896 5526 435
3897 6595 484
3898 3048 347
3899 6553 521
3900 1298 411
3901 2974 394
3902 1288 344
3903 6173 556
3904 1174 443
3905 5060 435
3906 2521 523
3907 4500 473
3908 5671 436
3909 5604 344
3910 3916 561
3911 4710 542
3912 4458 499
3913 4833 379
3914 5144 331
3915 1988 475
3916 1663 470
3917 4703 370
3918 3357 484
3919 3075 457
3920 1341 450
3921 433 498
3922 5560 476
3923 1951 472
3924 2588 512
3925 2894 421
3926 2048 452
3927 3867 447
3928 3970 284
3929 4585 329
3930 6174 533
3931 1175 533
3932 4448 474
3933 1445 461
3934 667 406
3935 5720 384
3936 4164 384
3937 267 372
3938 5759 332
3939 6598 235
3940 0 -1
3941 5772 469
3942 5529 407
3943 1739 455
3944 0 -1
3945 4405 412
3946 1373 347
3947 718 298
3948 5057 436
3949 4905 430
3950 3260 318
3951 2358 374
3952 383 526
3953 5280 408
3954 5979 378
3955 228 484
3956 1727 417
3957 1932 390
3958 6461 433
3959 3113 462
3960 3624 474
3961 0 -1
3962 1633 450
3963 105 386
3964 798 421
3965 2318 582
3966 3385 266
3967 5693 495
3968 6271 385
3969 2496 407
3970 1545 273
3971 6239 436
3972 1129 474
3973 2531 353
3974 4032 393
3975 3558 530
3976 1311 469
3977 3929 370
3978 265 551
3979 1548 250
3980 6179 434
3981 4988 538
3982 3833 385
3983 0 -1
3984 985 590
3985 3464 473
3986 5790 312
3987 0 -1
3988 3005 494
3989 3286 500
3990 2580 432
3991 1981 589
3992 1300 504
3993 1288 345
3994 3619 522
3995 3049 395
3996 156 347
3997 6358 245
3998 3280 370
3999 5447 489
4000 4768 413
4001 206 351
4002 3420 405
4003 5195 337
4004 3833 429
4005 5979 359
4006 3985 481
4007 2857 435
4008 725 363
4009 2370 531
4010 2690 326
4011 1594 395
4012 5837 330
4013 3813 535
4014 578 387
4015 527 487
4016 3024 535
4017 1591 489
4018 3926 492
4019 5234 408
4020 0 -1
4021 2754 580
4022 5408 370
4023 1353 504
4024 1543 418
4025 4904 417
4026 0 -1
4027 2024 480
4028 3551 362
4029 6048 427
4030 3475 461
4031 2803 464
4032 181 329
4033 6007 503
4034 3454 426
4035 557 481
4036 4319 644
4037 4278 508
4038 3806 434
4039 998 448
4040 423 417
4041 0 -1
4042 2873 440
4043 782 269
4044 2456 463
4045 4198 569
4046 2937 354
4047 557 454
4048 1006 548
4049 3378 541
4050 5247 464
4051 1733 462
4052 0 -1
4053 3675 543
4054 3912 577
4055 0 -1
4056 5081 605
4057 1461 474
4058 3568 443
4059 3295 357
4060 4246 434
4061 0 -1
4062 5850 390
4063 6232 417
4064 1429 444
4065 276 456
4066 3233 420
4067 0 -1
4068 767 302
4069 3007 479
4070 1452 457
4071 2042 491
4072 0 -1
4073 4427 553
4074 2072 462
4075 6550 406
4076 2064 410
4077 4266 537
4078 4777 479
4079 4526 462
4080 5097 290
4081 0 -1
4082 5990 470
4083 2294 558
4084 6278 496
4085 103 521
4086 1343 465
4087 5086 477
4088 4100 412
4089 4279 393
4090 1833 434
4091 6548 410
4092 0 -1
4093 28 436
4094 3567 108
4095 1408 423
4096 3101 367
4097 5019 403
4098 2456 510
4099 5889 440
4100 2613 342
4101 3020 409
4102 771 380
4103 2026 480
4104 5675 328
4105 2233 361
4106 2530 470
4107 3262 465
4108 383 514
4109 3916 512
4110 3894 459
4111 254 433
4112 3568 442
4113 6067 407
4114 3870 331
4115 5381 464
4116 1048 445
4117 0 -1
4118 1412 396
4119 5258 581
4120 2678 495
4121 2650 425
4122 5694 543
4123 689 442
4124 5583 568
4125 1879 492
4126 5181 376
4127 4923 527
4128 3224 427
4129 0 -1
4130 6272 471
4131 3342 568
4132 4102 427
4133 233 412
4134 1059 539
4135 4960 292
4136 2909 488
4137 6218 486
4138 702 481
4139 6550 403
4140 2906 355
4141 61 449
4142 3461 362
4143 1709 451
4144 0 -1
4145 2975 455
4146 1804 365
4147 3382 405
4148 4088 419
4149 4350 459
4150 4146 406
4151 1877 442
4152 4323 590
4153 3731 409
4154 1094 307
4155 4012 401
4156 5644 678
4157 2269 678
4158 4669 446
4159 4169 287
4160 2895 439
4161 2454 660
4162 0 -1
4163 4943 446
4164 3238 384
4165 3347 598
4166 1180 550
4167 2729 367
4168 5996 538
4169 3093 249
4170 6018 484
4171 3123 724
4172 1298 391
4173 1222 443
4174 1017 495
4175 2618 506
4176 2648 497
4177 77 436
4178 3924 576
4179 3661 485
4180 0 -1
4181 973 400
4182 1601 456
4183 0 -1
4184 395 465
4185 4475 455
4186 3524 480
4187 4118 493
4188 0 -1
4189 4095 433
4190 3862 267
4191 3875 472
4192 5870 378
4193 3582 438
4194 4179 496
4195 3681 429
4196 5484 505
4197 3496 487
4198 4877 456
4199 1699 436
4200 1427 441
4201 4587 419
4202 2940 435
4203 707 374
4204 1054 450
4205 2241 523
4206 2098 415
4207 6283 537
4208 452 488
4209 4429 514
4210 6163 360
4211 1762 442
4212 1727 445
4213 5651 481
4214 6559 363
4215 0 -1
4216 6506 405
4217 2162 428
4218 4032 441
4219 5229 201
4220 5225 412
4221 1720 554
4222 3508 553
4223 5817 333
4224 4960 332
4225 1614 366
4226 3732 398
4227 5236 438
4228 342 347
4229 3357 464
4230 5001 313
4231 2190 428
4232 2864 374
4233 678 422
4234 3938 404
4235 3019 437
4236 3506 466
4237 4130 510
4238 6597 360
4239 5851 518
4240 6043 412
4241 629 352
4242 2636 630
4243 4619 510
4244 5159 373
4245 1065 367
4246 3655 360
4247 849 412
4248 6495 461
4249 2778 477
4250 4185 544
4251 283 445
4252 1278 300
4253 0 -1
4254 3208 439
4255 665 437
4256 3772 432
4257 6014 393
4258 787 436
4259 5897 363
4260 0 -1
4261 1628 399
4262 4338 445
4263 4140 449
4264 5580 466
4265 2195 420
4266 5223 474
4267 0 -1
4268 4509 449
4269 6590 442
4270 4511 496
4271 2705 441
4272 1227 429
4273 3330 375
4274 0 -1
4275 6120 510
4276 2988 522
4277 3256 497
4278 2254 435
4279 2041 336
4280 5023 237
4281 5840 437
4282 3163 507
4283 5595 510
4284 5291 533
4285 4588 459
4286 2405 464
4287 3831 411
4288 1825 452
4289 4416 437
4290 5530 419
4291 1674 435
4292 1285 323
4293 841 458
4294 5817 388
4295 6258 414
4296 0 -1
4297 3676 503
4298 2077 407
4299 1628 442
4300 2129 321
4301 0 -1
4302 3259 477
4303 4237 528
4304 6189 443
4305 5596 450
4306 3399 528
4307 5291 425
4308 0 -1
4309 5827 464
4310 4893 494
4311 2787 384
4312 913 324
4313 0 -1
4314 2857 381
4315 5494 435
4316 1677 466
4317 724 568
4318 934 435
4319 2483 634
4320 1191 444
4321 3137 477
4322 2914 514
4323 6209 538
4324 0 -1
4325 1486 500
4326 27 446
4327 1712 485
4328 3486 407
4329 2719 535
4330 2313 488
4331 945 495
4332 5171 517
4333 4799 507
4334 3849 531
4335 2859 482
4336 5258 532
4337 3655 395
4338 5934 435
4339 5379 124
4340 3141 407
4341 1055 513
4342 520 499
4343 5726 362
4344 1594 458
4345 3355 441
4346 2993 404
4347 144 408
4348 4489 325
4349 1254 578
4350 6291 343
4351 264 407
4352 6280 427
4353 4391 387
4354 2417 411
4355 2518 523
4356 4767 424
4357 627 478
4358 676 516
4359 2175 523
4360 206 366
4361 4177 452
4362 6172 455
4363 4978 431
4364 4105 380
4365 3464 504
4366 4266 493
4367 0 -1
4368 4725 366
4369 3189 478
4370 0 -1
4371 5452 316
4372 0 -1
4373 5496 545
4374 2638 416
4375 615 320
4376 2878 385
4377 4420 399
4378 1454 427
4379 4298 431
4380 3792 484
4381 1826 577
4382 37 537
4383 4587 428
4384 1969 503
4385 163 381
4386 2974 396
4387 1420 493
4388 5319 640
4389 4619 499
4390 2093 492
4391 1578 324
4392 4796 455
4393 4576 398
4394 5834 393
4395 870 444
4396 6314 748
4397 5387 397
4398 2568 554
4399 875 485
4400 5433 528
4401 0 -1
4402 772 509
4403 2173 507
4404 520 514
4405 4585 357
4406 3387 478
4407 0 -1
4408 4068 419
4409 6037 501
4410 5846 560
4411 3490 375
4412 5367 489
4413 1727 361
4414 2225 452
4415 5358 533
4416 4846 331
4417 5899 484
4418 5019 385
4419 3230 408
4420 3898 396
4421 2841 560
4422 5556 432
4423 0 -1
4424 1168 428
4425 2335 381
4426 3357 438
4427 5472 462
4428 747 439
4429 1026 499
4430 2924 407
4431 1227 393
4432 6141 518
4433 1482 389
4434 456 562
4435 6052 492
4436 4842 343
4437 1637 505
4438 384 516
4439 413 539
4440 1242 397
4441 2357 472
4442 751 387
4443 0 -1
4444 2632 485
4445 390 357
4446 3343 477
4447 527 481
4448 6413 455
4449 1821 412
4450 3230 367
4451 4950 585
4452 4837 500
4453 6288 521
4454 2567 392
4455 1399 399
4456 3099 398
4457 631 407
4458 4251 487
4459 485 452
4460 744 506
4461 3441 560
4462 4595 256
4463 1228 463
4464 1727 414
4465 0 -1
4466 169 466
4467 4289 462
4468 3660 502
4469 5078 552
4470 0 -1
4471 4539 538
4472 2716 487
4473 3928 308
4474 6160 539
4475 4343 393
4476 513 475
4477 5588 424
4478 486 494
4479 1335 410
4480 5668 368
4481 155 500
4482 215 377
4483 3695 564
4484 5013 427
4485 5306 488
4486 1778 312
4487 1528 669
4488 3486 439
4489 6051 260
4490 0 -1
4491 4096 382
4492 5189 455
4493 2941 332
4494 2307 359
4495 3351 364
4496 5419 593
4497 0 -1
4498 3483 477
4499 3722 531
4500 2687 455
4501 1383 443
4502 4431 445
4503 0 -1
4504 6294 236
4505 3617 429
4506 3251 383
4507 4902 501
4508 4932 497
4509 914 437
4510 6052 530
4511 4189 467
4512 692 551
4513 4800 578
4514 3154 482
4515 1086 421
4516 5998 432
4517 5355 451
4518 2323 413
4519 2548 452
4520 766 405
4521 4414 472
4522 6051 286
4523 5329 336
4524 2377 502
4525 1065 338
4526 2133 397
4527 2853 533
4528 3720 463
4529 1970 436
4530 5704 582
4531 0 -1
4532 4824 415
4533 1053 222
4534 3774 361
4535 6002 413
4536 3628 452
4537 2002 416
4538 6307 384
4539 1262 534
4540 2558 492
4541 334 570
4542 2158 406
4543 1904 496
4544 5322 432
4545 3894 497
4546 2375 524
4547 122 151
4548 4538 477
4549 513 443
4550 1856 625
4551 187 372
4552 5019 361
4553 4700 335
4554 1536 460
4555 5169 501
4556 34 444
4557 0 -1
4558 4259 441
4559 0 -1
4560 344 365
4561 1978 472
4562 2712 568
4563 6040 520
4564 6293 418
4565 1405 512
4566 6335 383
4567 0 -1
4568 4314 445
4569 4871 583
4570 4003 356
4571 2441 445
4572 539 502
4573 2874 590
4574 141 293
4575 0 -1
4576 2343 289
4577 5329 325
4578 5001 334
4579 3879 537
4580 6448 327
4581 4594 472
4582 6067 304
4583 4201 459
4584 1893 401
4585 4574 301
4586 1699 505
4587 2274 405
4588 4669 437
4589 6022 408
4590 3839 492
4591 3016 374
4592 0 -1
4593 2007 439
4594 5838 464
4595 4094 160
4596 4689 383
4597 5842 373
4598 3691 526
4599 941 454
4600 5139 497
4601 343 494
4602 5591 519
4603 2016 536
4604 5547 342
4605 3748 439
4606 1251 490
4607 1340 653
4608 4487 782
4609 2890 476
4610 4822 399
4611 2937 339
4612 5593 681
4613 652 588
4614 5572 476
4615 681 538
4616 2228 397
4617 0 -1
4618 4564 456
4619 44 471
4620 1814 456
4621 530 428
4622 5234 430
4623 0 -1
4624 4146 370
4625 3263 415
4626 2929 493
4627 2679 455
4628 3933 580
4629 3661 394
4630 5463 398
4631 5375 503
4632 1497 469
4633 147 501
4634 375 426
4635 5226 461
4636 0 -1
4637 2823 300
4638 4922 429
4639 5652 429
4640 179 375
4641 2007 487
4642 0 -1
4643 2296 432
4644 0 -1
4645 2549 442
4646 284 468
4647 3928 380
4648 4670 617
4649 3905 465
4650 5790 372
4651 4913 405
4652 1897 419
4653 2668 461
4654 0 -1
4655 1353 421
4656 3655 405
4657 2353 443
4658 6048 397
4659 0 -1
4660 1015 310
4661 167 462
4662 6597 408
4663 6496 481
4664 5717 328
4665 1511 529
4666 2595 502
4667 2761 474
4668 1692 471
4669 4003 355
4670 1479 530
4671 848 292
4672 6014 389
4673 146 512
4674 587 460
4675 3397 459
4676 0 -1
4677 0 -1
4678 264 446
4679 5698 416
4680 3234 450
4681 3247 494
4682 274 294
4683 2341 500
4684 5788 379
4685 5597 401
4686 1614 393
4687 5044 307
4688 205 559
4689 5669 361
4690 5421 389
4691 6354 486
4692 106 387
4693 1220 447
4694 2361 365
4695 5365 341
4696 519 423
4697 4780 341
4698 1940 472
4699 2687 422
4700 2138 314
4701 3048 337
4702 3595 638
4703 2880 309
4704 1699 414
4705 5524 402
4706 3672 643
4707 2884 509
4708 5234 430
4709 5908 509
4710 4956 460
4711 1590 581
4712 0 -1
4713 2809 501
4714 5629 574
4715 70 360
4716 5717 390
4717 6382 207
4718 6043 362
4719 2612 387
4720 2024 420
4721 5587 411
4722 2952 475
4723 2002 455
4724 1227 391
4725 4637 350
4726 937 420
4727 5687 419
4728 5687 448
4729 0 -1
4730 6399 550
4731 2946 413
4732 4705 433
4733 6434 461
4734 2595 518
4735 48 509
4736 877 418
4737 2105 405
4738 1585 415
4739 5864 452
4740 2057 422
4741 771 348
4742 6299 452
4743 2552 396
4744 695 410
4745 5065 492
4746 2392 411
4747 4128 522
4748 4818 444
4749 0 -1
4750 5979 410
4751 3173 553
4752 2946 409
4753 4219 209
4754 5726 364
4755 2808 458
4756 1527 455
4757 690 395
4758 2554 380
4759 3480 437
4760 3220 500
4761 1517 513
4762 2550 488
4763 5879 531
4764 0 -1
4765 5829 351
4766 2950 284
4767 5410 383
4768 1659 347
4769 2924 415
4770 3131 548
4771 5790 374
4772 5405 637
4773 2240 448
4774 5172 600
4775 4958 518
4776 2008 454
4777 6196 460
4778 1446 454
4779 0 -1
4780 6586 266
4781 6393 415
4782 5816 389
4783 6479 564
4784 3520 422
4785 554 551
4786 3892 535
4787 2360 482
4788 4190 369
4789 2102 503
4790 6319 394
4791 3419 405
4792 5311 480
4793 4780 364
4794 2973 465
4795 3926 460
4796 2098 419
4797 4224 378
4798 1288 338
4799 3838 418
4800 4193 479
4801 744 573
4802 2301 385
4803 3295 344
4804 4104 345
4805 0 -1
4806 4874 419
4807 3375 523
4808 0 -1
4809 5842 393
4810 5982 528
4811 0 -1
4812 4364 408
4813 0 -1
4814 2043 517
4815 0 -1
4816 726 463
4817 1114 532
4818 4744 418
4819 1674 502
4820 2616 485
4821 4265 464
4822 3893 389
4823 2962 355
4824 5489 397
4825 6374 422
4826 1564 540
4827 4080 393
4828 5718 457
4829 3151 537
4830 6433 401
4831 349 453
4832 2589 538
4833 2414 311
4834 2455 432
4835 1742 396
4836 765 419
4837 4235 483
4838 5120 441
4839 5932 385
4840 654 433
4841 3625 479
4842 6532 284
4843 1576 588
4844 1849 470
4845 3294 588
4846 3607 289
4847 2024 447
4848 4051 547
4849 1729 459
4850 0 -1
4851 222 452
4852 2796 415
4853 5086 476
4854 2626 454
4855 1292 455
4856 758 405
4857 1532 476
4858 2511 354
4859 6291 370
4860 0 -1
4861 0 -1
4862 3068 411
4863 3228 421
4864 4597 452
4865 0 -1
4866 1540 358
4867 5362 349
4868 4553 366
4869 2008 494
4870 261 461
4871 2354 500
4872 4650 453
4873 2962 314
4874 821 412
4875 4723 507
4876 5072 396
4877 5003 412
4878 3979 277
4879 2185 474
4880 3397 530
4881 6581 453
4882 5740 386
4883 5120 486
4884 0 -1
4885 2866 466
4886 6232 445
4887 4118 410
4888 2227 456
4889 4878 317
4890 5974 517
4891 6493 490
4892 2095 516
4893 3743 430
4894 3830 497
4895 733 576
4896 2676 510
4897 594 491
4898 0 -1
4899 4413 451
4900 3819 499
4901 5144 299
4902 1966 478
4903 4796 527
4904 3970 371
4905 689 430
4906 3515 537
4907 5810 298
4908 0 -1
4909 1996 384
4910 6165 248
4911 1202 416
4912 1923 461
4913 2138 333
4914 3713 469
4915 1207 430
4916 5699 398
4917 6509 484
4918 2079 453
4919 5803 473
4920 6053 406
4921 5213 432
4922 2155 373
4923 5552 483
4924 3349 365
4925 444 488
4926 1082 509
4927 6417 399
4928 1773 207
4929 6179 437
4930 0 -1
4931 2714 277
4932 5179 487
4933 6403 455
4934 5140 464
4935 3221 491
4936 3471 347
4937 4726 424
4938 3121 470
4939 5318 322
4940 759 522
4941 1828 531
4942 639 513
4943 1341 440
4944 2506 412
4945 937 427
4946 686 485
4947 0 -1
4948 3954 470
4949 2722 512
4950 4854 518
4951 0 -1
4952 97 411
4953 4787 531
4954 4823 414
4955 1478 455
4956 5112 389
4957 2612 449
4958 1041 398
4959 2559 437
4960 1926 287
4961 6001 400
4962 4839 439
4963 5086 377
4964 931 357
4965 1679 535
4966 6179 529
4967 2920 514
4968 2484 327
4969 3819 538
4970 1096 466
4971 2039 344
4972 1883 402
4973 5600 479
4974 782 287
4975 1313 501
4976 0 -1
4977 1057 472
4978 4589 420
4979 6454 445
4980 3743 457
4981 5596 414
4982 0 -1
4983 5383 437
4984 505 374
4985 4158 487
4986 4841 486
4987 2581 383
4988 4211 472
4989 697 432
4990 5340 492
4991 449 455
4992 5695 430
4993 1837 516
4994 4371 364
4995 6146 538
4996 6527 551
4997 0 -1
4998 537 551
4999 5597 429
5000 1066 550
5001 771 309
5002 2705 505
5003 385 321
5004 1923 455
5005 1194 423
5006 1044 505
5007 4992 468
5008 1883 397
5009 299 457
5010 1064 540
5011 2957 420
5012 5843 452
5013 101 382
5014 4933 490
5015 2924 366
5016 3976 483
5017 3418 587
5018 5845 634
5019 1289 304
5020 2859 396
5021 0 -1
5022 2142 446
5023 490 181
5024 0 -1
5025 4100 377
5026 0 -1
5027 5272 527
5028 3445 426
5029 4203 396
5030 0 -1
5031 5430 403
5032 0 -1
5033 2857 445
5034 5718 365
5035 343 450
5036 5817 323
5037 938 556
5038 0 -1
5039 1807 353
5040 4963 458
5041 2378 511
5042 0 -1
5043 4293 492
5044 6192 228
5045 5192 393
5046 3327 518
5047 2640 507
5048 3429 438
5049 1363 387
5050 611 343
5051 2656 405
5052 4189 505
5053 303 504
5054 3691 449
5055 2930 390
5056 0 -1
5057 70 330
5058 1884 402
5059 4353 421
5060 1296 427
5061 5835 530
5062 132 472
5063 3317 339
5064 6299 453
5065 3312 384
5066 6009 533
5067 589 449
5068 5194 558
5069 6024 482
5070 4479 492
5071 6505 317
5072 3096 349
5073 219 488
5074 3550 392
5075 4692 438
5076 4960 291
5077 3128 430
5078 4667 547
5079 4002 428
5080 1094 399
5081 1344 539
5082 5666 415
5083 3092 395
5084 4780 334
5085 587 411
5086 3171 369
5087 412 388
5088 5428 437
5089 1183 502
5090 1894 646
5091 1008 547
5092 34 372
5093 1969 487
5094 6575 520
5095 4480 483
5096 3601 418
5097 5314 290
5098 6531 345
5099 3619 507
5100 1564 459
5101 3774 316
5102 4873 341
5103 2057 420
5104 2870 471
5105 5744 475
5106 6035 460
5107 3736 394
5108 4442 446
5109 2409 466
5110 520 439
5111 5725 492
5112 3423 363
5113 5338 397
5114 199 497
5115 2972 514
5116 6008 459
5117 561 550
5118 6538 477
5119 1147 510
5120 3514 400
5121 1272 447
5122 2176 412
5123 1227 377
5124 2529 381
5125 1017 474
5126 5527 497
5127 3659 502
5128 2673 486
5129 421 460
5130 6547 475
5131 6265 345
5132 5183 624
5133 187 353
5134 159 642
5135 6531 298
5136 1132 556
5137 15 411
5138 6594 497
5139 2989 432
5140 5926 444
5141 3211 392
5142 5084 366
5143 2862 525
5144 6192 280
5145 1139 407
5146 6450 582
5147 1120 605
5148 2136 586
5149 6477 380
5150 3068 377
5151 1439 286
5152 4009 590
5153 3368 482
5154 2231 542
5155 3401 484
5156 1792 428
5157 1691 323
5158 132 497
5159 2052 350
5160 1547 494
5161 5851 430
5162 2926 478
5163 2035 403
5164 1961 467
5165 3986 363
5166 4695 363
5167 6218 489
5168 6190 340
5169 2158 381
5170 2691 367
5171 5964 438
5172 1148 532
5173 2193 427
5174 215 484
5175 1056 601
5176 594 541
5177 4307 442
5178 397 512
5179 4604 369
5180 3396 664
5181 1691 297
5182 4833 377
5183 2143 622
5184 1367 460
5185 3315 473
5186 723 424
5187 4689 415
5188 2298 434
5189 630 370
5190 4635 475
5191 232 441
5192 390 355
5193 4994 419
5194 5954 555
5195 3914 335
5196 6348 419
5197 0 -1
5198 1776 399
5199 3092 448
5200 2704 477
5201 1447 527
5202 1384 372
5203 3674 528
5204 1210 418
5205 0 -1
5206 4279 357
5207 403 553
5208 5309 464
5209 3492 426
5210 5114 541
5211 4784 440
5212 2146 416
5213 5141 420
5214 3425 378
5215 54 483
5216 1306 469
5217 677 470
5218 3783 419
5219 3894 553
5220 3334 371
5221 5888 391
5222 2556 273
5223 288 365
5224 486 459
5225 2878 295
5226 2045 440
5227 2272 402
5228 71 452
5229 3567 160
5230 0 -1
5231 530 433
5232 747 518
5233 2621 445
5234 5321 395
5235 3904 557
5236 5597 430
5237 6369 467
5238 1708 436
5239 2693 463
5240 6264 526
5241 5188 479
5242 2763 379
5243 6005 422
5244 3009 476
5245 6108 513
5246 1158 558
5247 3998 423
5248 6297 413
5249 4337 452
5250 5812 436
5251 490 225
5252 1503 356
5253 2532 415
5254 3863 483
5255 3281 464
5256 6580 443
5257 1651 374
5258 881 509
5259 3914 409
5260 3019 475
5261 760 321
5262 812 374
5263 1224 414
5264 3697 479
5265 0 -1
5266 832 441
5267 246 426
5268 1486 462
5269 133 440
5270 4214 483
5271 4635 519
5272 5700 483
5273 217 524
5274 4630 475
5275 3398 504
5276 0 -1
5277 5910 453
5278 0 -1
5279 3633 503
5280 4391 383
5281 4795 477
5282 4973 556
5283 4629 500
5284 5630 409
5285 5332 487
5286 4521 519
5287 3349 339
5288 1833 421
5289 1389 428
5290 3114 455
5291 1858 416
5292 5733 429
5293 43 564
5294 41 562
5295 3211 415
5296 5200 521
5297 6567 332
5298 5179 478
5299 5194 654
5300 2494 448
5301 414 332
5302 4616 418
5303 5239 487
5304 314 400
5305 2590 412
5306 255 483
5307 550 566
5308 5914 523
5309 1644 460
5310 6549 441
5311 1840 455
5312 3928 360
5313 2980 495
5314 329 231
5315 2914 439
5316 1792 445
5317 671 583
5318 3022 283
5319 2206 576
5320 4954 421
5321 2815 368
5322 2944 347
5323 2245 280
5324 1181 338
5325 503 367
5326 3368 555
5327 3823 459
5328 3764 279
5329 5023 261
5330 4994 369
5331 6162 431
5332 3197 464
5333 3213 419
5334 1439 329
5335 3632 570
5336 2428 474
5337 953 527
5338 6164 363
5339 3673 398
5340 804 447
5341 2480 438
5342 2156 497
5343 4422 447
5344 0 -1
5345 5741 425
5346 4068 306
5347 4123 503
5348 2759 432
5349 5582 449
5350 1070 299
5351 5561 479
5352 5800 465
5353 3370 552
5354 1758 657
5355 6319 427
5356 2078 517
5357 0 -1
5358 6403 437
5359 5671 426
5360 941 449
5361 1783 507
5362 274 306
5363 2307 341
5364 4562 642
5365 2414 335
5366 4746 455
5367 3337 482
5368 6466 446
5369 523 398
5370 0 -1
5371 5896 648
5372 3760 456
5373 5563 454
5374 3295 302
5375 312 482
5376 5004 546
5377 4804 455
5378 3970 393
5379 3567 105
5380 5329 364
5381 3852 432
5382 5661 390
5383 2716 426
5384 2477 481
5385 2253 540
5386 1629 444
5387 460 390
5388 6195 401
5389 6513 559
5390 5955 369
5391 4436 410
5392 3692 495
5393 1884 430
5394 5897 439
5395 6022 426
5396 0 -1
5397 1878 476
5398 656 401
5399 1191 431
5400 5745 502
5401 4347 498
5402 5454 576
5403 6485 409
5404 4905 500
5405 2047 559
5406 3631 446
5407 3832 519
5408 6236 345
5409 3736 404
5410 2419 361
5411 6590 382
5412 5514 378
5413 206 415
5414 1401 500
5415 0 -1
5416 5112 394
5417 288 444
5418 3490 359
5419 5401 501
5420 1926 352
5421 6550 374
5422 3504 465
5423 2114 494
5424 1163 473
5425 4744 526
5426 863 413
5427 3134 507
5428 2996 346
5429 5070 579
5430 4697 344
5431 4213 509
5432 515 420
5433 1512 455
5434 0 -1
5435 0 -1
5436 845 434
5437 6599 481
5438 3954 393
5439 4258 518
5440 1812 327
5441 2726 456
5442 0 -1
5443 569 440
5444 2235 581
5445 2698 418
5446 2764 479
5447 6448 395
5448 6293 409
5449 5600 509
5450 1181 351
5451 4522 308
5452 274 262
5453 4024 454
5454 2748 565
5455 3838 453
5456 0 -1
5457 1634 494
5458 1994 452
5459 589 476
5460 927 452
5461 0 -1
5462 232 430
5463 6054 369
5464 0 -1
5465 4314 476
5466 2916 453
5467 0 -1
5468 6204 434
5469 2238 508
5470 4413 385
5471 966 497
5472 614 356
5473 6026 443
5474 2553 467
5475 511 565
5476 6023 426
5477 5857 516
5478 2953 498
5479 1352 529
5480 0 -1
5481 677 428
5482 4462 334
5483 5048 454
5484 5186 433
5485 5122 426
5486 0 -1
5487 6150 473
5488 4916 482
5489 3389 390
5490 1278 364
5491 1321 555
5492 4862 490
5493 6590 379
5494 1070 329
5495 4436 347
5496 5701 475
5497 1023 480
5498 2236 405
5499 3334 393
5500 0 -1
5501 5161 506
5502 532 463
5503 1564 427
5504 5223 436
5505 1646 408
5506 24 442
5507 6003 436
5508 3215 457
5509 4909 486
5510 4314 435
5511 419 418
5512 2361 373
5513 5888 497
5514 2301 273
5515 3061 484
5516 834 423
5517 3569 384
5518 1083 540
5519 1051 567
5520 3746 496
5521 4032 346
5522 0 -1
5523 4522 355
5524 5748 402
5525 6549 361
5526 1853 378
5527 2785 461
5528 2843 524
5529 2726 346
5530 85 374
5531 4722 502
5532 291 476
5533 3969 423
5534 755 395
5535 6109 505
5536 5938 451
5537 6505 387
5538 0 -1
5539 1726 522
5540 1667 438
5541 3479 523
5542 4720 532
5543 6337 459
5544 3093 332
5545 4473 357
5546 2421 485
5547 1094 295
5548 0 -1
5549 1127 487
5550 845 355
5551 0 -1
5552 1125 437
5553 5228 498
5554 6532 254
5555 4140 447
5556 5604 431
5557 233 432
5558 689 441
5559 949 516
5560 5870 401
5561 5398 429
5562 5693 507
5563 1419 440
5564 5741 376
5565 0 -1
5566 1909 506
5567 3806 363
5568 4248 490
5569 0 -1
5570 1538 412
5571 3268 482
5572 458 450
5573 3405 384
5574 0 -1
5575 2514 432
5576 1335 409
5577 2941 267
5578 910 525
5579 2366 444
5580 1167 445
5581 1156 686
5582 6402 384
5583 4201 521
5584 1251 409
5585 3185 438
5586 2884 435
5587 6317 392
5588 4300 404
5589 5567 420
5590 2180 695
5591 3004 420
5592 0 -1
5593 2287 562
5594 1052 467
5595 2434 484
5596 5677 357
5597 1122 388
5598 3619 464
5599 4689 466
5600 3621 456
5601 1111 555
5602 5195 403
5603 0 -1
5604 5837 322
5605 984 608
5606 5348 501
5607 1804 418
5608 2118 545
5609 464 458
5610 1271 519
5611 1283 465
5612 2661 413
5613 5999 454
5614 2225 432
5615 1447 441
5616 5893 388
5617 5794 385
5618 966 477
5619 4482 475
5620 1645 387
5621 554 534
5622 0 -1
5623 4345 500
5624 2684 405
5625 0 -1
5626 0 -1
5627 5104 502
5628 199 418
5629 2711 470
5630 575 372
5631 2324 493
5632 262 523
5633 2681 460
5634 2211 429
5635 233 469
5636 429 446
5637 2967 412
5638 1497 491
5639 2813 402
5640 4042 486
5641 1003 526
5642 5463 423
5643 4643 549
5644 2518 611
5645 6371 561
5646 5384 531
5647 1487 439
5648 0 -1
5649 1276 467
5650 229 386
5651 1199 408
5652 3459 381
5653 4164 409
5654 6487 466
5655 4280 287
5656 5113 411
5657 3903 585
5658 2351 474
5659 0 -1
5660 0 -1
5661 6192 336
5662 443 450
5663 2062 484
5664 6192 233
5665 3388 396
5666 3096 344
5667 3909 428
5668 6067 323
5669 97 337
5670 2150 486
5671 5905 409
5672 4797 449
5673 2822 632
5674 3369 463
5675 4462 279
5676 921 543
5677 1278 346
5678 18 478
5679 2099 446
5680 3492 423
5681 5916 476
5682 0 -1
5683 6444 445
5684 6221 548
5685 4430 513
5686 6556 508
5687 170 404
5688 3020 430
5689 3109 415
5690 5326 657
5691 892 527
5692 5873 477
5693 4867 413
5694 3676 506
5695 57 361
5696 4718 410
5697 841 426
5698 2158 377
5699 2713 367
5700 6479 476
5701 3837 446
5702 421 431
5703 1525 420
5704 2732 493
5705 4552 390
5706 6236 341
5707 697 399
5708 5198 400
5709 662 529
5710 2412 344
5711 2162 432
5712 1293 495
5713 1310 530
5714 4340 508
5715 4568 490
5716 129 494
5717 2332 309
5718 3025 349
5719 876 519
5720 2506 352
5721 0 -1
5722 387 559
5723 5498 452
5724 5498 418
5725 4230 423
5726 653 339
5727 533 564
5728 1769 583
5729 2323 388
5730 2592 679
5731 5664 338
5732 5597 390
5733 1228 372
5734 449 424
5735 900 503
5736 1540 472
5737 6192 237
5738 4664 386
5739 0 -1
5740 2690 361
5741 3016 369
5742 3698 444
5743 136 442
5744 6155 457
5745 3661 470
5746 1960 477
5747 0 -1
5748 690 370
5749 6547 448
5750 3155 477
5751 3233 494
5752 1377 460
5753 0 -1
5754 4255 470
5755 1462 289
5756 4658 459
5757 6204 503
5758 2901 485
5759 695 312
5760 6532 273
5761 6348 371
5762 4672 492
5763 2633 396
5764 2154 431
5765 839 446
5766 3585 470
5767 718 381
5768 6007 447
5769 4992 453
5770 5586 449
5771 5312 435
5772 636 458
5773 6148 437
5774 5749 561
5775 1646 433
5776 44 461
5777 5889 465
5778 1224 319
5779 1388 491
5780 5998 440
5781 3587 377
5782 5403 493
5783 4126 376
5784 6098 438
5785 1861 367
5786 5287 404
5787 3601 387
5788 2700 349
5789 3496 530
5790 3093 276
5791 4130 511
5792 2386 480
5793 4034 525
5794 6051 311
5795 2769 578
5796 2770 496
5797 2052 344
5798 3173 550
5799 3770 478
5800 245 440
5801 5126 502
5802 3674 485
5803 2530 369
5804 3063 472
5805 6102 381
5806 5304 412
5807 2159 338
5808 4378 448
5809 326 347
5810 5144 286
5811 2468 741
5812 1430 424
5813 5162 560
5814 4225 431
5815 3021 457
5816 2058 364
5817 771 285
5818 1663 553
5819 3449 507
5820 5694 516
5821 848 309
5822 0 -1
5823 3913 390
5824 4755 563
5825 5588 410
5826 6559 377
5827 4224 419
5828 5040 462
5829 5731 345
5830 3226 370
5831 1360 476
5832 1465 518
5833 530 456
5834 5365 339
5835 3735 483
5836 5803 444
5837 2500 306
5838 5168 429
5839 4086 495
5840 3698 415
5841 1276 461
5842 1926 282
5843 1709 415
5844 5073 516
5845 3972 557
5846 3441 505
5847 2153 353
5848 5150 438
5849 0 -1
5850 3850 373
5851 4839 416
5852 2041 332
5853 302 413
5854 970 507
5855 3686 443
5856 2743 495
5857 5619 511
5858 3033 635
5859 3459 439
5860 3492 488
5861 3506 412
5862 784 489
5863 2125 484
5864 2074 449
5865 1533 517
5866 3000 524
5867 6284 559
5868 2625 424
5869 4804 429
5870 4252 335
5871 6577 452
5872 5165 479
5873 683 428
5874 0 -1
5875 1464 421
5876 5835 499
5877 4719 437
5878 2094 375
5879 6333 529
5880 6544 523
5881 812 376
5882 854 386
5883 5395 436
5884 5545 424
5885 2593 392
5886 5262 413
5887 3957 488
5888 4604 380
5889 3966 379
5890 6368 413
5891 1108 512
5892 1634 514
5893 1459 372
5894 0 -1
5895 397 489
5896 6202 562
5897 5521 361
5898 648 390
5899 2372 439
5900 1833 516
5901 2949 544
5902 1296 481
5903 4656 488
5904 6217 425
5905 2448 350
5906 4255 461
5907 3452 475
5908 2147 456
5909 1070 403
5910 2717 439
5911 3948 463
5912 28 430
5913 1660 407
5914 2840 516
5915 6573 506
5916 749 431
5917 2805 549
5918 0 -1
5919 5881 388
5920 5955 371
5921 6538 511
5922 326 327
5923 559 370
5924 2094 380
5925 4887 452
5926 297 354
5927 4960 335
5928 526 470
5929 6523 480
5930 302 452
5931 4665 615
5932 5329 355
5933 3325 480
5934 1426 397
5935 1755 359
5936 4285 528
5937 879 524
5938 2556 358
5939 5577 340
5940 4000 440
5941 1169 528
5942 4562 624
5943 0 -1
5944 6460 446
5945 5957 516
5946 3668 532
5947 5350 354
5948 1435 570
5949 1310 574
5950 1260 429
5951 3077 395
5952 6166 433
5953 3504 464
5954 3698 448
5955 2556 359
5956 3707 447
5957 1680 443
5958 0 -1
5959 4781 455
5960 2410 466
5961 0 -1
5962 1269 427
5963 0 -1
5964 3413 428
5965 3355 502
5966 2350 389
5967 3611 482
5968 3407 454
5969 1334 419
5970 5107 436
5971 4410 573
5972 5218 477
5973 2956 439
5974 2228 494
5975 5160 608
5976 4069 575
5977 2208 480
5978 5033 497
5979 2286 354
5980 1646 338
5981 3840 416
5982 6029 479
5983 0 -1
5984 5023 282
5985 0 -1
5986 0 -1
5987 0 -1
5988 0 -1
5989 1871 445
5990 466 439
5991 2444 558
5992 1052 420
5993 3101 376
5994 4109 537
5995 2756 466
5996 3585 485
5997 970 441
5998 4040 425
5999 1779 427
6000 175 615
6001 2159 340
6002 60 371
6003 5919 402
6004 4814 521
6005 1408 372
6006 3946 404
6007 1276 421
6008 3094 444
6009 5740 463
6010 70 404
6011 2255 424
6012 4291 490
6013 1812 390
6014 2726 378
6015 4261 426
6016 5329 345
6017 4460 518
6018 2956 423
6019 122 214
6020 6158 435
6021 1927 444
6022 443 399
6023 2184 353
6024 1372 412
6025 2813 507
6026 3708 435
6027 4119 618
6028 440 517
6029 4767 395
6030 3712 436
6031 4185 497
6032 734 317
6033 5604 379
6034 1795 313
6035 1228 355
6036 1729 458
6037 4244 440
6038 0 -1
6039 6358 242
6040 4214 414
6041 2414 357
6042 721 517
6043 5669 354
6044 6446 431
6045 2602 470
6046 0 -1
6047 2481 464
6048 3425 376
6049 6098 452
6050 4195 453
6051 6019 216
6052 4581 490
6053 5195 404
6054 4585 312
6055 6032 434
6056 301 449
6057 0 -1
6058 1495 492
6059 2261 393
6060 639 561
6061 5140 475
6062 4146 434
6063 283 479
6064 4418 440
6065 4393 411
6066 4504 309
6067 6358 303
6068 3228 399
6069 1685 420
6070 4385 381
6071 5019 313
6072 6580 421
6073 1585 490
6074 3986 317
6075 6512 541
6076 6239 433
6077 0 -1
6078 6395 479
6079 2786 528
6080 5262 439
6081 5416 447
6082 1264 414
6083 1805 404
6084 1427 520
6085 0 -1
6086 5808 491
6087 4669 379
6088 1038 509
6089 787 440
6090 3279 469
6091 2099 468
6092 0 -1
6093 1057 447
6094 6548 477
6095 5453 482
6096 86 403
6097 3165 514
6098 3022 333
6099 836 550
6100 5923 433
6101 5772 489
6102 2994 375
6103 3008 413
6104 4703 418
6105 5378 471
6106 4767 440
6107 2785 447
6108 2199 452
6109 66 494
6110 5836 463
6111 2642 499
6112 6058 505
6113 3519 473
6114 1148 482
6115 5662 486
6116 2792 567
6117 5470 407
6118 2516 490
6119 2620 373
6120 5665 426
6121 1336 510
6122 0 -1
6123 2035 436
6124 0 -1
6125 3322 541
6126 1073 597
6127 5552 548
6128 5028 502
6129 4252 304
6130 3459 402
6131 4103 544
6132 5959 554
6133 1439 285
6134 1400 617
6135 0 -1
6136 2859 392
6137 4130 473
6138 3839 472
6139 2812 380
6140 3772 342
6141 604 465
6142 5027 625
6143 4343 365
6144 2690 317
6145 3188 384
6146 1928 507
6147 3581 617
6148 3806 338
6149 4101 411
6150 1966 407
6151 2302 466
6152 5115 531
6153 3958 435
6154 0 -1
6155 3510 436
6156 0 -1
6157 516 421
6158 3481 427
6159 3621 483
6160 1213 453
6161 4766 323
6162 3596 424
6163 6291 351
6164 70 323
6165 1505 242
6166 1893 425
6167 2364 514
6168 660 550
6169 3681 430
6170 5589 538
6171 1693 419
6172 5065 416
6173 2114 445
6174 4217 443
6175 6157 466
6176 5229 191
6177 2800 531
6178 5810 365
6179 1358 426
6180 4907 359
6181 1115 465
6182 0 -1
6183 4663 498
6184 2896 444
6185 3770 506
6186 2295 511
6187 3637 584
6188 768 461
6189 3234 425
6190 1745 335
6191 2158 449
6192 359 222
6193 2400 513
6194 4265 478
6195 1437 361
6196 2106 410
6197 4957 493
6198 0 -1
6199 532 540
6200 1531 449
6201 3515 507
6202 2780 464
6203 6098 410
6204 5302 431
6205 3437 437
6206 470 327
6207 3437 398
6208 5465 495
6209 3692 529
6210 0 -1
6211 4889 344
6212 4351 450
6213 4480 374
6214 433 527
6215 2448 380
6216 4731 494
6217 3898 353
6218 5904 479
6219 3450 459
6220 0 -1
6221 1170 486
6222 4241 415
6223 6045 535
6224 4691 486
6225 4191 479
6226 5859 449
6227 2146 504
6228 1385 350
6229 3056 452
6230 2775 479
6231 2715 478
6232 3226 343
6233 3795 400
6234 0 -1
6235 2715 467
6236 3799 337
6237 2930 411
6238 0 -1
6239 2160 389
6240 1725 410
6241 4223 377
6242 1924 443
6243 3018 467
6244 2608 490
6245 6228 412
6246 4743 436
6247 5221 432
6248 72 452
6249 5179 470
6250 1762 376
6251 537 459
6252 4337 449
6253 4994 378
6254 4616 454
6255 5382 419
6256 5799 485
6257 6597 362
6258 5318 375
6259 3677 497
6260 4457 463
6261 2016 491
6262 6296 462
6263 0 -1
6264 6193 513
6265 181 310
6266 1632 466
6267 3153 348
6268 431 537
6269 2566 471
6270 1996 384
6271 1817 383
6272 2648 421
6273 6362 471
6274 3251 389
6275 0 -1
6276 1500 425
6277 6242 512
6278 2300 440
6279 1478 414
6280 6562 330
6281 4149 548
6282 2356 237
6283 5472 457
6284 839 508
6285 1961 470
6286 3506 480
6287 5133 431
6288 160 412
6289 4687 384
6290 3774 394
6291 5817 327
6292 0 -1
6293 4931 376
6294 6176 225
6295 4578 393
6296 5529 398
6297 844 349
6298 3394 530
6299 2361 396
6300 5588 435
6301 4570 357
6302 3510 443
6303 196 467
6304 927 521
6305 5731 433
6306 0 -1
6307 1745 359
6308 0 -1
6309 1966 425
6310 2656 401
6311 6440 502
6312 2650 426
6313 5562 539
6314 3644 726
6315 2243 494
6316 2517 472
6317 999 332
6318 6545 412
6319 4591 393
6320 2638 479
6321 777 515
6322 2699 517
6323 6307 433
6324 5499 393
6325 4715 373
6326 5932 425
6327 4295 530
6328 5455 475
6329 5817 311
6330 4431 482
6331 5635 531
6332 4827 482
6333 1119 495
6334 4252 311
6335 1404 298
6336 5291 435
6337 3188 417
6338 0 -1
6339 505 346
6340 620 387
6341 4307 493
6342 4741 358
6343 2808 438
6344 1794 484
6345 2167 463
6346 2418 410
6347 2547 373
6348 4280 314
6349 767 324
6350 1054 443
6351 5810 384
6352 1009 392
6353 110 368
6354 6163 401
6355 362 555
6356 1781 517
6357 0 -1
6358 2245 237
6359 2188 455
6360 2400 450
6361 3877 480
6362 5823 436
6363 5382 471
6364 2115 559
6365 1071 480
6366 5033 534
6367 263 470
6368 4371 365
6369 4577 355
6370 0 -1
6371 4000 533
6372 1358 499
6373 2886 499
6374 4360 417
6375 3449 545
6376 4302 582
6377 6542 559
6378 870 409
6379 3049 420
6380 6023 392
6381 0 -1
6382 122 162
6383 5063 381
6384 1186 323
6385 5111 583
6386 1830 453
6387 2387 513
6388 4798 441
6389 1175 464
6390 3974 491
6391 3063 428
6392 2103 454
6393 4553 347
6394 4577 384
6395 6557 446
6396 485 435
6397 6578 605
6398 5407 617
6399 2489 445
6400 0 -1
6401 969 636
6402 830 327
6403 5034 436
6404 210 456
6405 6519 487
6406 1084 372
6407 3928 338
6408 1550 440
6409 4719 471
6410 2700 361
6411 4616 487
6412 483 485
6413 4596 422
6414 0 -1
6415 0 -1
6416 2440 407
6417 3380 341
6418 0 -1
6419 2741 385
6420 4582 422
6421 6589 538
6422 1468 481
6423 0 -1
6424 4493 405
6425 0 -1
6426 4700 428
6427 2556 361
6428 0 -1
6429 4167 447
6430 1601 499
6431 4580 399
6432 1060 534
6433 1705 388
6434 718 381
6435 6043 380
6436 4728 512
6437 3621 463
6438 1405 502
6439 2316 382
6440 3666 497
6441 113 371
6442 206 424
6443 6511 501
6444 160 403
6445 3898 428
6446 3554 428
6447 3549 479
6448 76 318
6449 1465 500
6450 4838 464
6451 1462 290
6452 3364 417
6453 0 -1
6454 1538 445
6455 76 342
6456 5323 319
6457 1825 463
6458 2640 500
6459 4537 420
6460 1399 427
6461 2500 353
6462 4337 440
6463 6420 456
6464 4226 517
6465 2834 410
6466 900 436
6467 4022 402
6468 6158 497
6469 5174 589
6470 6207 439
6471 4833 382
6472 0 -1
6473 2566 492
6474 6475 482
6475 3971 440
6476 4994 432
6477 563 377
6478 5097 340
6479 1868 457
6480 4495 392
6481 4255 538
6482 1408 349
6483 1760 473
6484 5927 340
6485 3774 382
6486 4849 576
6487 925 424
6488 6478 412
6489 589 422
6490 3625 470
6491 3402 475
6492 3546 422
6493 1614 388
6494 1658 514
6495 4768 439
6496 3265 394
6497 1631 573
6498 1667 480
6499 3207 559
6500 2985 412
6501 5768 531
6502 1796 523
6503 6265 361
6504 3449 517
6505 1952 280
6506 2567 350
6507 643 453
6508 557 411
6509 6378 459
6510 2323 419
6511 5617 412
6512 4748 444
6513 2809 505
6514 0 -1
6515 4887 453
6516 5085 505
6517 4828 562
6518 6293 404
6519 4445 459
6520 2333 435
6521 4938 560
6522 857 551
6523 1670 393
6524 5256 457
6525 759 499
6526 2761 413
6527 1283 513
6528 2529 389
6529 1834 471
6530 2752 492
6531 5790 277
6532 359 252
6533 5413 430
6534 3921 530
6535 1968 418
6536 3343 473
6537 2101 444
6538 4597 453
6539 3883 434
6540 3673 491
6541 1358 411
6542 1709 492
6543 3494 253
6544 3708 517
6545 2864 361
6546 2944 393
6547 3034 419
6548 1144 381
6549 2193 333
6550 4190 309
6551 1836 431
6552 3681 479
6553 6231 521
6554 4479 487
6555 5700 485
6556 1908 487
6557 2168 429
6558 5627 592
6559 3607 338
6560 3342 480
6561 6531 334
6562 3799 295
6563 4437 517
6564 5007 583
6565 6160 492
6566 757 463
6567 2966 310
6568 3943 483
6569 2446 408
6570 4686 419
6571 657 524
6572 3167 425
6573 6222 481
6574 255 469
6575 2724 448
6576 3717 404
6577 4343 402
6578 6438 575
6579 4385 428
6580 3662 378
6581 2559 438
6582 0 -1
6583 0 -1
6584 381 504
6585 1343 441
6586 122 192
6587 2813 405
6588 877 465
6589 5650 474
6590 5428 357
6591 1471 490
6592 1357 510
6593 0 -1
6594 4391 379
6595 2103 445
6596 5100 492
6597 644 344
6598 3045 232
6599 3898 447
6600 18 525
