25
1 0 -1
2 3470 608
3 0 -1
4 6032 410
5 5624 463
6 0 -1
7 2732 520
8 378 482
9 192 406
10 3773 449
11 6527 565
12 0 -1
13 1569 470
14 1754 450
15 1809 370
16 1402 576
17 6475 371
18 6346 468
19 1860 532
20 3615 455
21 4310 390
22 2799 348
23 1293 479
24 2859 422
25 25 0
26 4645 398
27 5499 455
28 5025 445
29 4855 508
30 2858 473
31 0 -1
32 116 378
33 5737 506
34 1486 466
35 3484 542
36 2248 520
37 5142 349
38 5902 345
39 2153 524
40 3846 473
41 3369 428
42 4247 467
43 6525 420
44 1206 485
45 2007 448
46 134 585
47 1617 722
48 790 402
49 3776 563
50 3169 623
51 3112 478
52 855 560
53 1132 551
54 3342 531
55 3324 528
56 4057 488
57 4190 478
58 0 -1
59 1504 605
60 6165 374
61 2535 558
62 2317 491
63 2359 437
64 4824 526
65 1562 390
66 1518 383
67 5642 387
68 0 -1
69 3382 572
70 942 457
71 906 393
72 3826 531
73 6377 603
74 5050 451
75 4233 470
76 734 529
77 5142 345
78 410 551
79 110 398
80 4228 364
81 2805 572
82 3863 494
83 101 421
84 2074 379
85 4959 489
86 2358 454
87 4286 401
88 3510 429
89 5345 483
90 20 465
91 227 604
92 0 -1
93 5389 505
94 1782 526
95 311 578
96 3214 429
97 3520 398
98 1126 477
99 4912 359
100 3416 433
101 2064 420
102 4681 432
103 142 501
104 2593 506
105 4525 482
106 2054 502
107 5962 457
108 5195 479
109 6020 454
110 6532 330
111 6464 548
112 1259 515
113 2085 358
114 3773 487
115 25 72
116 1311 373
117 939 208
118 5333 428
119 4672 510
120 3289 773
121 3867 465
122 4339 440
123 99 401
124 0 -1
125 5109 349
126 4100 369
127 1353 408
128 3546 488
129 5545 404
130 48 499
131 5783 442
132 6591 447
133 2118 453
134 3709 567
135 1253 358
136 174 312
137 337 576
138 0 -1
139 3453 540
140 2701 586
141 2157 490
142 4261 478
143 5953 468
144 60 395
145 2453 434
146 4125 563
147 5016 449
148 2669 490
149 129 448
150 521 547
151 2566 473
152 528 629
153 2019 513
154 5218 485
155 5998 514
156 1277 449
157 0 -1
158 3497 387
159 4421 650
160 940 239
161 1968 329
162 1900 525
163 5715 407
164 1850 417
165 0 -1
166 2602 565
167 832 386
168 4970 505
169 3344 502
170 1054 396
171 0 -1
172 4318 394
173 3080 503
174 4548 213
175 4084 465
176 1059 433
177 3570 518
178 3798 465
179 4907 480
180 6137 362
181 4693 445
182 4258 418
183 2409 242
184 3889 469
185 3472 378
186 6061 474
187 6334 448
188 230 489
189 2756 526
190 0 -1
191 1933 566
192 6503 406
193 5361 596
194 5482 510
195 0 -1
196 5671 453
197 1323 574
198 6041 495
199 2248 499
200 1522 527
201 3771 581
202 4185 552
203 2941 431
204 4257 477
205 284 598
206 1705 371
207 211 430
208 4526 491
209 4990 476
210 3676 484
211 6278 357
212 0 -1
213 5232 304
214 6566 398
215 443 464
216 1704 563
217 3677 453
218 3897 476
219 2859 457
220 5591 472
221 640 359
222 4360 434
223 5224 429
224 0 -1
225 0 -1
226 1302 533
227 4125 499
228 2043 403
229 2174 430
230 1966 427
231 5330 401
232 2567 421
233 2494 556
234 3256 542
235 6099 774
236 4006 462
237 0 -1
238 3034 520
239 1849 466
240 1788 337
241 4544 490
242 0 -1
243 18 519
244 1307 481
245 5612 215
246 842 498
247 2259 489
248 776 412
249 870 564
250 1338 565
251 3498 463
252 1923 533
253 0 -1
254 615 512
255 780 518
256 2485 494
257 4046 473
258 3244 526
259 0 -1
260 3699 370
261 467 586
262 5202 515
263 2244 435
264 1884 483
265 147 490
266 279 639
267 6014 497
268 5428 495
269 1809 425
270 407 360
271 3932 586
272 1056 404
273 3181 550
274 359 470
275 4583 518
276 1307 465
277 0 -1
278 337 543
279 5540 546
280 5321 530
281 925 394
282 1878 476
283 1809 372
284 1289 502
285 5697 553
286 1377 438
287 0 -1
288 3822 443
289 683 422
290 93 521
291 2803 509
292 4920 532
293 5711 474
294 6488 444
295 0 -1
296 1667 511
297 6535 380
298 5768 519
299 6048 446
300 3367 658
301 6119 413
302 5101 482
303 2532 582
304 461 569
305 4915 429
306 4294 567
307 3620 464
308 2502 363
309 889 520
310 0 -1
311 4179 550
312 3009 378
313 2778 612
314 3661 429
315 5059 497
316 40 481
317 6137 369
318 2066 480
319 0 -1
320 6055 574
321 482 383
322 2606 347
323 5267 542
324 5016 463
325 4668 390
326 1757 382
327 3121 605
328 5225 419
329 6176 426
330 0 -1
331 5438 528
332 1088 572
333 3411 620
334 3691 462
335 662 343
336 4224 442
337 5262 485
338 2223 459
339 1149 497
340 3115 234
341 2582 602
342 1659 464
343 5570 381
344 364 407
345 4640 305
346 6068 427
347 548 434
348 3707 448
349 2016 573
350 6236 459
351 6319 392
352 2547 425
353 3467 443
354 2839 484
355 4762 433
356 982 532
357 309 532
358 0 -1
359 1185 404
360 2852 571
361 6050 544
362 308 444
363 6168 610
364 2613 381
365 5473 297
366 1935 475
367 1070 401
368 4173 519
369 6243 539
370 1172 490
371 1970 446
372 4773 527
373 491 444
374 2677 437
375 5577 455
376 2766 551
377 3176 514
378 3661 412
379 4793 508
380 0 -1
381 1740 496
382 960 402
383 664 517
384 5025 446
385 5144 414
386 3345 488
387 2998 566
388 3938 502
389 312 431
390 1439 427
391 6432 510
392 0 -1
393 2343 498
394 769 572
395 523 267
396 5343 518
397 4340 516
398 5086 610
399 2653 464
400 0 -1
401 4441 454
402 1619 492
403 1114 519
404 5556 510
405 5798 683
406 3682 605
407 340 260
408 3189 375
409 6373 489
410 4123 448
411 6363 528
412 3204 465
413 301 464
414 3764 559
415 4196 521
416 5899 442
417 653 482
418 158 459
419 5036 547
420 3347 514
421 2681 404
422 5528 445
423 5287 441
424 5888 537
425 4329 434
426 6231 453
427 1974 576
428 1253 452
429 5703 491
430 569 571
431 1321 356
432 3712 508
433 2838 477
434 1918 467
435 1972 545
436 1247 444
437 5043 502
438 4983 440
439 2858 484
440 1722 503
441 4164 578
442 1530 493
443 5577 452
444 4924 378
445 23 508
446 39 535
447 3498 381
448 4937 385
449 4783 319
450 4940 567
451 0 -1
452 3973 510
453 766 567
454 4790 453
455 5837 493
456 1019 388
457 4804 550
458 1940 424
459 5196 496
460 1224 512
461 2895 461
462 1647 563
463 5363 551
464 4671 576
465 1061 499
466 5952 421
467 3945 502
468 2907 498
469 6584 431
470 97 410
471 3224 498
472 6473 541
473 3595 479
474 65 437
475 3807 514
476 6580 491
477 456 487
478 41 458
479 3382 469
480 578 492
481 6368 514
482 6137 375
483 583 474
484 4770 596
485 2168 408
486 1321 361
487 3243 447
488 1945 488
489 2716 469
490 5544 600
491 1833 421
492 1803 514
493 164 452
494 2480 513
495 640 459
496 5149 410
497 4757 317
498 5399 518
499 0 -1
500 1267 526
501 0 -1
502 2090 485
503 3255 472
504 6463 464
505 456 430
506 4104 507
507 3765 523
508 4998 705
509 5169 513
510 4044 426
511 4847 444
512 4153 416
513 4944 395
514 697 409
515 1875 506
516 79 416
517 6129 416
518 3355 476
519 4196 466
520 6499 333
521 3571 545
522 2738 493
523 940 172
524 3699 393
525 0 -1
526 1583 543
527 4135 510
528 3323 612
529 5075 427
530 4685 411
531 4597 540
532 3712 471
533 4491 461
534 0 -1
535 2796 444
536 946 466
537 3766 509
538 2693 578
539 473 484
540 3603 493
541 5975 615
542 5904 531
543 1916 500
544 3149 605
545 6594 521
546 3765 491
547 6365 504
548 5259 422
549 0 -1
550 2311 414
551 5135 473
552 3070 506
553 1232 560
554 2539 540
555 4039 356
556 3867 439
557 1235 427
558 1386 558
559 2081 404
560 0 -1
561 5545 385
562 3201 432
563 2930 479
564 3655 456
565 4025 488
566 1158 499
567 5561 392
568 114 524
569 2962 536
570 4869 515
571 0 -1
572 1536 480
573 1797 658
574 6188 391
575 4536 427
576 3880 572
577 4800 533
578 944 386
579 3226 517
580 6188 421
581 2254 525
582 447 468
583 6369 472
584 5088 506
585 1258 481
586 2893 781
587 4700 400
588 1409 369
589 630 573
590 4922 384
591 756 585
592 1153 563
593 513 399
594 2942 429
595 1673 409
596 4406 474
597 1589 390
598 6064 434
599 126 371
600 0 -1
601 5458 554
602 1847 455
603 940 288
604 1122 486
605 1627 473
606 1786 575
607 2965 750
608 1726 468
609 2823 387
610 0 -1
611 4910 338
612 5838 517
613 5378 525
614 2506 456
615 5166 427
616 5825 416
617 3360 506
618 0 -1
619 2655 513
620 4756 473
621 4399 512
622 3990 431
623 0 -1
624 6535 482
625 1377 358
626 3189 398
627 6161 619
628 4554 510
629 5806 503
630 3784 455
631 2286 425
632 5243 397
633 2847 416
634 4816 520
635 4027 521
636 192 423
637 2567 430
638 536 516
639 906 467
640 5632 343
641 5516 499
642 3603 412
643 5119 538
644 2138 395
645 0 -1
646 2217 535
647 574 392
648 5063 497
649 0 -1
650 6309 465
651 682 602
652 321 482
653 1466 476
654 4404 476
655 0 -1
656 1927 446
657 5236 502
658 2484 453
659 2425 533
660 1584 532
661 5462 546
662 2409 241
663 2719 478
664 4393 478
665 6523 447
666 6014 451
667 6058 427
668 2210 598
669 2233 496
670 2449 453
671 6254 480
672 5751 476
673 6032 474
674 6230 564
675 3434 536
676 1980 459
677 3541 425
678 5908 413
679 6289 507
680 2926 354
681 401 473
682 2048 510
683 2899 357
684 5528 455
685 2698 433
686 1271 470
687 3366 574
688 4760 594
689 4493 523
690 2489 385
691 151 487
692 496 481
693 3261 293
694 3512 418
695 1831 399
696 4095 412
697 1377 361
698 4097 520
699 6216 653
700 839 535
701 914 553
702 2614 403
703 3019 541
704 3570 474
705 3891 322
706 3201 479
707 2640 556
708 4222 713
709 3106 454
710 724 678
711 4136 603
712 2576 484
713 288 483
714 4581 573
715 4193 483
716 5231 501
717 2865 554
718 408 411
719 272 470
720 0 -1
721 2642 582
722 5554 399
723 6177 365
724 361 589
725 2236 420
726 3448 372
727 3025 424
728 3372 541
729 3290 558
730 1018 531
731 2427 473
732 140 589
733 4554 518
734 1219 409
735 5875 478
736 2101 493
737 5657 673
738 2223 456
739 4798 483
740 3487 450
741 1007 526
742 2814 442
743 6232 549
744 4027 494
745 174 293
746 3690 556
747 2406 408
748 5546 576
749 4583 493
750 5732 470
751 1293 431
752 6559 362
753 1136 723
754 5167 561
755 999 441
756 3532 532
757 5332 418
758 3898 513
759 4681 432
760 704 510
761 1409 435
762 1889 625
763 1385 525
764 1002 495
765 3643 494
766 2236 460
767 5800 374
768 5145 323
769 4853 460
770 4100 473
771 3939 458
772 3650 551
773 2694 532
774 3215 460
775 6464 583
776 2735 383
777 5736 420
778 2035 572
779 67 464
780 6088 415
781 1998 490
782 4094 493
783 2756 565
784 413 464
785 5258 584
786 325 444
787 3498 364
788 6270 552
789 0 -1
790 2024 387
791 5981 419
792 971 445
793 2351 409
794 4958 464
795 6231 442
796 1597 633
797 6365 584
798 1160 545
799 4529 544
800 1999 599
801 3307 619
802 5275 446
803 0 -1
804 3109 338
805 345 306
806 1295 498
807 2267 484
808 3615 518
809 3965 623
810 0 -1
811 852 663
812 3268 442
813 3649 654
814 3154 611
815 0 -1
816 1584 562
817 6243 639
818 476 583
819 0 -1
820 0 -1
821 2883 494
822 4442 508
823 923 661
824 5541 437
825 4663 557
826 4222 655
827 513 428
828 5586 507
829 3083 621
830 4928 343
831 1103 546
832 6407 313
833 1097 537
834 5656 488
835 6218 499
836 558 564
837 6314 838
838 4985 551
839 217 487
840 2237 467
841 1363 398
842 5834 493
843 1235 417
844 2027 422
845 6265 330
846 510 544
847 937 494
848 2315 471
849 6580 405
850 3892 559
851 6548 548
852 2320 563
853 5498 474
854 3459 420
855 5577 465
856 1574 525
857 2840 414
858 999 410
859 1372 575
860 6017 548
861 1333 412
862 0 -1
863 1114 500
864 5952 409
865 3315 375
866 4473 306
867 668 614
868 6482 489
869 4342 447
870 5499 496
871 6113 592
872 0 -1
873 4834 460
874 351 411
875 3208 483
876 3198 534
877 2785 473
878 6311 498
879 4632 478
880 200 535
881 6296 540
882 2422 569
883 0 -1
884 4048 427
885 1526 531
886 113 463
887 312 475
888 881 583
889 1757 478
890 5169 506
891 1268 302
892 2859 474
893 6574 459
894 269 538
895 1339 577
896 5738 531
897 423 499
898 5598 538
899 5644 539
900 1383 527
901 265 504
902 3530 565
903 88 521
904 5950 462
905 2625 348
906 6499 361
907 3747 506
908 3632 581
909 4095 465
910 4670 493
911 2042 457
912 1077 381
913 2316 390
914 2444 465
915 3855 474
916 1368 443
917 3512 454
918 1822 452
919 4963 573
920 4512 520
921 4914 492
922 2466 429
923 2846 567
924 378 529
925 5545 354
926 3901 391
927 5321 559
928 352 507
929 4608 589
930 4787 583
931 76 559
932 5556 444
933 5409 461
934 2529 361
935 0 -1
936 6194 522
937 2681 413
938 5173 424
939 115 157
940 4134 171
941 5550 214
942 1343 447
943 247 537
944 2926 370
945 2106 540
946 1040 444
947 524 401
948 0 -1
949 3508 529
950 2147 397
951 4173 501
952 1158 499
953 3737 469
954 4923 567
955 2947 567
956 1038 387
957 2205 501
958 6072 441
959 4963 556
960 6499 321
961 0 -1
962 6341 473
963 4457 449
964 0 -1
965 4871 572
966 6503 391
967 3261 374
968 5473 350
969 3634 653
970 1131 372
971 4310 380
972 864 434
973 3950 491
974 4904 468
975 5290 526
976 507 538
977 2899 366
978 0 -1
979 2378 467
980 4879 574
981 0 -1
982 6390 414
983 2694 521
984 5194 479
985 770 541
986 5263 641
987 564 503
988 5868 462
989 67 467
990 4107 518
991 2878 473
992 0 -1
993 0 -1
994 968 418
995 5338 464
996 2439 459
997 5373 389
998 1038 270
999 3204 402
1000 2891 518
1001 42 576
1002 3300 428
1003 3244 537
1004 4655 428
1005 2091 487
1006 583 514
1007 132 500
1008 41 478
1009 505 515
1010 0 -1
1011 0 -1
1012 3123 674
1013 2434 335
1014 1608 552
1015 2002 500
1016 3238 498
1017 2122 475
1018 1183 499
1019 2353 362
1020 4548 228
1021 1622 404
1022 5151 446
1023 214 406
1024 1299 448
1025 4383 486
1026 2178 445
1027 3387 461
1028 1893 462
1029 486 465
1030 3969 493
1031 2464 597
1032 2112 421
1033 4821 569
1034 1246 678
1035 3458 540
1036 5011 520
1037 3640 501
1038 2605 267
1039 5139 521
1040 3250 362
1041 2081 435
1042 4756 486
1043 5169 410
1044 910 573
1045 5619 507
1046 230 547
1047 0 -1
1048 6253 379
1049 5169 500
1050 509 522
1051 2267 545
1052 5198 490
1053 122 494
1054 4576 364
1055 1974 526
1056 2487 396
1057 4105 561
1058 522 507
1059 561 393
1060 5174 389
1061 2074 398
1062 3917 428
1063 5969 472
1064 3327 539
1065 3209 503
1066 5462 555
1067 0 -1
1068 4310 425
1069 1538 557
1070 5675 387
1071 5182 472
1072 4510 483
1073 431 469
1074 176 511
1075 2655 506
1076 132 506
1077 5131 367
1078 2365 539
1079 966 481
1080 723 457
1081 101 508
1082 5447 444
1083 6049 509
1084 1101 432
1085 0 -1
1086 2184 487
1087 0 -1
1088 4416 515
1089 0 -1
1090 1382 399
1091 0 -1
1092 2681 440
1093 1474 372
1094 4830 462
1095 4993 479
1096 3180 407
1097 6591 428
1098 428 499
1099 3057 511
1100 3544 649
1101 4649 413
1102 4652 474
1103 3670 444
1104 4158 566
1105 273 629
1106 23 479
1107 0 -1
1108 2117 509
1109 4515 613
1110 4361 414
1111 3091 443
1112 4912 310
1113 1289 439
1114 3228 489
1115 3437 446
1116 0 -1
1117 2325 546
1118 4942 611
1119 3929 464
1120 5062 547
1121 977 433
1122 912 388
1123 3154 567
1124 5305 407
1125 3091 464
1126 2434 435
1127 2500 557
1128 1313 525
1129 1709 612
1130 4109 488
1131 5878 294
1132 3096 500
1133 536 481
1134 5308 503
1135 5068 499
1136 4336 626
1137 0 -1
1138 2941 446
1139 5924 269
1140 1583 660
1141 2175 473
1142 458 445
1143 1826 518
1144 1218 443
1145 48 484
1146 0 -1
1147 3650 488
1148 474 501
1149 4422 467
1150 963 565
1151 5207 709
1152 4899 627
1153 6476 464
1154 2926 351
1155 5716 516
1156 621 612
1157 0 -1
1158 5997 406
1159 1918 516
1160 4342 538
1161 3356 409
1162 5736 466
1163 2653 476
1164 2844 508
1165 5414 509
1166 5364 483
1167 2444 474
1168 5847 421
1169 5693 516
1170 5327 466
1171 5525 508
1172 4044 422
1173 4236 547
1174 5699 498
1175 6269 440
1176 6387 442
1177 2799 261
1178 4767 534
1179 1344 500
1180 4362 405
1181 1144 474
1182 2095 531
1183 4991 468
1184 2990 630
1185 5709 357
1186 4753 446
1187 325 425
1188 275 586
1189 3258 562
1190 3158 542
1191 1669 446
1192 1582 513
1193 6555 200
1194 4989 468
1195 5647 468
1196 1784 480
1197 4904 410
1198 349 618
1199 3953 503
1200 1045 530
1201 5082 467
1202 1288 438
1203 4667 667
1204 4294 537
1205 5088 553
1206 865 442
1207 6225 370
1208 211 417
1209 3016 366
1210 6461 492
1211 2120 408
1212 6329 411
1213 5214 425
1214 2683 448
1215 950 495
1216 3926 618
1217 3527 718
1218 609 438
1219 5801 343
1220 3540 412
1221 407 303
1222 167 395
1223 6366 615
1224 4090 460
1225 2833 508
1226 4094 462
1227 2904 498
1228 6076 469
1229 3247 382
1230 6078 522
1231 0 -1
1232 3521 522
1233 0 -1
1234 5934 536
1235 221 406
1236 2791 435
1237 3475 495
1238 4218 417
1239 1856 447
1240 2985 539
1241 6174 458
1242 3295 544
1243 6439 486
1244 355 442
1245 0 -1
1246 4316 651
1247 4924 382
1248 5709 344
1249 4057 508
1250 1483 246
1251 83 474
1252 2556 655
1253 4591 353
1254 3003 524
1255 4910 386
1256 6371 651
1257 4791 508
1258 4476 409
1259 4342 435
1260 2890 364
1261 2878 513
1262 6509 534
1263 5053 640
1264 5225 510
1265 2973 510
1266 2580 590
1267 2111 442
1268 174 260
1269 937 448
1270 3302 445
1271 5330 446
1272 5956 433
1273 1103 510
1274 2880 468
1275 782 560
1276 3251 456
1277 1527 391
1278 4489 387
1279 6121 560
1280 2070 444
1281 1724 439
1282 1655 615
1283 485 458
1284 6526 472
1285 3764 562
1286 1509 535
1287 2731 594
1288 1827 414
1289 1278 398
1290 1174 534
1291 4368 476
1292 2784 531
1293 6231 415
1294 680 473
1295 6119 418
1296 2401 240
1297 0 -1
1298 6531 436
1299 1897 408
1300 2353 365
1301 3115 304
1302 2193 441
1303 3316 581
1304 6188 406
1305 0 -1
1306 2853 469
1307 3773 465
1308 4762 406
1309 5605 624
1310 4291 496
1311 6444 336
1312 947 417
1313 2297 509
1314 2410 472
1315 581 620
1316 0 -1
1317 3503 471
1318 5632 419
1319 1822 430
1320 1622 425
1321 3992 350
1322 5366 455
1323 186 511
1324 0 -1
1325 1719 628
1326 1405 480
1327 6305 452
1328 5735 585
1329 3651 533
1330 1805 519
1331 2312 531
1332 0 -1
1333 160 333
1334 90 473
1335 1308 433
1336 4554 477
1337 6188 391
1338 3782 550
1339 1228 574
1340 741 567
1341 912 386
1342 2739 496
1343 17 414
1344 2890 437
1345 5627 617
1346 6508 463
1347 6547 495
1348 5681 475
1349 3534 611
1350 5259 444
1351 6006 505
1352 5277 481
1353 1968 353
1354 5561 468
1355 5755 483
1356 2016 560
1357 3119 477
1358 3721 468
1359 0 -1
1360 2238 488
1361 1343 522
1362 3640 497
1363 1131 304
1364 2868 448
1365 2981 408
1366 5800 374
1367 3088 487
1368 5484 416
1369 5644 507
1370 206 482
1371 1537 498
1372 2921 471
1373 812 448
1374 4631 517
1375 3387 536
1376 0 -1
1377 4329 334
1378 0 -1
1379 6402 538
1380 0 -1
1381 416 499
1382 5232 342
1383 2813 514
1384 6021 509
1385 470 425
1386 1731 503
1387 3541 399
1388 886 475
1389 2177 456
1390 4444 500
1391 4283 428
1392 4133 446
1393 4527 499
1394 6552 578
1395 312 415
1396 5360 358
1397 6174 491
1398 3637 601
1399 3939 505
1400 2186 524
1401 1293 425
1402 1066 556
1403 6368 491
1404 3862 472
1405 1683 470
1406 4606 648
1407 1166 515
1408 2081 397
1409 4640 317
1410 6297 451
1411 0 -1
1412 1932 467
1413 2172 484
1414 0 -1
1415 1995 355
1416 6361 542
1417 443 500
1418 5632 348
1419 3862 554
1420 3118 449
1421 947 511
1422 0 -1
1423 5352 329
1424 4035 503
1425 5686 460
1426 849 446
1427 1933 511
1428 2645 571
1429 4063 421
1430 4780 404
1431 2152 495
1432 5142 388
1433 5619 485
1434 4363 502
1435 504 465
1436 3629 479
1437 3386 582
1438 0 -1
1439 1773 408
1440 2770 465
1441 884 451
1442 236 537
1443 3888 445
1444 2339 492
1445 3647 548
1446 1632 462
1447 5446 484
1448 3953 510
1449 4286 404
1450 1987 504
1451 2635 513
1452 5140 502
1453 4862 405
1454 4778 544
1455 0 -1
1456 1978 484
1457 3115 235
1458 2636 463
1459 4700 368
1460 2005 600
1461 834 523
1462 4441 494
1463 5709 373
1464 1739 452
1465 3675 490
1466 5586 458
1467 3027 532
1468 726 377
1469 2069 502
1470 5106 409
1471 3888 471
1472 3044 503
1473 562 435
1474 1850 337
1475 158 460
1476 4832 456
1477 3261 352
1478 6454 537
1479 3967 460
1480 5848 436
1481 187 457
1482 1559 442
1483 5700 216
1484 1937 589
1485 0 -1
1486 2683 457
1487 6537 345
1488 3208 479
1489 4896 568
1490 1877 586
1491 4391 461
1492 0 -1
1493 0 -1
1494 0 -1
1495 3005 447
1496 1369 541
1497 4924 371
1498 2208 522
1499 5912 523
1500 1525 591
1501 2159 555
1502 1428 626
1503 3226 455
1504 85 540
1505 5314 468
1506 2170 497
1507 3876 447
1508 6342 493
1509 6512 492
1510 3091 456
1511 6255 513
1512 5494 506
1513 6429 364
1514 480 558
1515 5366 483
1516 3285 440
1517 4852 548
1518 1193 294
1519 2146 415
1520 0 -1
1521 4974 563
1522 6399 487
1523 0 -1
1524 2518 418
1525 3602 489
1526 5447 444
1527 1260 368
1528 4329 371
1529 2372 445
1530 4355 437
1531 5057 477
1532 4088 477
1533 6010 570
1534 1276 496
1535 3432 598
1536 6379 450
1537 335 453
1538 2690 458
1539 5761 471
1540 2481 391
1541 4914 408
1542 524 466
1543 6133 483
1544 5999 528
1545 3950 549
1546 0 -1
1547 1026 463
1548 4318 445
1549 4855 545
1550 1822 412
1551 5131 452
1552 5156 490
1553 858 466
1554 5913 440
1555 0 -1
1556 2065 528
1557 3800 560
1558 5570 453
1559 4931 414
1560 2645 525
1561 5447 437
1562 3660 361
1563 2406 411
1564 3890 497
1565 0 -1
1566 6492 573
1567 4187 580
1568 0 -1
1569 2677 414
1570 3152 485
1571 4549 457
1572 4737 504
1573 356 558
1574 5338 423
1575 4633 564
1576 4182 507
1577 4412 645
1578 1377 420
1579 0 -1
1580 4721 614
1581 2635 574
1582 4986 485
1583 5615 540
1584 4429 486
1585 1208 427
1586 1860 466
1587 2625 380
1588 26 451
1589 213 326
1590 1237 528
1591 2315 436
1592 1917 585
1593 1056 464
1594 6434 403
1595 640 376
1596 2657 518
1597 1601 533
1598 3927 459
1599 6467 525
1600 1740 506
1601 3315 428
1602 1833 437
1603 2344 469
1604 2605 305
1605 6144 444
1606 2535 606
1607 4980 574
1608 2942 439
1609 4990 407
1610 4331 538
1611 0 -1
1612 77 347
1613 4633 485
1614 3643 507
1615 2793 548
1616 1223 698
1617 130 602
1618 6293 480
1619 2480 440
1620 5331 459
1621 468 589
1622 1459 379
1623 3798 541
1624 2425 471
1625 1746 588
1626 2570 582
1627 5238 463
1628 2261 489
1629 3063 544
1630 1516 461
1631 6537 406
1632 1423 434
1633 5870 513
1634 5605 578
1635 3498 400
1636 1726 373
1637 603 363
1638 2730 523
1639 2115 543
1640 1518 297
1641 6088 425
1642 2518 470
1643 5225 449
1644 5647 520
1645 4994 426
1646 3230 387
1647 6076 491
1648 26 398
1649 0 -1
1650 458 513
1651 3261 356
1652 5225 443
1653 5526 434
1654 846 615
1655 1059 512
1656 3020 495
1657 5297 512
1658 4273 453
1659 4928 436
1660 2784 549
1661 793 416
1662 2090 391
1663 6316 435
1664 449 331
1665 66 460
1666 6561 405
1667 5738 463
1668 3783 508
1669 2774 384
1670 270 380
1671 0 -1
1672 1941 504
1673 6142 345
1674 5969 436
1675 1582 527
1676 3772 521
1677 3838 479
1678 2543 505
1679 5077 550
1680 3317 564
1681 4251 421
1682 1807 546
1683 352 425
1684 3038 534
1685 2851 494
1686 5490 507
1687 2772 415
1688 474 524
1689 0 -1
1690 491 482
1691 2157 489
1692 6316 469
1693 1559 456
1694 5116 472
1695 2789 442
1696 1238 511
1697 6526 513
1698 244 552
1699 2112 471
1700 4368 441
1701 1941 486
1702 795 554
1703 1236 529
1704 4631 523
1705 2434 342
1706 857 474
1707 6014 424
1708 3196 510
1709 3511 550
1710 4937 390
1711 6172 450
1712 2644 510
1713 2309 519
1714 2711 526
1715 5783 430
1716 0 -1
1717 0 -1
1718 4630 445
1719 6066 509
1720 6367 491
1721 3475 462
1722 4346 493
1723 2824 563
1724 6100 398
1725 1719 568
1726 3992 373
1727 3596 469
1728 1019 403
1729 1481 569
1730 709 556
1731 109 457
1732 4955 418
1733 4479 497
1734 1925 604
1735 0 -1
1736 5126 396
1737 6110 439
1738 6346 458
1739 1860 448
1740 3405 415
1741 3799 420
1742 4687 443
1743 6245 494
1744 3510 428
1745 4583 495
1746 5764 530
1747 0 -1
1748 4293 497
1749 5301 536
1750 2694 532
1751 175 476
1752 3918 571
1753 0 -1
1754 482 386
1755 6133 445
1756 6236 480
1757 4564 368
1758 2056 668
1759 228 499
1760 3838 464
1761 2446 467
1762 5398 385
1763 4224 439
1764 1497 417
1765 0 -1
1766 270 448
1767 905 388
1768 2085 441
1769 4450 530
1770 6063 457
1771 0 -1
1772 0 -1
1773 2799 328
1774 2921 493
1775 137 667
1776 1408 425
1777 6495 570
1778 6165 358
1779 5126 431
1780 3731 484
1781 2142 519
1782 4745 485
1783 355 474
1784 4873 430
1785 4912 316
1786 1405 536
1787 3459 416
1788 1518 297
1789 960 361
1790 2316 456
1791 1662 424
1792 1097 434
1793 1350 524
1794 5823 530
1795 3736 463
1796 4739 529
1797 4036 622
1798 0 -1
1799 0 -1
1800 0 -1
1801 0 -1
1802 2615 490
1803 1131 396
1804 3528 446
1805 5825 404
1806 2316 428
1807 6535 438
1808 698 585
1809 4790 353
1810 4610 422
1811 108 535
1812 5494 502
1813 4394 499
1814 4150 477
1815 3363 539
1816 3049 495
1817 950 468
1818 2063 598
1819 3158 509
1820 0 -1
1821 5695 550
1822 5065 393
1823 401 524
1824 4098 452
1825 5447 478
1826 4499 483
1827 6512 412
1828 3214 442
1829 4760 483
1830 3325 451
1831 5162 370
1832 0 -1
1833 5923 351
1834 6390 502
1835 4966 621
1836 354 508
1837 136 313
1838 312 464
1839 3293 733
1840 5166 371
1841 5367 688
1842 5208 303
1843 2704 499
1844 0 -1
1845 6268 478
1846 3419 478
1847 2412 402
1848 5934 512
1849 2608 452
1850 5324 301
1851 3600 598
1852 1715 493
1853 192 413
1854 3764 471
1855 593 457
1856 2565 435
1857 1333 396
1858 5999 493
1859 5209 524
1860 1337 440
1861 1278 479
1862 2918 504
1863 828 559
1864 5159 536
1865 2889 525
1866 4425 527
1867 2259 474
1868 1131 330
1869 3692 535
1870 5397 546
1871 3876 375
1872 5109 272
1873 752 423
1874 3064 529
1875 3232 496
1876 0 -1
1877 2845 495
1878 1119 469
1879 4386 374
1880 1197 450
1881 0 -1
1882 6427 390
1883 2752 486
1884 6329 398
1885 4315 587
1886 0 -1
1887 316 503
1888 102 477
1889 3343 534
1890 3594 554
1891 2045 598
1892 3817 558
1893 125 444
1894 4499 587
1895 513 503
1896 5493 544
1897 6531 373
1898 2820 384
1899 0 -1
1900 1847 413
1901 4068 491
1902 1153 503
1903 3659 446
1904 3969 477
1905 3699 381
1906 0 -1
1907 161 346
1908 2328 450
1909 5856 514
1910 6321 557
1911 6374 506
1912 4837 551
1913 0 -1
1914 3007 504
1915 2004 536
1916 192 421
1917 3560 513
1918 3473 421
1919 2631 491
1920 636 497
1921 5774 696
1922 1708 533
1923 4022 519
1924 2255 480
1925 3755 501
1926 359 481
1927 2814 432
1928 678 471
1929 697 455
1930 5897 528
1931 211 440
1932 1439 445
1933 1715 490
1934 4744 457
1935 3369 418
1936 1591 460
1937 4857 584
1938 3414 472
1939 1016 536
1940 4173 412
1941 2236 418
1942 323 577
1943 2436 412
1944 6047 432
1945 3356 410
1946 5385 695
1947 2568 667
1948 1751 529
1949 6467 541
1950 2746 507
1951 2552 528
1952 4910 345
1953 2295 503
1954 4782 554
1955 5542 592
1956 603 368
1957 6136 463
1958 0 -1
1959 3762 489
1960 3378 509
1961 3384 524
1962 5289 511
1963 5447 486
1964 6399 431
1965 0 -1
1966 3287 398
1967 0 -1
1968 4591 324
1969 2231 530
1970 1023 437
1971 5793 771
1972 5740 499
1973 0 -1
1974 5815 456
1975 3214 379
1976 1897 437
1977 2666 557
1978 567 409
1979 6043 491
1980 2155 399
1981 436 502
1982 0 -1
1983 1372 524
1984 0 -1
1985 2240 460
1986 5596 470
1987 1368 435
1988 3188 568
1989 4050 464
1990 495 508
1991 4150 528
1992 1789 465
1993 0 -1
1994 5960 460
1995 4750 270
1996 5071 430
1997 2507 552
1998 4441 447
1999 1000 523
2000 6394 505
2001 0 -1
2002 4727 425
2003 1651 407
2004 465 500
2005 6396 537
2006 0 -1
2007 5126 349
2008 1732 423
2009 5611 547
2010 1253 403
2011 0 -1
2012 3773 492
2013 3250 379
2014 5651 544
2015 5528 449
2016 5654 502
2017 1111 466
2018 1288 484
2019 3817 480
2020 5541 444
2021 4319 564
2022 5965 482
2023 2322 552
2024 6300 386
2025 487 509
2026 4620 535
2027 3616 413
2028 0 -1
2029 1293 434
2030 0 -1
2031 4004 487
2032 3305 516
2033 6492 537
2034 4471 573
2035 2993 478
2036 0 -1
2037 1304 493
2038 0 -1
2039 181 501
2040 1853 518
2041 5044 511
2042 1898 398
2043 456 390
2044 2453 503
2045 864 525
2046 2666 608
2047 4006 477
2048 3697 453
2049 0 -1
2050 1193 305
2051 3797 620
2052 2787 445
2053 686 547
2054 723 476
2055 6129 428
2056 6533 573
2057 2667 447
2058 4416 509
2059 3974 477
2060 4798 504
2061 6118 447
2062 4246 503
2063 1739 546
2064 1255 420
2065 684 467
2066 5734 390
2067 4649 405
2068 3992 333
2069 4008 440
2070 3628 432
2071 285 604
2072 417 577
2073 2048 545
2074 4564 375
2075 5126 437
2076 0 -1
2077 2921 478
2078 3400 503
2079 5463 349
2080 5410 509
2081 5760 353
2082 6474 524
2083 6403 518
2084 3372 475
2085 4191 339
2086 6194 513
2087 634 574
2088 6066 523
2089 1323 583
2090 80 390
2091 4193 467
2092 3513 681
2093 3814 417
2094 523 188
2095 2276 516
2096 0 -1
2097 421 464
2098 1194 513
2099 3958 554
2100 6247 607
2101 158 428
2102 2502 418
2103 5665 426
2104 396 529
2105 6054 436
2106 1473 449
2107 547 555
2108 3994 678
2109 4812 458
2110 2027 461
2111 4793 439
2112 1651 364
2113 3132 664
2114 1552 499
2115 1294 515
2116 1112 411
2117 5308 501
2118 2070 438
2119 5140 600
2120 6444 364
2121 5401 646
2122 4697 422
2123 6239 497
2124 2685 633
2125 3514 456
2126 3912 515
2127 5516 579
2128 0 -1
2129 5393 424
2130 1059 458
2131 1333 431
2132 3281 559
2133 1299 414
2134 4071 500
2135 2940 448
2136 4987 481
2137 4287 456
2138 3351 360
2139 3325 541
2140 4527 545
2141 821 513
2142 764 501
2143 714 602
2144 3992 347
2145 6250 436
2146 2625 394
2147 3473 361
2148 1469 591
2149 4093 534
2150 211 469
2151 2636 498
2152 1809 462
2153 588 416
2154 2274 440
2155 6005 301
2156 865 484
2157 6382 414
2158 4522 596
2159 2312 490
2160 3927 403
2161 4166 523
2162 6345 406
2163 1135 537
2164 1872 288
2165 2009 600
2166 5126 382
2167 5065 328
2168 1209 370
2169 0 -1
2170 186 487
2171 3302 491
2172 4226 478
2173 4516 557
2174 3436 411
2175 3713 389
2176 4525 451
2177 22 437
2178 640 354
2179 1444 526
2180 3258 601
2181 6058 455
2182 1166 522
2183 1936 495
2184 4994 421
2185 1980 433
2186 3214 413
2187 3098 585
2188 971 431
2189 4428 429
2190 6297 498
2191 5208 410
2192 4088 473
2193 4 414
2194 1959 597
2195 444 435
2196 6091 594
2197 0 -1
2198 6100 438
2199 6561 509
2200 170 485
2201 4793 507
2202 2353 371
2203 3049 522
2204 4048 443
2205 4001 467
2206 2024 428
2207 1105 634
2208 1278 496
2209 0 -1
2210 2887 528
2211 1221 418
2212 5650 482
2213 3336 724
2214 3912 532
2215 587 412
2216 1377 435
2217 4583 465
2218 0 -1
2219 4499 483
2220 5329 538
2221 3933 495
2222 5886 428
2223 3889 384
2224 1162 521
2225 185 472
2226 5687 451
2227 2418 413
2228 5104 666
2229 5520 652
2230 0 -1
2231 2602 482
2232 0 -1
2233 848 495
2234 2543 597
2235 5861 594
2236 2906 399
2237 1856 455
2238 4426 452
2239 2729 463
2240 587 417
2241 4758 533
2242 4085 698
2243 1996 468
2244 4019 344
2245 2157 454
2246 2314 543
2247 6110 490
2248 399 472
2249 1405 524
2250 4291 475
2251 0 -1
2252 3502 541
2253 3570 498
2254 1968 438
2255 1884 410
2256 0 -1
2257 3186 593
2258 3794 470
2259 5494 472
2260 6201 520
2261 5755 455
2262 3603 387
2263 0 -1
2264 5358 546
2265 0 -1
2266 4122 565
2267 1595 439
2268 5288 447
2269 5946 636
2270 2465 494
2271 2647 490
2272 3157 422
2273 900 600
2274 1299 431
2275 779 486
2276 5675 434
2277 933 558
2278 0 -1
2279 275 523
2280 4911 569
2281 1544 622
2282 5745 586
2283 0 -1
2284 0 -1
2285 1468 452
2286 1289 413
2287 5465 663
2288 5962 463
2289 0 -1
2290 3450 485
2291 2792 505
2292 0 -1
2293 938 472
2294 2400 428
2295 4752 496
2296 5554 426
2297 5516 499
2298 2144 460
2299 9 458
2300 4184 375
2301 3862 476
2302 4063 405
2303 0 -1
2304 3629 450
2305 4039 447
2306 605 519
2307 2343 447
2308 491 503
2309 3141 483
2310 6345 432
2311 1831 371
2312 963 482
2313 5830 574
2314 4031 534
2315 550 431
2316 6165 382
2317 2500 440
2318 3321 498
2319 6392 517
2320 6030 518
2321 446 595
2322 425 488
2323 2417 502
2324 561 402
2325 232 465
2326 3256 501
2327 6371 593
2328 6584 406
2329 3033 565
2330 5330 440
2331 4651 558
2332 4281 475
2333 1652 453
2334 5736 427
2335 1040 389
2336 169 525
2337 1268 377
2338 4883 495
2339 2458 435
2340 3214 452
2341 38 348
2342 6106 528
2343 2223 442
2344 421 469
2345 4800 453
2346 5339 598
2347 4184 389
2348 3448 427
2349 3957 565
2350 5675 427
2351 1418 365
2352 1536 548
2353 3207 282
2354 1271 473
2355 1235 480
2356 6051 479
2357 4420 501
2358 5954 432
2359 3603 399
2360 5005 590
2361 4485 482
2362 6177 348
2363 3208 509
2364 6113 529
2365 2823 486
2366 33 547
2367 254 521
2368 6536 501
2369 4686 511
2370 1382 376
2371 4196 512
2372 5186 403
2373 5069 528
2374 4894 547
2375 3194 528
2376 3009 368
2377 2724 438
2378 6219 450
2379 580 516
2380 1219 458
2381 0 -1
2382 5950 473
2383 6595 509
2384 0 -1
2385 4304 506
2386 3005 419
2387 5482 574
2388 6150 514
2389 2351 447
2390 5346 489
2391 5910 478
2392 3406 505
2393 0 -1
2394 2752 429
2395 3482 456
2396 6447 466
2397 2918 553
2398 0 -1
2399 2936 580
2400 1541 413
2401 5700 239
2402 0 -1
2403 6196 540
2404 0 -1
2405 6520 373
2406 5162 390
2407 5375 508
2408 2940 393
2409 174 215
2410 5082 387
2411 0 -1
2412 1112 358
2413 2819 574
2414 2564 395
2415 0 -1
2416 0 -1
2417 3581 485
2418 805 360
2419 1094 485
2420 6054 412
2421 2337 415
2422 4048 483
2423 1183 492
2424 1036 584
2425 512 432
2426 5010 540
2427 1998 455
2428 5352 402
2429 1707 467
2430 845 388
2431 4855 537
2432 2341 441
2433 6241 574
2434 5138 333
2435 3698 470
2436 3105 412
2437 1557 655
2438 135 362
2439 3951 398
2440 308 463
2441 5669 437
2442 5908 482
2443 3985 531
2444 4886 387
2445 3925 490
2446 3380 381
2447 517 531
2448 470 417
2449 125 421
2450 6285 606
2451 3515 457
2452 0 -1
2453 2174 420
2454 1859 605
2455 5182 479
2456 1636 384
2457 385 525
2458 3395 431
2459 1150 616
2460 4442 462
2461 2578 587
2462 1588 530
2463 0 -1
2464 6279 529
2465 1186 494
2466 4750 333
2467 3855 471
2468 3195 724
2469 5361 515
2470 5861 566
2471 0 -1
2472 4980 530
2473 1501 568
2474 2508 491
2475 680 461
2476 5978 587
2477 2656 478
2478 2688 456
2479 5421 469
2480 1975 412
2481 5138 350
2482 4317 672
2483 5340 426
2484 5760 372
2485 3233 437
2486 1028 550
2487 1250 346
2488 4949 519
2489 2178 360
2490 4663 509
2491 5178 603
2492 5141 586
2493 0 -1
2494 4612 554
2495 4804 545
2496 2386 464
2497 2352 607
2498 2458 440
2499 0 -1
2500 761 440
2501 1238 500
2502 117 311
2503 10 483
2504 4939 587
2505 567 484
2506 6133 430
2507 3099 549
2508 3713 430
2509 5623 509
2510 0 -1
2511 3022 507
2512 98 565
2513 1780 551
2514 34 482
2515 971 442
2516 4757 296
2517 5778 571
2518 2362 372
2519 0 -1
2520 2914 537
2521 5968 613
2522 2259 537
2523 2345 561
2524 147 473
2525 2900 548
2526 3731 447
2527 0 -1
2528 3478 544
2529 5878 291
2530 4442 495
2531 3040 408
2532 1395 481
2533 679 527
2534 983 526
2535 4193 495
2536 412 540
2537 5459 433
2538 4720 479
2539 6254 458
2540 2085 420
2541 2271 562
2542 4637 518
2543 108 504
2544 0 -1
2545 2315 431
2546 539 597
2547 705 374
2548 1377 372
2549 2774 334
2550 5932 470
2551 0 -1
2552 3977 465
2553 5300 493
2554 3520 478
2555 6221 489
2556 1226 566
2557 6536 463
2558 6360 465
2559 5072 441
2560 192 445
2561 6048 500
2562 3837 490
2563 2457 545
2564 2951 369
2565 1382 359
2566 5312 388
2567 110 356
2568 1442 564
2569 1942 589
2570 1693 528
2571 754 588
2572 9 412
2573 4390 622
2574 2860 688
2575 3072 627
2576 3214 374
2577 5901 597
2578 433 554
2579 3151 583
2580 4909 503
2581 1893 465
2582 5351 537
2583 6412 661
2584 4498 540
2585 2187 671
2586 1813 535
2587 2921 508
2588 3873 489
2589 1177 272
2590 533 478
2591 5292 501
2592 3604 654
2593 3902 440
2594 3360 542
2595 1114 504
2596 5002 607
2597 5123 503
2598 0 -1
2599 0 -1
2600 6227 515
2601 3247 350
2602 3019 477
2603 2871 474
2604 0 -1
2605 6555 228
2606 3583 330
2607 2374 547
2608 2410 445
2609 44 512
2610 3112 477
2611 4098 466
2612 1588 517
2613 4576 356
2614 4925 373
2615 1563 426
2616 4664 511
2617 3674 504
2618 5163 501
2619 0 -1
2620 3528 366
2621 6020 455
2622 2539 506
2623 0 -1
2624 0 -1
2625 4924 301
2626 4593 405
2627 3250 370
2628 4014 462
2629 3951 452
2630 3247 400
2631 2227 475
2632 1740 489
2633 1253 398
2634 3988 515
2635 2112 458
2636 5541 448
2637 5410 453
2638 999 463
2639 3514 531
2640 383 548
2641 793 506
2642 6268 523
2643 2353 348
2644 1327 488
2645 4252 456
2646 5348 620
2647 1635 487
2648 2081 464
2649 5020 443
2650 6532 422
2651 0 -1
2652 214 476
2653 5131 404
2654 6349 495
2655 102 436
2656 3762 470
2657 4944 431
2658 0 -1
2659 4484 569
2660 0 -1
2661 611 376
2662 4823 488
2663 1632 457
2664 2130 461
2665 2621 545
2666 2097 507
2667 5256 439
2668 3777 443
2669 2400 443
2670 5526 429
2671 2483 433
2672 343 440
2673 5840 518
2674 2918 463
2675 6426 538
2676 3489 522
2677 5658 412
2678 5763 500
2679 4739 525
2680 3672 671
2681 4523 399
2682 3417 580
2683 346 429
2684 1212 478
2685 2325 544
2686 3839 594
2687 1022 531
2688 2255 414
2689 5947 455
2690 5643 383
2691 5501 555
2692 1615 568
2693 2711 459
2694 6130 518
2695 216 642
2696 1170 519
2697 4361 395
2698 5604 399
2699 281 410
2700 5554 400
2701 379 523
2702 3800 476
2703 0 -1
2704 5829 471
2705 6265 428
2706 5168 542
2707 0 -1
2708 1970 467
2709 5552 575
2710 0 -1
2711 4841 437
2712 4415 289
2713 2962 422
2714 845 375
2715 4804 463
2716 5639 466
2717 3976 389
2718 4359 513
2719 3114 478
2720 293 502
2721 0 -1
2722 5142 386
2723 6256 521
2724 3833 419
2725 3172 447
2726 3638 508
2727 370 494
2728 2173 557
2729 2414 448
2730 2174 498
2731 3677 515
2732 4458 477
2733 5272 252
2734 1499 577
2735 4629 312
2736 5716 508
2737 4874 564
2738 2626 459
2739 5333 427
2740 3499 507
2741 3497 388
2742 3361 764
2743 3817 511
2744 5960 464
2745 5628 578
2746 4630 395
2747 248 468
2748 1124 478
2749 4543 542
2750 152 741
2751 4303 551
2752 3707 418
2753 2505 544
2754 6332 539
2755 1567 587
2756 3487 484
2757 5771 411
2758 2181 455
2759 5696 487
2760 5127 474
2761 563 538
2762 3510 489
2763 6407 318
2764 3603 399
2765 2967 579
2766 2305 462
2767 3600 583
2768 3272 420
2769 3443 544
2770 4063 426
2771 6086 594
2772 2085 385
2773 6540 675
2774 6177 302
2775 6235 498
2776 172 459
2777 3837 522
2778 3310 496
2779 887 504
2780 2562 564
2781 1395 532
2782 47 822
2783 3078 489
2784 4495 451
2785 3232 444
2786 3027 441
2787 6480 444
2788 4014 406
2789 4100 435
2790 3811 527
2791 827 429
2792 1767 424
2793 4350 487
2794 3390 506
2795 3558 517
2796 163 422
2797 1637 461
2798 2565 425
2799 2605 251
2800 4794 501
2801 845 406
2802 2449 495
2803 695 441
2804 5939 435
2805 2741 462
2806 5526 518
2807 0 -1
2808 5708 475
2809 1739 468
2810 5491 443
2811 381 521
2812 1041 468
2813 4289 471
2814 1872 384
2815 348 457
2816 1983 567
2817 6493 495
2818 5423 616
2819 2905 463
2820 5204 358
2821 0 -1
2822 228 490
2823 2614 377
2824 2882 502
2825 0 -1
2826 314 460
2827 1353 416
2828 3440 567
2829 1968 433
2830 4650 499
2831 5058 553
2832 3352 563
2833 1540 479
2834 305 451
2835 3976 420
2836 4692 460
2837 665 495
2838 5418 459
2839 3497 441
2840 6407 387
2841 959 609
2842 4389 627
2843 1663 458
2844 2796 441
2845 2013 405
2846 4344 541
2847 1612 367
2848 213 398
2849 0 -1
2850 0 -1
2851 421 459
2852 1226 483
2853 5345 374
2854 5903 631
2855 5533 521
2856 5632 386
2857 6110 491
2858 1377 406
2859 1767 388
2860 198 609
2861 5135 376
2862 2700 490
2863 5630 540
2864 6379 430
2865 2741 466
2866 3570 484
2867 4403 570
2868 6142 410
2869 5090 707
2870 781 548
2871 1449 465
2872 1108 591
2873 6562 514
2874 4914 493
2875 0 -1
2876 3207 395
2877 1291 530
2878 1131 405
2879 6300 364
2880 3698 402
2881 5303 535
2882 6044 501
2883 5481 453
2884 537 528
2885 6008 540
2886 4090 443
2887 897 527
2888 208 536
2889 3609 422
2890 240 355
2891 5754 510
2892 3995 572
2893 462 679
2894 2768 443
2895 1096 437
2896 5981 366
2897 2337 440
2898 4051 575
2899 832 327
2900 3322 528
2901 5295 474
2902 4632 464
2903 4394 580
2904 5908 414
2905 3188 463
2906 4371 367
2907 3120 462
2908 1092 499
2909 4583 492
2910 4878 542
2911 294 453
2912 468 520
2913 0 -1
2914 2633 469
2915 469 437
2916 755 446
2917 321 396
2918 2483 454
2919 3812 657
2920 6078 491
2921 373 451
2922 0 -1
2923 6115 474
2924 3587 509
2925 5913 503
2926 1311 347
2927 0 -1
2928 3999 573
2929 1363 365
2930 2847 468
2931 1608 474
2932 1857 397
2933 2815 534
2934 353 528
2935 4955 373
2936 6497 527
2937 318 495
2938 4758 516
2939 3909 404
2940 15 388
2941 6164 356
2942 4562 410
2943 3913 505
2944 5045 464
2945 4269 577
2946 4406 491
2947 6113 535
2948 3560 623
2949 2915 479
2950 760 526
2951 6387 346
2952 2514 543
2953 2487 425
2954 116 413
2955 1842 415
2956 1355 499
2957 5451 458
2958 3022 477
2959 5670 639
2960 4804 482
2961 5233 521
2962 2880 418
2963 4854 483
2964 5675 379
2965 2959 666
2966 647 464
2967 4564 459
2968 6416 546
2969 6378 538
2970 0 -1
2971 2171 577
2972 2081 459
2973 1931 463
2974 5545 324
2975 3081 472
2976 4698 480
2977 3244 480
2978 108 516
2979 934 404
2980 1447 506
2981 4599 381
2982 2464 540
2983 5694 563
2984 0 -1
2985 1561 444
2986 2612 541
2987 3033 602
2988 3934 598
2989 3661 415
2990 3492 522
2991 5075 447
2992 3473 396
2993 5418 464
2994 5782 539
2995 2380 518
2996 2861 406
2997 2092 708
2998 2829 511
2999 0 -1
3000 4610 427
3001 3760 538
3002 1573 663
3003 751 509
3004 1302 475
3005 6225 405
3006 4356 562
3007 96 461
3008 5563 419
3009 3876 365
3010 3457 435
3011 0 -1
3012 350 524
3013 835 529
3014 1335 538
3015 2105 488
3016 3287 309
3017 5398 474
3018 291 537
3019 1320 431
3020 1040 417
3021 4862 423
3022 3939 437
3023 1433 575
3024 121 519
3025 705 359
3026 0 -1
3027 1221 420
3028 0 -1
3029 1318 448
3030 3869 595
3031 2406 394
3032 3316 542
3033 5127 521
3034 4247 473
3035 0 -1
3036 4941 616
3037 4145 535
3038 1936 478
3039 5453 631
3040 2906 367
3041 2880 503
3042 4457 440
3043 4561 452
3044 346 455
3045 2757 455
3046 5775 454
3047 5779 312
3048 497 435
3049 4155 466
3050 5120 380
3051 3778 613
3052 0 -1
3053 2219 551
3054 0 -1
3055 2267 469
3056 4289 463
3057 4626 440
3058 1616 770
3059 2729 519
3060 3527 645
3061 2003 452
3062 143 572
3063 2681 511
3064 4510 491
3065 0 -1
3066 6240 507
3067 3170 613
3068 905 357
3069 1172 494
3070 5582 500
3071 5400 616
3072 2924 510
3073 2817 606
3074 4950 517
3075 3493 483
3076 5738 461
3077 614 473
3078 2467 473
3079 100 506
3080 3046 488
3081 1831 466
3082 0 -1
3083 672 579
3084 3042 467
3085 6121 567
3086 2188 506
3087 2609 515
3088 2370 424
3089 0 -1
3090 6455 403
3091 956 428
3092 4583 462
3093 647 423
3094 17 399
3095 5554 418
3096 2068 395
3097 1699 507
3098 5979 483
3099 3255 472
3100 3250 387
3101 5308 485
3102 680 466
3103 480 495
3104 0 -1
3105 4599 398
3106 637 444
3107 4723 570
3108 2227 452
3109 998 279
3110 0 -1
3111 0 -1
3112 2868 455
3113 6380 447
3114 1736 450
3115 940 212
3116 3573 407
3117 5373 496
3118 32 439
3119 5399 456
3120 5245 387
3121 3255 511
3122 4943 465
3123 3439 644
3124 0 -1
3125 3679 558
3126 445 603
3127 0 -1
3128 1743 494
3129 4691 601
3130 0 -1
3131 3142 508
3132 2447 552
3133 3467 419
3134 6205 445
3135 1732 430
3136 4083 583
3137 1711 458
3138 5678 553
3139 443 488
3140 1603 558
3141 950 415
3142 263 482
3143 0 -1
3144 3640 490
3145 4283 508
3146 2133 452
3147 0 -1
3148 3768 498
3149 5348 521
3150 3686 541
3151 1828 508
3152 3551 463
3153 2889 494
3154 3327 544
3155 723 427
3156 6404 464
3157 3094 415
3158 84 472
3159 690 492
3160 3347 527
3161 543 572
3162 0 -1
3163 5944 507
3164 5691 630
3165 1161 525
3166 2897 479
3167 5726 519
3168 0 -1
3169 1727 535
3170 1360 548
3171 1196 497
3172 3905 339
3173 3524 587
3174 4897 533
3175 3890 432
3176 4595 501
3177 3637 635
3178 1229 435
3179 1387 505
3180 5788 404
3181 951 519
3182 5952 449
3183 784 516
3184 5561 435
3185 530 485
3186 5495 483
3187 5001 551
3188 2055 451
3189 805 374
3190 5059 557
3191 0 -1
3192 3593 476
3193 3300 441
3194 2055 449
3195 1188 680
3196 3593 501
3197 1687 471
3198 5421 523
3199 0 -1
3200 3951 399
3201 1021 430
3202 4829 538
3203 3647 621
3204 5350 394
3205 5578 598
3206 0 -1
3207 174 281
3208 4214 410
3209 3135 431
3210 598 450
3211 4913 445
3212 6538 685
3213 4955 395
3214 1363 349
3215 5527 402
3216 598 459
3217 0 -1
3218 6134 553
3219 6225 348
3220 440 540
3221 96 484
3222 4948 629
3223 4670 524
3224 4846 465
3225 5075 434
3226 3106 445
3227 2645 562
3228 6172 427
3229 4411 579
3230 5554 382
3231 388 558
3232 1212 433
3233 680 416
3234 1212 447
3235 4015 506
3236 60 477
3237 1752 683
3238 144 454
3239 1768 510
3240 4694 542
3241 0 -1
3242 2186 517
3243 1122 430
3244 1828 448
3245 3677 486
3246 0 -1
3247 4361 341
3248 574 455
3249 39 550
3250 1483 322
3251 1093 373
3252 1415 362
3253 1862 581
3254 5304 461
3255 4574 424
3256 3776 465
3257 5122 445
3258 5818 539
3259 2873 523
3260 2647 497
3261 3115 263
3262 24 447
3263 408 401
3264 4238 553
3265 2039 511
3266 3395 490
3267 485 466
3268 37 376
3269 6563 491
3270 2065 586
3271 0 -1
3272 3875 365
3273 1620 479
3274 1857 471
3275 6305 494
3276 1017 522
3277 239 561
3278 4271 482
3279 4718 479
3280 1463 388
3281 2386 439
3282 449 356
3283 4906 518
3284 0 -1
3285 2167 337
3286 3055 514
3287 4783 297
3288 1283 487
3289 3545 661
3290 4918 466
3291 3214 362
3292 1507 501
3293 5093 633
3294 1826 487
3295 5737 475
3296 5811 904
3297 3266 520
3298 4652 415
3299 1381 502
3300 5109 369
3301 1104 590
3302 3437 415
3303 3982 524
3304 0 -1
3305 4578 494
3306 5399 464
3307 1167 505
3308 5935 570
3309 5949 544
3310 5064 446
3311 1823 525
3312 4629 281
3313 1204 578
3314 910 544
3315 832 345
3316 1214 465
3317 3412 470
3318 391 526
3319 395 355
3320 2317 552
3321 5330 471
3322 4189 491
3323 1659 540
3324 4800 509
3325 5490 447
3326 1810 528
3327 1429 464
3328 4915 470
3329 5781 549
3330 5327 552
3331 1054 412
3332 3694 537
3333 1453 484
3334 1674 459
3335 3463 546
3336 4179 623
3337 926 462
3338 312 496
3339 6219 495
3340 2655 500
3341 672 550
3342 676 508
3343 2191 420
3344 3876 432
3345 2774 393
3346 4114 525
3347 4125 451
3348 3503 526
3349 2041 517
3350 2015 451
3351 3380 351
3352 1206 443
3353 0 -1
3354 127 408
3355 2549 380
3356 3430 389
3357 6441 365
3358 6316 424
3359 0 -1
3360 4767 461
3361 5968 651
3362 2063 574
3363 1229 494
3364 4450 463
3365 94 558
3366 6043 497
3367 6227 576
3368 613 536
3369 5741 386
3370 6139 513
3371 1976 515
3372 4116 437
3373 0 -1
3374 962 480
3375 3117 531
3376 2254 516
3377 1918 511
3378 5149 424
3379 4728 567
3380 5571 316
3381 2290 528
3382 6402 466
3383 609 481
3384 1959 508
3385 4019 436
3386 2185 504
3387 4293 455
3388 3870 521
3389 1355 500
3390 2700 451
3391 2789 445
3392 0 -1
3393 1278 440
3394 624 536
3395 6561 412
3396 2238 545
3397 151 491
3398 1837 383
3399 4428 423
3400 5883 474
3401 4154 503
3402 4027 462
3403 4672 520
3404 5100 563
3405 1651 380
3406 5484 461
3407 517 528
3408 0 -1
3409 399 477
3410 487 510
3411 4785 616
3412 1943 470
3413 5611 539
3414 3684 409
3415 5249 524
3416 3263 422
3417 116 469
3418 4645 377
3419 1873 455
3420 6206 537
3421 0 -1
3422 3208 514
3423 5098 394
3424 317 489
3425 3598 519
3426 2074 466
3427 3377 541
3428 0 -1
3429 3761 594
3430 395 329
3431 4827 497
3432 5726 538
3433 179 512
3434 5836 435
3435 3989 548
3436 2146 400
3437 5732 395
3438 4417 419
3439 4980 566
3440 6536 512
3441 5799 507
3442 3573 421
3443 3197 493
3444 5371 762
3445 5398 456
3446 6005 303
3447 5923 415
3448 5683 342
3449 4044 449
3450 557 433
3451 176 540
3452 5411 511
3453 3156 468
3454 3426 517
3455 4776 486
3456 3565 595
3457 4971 423
3458 4475 518
3459 1710 394
3460 5201 574
3461 328 437
3462 5840 571
3463 3550 531
3464 6594 502
3465 0 -1
3466 2266 590
3467 5868 413
3468 1622 499
3469 2236 458
3470 3631 492
3471 2939 434
3472 2516 322
3473 3583 355
3474 4727 419
3475 4173 423
3476 2788 516
3477 1631 424
3478 5311 526
3479 2643 392
3480 821 531
3481 3928 326
3482 1238 447
3483 4256 529
3484 6063 488
3485 0 -1
3486 2951 410
3487 642 432
3488 1791 488
3489 5214 466
3490 5577 425
3491 3119 480
3492 6467 464
3493 1168 482
3494 6253 437
3495 2914 552
3496 2274 491
3497 4629 349
3498 5142 357
3499 2627 439
3500 6099 759
3501 3096 445
3502 3512 508
3503 4704 442
3504 5071 486
3505 1196 481
3506 83 490
3507 4643 508
3508 2122 515
3509 5203 504
3510 587 402
3511 619 517
3512 2376 397
3513 4384 681
3514 1605 449
3515 2827 435
3516 3550 484
3517 1744 474
3518 5287 465
3519 4076 467
3520 125 395
3521 2918 477
3522 1972 504
3523 0 -1
3524 3236 495
3525 625 394
3526 4104 444
3527 5055 613
3528 5545 360
3529 221 478
3530 2795 542
3531 6131 749
3532 1480 519
3533 702 417
3534 5871 504
3535 776 465
3536 533 478
3537 1076 521
3538 0 -1
3539 6345 397
3540 2856 407
3541 2620 396
3542 3401 596
3543 41 474
3544 1267 529
3545 2634 596
3546 4478 450
3547 2481 438
3548 4101 487
3549 3291 397
3550 5899 439
3551 2085 389
3552 1557 576
3553 6448 565
3554 615 514
3555 0 -1
3556 342 489
3557 4025 493
3558 4916 509
3559 0 -1
3560 41 506
3561 6473 537
3562 1482 486
3563 5671 474
3564 365 329
3565 3324 557
3566 4622 620
3567 3081 551
3568 5292 457
3569 3419 489
3570 5980 471
3571 2170 501
3572 2934 574
3573 3867 371
3574 2305 532
3575 1968 395
3576 5227 496
3577 456 478
3578 2177 466
3579 2566 416
3580 1825 483
3581 5175 485
3582 857 444
3583 3928 323
3584 4488 559
3585 3486 488
3586 4509 479
3587 2436 508
3588 1477 420
3589 2099 562
3590 5337 589
3591 3676 554
3592 1110 414
3593 1278 464
3594 4978 547
3595 4071 456
3596 4482 438
3597 2672 444
3598 5054 503
3599 0 -1
3600 2958 481
3601 414 566
3602 4652 455
3603 3418 379
3604 605 545
3605 5539 516
3606 1857 405
3607 5364 405
3608 1102 517
3609 913 416
3610 1622 489
3611 4011 446
3612 3486 512
3613 1837 432
3614 937 529
3615 5665 432
3616 1664 374
3617 967 457
3618 6118 378
3619 5413 475
3620 2566 443
3621 2485 456
3622 0 -1
3623 3536 487
3624 5013 538
3625 470 527
3626 5908 492
3627 3759 603
3628 2722 415
3629 15 409
3630 5202 406
3631 2240 442
3632 3005 471
3633 2104 543
3634 3324 597
3635 3729 522
3636 6151 493
3637 856 595
3638 4304 472
3639 5826 497
3640 1041 459
3641 1598 555
3642 0 -1
3643 4489 402
3644 5645 725
3645 0 -1
3646 1629 614
3647 3103 505
3648 0 -1
3649 5335 606
3650 1281 471
3651 907 529
3652 1926 558
3653 5438 523
3654 6531 410
3655 1700 442
3656 3088 508
3657 5202 436
3658 6274 474
3659 125 374
3660 1296 331
3661 1341 412
3662 2418 368
3663 1792 437
3664 5307 618
3665 0 -1
3666 1027 482
3667 2275 521
3668 663 489
3669 590 457
3670 4318 402
3671 1744 477
3672 3507 587
3673 5681 482
3674 6537 426
3675 3919 450
3676 5738 443
3677 5992 437
3678 0 -1
3679 1976 457
3680 1435 572
3681 841 438
3682 5226 595
3683 1459 414
3684 913 394
3685 1551 527
3686 1142 474
3687 1102 543
3688 2204 562
3689 0 -1
3690 4295 551
3691 2162 430
3692 2171 515
3693 5582 417
3694 5724 455
3695 3278 548
3696 3650 478
3697 2657 452
3698 2859 396
3699 693 294
3700 786 509
3701 5306 474
3702 0 -1
3703 905 390
3704 2477 522
3705 0 -1
3706 1970 510
3707 1337 393
3708 3917 488
3709 2137 492
3710 0 -1
3711 0 -1
3712 1966 434
3713 1837 357
3714 0 -1
3715 5212 484
3716 3479 404
3717 2057 523
3718 3818 595
3719 787 364
3720 5403 462
3721 1304 451
3722 3663 499
3723 4411 509
3724 0 -1
3725 1096 424
3726 5852 440
3727 1321 447
3728 2952 560
3729 1259 470
3730 1086 569
3731 3963 407
3732 1614 550
3733 3922 612
3734 43 497
3735 2853 444
3736 4692 402
3737 3985 418
3738 1403 560
3739 0 -1
3740 5176 604
3741 5563 450
3742 4820 558
3743 1474 442
3744 903 631
3745 2635 468
3746 4418 462
3747 2681 486
3748 696 419
3749 5031 541
3750 4275 525
3751 991 552
3752 3995 518
3753 159 754
3754 3488 508
3755 4229 488
3756 2290 508
3757 914 571
3758 6552 565
3759 6561 493
3760 3949 501
3761 6289 525
3762 3520 464
3763 3225 523
3764 2157 468
3765 2438 453
3766 6054 457
3767 99 459
3768 3643 422
3769 1192 528
3770 5333 401
3771 456 473
3772 2429 492
3773 123 408
3774 4251 437
3775 4384 612
3776 5266 448
3777 5065 437
3778 1698 585
3779 4596 500
3780 6437 468
3781 575 497
3782 5611 547
3783 5340 448
3784 5847 444
3785 0 -1
3786 3498 472
3787 0 -1
3788 899 566
3789 4389 539
3790 172 430
3791 6573 544
3792 2663 480
3793 1355 531
3794 4355 421
3795 2784 458
3796 5245 452
3797 784 507
3798 1214 457
3799 2565 386
3800 5674 468
3801 374 483
3802 2923 493
3803 792 457
3804 307 513
3805 5302 584
3806 6064 399
3807 5900 467
3808 168 612
3809 942 494
3810 682 620
3811 2478 470
3812 303 615
3813 4517 401
3814 5736 405
3815 1272 467
3816 4756 494
3817 4377 476
3818 2637 500
3819 69 572
3820 1456 574
3821 3524 595
3822 5490 434
3823 6253 386
3824 2084 528
3825 0 -1
3826 2406 478
3827 0 -1
3828 297 472
3829 2845 439
3830 3593 578
3831 845 387
3832 3615 432
3833 2876 406
3834 2981 453
3835 1680 617
3836 6200 537
3837 3325 490
3838 1222 461
3839 6391 549
3840 1646 419
3841 779 483
3842 4746 541
3843 5709 423
3844 2309 491
3845 65 452
3846 2449 424
3847 5249 541
3848 4720 429
3849 2739 547
3850 727 427
3851 3097 626
3852 4523 441
3853 3549 489
3854 0 -1
3855 6136 421
3856 2270 568
3857 1169 548
3858 1365 454
3859 0 -1
3860 6402 550
3861 1388 562
3862 1186 446
3863 504 482
3864 3752 557
3865 3267 491
3866 1917 515
3867 5138 370
3868 2424 642
3869 996 525
3870 1687 453
3871 317 463
3872 1307 584
3873 4672 403
3874 2942 444
3875 6108 298
3876 1311 352
3877 3163 526
3878 1446 472
3879 1055 551
3880 2756 525
3881 3403 552
3882 0 -1
3883 213 410
3884 299 488
3885 6486 721
3886 4485 593
3887 3372 534
3888 690 400
3889 2549 374
3890 326 429
3891 5878 308
3892 2105 497
3893 3986 504
3894 1448 546
3895 0 -1
3896 5526 460
3897 588 468
3898 3048 483
3899 6553 455
3900 1298 480
3901 2974 345
3902 1288 421
3903 6173 627
3904 1174 555
3905 5060 274
3906 565 592
3907 4050 503
3908 5671 477
3909 5604 379
3910 3916 537
3911 4710 568
3912 4458 473
3913 493 463
3914 2964 437
3915 1988 587
3916 1663 446
3917 3486 424
3918 3357 478
3919 3992 337
3920 1341 451
3921 433 566
3922 5317 567
3923 1951 561
3924 3475 523
3925 2894 455
3926 2048 509
3927 3867 375
3928 1193 235
3929 4063 418
3930 6174 543
3931 1175 555
3932 652 522
3933 2752 473
3934 667 478
3935 5720 514
3936 3823 418
3937 482 430
3938 5759 423
3939 5563 408
3940 0 -1
3941 5772 470
3942 4544 518
3943 1739 497
3944 0 -1
3945 5193 462
3946 1373 459
3947 718 424
3948 1271 522
3949 2168 484
3950 2923 476
3951 3472 351
3952 383 552
3953 5280 495
3954 3659 441
3955 228 424
3956 1727 529
3957 1884 484
3958 6461 551
3959 3113 501
3960 1516 509
3961 0 -1
3962 2252 545
3963 3219 384
3964 2829 539
3965 2318 613
3966 1062 449
3967 5138 385
3968 3779 505
3969 2496 465
3970 1545 615
3971 6239 446
3972 2912 601
3973 2531 410
3974 3890 472
3975 6512 501
3976 1311 360
3977 3929 459
3978 265 525
3979 1548 455
3980 6179 515
3981 4988 540
3982 3833 424
3983 0 -1
3984 985 616
3985 3891 416
3986 1550 496
3987 0 -1
3988 3005 493
3989 289 516
3990 6520 377
3991 1981 582
3992 2605 299
3993 1871 400
3994 3619 568
3995 3049 479
3996 5459 481
3997 6358 452
3998 3280 395
3999 2304 482
4000 3606 466
4001 206 397
4002 3420 546
4003 5195 443
4004 3833 468
4005 5979 471
4006 3985 424
4007 3967 467
4008 4626 415
4009 2370 376
4010 6407 354
4011 1594 407
4012 5837 448
4013 3813 474
4014 578 390
4015 5043 442
4016 3024 551
4017 4191 351
4018 3926 549
4019 174 333
4020 0 -1
4021 2754 574
4022 126 425
4023 1353 453
4024 539 489
4025 4904 420
4026 0 -1
4027 2024 449
4028 3551 414
4029 6048 484
4030 3475 438
4031 4406 470
4032 3479 466
4033 6007 524
4034 3454 624
4035 6365 482
4036 4319 542
4037 4278 521
4038 3806 518
4039 998 342
4040 423 502
4041 0 -1
4042 480 515
4043 562 458
4044 2456 397
4045 4198 691
4046 2820 404
4047 557 494
4048 3287 380
4049 3378 477
4050 5035 428
4051 4138 510
4052 0 -1
4053 3675 533
4054 3912 551
4055 0 -1
4056 5081 598
4057 864 487
4058 3568 496
4059 389 545
4060 4246 521
4061 0 -1
4062 5850 470
4063 6429 388
4064 135 465
4065 276 516
4066 3233 455
4067 0 -1
4068 767 381
4069 3007 465
4070 2351 406
4071 2042 412
4072 0 -1
4073 4427 683
4074 5692 516
4075 6550 501
4076 599 457
4077 4266 623
4078 4777 530
4079 4204 496
4080 1779 486
4081 0 -1
4082 5556 473
4083 2294 548
4084 6278 368
4085 103 596
4086 1343 480
4087 1865 606
4088 4100 438
4089 4279 594
4090 1833 380
4091 6548 525
4092 0 -1
4093 28 462
4094 1966 428
4095 6172 375
4096 5642 436
4097 3707 502
4098 2456 444
4099 5889 496
4100 2613 368
4101 4355 403
4102 3951 398
4103 2026 574
4104 5675 416
4105 2233 551
4106 2530 610
4107 3262 510
4108 383 540
4109 447 443
4110 3894 546
4111 6118 410
4112 3568 495
4113 6068 403
4114 6319 413
4115 5381 516
4116 5997 422
4117 0 -1
4118 371 474
4119 621 589
4120 4458 519
4121 2650 477
4122 3447 526
4123 102 447
4124 5583 521
4125 1879 443
4126 3324 517
4127 4148 558
4128 3310 483
4129 0 -1
4130 5246 510
4131 3342 611
4132 4102 445
4133 3418 409
4134 115 160
4135 4214 400
4136 2909 512
4137 6218 497
4138 702 479
4139 6550 498
4140 2906 412
4141 2529 380
4142 5473 315
4143 5327 492
4144 0 -1
4145 2975 472
4146 1804 462
4147 3208 485
4148 4088 445
4149 4350 492
4150 176 472
4151 1877 495
4152 4323 659
4153 3731 407
4154 1260 440
4155 185 403
4156 5644 542
4157 2269 727
4158 6573 486
4159 4169 482
4160 2895 491
4161 2454 715
4162 0 -1
4163 4943 447
4164 3238 462
4165 6553 534
4166 1180 517
4167 2729 469
4168 5996 563
4169 3093 444
4170 6422 538
4171 3123 752
4172 1298 460
4173 1222 407
4174 5752 441
4175 3734 528
4176 2648 549
4177 77 366
4178 1782 551
4179 3661 527
4180 0 -1
4181 5204 409
4182 1601 443
4183 0 -1
4184 395 334
4185 5193 520
4186 1940 483
4187 4118 571
4188 0 -1
4189 4095 385
4190 3862 475
4191 3875 306
4192 5870 490
4193 4832 405
4194 4179 538
4195 3681 474
4196 5484 447
4197 3496 563
4198 4877 578
4199 1699 503
4200 5064 480
4201 4655 372
4202 2940 400
4203 3307 524
4204 1054 476
4205 6530 524
4206 5333 409
4207 6283 659
4208 864 477
4209 1856 440
4210 6163 471
4211 474 444
4212 3855 512
4213 94 534
4214 6559 382
4215 0 -1
4216 228 452
4217 2162 438
4218 4084 383
4219 5229 436
4220 5225 525
4221 1720 524
4222 3508 628
4223 5817 506
4224 2175 409
4225 1365 492
4226 6145 463
4227 5236 439
4228 866 344
4229 4957 446
4230 5001 486
4231 4978 456
4232 2864 443
4233 678 431
4234 5340 347
4235 3019 488
4236 3506 544
4237 4130 549
4238 6597 462
4239 5851 574
4240 6510 465
4241 4022 504
4242 2636 555
4243 4619 548
4244 5159 475
4245 1019 459
4246 3655 447
4247 3737 418
4248 6495 570
4249 2778 497
4250 4185 609
4251 283 419
4252 1278 412
4253 0 -1
4254 3208 458
4255 3669 474
4256 4172 503
4257 4818 382
4258 787 366
4259 5897 487
4260 0 -1
4261 40 474
4262 4338 510
4263 787 482
4264 5580 525
4265 2195 441
4266 5223 560
4267 0 -1
4268 4509 476
4269 6590 511
4270 4511 448
4271 2705 442
4272 1227 555
4273 135 423
4274 0 -1
4275 6120 518
4276 2988 653
4277 3256 571
4278 2254 448
4279 2041 537
4280 2391 479
4281 5840 473
4282 3163 511
4283 5595 407
4284 5845 562
4285 4588 467
4286 2879 384
4287 3831 412
4288 1825 485
4289 6100 400
4290 1253 466
4291 1674 467
4292 2524 549
4293 1822 408
4294 2162 486
4295 151 483
4296 0 -1
4297 2191 431
4298 2077 504
4299 420 527
4300 2129 424
4301 0 -1
4302 6324 539
4303 4957 522
4304 3282 443
4305 5596 556
4306 3399 490
4307 5954 369
4308 0 -1
4309 5827 541
4310 6108 350
4311 2787 486
4312 913 402
4313 0 -1
4314 2857 511
4315 1469 505
4316 1677 563
4317 724 660
4318 934 362
4319 2483 532
4320 1191 467
4321 3137 468
4322 6322 517
4323 6209 607
4324 0 -1
4325 1486 568
4326 5595 467
4327 1712 576
4328 3486 432
4329 174 316
4330 45 515
4331 4625 527
4332 5171 508
4333 4799 582
4334 3849 589
4335 2859 507
4336 5258 578
4337 3655 482
4338 5934 500
4339 5184 422
4340 3141 450
4341 1055 598
4342 520 423
4343 3719 464
4344 1594 470
4345 3355 428
4346 2993 472
4347 768 436
4348 4489 437
4349 1254 625
4350 5283 376
4351 4209 452
4352 6280 531
4353 4391 474
4354 2417 533
4355 2518 387
4356 4767 493
4357 1166 490
4358 676 532
4359 2175 473
4360 206 412
4361 2502 321
4362 6172 389
4363 4978 459
4364 5289 536
4365 3464 578
4366 472 556
4367 0 -1
4368 5082 417
4369 3189 398
4370 0 -1
4371 2353 347
4372 0 -1
4373 383 579
4374 2638 504
4375 5527 298
4376 2878 498
4377 4420 444
4378 2106 494
4379 1468 482
4380 3792 543
4381 1826 556
4382 37 467
4383 633 486
4384 1969 566
4385 163 480
4386 2974 347
4387 1420 485
4388 5319 609
4389 4619 537
4390 2093 520
4391 2620 411
4392 4293 453
4393 4576 424
4394 5834 468
4395 870 594
4396 6314 801
4397 5387 539
4398 2568 574
4399 3595 473
4400 5433 597
4401 0 -1
4402 772 560
4403 1519 515
4404 520 438
4405 4585 479
4406 3387 467
4407 0 -1
4408 4068 498
4409 6037 584
4410 5846 591
4411 3490 468
4412 3397 554
4413 1806 448
4414 2225 526
4415 115 172
4416 6065 450
4417 5899 416
4418 5926 452
4419 3230 460
4420 6557 441
4421 2841 646
4422 5556 433
4423 0 -1
4424 1168 493
4425 2335 442
4426 3357 432
4427 5472 592
4428 116 389
4429 1026 485
4430 3697 533
4431 2786 464
4432 5439 460
4433 1482 456
4434 456 502
4435 6052 532
4436 4842 395
4437 1637 398
4438 286 538
4439 413 551
4440 4520 503
4441 1056 444
4442 751 434
4443 0 -1
4444 2362 428
4445 390 487
4446 3343 528
4447 527 589
4448 6413 519
4449 4115 524
4450 3230 419
4451 4950 570
4452 5539 503
4453 6288 412
4454 2567 444
4455 1019 427
4456 240 400
4457 2489 421
4458 4251 461
4459 485 451
4460 744 527
4461 3441 591
4462 854 434
4463 1228 586
4464 1727 526
4465 0 -1
4466 169 534
4467 4289 425
4468 3660 341
4469 5078 688
4470 0 -1
4471 4539 568
4472 5182 494
4473 3928 259
4474 6160 555
4475 4704 485
4476 1664 385
4477 1871 482
4478 486 420
4479 1335 473
4480 1776 431
4481 6218 521
4482 4609 433
4483 3695 576
4484 5013 505
4485 5306 477
4486 1778 390
4487 1528 450
4488 3486 464
4489 1778 372
4490 0 -1
4491 4647 355
4492 5189 537
4493 2941 425
4494 2307 514
4495 3351 415
4496 5419 551
4497 0 -1
4498 468 538
4499 1636 482
4500 2687 585
4501 1258 421
4502 4431 516
4503 0 -1
4504 6294 471
4505 2989 485
4506 3251 412
4507 5113 522
4508 4069 506
4509 355 464
4510 2917 482
4511 4189 419
4512 692 506
4513 4800 545
4514 3154 560
4515 1086 521
4516 5998 489
4517 891 372
4518 6004 481
4519 2548 398
4520 766 462
4521 4414 546
4522 6051 533
4523 4937 388
4524 2377 541
4525 5882 441
4526 2133 466
4527 2853 482
4528 4561 428
4529 4989 458
4530 5704 624
4531 0 -1
4532 4824 445
4533 5743 433
4534 3774 491
4535 6002 491
4536 3628 422
4537 2002 492
4538 5075 496
4539 1262 564
4540 2558 482
4541 334 580
4542 2158 653
4543 1465 492
4544 3437 463
4545 5216 567
4546 3338 608
4547 122 449
4548 5700 209
4549 513 397
4550 1856 531
4551 3528 459
4552 5019 473
4553 4700 386
4554 1536 465
4555 5169 517
4556 34 582
4557 0 -1
4558 3694 468
4559 0 -1
4560 344 415
4561 1978 427
4562 2712 316
4563 6040 539
4564 5106 342
4565 1405 522
4566 3369 427
4567 0 -1
4568 5613 509
4569 4871 614
4570 4003 462
4571 1945 513
4572 539 530
4573 2874 572
4574 1803 415
4575 0 -1
4576 3261 315
4577 6064 403
4578 2613 376
4579 3879 622
4580 413 513
4581 1176 512
4582 5689 314
4583 4201 412
4584 1893 487
4585 4574 423
4586 1699 572
4587 2274 481
4588 2386 445
4589 1558 473
4590 1810 510
4591 3016 323
4592 0 -1
4593 2007 392
4594 3696 510
4595 767 381
4596 4689 473
4597 5543 498
4598 3691 536
4599 941 299
4600 5139 539
4601 343 433
4602 5591 515
4603 2016 617
4604 2347 422
4605 3748 467
4606 1251 568
4607 1340 662
4608 4487 563
4609 2890 355
4610 5138 376
4611 2937 537
4612 5593 527
4613 652 508
4614 5572 473
4615 5414 506
4616 1581 611
4617 0 -1
4618 4564 380
4619 44 509
4620 784 487
4621 530 492
4622 1162 505
4623 0 -1
4624 4146 467
4625 3263 413
4626 2929 412
4627 2271 584
4628 3933 592
4629 6555 256
4630 5463 340
4631 3967 449
4632 1497 404
4633 147 467
4634 375 519
4635 5226 587
4636 0 -1
4637 2823 459
4638 1311 384
4639 5652 466
4640 5243 285
4641 2007 440
4642 0 -1
4643 4318 465
4644 0 -1
4645 2549 343
4646 6404 542
4647 3928 331
4648 4670 554
4649 3905 304
4650 4098 465
4651 4913 456
4652 135 415
4653 2668 449
4654 0 -1
4655 1353 370
4656 3655 492
4657 2353 318
4658 6048 454
4659 0 -1
4660 1015 512
4661 167 426
4662 6597 510
4663 3315 452
4664 595 438
4665 1371 552
4666 2595 552
4667 2761 610
4668 5527 377
4669 4003 461
4670 1479 467
4671 848 482
4672 6014 401
4673 146 589
4674 587 511
4675 3397 505
4676 0 -1
4677 0 -1
4678 264 532
4679 2632 518
4680 3234 542
4681 3247 363
4682 274 520
4683 2341 392
4684 5788 431
4685 5597 402
4686 6246 507
4687 3583 375
4688 205 671
4689 5669 451
4690 5421 484
4691 6354 597
4692 6068 344
4693 3109 396
4694 6432 431
4695 5365 416
4696 519 476
4697 4780 416
4698 1940 469
4699 2687 552
4700 2138 365
4701 3048 473
4702 3595 559
4703 2880 421
4704 3583 420
4705 5524 457
4706 3672 676
4707 1783 513
4708 5234 547
4709 5908 460
4710 4956 486
4711 1590 558
4712 0 -1
4713 5152 535
4714 5629 603
4715 83 492
4716 543 539
4717 6382 447
4718 2160 406
4719 5814 474
4720 2024 389
4721 5587 499
4722 744 521
4723 2741 479
4724 6162 480
4725 113 474
4726 937 472
4727 5687 418
4728 5687 447
4729 0 -1
4730 6399 479
4731 2534 577
4732 4705 488
4733 6434 473
4734 2595 568
4735 48 478
4736 877 504
4737 2105 461
4738 1585 457
4739 5864 420
4740 1293 501
4741 2661 452
4742 6299 498
4743 5116 459
4744 5643 370
4745 5065 426
4746 2392 535
4747 4128 578
4748 4818 404
4749 0 -1
4750 5700 260
4751 3173 631
4752 2820 377
4753 1122 417
4754 3325 510
4755 2808 510
4756 1527 437
4757 3115 279
4758 3430 432
4759 3480 536
4760 2216 477
4761 6443 586
4762 1221 377
4763 5879 551
4764 0 -1
4765 5829 447
4766 6577 526
4767 520 452
4768 4297 456
4769 2924 566
4770 3131 532
4771 6390 414
4772 5405 647
4773 2240 499
4774 5172 627
4775 4958 570
4776 2008 447
4777 6196 511
4778 1446 513
4779 0 -1
4780 4184 341
4781 6393 466
4782 1381 537
4783 6479 278
4784 3520 512
4785 554 588
4786 3892 591
4787 6447 480
4788 5288 434
4789 2102 519
4790 6319 343
4791 3417 488
4792 5311 516
4793 4780 439
4794 2973 475
4795 3926 517
4796 2309 546
4797 4224 455
4798 1288 415
4799 5218 493
4800 4193 446
4801 744 594
4802 947 495
4803 2916 503
4804 4104 433
4805 0 -1
4806 4874 463
4807 5895 532
4808 0 -1
4809 4719 575
4810 5982 597
4811 0 -1
4812 5142 379
4813 0 -1
4814 2043 457
4815 0 -1
4816 726 437
4817 3243 544
4818 4744 378
4819 2770 521
4820 3027 463
4821 4265 485
4822 3893 573
4823 622 465
4824 343 427
4825 6374 468
4826 1564 617
4827 2752 496
4828 5718 537
4829 109 513
4830 1736 443
4831 4787 535
4832 2589 386
4833 2414 413
4834 1831 436
4835 1742 464
4836 80 435
4837 4235 534
4838 5120 408
4839 5932 470
4840 654 553
4841 5563 429
4842 6532 336
4843 1576 575
4844 1849 543
4845 3294 574
4846 3607 421
4847 2024 416
4848 4051 595
4849 1729 571
4850 0 -1
4851 222 498
4852 2796 514
4853 3356 437
4854 2626 439
4855 4027 457
4856 3442 444
4857 6588 496
4858 4363 474
4859 1071 498
4860 0 -1
4861 0 -1
4862 3068 397
4863 3228 471
4864 6587 551
4865 0 -1
4866 1540 391
4867 5362 378
4868 4553 417
4869 2008 487
4870 3677 532
4871 2354 531
4872 4650 546
4873 2962 426
4874 1662 456
4875 4723 531
4876 5072 448
4877 5003 534
4878 3979 482
4879 2185 536
4880 3397 576
4881 6581 505
4882 1207 452
4883 5120 453
4884 0 -1
4885 4601 514
4886 4783 384
4887 4118 488
4888 2227 451
4889 4878 522
4890 5974 804
4891 6493 558
4892 133 548
4893 3743 458
4894 1295 512
4895 733 581
4896 2676 526
4897 594 457
4898 0 -1
4899 4413 538
4900 3819 629
4901 906 363
4902 1966 505
4903 7 594
4904 3300 374
4905 689 523
4906 3515 486
4907 5810 420
4908 0 -1
4909 1996 462
4910 6165 326
4911 1202 493
4912 1193 303
4913 2138 384
4914 3713 375
4915 1207 387
4916 3008 457
4917 6509 514
4918 2079 395
4919 6555 303
4920 6053 446
4921 5213 542
4922 2155 331
4923 5552 567
4924 6444 300
4925 5245 364
4926 1082 542
4927 6417 450
4928 1773 337
4929 5126 369
4930 0 -1
4931 4576 344
4932 5179 567
4933 4693 475
4934 5140 500
4935 3221 512
4936 6580 414
4937 5527 337
4938 3121 592
4939 5318 493
4940 759 516
4941 1828 522
4942 639 521
4943 1341 441
4944 5902 366
4945 937 479
4946 686 516
4947 0 -1
4948 3954 533
4949 2722 482
4950 4854 503
4951 0 -1
4952 97 501
4953 4787 529
4954 4937 430
4955 4912 326
4956 625 415
4957 5184 420
4958 1041 450
4959 2698 486
4960 3049 490
4961 6001 535
4962 4839 524
4963 1497 463
4964 865 438
4965 4373 594
4966 6179 610
4967 2920 520
4968 2484 404
4969 3819 668
4970 2738 471
4971 5166 415
4972 1883 494
4973 2516 402
4974 2886 456
4975 2116 479
4976 0 -1
4977 444 484
4978 513 448
4979 6454 497
4980 3743 485
4981 5596 520
4982 0 -1
4983 1131 381
4984 505 548
4985 4158 527
4986 4841 436
4987 4609 377
4988 4211 474
4989 697 432
4990 5340 390
4991 449 364
4992 5833 564
4993 1837 398
4994 4371 395
4995 6146 585
4996 2371 552
4997 0 -1
4998 537 607
4999 5597 430
5000 5264 578
5001 771 482
5002 2705 506
5003 385 443
5004 1923 544
5005 1194 472
5006 1044 573
5007 582 472
5008 1883 489
5009 299 514
5010 1280 512
5011 2957 495
5012 3588 518
5013 2991 460
5014 4933 510
5015 2924 517
5016 3976 374
5017 3418 488
5018 5845 629
5019 1289 416
5020 2859 421
5021 0 -1
5022 67 496
5023 5916 600
5024 0 -1
5025 4100 403
5026 0 -1
5027 5272 241
5028 3445 470
5029 4203 546
5030 0 -1
5031 5430 478
5032 0 -1
5033 1507 504
5034 5718 445
5035 343 389
5036 5817 496
5037 938 517
5038 0 -1
5039 966 424
5040 4963 544
5041 2378 484
5042 0 -1
5043 4293 442
5044 6192 429
5045 2564 461
5046 5126 396
5047 2640 572
5048 507 567
5049 1363 306
5050 611 421
5051 2656 495
5052 4189 457
5053 303 609
5054 3691 459
5055 2930 526
5056 0 -1
5057 70 470
5058 1884 488
5059 3178 479
5060 1296 266
5061 5835 490
5062 132 481
5063 3317 490
5064 3219 438
5065 3312 318
5066 6009 607
5067 4141 478
5068 5194 474
5069 2017 467
5070 289 537
5071 6505 395
5072 3096 401
5073 219 513
5074 3550 443
5075 4692 395
5076 4960 494
5077 3128 506
5078 4667 683
5079 5802 485
5080 832 418
5081 1344 532
5082 5065 387
5083 1792 437
5084 5878 264
5085 4307 436
5086 3171 505
5087 1038 346
5088 4293 477
5089 1183 474
5090 1894 597
5091 1008 513
5092 1541 432
5093 2426 548
5094 2044 542
5095 4480 546
5096 2987 620
5097 6226 490
5098 2712 384
5099 5716 527
5100 5636 520
5101 3774 446
5102 4873 453
5103 3814 410
5104 2870 562
5105 5744 526
5106 4783 334
5107 3736 407
5108 967 489
5109 2409 267
5110 520 363
5111 2237 533
5112 3423 402
5113 5338 410
5114 4263 542
5115 3578 534
5116 4640 402
5117 561 501
5118 6538 602
5119 1147 503
5120 4591 367
5121 1272 454
5122 2362 419
5123 1227 503
5124 2529 308
5125 1017 552
5126 5527 331
5127 3659 447
5128 2673 522
5129 421 512
5130 6547 543
5131 6265 346
5132 5183 664
5133 187 465
5134 159 728
5135 6531 367
5136 1132 608
5137 15 376
5138 603 312
5139 2989 474
5140 5926 480
5141 3211 502
5142 5084 296
5143 2862 592
5144 4189 402
5145 1139 276
5146 6450 549
5147 1120 625
5148 2136 580
5149 5272 316
5150 3068 363
5151 1439 416
5152 4009 435
5153 3368 563
5154 5285 491
5155 3401 617
5156 1792 457
5157 3348 560
5158 132 506
5159 2052 452
5160 1547 480
5161 5851 486
5162 2926 369
5163 791 434
5164 1961 603
5165 4674 525
5166 6537 340
5167 6218 500
5168 6190 483
5169 4019 397
5170 2691 578
5171 5964 429
5172 3074 559
5173 5801 388
5174 5126 352
5175 1056 438
5176 594 507
5177 4307 386
5178 5965 516
5179 4604 449
5180 3396 658
5181 1691 537
5182 6253 376
5183 2143 662
5184 5791 394
5185 3315 437
5186 723 366
5187 4689 505
5188 2298 478
5189 1541 452
5190 305 473
5191 232 493
5192 390 485
5193 4994 450
5194 5954 471
5195 3914 441
5196 6348 488
5197 0 -1
5198 1776 451
5199 5895 496
5200 2704 573
5201 6268 533
5202 2614 398
5203 3674 489
5204 1423 339
5205 0 -1
5206 6142 364
5207 403 603
5208 5309 299
5209 3492 481
5210 5114 586
5211 6573 477
5212 2146 408
5213 5141 530
5214 3905 394
5215 2672 545
5216 1306 509
5217 677 469
5218 3783 448
5219 3894 640
5220 3334 490
5221 5888 471
5222 2855 565
5223 288 451
5224 486 385
5225 2878 408
5226 2045 566
5227 2272 467
5228 71 402
5229 1221 395
5230 0 -1
5231 530 497
5232 4134 238
5233 2621 466
5234 5321 512
5235 3529 497
5236 5597 431
5237 1111 514
5238 3356 407
5239 2693 492
5240 6264 461
5241 5188 523
5242 2763 333
5243 6005 279
5244 3467 416
5245 6108 347
5246 1158 509
5247 3998 448
5248 6297 486
5249 454 504
5250 5812 490
5251 5524 506
5252 1503 461
5253 2311 438
5254 3863 545
5255 3281 463
5256 6580 438
5257 1651 441
5258 881 555
5259 2120 421
5260 209 493
5261 5727 591
5262 485 439
5263 1224 556
5264 3697 462
5265 0 -1
5266 832 405
5267 246 501
5268 2752 505
5269 133 453
5270 3776 476
5271 4492 628
5272 5700 197
5273 217 493
5274 4630 417
5275 1409 429
5276 0 -1
5277 5910 472
5278 0 -1
5279 3633 565
5280 4391 470
5281 4795 534
5282 4973 479
5283 4629 362
5284 5184 432
5285 5332 417
5286 4521 593
5287 4987 424
5288 1833 367
5289 2198 476
5290 3114 481
5291 1858 501
5292 449 407
5293 43 540
5294 41 528
5295 4825 469
5296 5061 526
5297 4523 392
5298 5179 558
5299 5194 570
5300 1737 451
5301 4262 516
5302 1068 467
5303 5239 516
5304 314 442
5305 5902 391
5306 5736 472
5307 550 508
5308 5914 474
5309 3261 295
5310 5481 497
5311 1840 491
5312 3928 311
5313 4321 504
5314 329 466
5315 3189 457
5316 1792 474
5317 671 563
5318 6505 454
5319 2206 545
5320 4954 437
5321 2815 485
5322 2944 502
5323 2677 454
5324 1296 253
5325 503 489
5326 3368 636
5327 3823 453
5328 3211 500
5329 4506 454
5330 4994 400
5331 1995 386
5332 6064 394
5333 3213 400
5334 1439 459
5335 3632 569
5336 2428 407
5337 953 554
5338 6164 376
5339 3673 502
5340 804 345
5341 4019 448
5342 2156 529
5343 4422 448
5344 0 -1
5345 5741 374
5346 4068 385
5347 4123 508
5348 2759 521
5349 5582 450
5350 1070 387
5351 5561 434
5352 5800 298
5353 3370 577
5354 1758 703
5355 6319 376
5356 2078 554
5357 0 -1
5358 6403 517
5359 5671 467
5360 941 294
5361 1783 493
5362 2502 335
5363 352 457
5364 4562 390
5365 3459 410
5366 4511 452
5367 3337 570
5368 6466 544
5369 523 267
5370 0 -1
5371 5896 675
5372 3760 510
5373 5563 385
5374 3295 503
5375 312 464
5376 5004 635
5377 45 535
5378 1096 474
5379 1187 483
5380 5329 557
5381 3852 484
5382 2858 467
5383 2716 481
5384 2477 571
5385 2253 592
5386 1629 548
5387 460 532
5388 4184 401
5389 4919 401
5390 1170 525
5391 4436 462
5392 3692 564
5393 2981 422
5394 5897 563
5395 5908 463
5396 0 -1
5397 204 511
5398 745 356
5399 1191 454
5400 5745 540
5401 4347 526
5402 5454 603
5403 80 411
5404 2359 519
5405 2047 569
5406 977 478
5407 3832 542
5408 2677 444
5409 6444 377
5410 1666 443
5411 6590 451
5412 3457 473
5413 206 461
5414 1401 453
5415 0 -1
5416 5112 433
5417 288 530
5418 456 427
5419 1631 459
5420 5903 527
5421 6550 469
5422 3504 543
5423 2114 565
5424 1163 491
5425 4744 486
5426 863 606
5427 3134 508
5428 2996 415
5429 5070 624
5430 4697 419
5431 4213 562
5432 5859 478
5433 2135 524
5434 0 -1
5435 0 -1
5436 845 435
5437 1463 441
5438 3954 456
5439 4258 448
5440 2420 430
5441 1792 554
5442 0 -1
5443 569 552
5444 2235 659
5445 5103 430
5446 2764 455
5447 3843 428
5448 3876 460
5449 2627 459
5450 1181 510
5451 5992 383
5452 274 488
5453 4024 525
5454 2748 592
5455 3838 550
5456 0 -1
5457 1634 662
5458 1994 488
5459 4886 422
5460 927 569
5461 0 -1
5462 232 482
5463 5352 311
5464 0 -1
5465 4314 606
5466 2916 541
5467 0 -1
5468 6204 476
5469 2238 502
5470 4413 472
5471 966 498
5472 614 486
5473 4415 246
5474 118 509
5475 511 534
5476 6023 526
5477 5857 490
5478 2953 496
5479 5546 537
5480 0 -1
5481 677 427
5482 4653 457
5483 3160 533
5484 5186 375
5485 5122 433
5486 0 -1
5487 123 410
5488 4916 541
5489 3389 543
5490 126 423
5491 1321 422
5492 4862 476
5493 6590 448
5494 1070 417
5495 4436 399
5496 5701 534
5497 1023 480
5498 2236 462
5499 5345 443
5500 0 -1
5501 3899 466
5502 532 490
5503 1564 504
5504 5223 522
5505 1646 460
5506 24 467
5507 6003 466
5508 3215 491
5509 100 515
5510 4444 469
5511 1306 509
5512 2361 501
5513 5888 577
5514 2301 481
5515 625 445
5516 5771 482
5517 6555 230
5518 5459 507
5519 1051 602
5520 3223 556
5521 4032 483
5522 0 -1
5523 6011 533
5524 4854 457
5525 6549 445
5526 3250 403
5527 3261 295
5528 4681 420
5529 5285 475
5530 5468 536
5531 3225 514
5532 532 516
5533 3969 481
5534 755 483
5535 6109 475
5536 3007 471
5537 6505 465
5538 0 -1
5539 1726 456
5540 1667 493
5541 3479 398
5542 4720 501
5543 2120 442
5544 6585 516
5545 4473 308
5546 2421 465
5547 4883 476
5548 0 -1
5549 2738 485
5550 115 157
5551 0 -1
5552 5972 521
5553 5228 448
5554 6532 306
5555 4140 504
5556 6487 432
5557 5383 516
5558 2845 514
5559 3737 512
5560 5870 513
5561 5398 384
5562 5693 536
5563 6520 371
5564 5741 325
5565 0 -1
5566 1914 514
5567 3806 447
5568 4248 599
5569 0 -1
5570 4912 351
5571 2733 293
5572 458 447
5573 3405 451
5574 0 -1
5575 2359 467
5576 6473 469
5577 2941 360
5578 910 593
5579 3778 622
5580 1167 504
5581 1156 690
5582 3357 385
5583 4201 474
5584 1251 487
5585 498 522
5586 2856 397
5587 6317 480
5588 5766 503
5589 5567 504
5590 2180 715
5591 6387 416
5592 0 -1
5593 6142 408
5594 6564 491
5595 2434 381
5596 3670 463
5597 1122 389
5598 3619 510
5599 4689 556
5600 3621 491
5601 1111 507
5602 5195 509
5603 0 -1
5604 77 357
5605 3547 557
5606 1901 582
5607 1584 494
5608 2118 558
5609 464 648
5610 1271 550
5611 1283 492
5612 4415 180
5613 5999 460
5614 4605 491
5615 1447 490
5616 5893 431
5617 3800 507
5618 966 478
5619 6560 449
5620 6043 479
5621 554 571
5622 0 -1
5623 4345 487
5624 6088 435
5625 0 -1
5626 0 -1
5627 5104 593
5628 199 518
5629 2711 499
5630 575 454
5631 2324 444
5632 6177 321
5633 2681 512
5634 2211 533
5635 233 617
5636 2117 506
5637 3282 460
5638 1497 426
5639 6242 457
5640 1045 552
5641 1258 527
5642 5463 365
5643 5272 288
5644 2518 475
5645 6371 614
5646 5384 621
5647 1487 436
5648 0 -1
5649 4760 492
5650 229 434
5651 3113 474
5652 3459 418
5653 4164 487
5654 6487 417
5655 1736 499
5656 5113 424
5657 3903 656
5658 2351 367
5659 0 -1
5660 0 -1
5661 2560 504
5662 1782 519
5663 2062 571
5664 6192 434
5665 2788 419
5666 3096 396
5667 4206 460
5668 345 418
5669 97 427
5670 5313 538
5671 854 450
5672 5242 432
5673 2822 572
5674 3369 429
5675 4599 367
5676 921 512
5677 1278 458
5678 18 473
5679 1313 553
5680 3492 478
5681 2268 473
5682 0 -1
5683 6444 336
5684 6221 542
5685 605 587
5686 6556 425
5687 1260 403
5688 3020 453
5689 3109 309
5690 5326 738
5691 892 552
5692 5873 441
5693 4867 442
5694 6181 542
5695 1095 500
5696 4718 454
5697 841 471
5698 3307 534
5699 2713 479
5700 6479 190
5701 3837 505
5702 421 483
5703 1833 434
5704 2732 535
5705 4552 502
5706 6236 445
5707 697 399
5708 5198 452
5709 662 330
5710 2412 388
5711 2162 442
5712 1293 448
5713 2312 549
5714 4340 551
5715 3472 395
5716 129 445
5717 2332 480
5718 3025 429
5719 876 614
5720 2506 482
5721 0 -1
5722 387 607
5723 5498 509
5724 2981 437
5725 1175 496
5726 653 498
5727 533 537
5728 2541 632
5729 2323 510
5730 2592 747
5731 355 434
5732 5597 391
5733 1228 495
5734 449 333
5735 391 554
5736 6278 403
5737 6192 438
5738 550 441
5739 0 -1
5740 2690 435
5741 3016 318
5742 3698 480
5743 136 324
5744 6155 508
5745 5214 508
5746 1737 460
5747 0 -1
5748 690 441
5749 3741 464
5750 3155 481
5751 5245 464
5752 1377 406
5753 0 -1
5754 4255 507
5755 6089 442
5756 4658 516
5757 6204 545
5758 2901 539
5759 695 403
5760 6532 325
5761 6348 440
5762 4672 504
5763 2633 427
5764 2154 507
5765 839 495
5766 3585 495
5767 3178 443
5768 6007 468
5769 4992 587
5770 2589 383
5771 5312 386
5772 636 459
5773 6148 521
5774 5749 577
5775 6245 418
5776 44 499
5777 5889 521
5778 1224 461
5779 3207 310
5780 5121 485
5781 4095 474
5782 5035 450
5783 3823 427
5784 4194 585
5785 1861 479
5786 5287 489
5787 3601 627
5788 2700 401
5789 3565 603
5790 3093 471
5791 5801 352
5792 2386 479
5793 4305 675
5794 6051 558
5795 2769 630
5796 2770 503
5797 2052 446
5798 3173 628
5799 3770 459
5800 245 273
5801 5126 336
5802 3674 446
5803 2530 509
5804 4116 463
5805 6102 550
5806 5304 454
5807 2989 419
5808 301 505
5809 326 424
5810 5144 408
5811 2468 842
5812 6309 478
5813 5162 451
5814 5106 357
5815 3021 443
5816 2058 614
5817 771 458
5818 1663 529
5819 3449 450
5820 6588 539
5821 848 499
5822 0 -1
5823 3913 474
5824 5553 513
5825 5084 356
5826 6559 396
5827 4224 496
5828 2835 512
5829 5731 441
5830 3226 475
5831 168 515
5832 1465 508
5833 4824 495
5834 5365 414
5835 2085 443
5836 71 396
5837 1077 424
5838 3459 490
5839 1831 474
5840 3698 451
5841 1276 500
5842 1926 508
5843 1709 562
5844 4467 517
5845 6519 552
5846 3441 536
5847 2153 418
5848 5150 424
5849 0 -1
5850 3850 453
5851 121 472
5852 1631 436
5853 1787 493
5854 970 458
5855 3686 535
5856 596 503
5857 5619 485
5858 3033 580
5859 3459 476
5860 5364 493
5861 3506 490
5862 2845 483
5863 2125 558
5864 2074 417
5865 1533 594
5866 3000 541
5867 6284 608
5868 2625 359
5869 4804 517
5870 4252 447
5871 4095 412
5872 5165 641
5873 683 392
5874 0 -1
5875 1464 463
5876 5835 459
5877 2101 488
5878 2094 244
5879 6333 549
5880 6544 577
5881 812 488
5882 854 423
5883 5395 473
5884 5545 375
5885 626 440
5886 5683 410
5887 3957 582
5888 4604 460
5889 3315 435
5890 6368 444
5891 1108 537
5892 2264 623
5893 5338 415
5894 0 -1
5895 3057 456
5896 6202 589
5897 3512 485
5898 1803 415
5899 5324 371
5900 1833 462
5901 2949 572
5902 1296 320
5903 2786 519
5904 6089 436
5905 2448 440
5906 4255 498
5907 3321 516
5908 2147 407
5909 1070 491
5910 2717 458
5911 2172 542
5912 28 456
5913 5654 431
5914 2840 467
5915 6573 480
5916 749 498
5917 2805 555
5918 0 -1
5919 5881 500
5920 4478 531
5921 6538 636
5922 326 404
5923 5473 316
5924 2094 249
5925 4887 530
5926 297 390
5927 3699 383
5928 4970 517
5929 1293 498
5930 302 596
5931 4665 638
5932 2864 440
5933 3325 539
5934 1426 462
5935 1755 489
5936 4285 536
5937 879 565
5938 3734 509
5939 5577 433
5940 4000 493
5941 1169 557
5942 4562 372
5943 0 -1
5944 6460 450
5945 4403 533
5946 3668 581
5947 5350 442
5948 1435 528
5949 3767 518
5950 1260 411
5951 3077 525
5952 1353 403
5953 4841 468
5954 2601 364
5955 2556 679
5956 3707 419
5957 2280 569
5958 0 -1
5959 1998 481
5960 2410 438
5961 0 -1
5962 4922 443
5963 0 -1
5964 1664 419
5965 4762 481
5966 2350 477
5967 3611 494
5968 3407 580
5969 6560 414
5970 5107 449
5971 4410 604
5972 496 482
5973 6252 520
5974 2228 781
5975 5160 594
5976 1318 518
5977 2208 592
5978 5033 556
5979 2286 466
5980 1646 390
5981 1995 339
5982 6029 548
5983 0 -1
5984 1692 510
5985 0 -1
5986 0 -1
5987 0 -1
5988 0 -1
5989 1871 431
5990 466 498
5991 2444 497
5992 1664 380
5993 599 444
5994 4109 468
5995 1048 461
5996 3585 510
5997 970 392
5998 1220 482
5999 1779 433
6000 175 487
6001 5316 475
6002 60 449
6003 5080 432
6004 4814 461
6005 6555 229
6006 3344 458
6007 4704 442
6008 3094 501
6009 5740 537
6010 666 481
6011 2255 510
6012 4291 522
6013 1875 513
6014 1019 390
6015 4261 501
6016 5102 492
6017 1754 499
6018 2956 576
6019 1827 461
6020 6158 386
6021 1927 502
6022 443 492
6023 2184 453
6024 1372 509
6025 2813 583
6026 5950 488
6027 4119 626
6028 440 585
6029 4767 464
6030 3712 463
6031 5575 560
6032 4562 401
6033 5604 414
6034 588 425
6035 3658 477
6036 4857 554
6037 5882 523
6038 0 -1
6039 6358 449
6040 4214 433
6041 2414 459
6042 721 594
6043 5669 444
6044 588 422
6045 2602 521
6046 0 -1
6047 2481 395
6048 4257 433
6049 5886 463
6050 4271 490
6051 6019 463
6052 4581 530
6053 263 444
6054 2926 368
6055 6032 518
6056 301 461
6057 0 -1
6058 1382 426
6059 2774 407
6060 639 569
6061 2202 428
6062 666 521
6063 283 453
6064 4649 364
6065 4393 437
6066 864 475
6067 6358 510
6068 1474 342
6069 1685 515
6070 4385 480
6071 5019 425
6072 6580 416
6073 1585 532
6074 5403 467
6075 6512 501
6076 6239 443
6077 0 -1
6078 6395 478
6079 2786 547
6080 5262 504
6081 2189 457
6082 3975 511
6083 1805 425
6084 1427 613
6085 0 -1
6086 5746 496
6087 4669 485
6088 1038 337
6089 787 370
6090 6447 507
6091 6573 490
6092 0 -1
6093 1787 503
6094 1956 436
6095 109 545
6096 86 483
6097 3165 542
6098 3022 506
6099 836 669
6100 5923 379
6101 5772 490
6102 2994 544
6103 3008 464
6104 4703 530
6105 5378 552
6106 4459 495
6107 3694 487
6108 1483 286
6109 66 464
6110 5836 415
6111 2642 576
6112 6058 439
6113 5256 508
6114 1148 538
6115 3448 439
6116 2792 515
6117 5470 494
6118 2516 374
6119 2620 372
6120 905 434
6121 1336 515
6122 0 -1
6123 2035 511
6124 0 -1
6125 3322 493
6126 1073 587
6127 5552 632
6128 5028 546
6129 4252 416
6130 791 433
6131 4103 638
6132 5959 580
6133 1439 415
6134 1400 552
6135 0 -1
6136 2859 417
6137 1321 355
6138 3839 569
6139 4944 405
6140 2789 472
6141 604 492
6142 5027 339
6143 4343 467
6144 2690 391
6145 2789 441
6146 494 554
6147 3581 583
6148 3806 422
6149 4101 405
6150 1966 434
6151 2302 437
6152 5115 551
6153 4721 544
6154 0 -1
6155 3510 487
6156 0 -1
6157 516 473
6158 3481 378
6159 3621 518
6160 1213 469
6161 5156 538
6162 3855 466
6163 4684 462
6164 5065 336
6165 6528 320
6166 1893 511
6167 5186 466
6168 660 586
6169 3681 475
6170 3277 621
6171 1693 486
6172 5065 350
6173 2114 516
6174 4217 453
6175 2305 478
6176 5229 426
6177 5027 284
6178 5810 487
6179 1358 507
6180 4907 481
6181 1115 466
6182 0 -1
6183 2772 432
6184 2896 367
6185 1318 468
6186 2295 565
6187 3637 597
6188 768 354
6189 3234 517
6190 5499 478
6191 5492 579
6192 1559 423
6193 2942 448
6194 4265 499
6195 2429 583
6196 2106 461
6197 4957 464
6198 0 -1
6199 2915 484
6200 3178 479
6201 3515 456
6202 1026 491
6203 6422 485
6204 5240 473
6205 3437 438
6206 470 417
6207 3437 399
6208 5465 625
6209 3692 598
6210 0 -1
6211 4889 549
6212 4351 495
6213 4480 437
6214 1402 586
6215 2448 470
6216 162 643
6217 3898 489
6218 5904 490
6219 497 432
6220 0 -1
6221 1170 480
6222 4017 389
6223 6432 494
6224 3695 569
6225 4191 313
6226 6112 454
6227 2146 496
6228 2712 330
6229 3056 534
6230 1824 467
6231 1470 412
6232 3226 448
6233 421 459
6234 0 -1
6235 1244 486
6236 3799 441
6237 2930 547
6238 0 -1
6239 1415 399
6240 3133 479
6241 4492 547
6242 5952 451
6243 4651 519
6244 3750 547
6245 6228 392
6246 4743 499
6247 5221 512
6248 5232 312
6249 6346 498
6250 1457 354
6251 537 515
6252 444 456
6253 5942 372
6254 4832 434
6255 5382 496
6256 5799 466
6257 6597 464
6258 1516 453
6259 3677 457
6260 4457 477
6261 2016 572
6262 6296 508
6263 0 -1
6264 6193 448
6265 1363 311
6266 2829 504
6267 3845 454
6268 431 429
6269 2566 433
6270 1996 462
6271 4224 509
6272 2648 473
6273 6362 501
6274 3251 418
6275 0 -1
6276 1500 598
6277 6242 520
6278 213 312
6279 3021 499
6280 6562 434
6281 4149 581
6282 1248 351
6283 1448 579
6284 839 557
6285 1961 606
6286 3506 558
6287 3228 497
6288 160 303
6289 4687 452
6290 5681 515
6291 2954 496
6292 0 -1
6293 4931 443
6294 6176 460
6295 5564 397
6296 2068 444
6297 844 422
6298 3394 568
6299 5570 442
6300 2502 311
6301 4570 463
6302 3510 494
6303 2699 454
6304 6552 589
6305 2935 432
6306 0 -1
6307 5074 492
6308 0 -1
6309 1966 452
6310 2656 491
6311 1824 495
6312 2650 478
6313 857 527
6314 3644 779
6315 177 551
6316 1396 408
6317 999 420
6318 6545 481
6319 4591 342
6320 96 479
6321 777 479
6322 2699 468
6323 6316 511
6324 5499 443
6325 4715 505
6326 5025 501
6327 4295 599
6328 2915 472
6329 6488 397
6330 4431 553
6331 1005 551
6332 5553 473
6333 1536 515
6334 4252 423
6335 1404 506
6336 5291 520
6337 1612 419
6338 0 -1
6339 505 520
6340 1431 505
6341 4307 437
6342 4741 462
6343 2808 490
6344 4369 482
6345 2167 397
6346 2418 405
6347 4919 353
6348 2627 383
6349 767 403
6350 4752 467
6351 1806 498
6352 4013 507
6353 110 420
6354 6163 512
6355 362 543
6356 1781 578
6357 0 -1
6358 1278 444
6359 2188 450
6360 2400 440
6361 2788 512
6362 5952 466
6363 6565 490
6364 2115 563
6365 1071 479
6366 5033 593
6367 3525 440
6368 4371 396
6369 4577 433
6370 0 -1
6371 4000 586
6372 5260 545
6373 2886 448
6374 4360 463
6375 3449 488
6376 4302 644
6377 3356 494
6378 6142 439
6379 3525 413
6380 4206 431
6381 0 -1
6382 2735 402
6383 4937 428
6384 1186 531
6385 5111 624
6386 1830 512
6387 5109 335
6388 4798 518
6389 1175 486
6390 6225 413
6391 2106 525
6392 2103 477
6393 4553 398
6394 3344 451
6395 6557 445
6396 485 434
6397 6578 615
6398 5407 640
6399 2489 374
6400 0 -1
6401 969 686
6402 830 457
6403 5034 516
6404 1879 436
6405 6519 471
6406 3398 450
6407 3928 289
6408 1550 520
6409 4719 558
6410 2700 413
6411 4707 532
6412 483 563
6413 3437 486
6414 0 -1
6415 0 -1
6416 2440 480
6417 3380 392
6418 0 -1
6419 2741 391
6420 4582 432
6421 5572 550
6422 1468 455
6423 0 -1
6424 4493 498
6425 0 -1
6426 3193 448
6427 5642 384
6428 0 -1
6429 6108 323
6430 1601 486
6431 4580 585
6432 1060 413
6433 1705 434
6434 5340 393
6435 1585 436
6436 4728 511
6437 1857 401
6438 1405 512
6439 2466 432
6440 3666 573
6441 113 365
6442 206 470
6443 6511 514
6444 160 294
6445 3898 564
6446 3554 541
6447 3549 414
6448 76 550
6449 1465 490
6450 4838 431
6451 1695 471
6452 3364 469
6453 0 -1
6454 5703 497
6455 2565 375
6456 4989 481
6457 4812 485
6458 2640 565
6459 4537 496
6460 2896 431
6461 447 471
6462 5107 475
6463 4519 414
6464 5282 512
6465 2834 564
6466 1424 534
6467 4022 457
6468 6158 448
6469 5174 457
6470 6207 440
6471 4833 484
6472 0 -1
6473 2566 454
6474 6475 408
6475 4955 366
6476 4994 463
6477 1126 439
6478 2620 426
6479 4134 171
6480 4495 443
6481 4255 575
6482 1408 401
6483 3418 455
6484 5927 388
6485 3204 480
6486 2266 636
6487 925 375
6488 2516 376
6489 589 574
6490 5539 532
6491 3402 505
6492 3546 481
6493 5672 456
6494 1658 562
6495 4768 548
6496 3265 554
6497 1631 468
6498 1667 535
6499 3207 291
6500 2985 445
6501 5768 552
6502 1796 576
6503 6265 362
6504 3449 460
6505 1952 358
6506 2567 402
6507 6242 463
6508 557 451
6509 6378 489
6510 5782 452
6511 161 425
6512 4748 404
6513 2809 547
6514 0 -1
6515 4887 531
6516 5085 530
6517 3848 537
6518 6293 471
6519 4993 443
6520 5369 347
6521 4938 682
6522 857 502
6523 1670 436
6524 6118 400
6525 1248 347
6526 2764 419
6527 1283 540
6528 2529 316
6529 5069 513
6530 2752 464
6531 1872 346
6532 6499 304
6533 5413 476
6534 3921 598
6535 1968 367
6536 790 446
6537 3109 339
6538 4597 578
6539 5524 524
6540 3673 595
6541 1358 492
6542 1108 530
6543 3494 440
6544 3708 571
6545 2864 430
6546 1124 505
6547 3034 487
6548 1537 496
6549 2193 417
6550 944 404
6551 3254 529
6552 3681 524
6553 6231 455
6554 5642 479
6555 5700 199
6556 3418 404
6557 2168 428
6558 5627 683
6559 5527 357
6560 1850 410
6561 6531 403
6562 3799 399
6563 4437 410
6564 2772 427
6565 950 460
6566 1219 395
6567 2805 464
6568 2858 513
6569 2446 459
6570 4289 487
6571 657 525
6572 1629 573
6573 6222 455
6574 2847 425
6575 2724 487
6576 4909 512
6577 4070 501
6578 6438 585
6579 4385 527
6580 3662 373
6581 2559 490
6582 0 -1
6583 0 -1
6584 3120 398
6585 1343 456
6586 122 490
6587 2813 481
6588 4289 481
6589 4820 503
6590 5428 426
6591 4283 412
6592 1357 533
6593 0 -1
6594 4140 453
6595 2103 468
6596 5100 553
6597 644 446
6598 3045 536
6599 2355 582
6600 18 520
