12
1 0 -1
2 3470 349
3 0 -1
4 6032 171
5 5624 320
6 0 -1
7 2732 402
8 378 384
9 192 320
10 3773 319
11 6527 360
12 12 0
13 2441 195
14 2711 272
15 4420 205
16 1402 465
17 6475 219
18 6346 400
19 5431 317
20 3615 275
21 45 262
22 5484 302
23 1293 433
24 2859 278
25 151 418
26 4645 352
27 5499 379
28 5025 413
29 4855 336
30 5037 409
31 0 -1
32 116 198
33 5737 337
34 6490 306
35 3484 424
36 2248 423
37 4818 291
38 1930 400
39 4330 346
40 3846 283
41 3369 357
42 2019 272
43 558 398
44 1206 384
45 1283 259
46 134 401
47 1617 514
48 790 328
49 4119 462
50 3169 354
51 3112 355
52 855 388
53 2271 423
54 3342 397
55 5608 325
56 4057 262
57 4190 357
58 0 -1
59 1504 430
60 6165 338
61 2535 301
62 2225 234
63 2359 326
64 4824 419
65 1562 322
66 1652 353
67 5642 321
68 0 -1
69 3382 366
70 942 305
71 906 358
72 3826 351
73 4828 449
74 1053 265
75 4233 345
76 734 240
77 5142 376
78 410 425
79 3598 316
80 4272 353
81 2805 246
82 3863 341
83 101 358
84 2074 342
85 4959 314
86 6301 167
87 4286 306
88 3510 170
89 5345 412
90 20 285
91 227 581
92 0 -1
93 4281 122
94 1782 420
95 4565 413
96 3214 343
97 3520 67
98 1126 422
99 6196 242
100 3416 324
101 2064 357
102 4115 381
103 142 311
104 5917 254
105 4525 244
106 2054 296
107 5962 386
108 5195 166
109 6020 352
110 6389 287
111 5925 401
112 3034 418
113 4057 298
114 2851 263
115 2537 445
116 1311 193
117 182 383
118 786 359
119 4447 405
120 3289 657
121 3867 441
122 777 281
123 99 284
124 0 -1
125 5109 340
126 4100 337
127 5959 337
128 5139 279
129 5545 395
130 1436 291
131 5783 190
132 6591 345
133 6529 359
134 3709 383
135 1253 287
136 6091 314
137 337 371
138 0 -1
139 3453 319
140 3231 383
141 2157 389
142 4261 288
143 5953 277
144 2993 316
145 2453 230
146 3013 461
147 5016 269
148 2669 346
149 129 439
150 521 274
151 4836 327
152 528 516
153 2019 268
154 5218 414
155 4596 253
156 1277 315
157 0 -1
158 3497 266
159 4421 467
160 1932 338
161 1968 258
162 1900 406
163 5715 318
164 5680 290
165 0 -1
166 2602 306
167 832 351
168 293 387
169 1667 277
170 1054 223
171 0 -1
172 849 337
173 3080 282
174 4548 364
175 4084 385
176 1059 346
177 3570 391
178 3798 321
179 4907 274
180 1767 359
181 4693 357
182 4258 266
183 2409 233
184 3594 423
185 3472 388
186 3578 201
187 6334 258
188 230 323
189 2756 327
190 0 -1
191 1933 260
192 6503 320
193 5361 498
194 5482 355
195 0 -1
196 5671 171
197 1323 301
198 2749 391
199 3641 277
200 5744 290
201 3771 330
202 4185 437
203 2941 259
204 4257 381
205 284 408
206 1705 382
207 211 350
208 4526 346
209 6266 379
210 3676 188
211 6278 277
212 0 -1
213 6526 242
214 6566 379
215 443 292
216 1704 402
217 3677 298
218 3897 335
219 1249 287
220 5591 321
221 5163 269
222 4360 414
223 5224 317
224 0 -1
225 0 -1
226 1302 294
227 168 476
228 2043 313
229 2174 226
230 548 261
231 5330 301
232 2567 310
233 2494 495
234 3256 438
235 6099 530
236 4006 322
237 0 -1
238 3034 347
239 1849 285
240 1538 315
241 1647 265
242 0 -1
243 6179 316
244 1307 351
245 5755 383
246 842 374
247 2259 255
248 776 286
249 870 408
250 1338 360
251 2053 422
252 1923 360
253 0 -1
254 615 332
255 5540 267
256 2485 312
257 4046 379
258 3244 356
259 0 -1
260 3699 382
261 467 410
262 3972 328
263 2244 318
264 1530 252
265 5259 309
266 279 343
267 274 347
268 5428 404
269 1809 354
270 3080 387
271 4452 168
272 1056 401
273 3181 373
274 359 303
275 5440 340
276 4203 255
277 0 -1
278 337 338
279 5540 250
280 5321 355
281 925 385
282 1878 308
283 1805 254
284 1289 312
285 5697 467
286 1508 424
287 0 -1
288 5225 297
289 683 303
290 93 138
291 2803 329
292 4920 285
293 5711 323
294 147 362
295 0 -1
296 1667 215
297 1784 290
298 5768 381
299 6048 287
300 3367 588
301 1959 160
302 5101 287
303 3641 370
304 461 460
305 4915 384
306 4294 416
307 5971 385
308 2137 312
309 3960 423
310 0 -1
311 2846 433
312 3009 198
313 2778 439
314 5468 273
315 5059 342
316 5738 214
317 6137 376
318 2730 391
319 0 -1
320 6055 335
321 482 390
322 2606 341
323 5696 259
324 5016 283
325 4668 336
326 5323 307
327 3121 479
328 587 238
329 6176 259
330 0 -1
331 5438 387
332 1088 343
333 3456 399
334 3691 188
335 1436 269
336 4224 298
337 5262 280
338 418 363
339 1149 307
340 5716 368
341 2582 397
342 1659 351
343 5570 274
344 738 220
345 4640 311
346 4126 283
347 548 215
348 347 273
349 2514 427
350 6236 370
351 530 314
352 5209 258
353 3467 369
354 2839 363
355 429 393
356 982 439
357 5805 332
358 0 -1
359 1185 237
360 2852 371
361 6050 216
362 308 393
363 6168 459
364 6015 326
365 5473 313
366 1935 404
367 1070 276
368 4173 456
369 6243 290
370 1172 341
371 1970 273
372 4773 268
373 491 242
374 2677 303
375 5577 283
376 2766 349
377 3176 378
378 3661 314
379 4793 309
380 0 -1
381 1740 355
382 911 409
383 664 493
384 3840 349
385 5144 208
386 5077 298
387 2346 341
388 3938 322
389 312 251
390 1439 287
391 684 414
392 0 -1
393 2343 345
394 769 444
395 6413 242
396 5343 328
397 984 355
398 5086 377
399 2653 367
400 0 -1
401 4441 291
402 5698 321
403 1114 413
404 2057 317
405 5798 518
406 3682 379
407 2054 362
408 4231 289
409 6373 353
410 4123 322
411 6363 368
412 3204 329
413 301 211
414 3764 458
415 5933 392
416 469 364
417 653 354
418 158 338
419 5036 390
420 4650 462
421 5399 325
422 4658 327
423 3936 330
424 5469 369
425 19 335
426 3118 299
427 4384 338
428 6257 260
429 6016 311
430 569 405
431 680 231
432 749 315
433 2838 243
434 4263 367
435 1972 337
436 5384 308
437 4674 353
438 3288 322
439 2858 462
440 1722 269
441 4164 499
442 1530 227
443 5577 280
444 4924 436
445 6372 419
446 39 357
447 1447 341
448 4937 362
449 2425 299
450 4940 449
451 0 -1
452 3973 369
453 766 426
454 1743 290
455 5837 291
456 1732 298
457 4804 425
458 1940 361
459 5196 296
460 1224 412
461 2895 352
462 1647 327
463 5363 384
464 4671 396
465 2111 311
466 761 224
467 3945 326
468 553 335
469 3086 313
470 97 79
471 3224 256
472 807 276
473 4633 320
474 467 367
475 2745 371
476 6580 346
477 3292 356
478 41 387
479 3382 263
480 4553 244
481 6368 542
482 6137 382
483 583 396
484 4770 479
485 5368 203
486 2408 249
487 2376 284
488 2461 403
489 2716 290
490 5544 448
491 1427 219
492 1803 388
493 164 325
494 2480 357
495 654 287
496 2208 377
497 4757 327
498 706 337
499 0 -1
500 1267 327
501 0 -1
502 4448 280
503 3255 346
504 6463 311
505 456 340
506 5020 364
507 3809 389
508 4998 525
509 474 463
510 4044 324
511 4847 370
512 4153 239
513 1249 326
514 2110 216
515 1875 381
516 79 334
517 6129 226
518 3407 349
519 4196 387
520 2003 343
521 3571 272
522 2738 419
523 2261 304
524 4589 289
525 0 -1
526 1583 327
527 4135 367
528 3323 499
529 1933 228
530 4685 314
531 4597 387
532 93 136
533 4491 353
534 0 -1
535 2796 355
536 946 361
537 3766 329
538 2693 387
539 473 325
540 3603 382
541 5975 397
542 5904 379
543 1916 201
544 3149 320
545 6594 350
546 3765 420
547 6365 365
548 5259 203
549 0 -1
550 2311 234
551 5135 388
552 3070 258
553 4448 283
554 3196 425
555 3412 362
556 667 281
557 3771 308
558 1386 393
559 2081 411
560 0 -1
561 3050 345
562 3201 173
563 2930 327
564 3655 290
565 3846 319
566 3101 382
567 5561 313
568 114 300
569 2962 370
570 4869 372
571 0 -1
572 1536 333
573 1797 657
574 6188 290
575 4580 278
576 3880 373
577 4992 453
578 944 206
579 3226 352
580 6188 320
581 2254 441
582 447 428
583 6369 394
584 5088 376
585 144 431
586 2893 545
587 4700 141
588 4347 353
589 630 416
590 3200 334
591 756 387
592 1153 471
593 513 330
594 6285 378
595 4420 305
596 4406 359
597 1676 296
598 6064 420
599 6288 337
600 0 -1
601 5140 339
602 1847 336
603 2843 299
604 1878 380
605 178 337
606 1786 356
607 2965 570
608 4240 204
609 5430 341
610 0 -1
611 4910 302
612 191 311
613 5378 416
614 2506 240
615 4 247
616 5825 373
617 3360 352
618 0 -1
619 2944 312
620 2027 283
621 2558 378
622 4353 327
623 0 -1
624 5438 389
625 1442 357
626 13 282
627 6161 384
628 5154 358
629 85 335
630 3784 298
631 2286 235
632 850 394
633 2847 447
634 4816 377
635 1889 432
636 192 337
637 2376 265
638 1560 356
639 3537 374
640 5632 384
641 5516 227
642 3603 301
643 569 373
644 2138 146
645 0 -1
646 6211 394
647 574 291
648 5063 268
649 0 -1
650 6309 330
651 682 485
652 321 489
653 1466 348
654 6032 257
655 0 -1
656 1927 264
657 5236 268
658 2484 340
659 2425 356
660 1584 381
661 5462 435
662 2409 232
663 2719 275
664 4393 454
665 6523 266
666 176 384
667 1676 252
668 2194 373
669 2233 316
670 2449 263
671 4514 373
672 5751 345
673 6032 235
674 6230 387
675 3434 332
676 1980 392
677 3541 241
678 5227 288
679 6289 384
680 2926 174
681 401 310
682 2048 393
683 2174 238
684 3156 309
685 2698 314
686 1271 286
687 3366 243
688 4760 451
689 4051 309
690 2489 349
691 151 341
692 1576 402
693 1248 423
694 3512 238
695 1831 219
696 4095 306
697 2944 307
698 4097 331
699 6216 510
700 839 315
701 4760 436
702 3410 380
703 3019 282
704 4346 257
705 2506 226
706 3201 220
707 2640 438
708 4222 556
709 3106 289
710 724 350
711 4136 452
712 2576 343
713 288 337
714 4581 412
715 442 289
716 5231 352
717 2865 228
718 408 325
719 2084 293
720 0 -1
721 2642 298
722 5455 388
723 4226 353
724 361 261
725 2236 279
726 5259 229
727 937 325
728 543 315
729 6016 359
730 2140 310
731 2427 310
732 140 386
733 4554 371
734 4235 120
735 5875 199
736 2101 368
737 5657 510
738 5187 174
739 4032 284
740 4978 324
741 2054 355
742 2323 404
743 6232 384
744 6500 366
745 6003 443
746 3690 352
747 2406 228
748 5093 352
749 1313 259
750 4348 363
751 6144 315
752 6559 233
753 1136 545
754 5167 409
755 999 305
756 3532 334
757 2308 339
758 5896 457
759 4204 314
760 1323 265
761 6069 197
762 1889 515
763 1385 194
764 1002 373
765 5115 188
766 2236 319
767 5768 332
768 4553 222
769 6490 332
770 3149 349
771 896 301
772 3650 438
773 2694 397
774 3215 406
775 6464 475
776 3307 257
777 3055 215
778 2035 338
779 1715 285
780 2477 259
781 3393 321
782 4094 444
783 2756 366
784 413 211
785 5258 406
786 4439 351
787 5671 212
788 6270 291
789 0 -1
790 2024 313
791 1288 335
792 971 325
793 2351 275
794 2642 241
795 547 386
796 1597 576
797 6365 445
798 1339 424
799 4529 393
800 1999 424
801 3307 319
802 4988 267
803 0 -1
804 1265 337
805 345 312
806 1295 314
807 2267 208
808 2543 231
809 3965 441
810 0 -1
811 852 553
812 706 297
813 3649 421
814 3154 372
815 0 -1
816 1584 411
817 6243 390
818 476 438
819 0 -1
820 0 -1
821 2883 310
822 4442 392
823 923 468
824 5502 264
825 4663 449
826 4222 498
827 2719 286
828 5586 403
829 3083 490
830 4928 281
831 1103 481
832 4482 278
833 5216 344
834 1090 182
835 6218 347
836 361 320
837 6314 725
838 4985 304
839 5302 267
840 2237 271
841 1363 312
842 5834 369
843 1235 327
844 2027 175
845 6265 244
846 510 442
847 937 387
848 2315 291
849 6580 260
850 2706 333
851 5081 350
852 2320 453
853 4878 327
854 3459 296
855 5577 293
856 1574 353
857 5111 385
858 999 274
859 3231 313
860 4259 381
861 2668 341
862 0 -1
863 4159 192
864 568 330
865 3315 318
866 4473 309
867 668 389
868 4902 416
869 4342 369
870 614 340
871 2391 412
872 0 -1
873 4834 280
874 351 333
875 3208 354
876 3198 354
877 2785 296
878 3625 278
879 81 305
880 200 298
881 6296 446
882 3365 486
883 0 -1
884 6180 341
885 1526 391
886 5754 342
887 312 295
888 881 489
889 5670 434
890 1712 385
891 1268 440
892 1859 320
893 6574 325
894 1709 411
895 1339 341
896 5738 235
897 423 388
898 5598 260
899 879 407
900 1383 290
901 265 323
902 3530 386
903 88 262
904 1306 307
905 2625 328
906 4758 326
907 537 335
908 3632 520
909 1317 351
910 710 417
911 2042 363
912 1077 284
913 2316 354
914 2444 382
915 3855 330
916 1368 364
917 3512 274
918 1822 346
919 4963 390
920 4512 404
921 4914 348
922 3423 270
923 3866 374
924 378 431
925 5545 345
926 3901 382
927 5321 384
928 352 340
929 47 616
930 4787 419
931 76 270
932 3492 266
933 1733 392
934 4066 305
935 0 -1
936 6194 379
937 3937 306
938 5173 308
939 6084 358
940 4391 326
941 5085 210
942 1343 295
943 247 303
944 2926 190
945 2106 281
946 6480 339
947 524 297
948 0 -1
949 3508 372
950 2147 375
951 4173 438
952 3592 384
953 3737 339
954 4923 402
955 2947 422
956 3809 415
957 2205 397
958 6072 296
959 4963 373
960 4523 401
961 0 -1
962 6341 354
963 5303 343
964 0 -1
965 4871 388
966 6503 305
967 3121 396
968 5473 366
969 1140 470
970 5029 271
971 3274 260
972 864 355
973 2563 345
974 4904 346
975 5290 323
976 3422 399
977 2899 331
978 0 -1
979 2378 349
980 6102 396
981 0 -1
982 114 321
983 746 378
984 6438 305
985 770 417
986 5263 539
987 564 337
988 4679 297
989 4889 388
990 4107 299
991 2878 300
992 0 -1
993 0 -1
994 968 434
995 5338 292
996 2439 383
997 5373 300
998 1038 304
999 3204 266
1000 2891 343
1001 42 381
1002 3300 306
1003 3244 367
1004 4655 357
1005 2091 394
1006 583 436
1007 132 398
1008 41 407
1009 5383 388
1010 0 -1
1011 0 -1
1012 3123 443
1013 677 256
1014 1608 424
1015 2002 354
1016 42 333
1017 5472 311
1018 1183 383
1019 2353 403
1020 1372 376
1021 1622 145
1022 5151 306
1023 4058 233
1024 4178 346
1025 898 348
1026 2106 294
1027 4133 295
1028 4827 390
1029 486 353
1030 3969 430
1031 2464 488
1032 2112 362
1033 4821 426
1034 1246 437
1035 1003 390
1036 5011 365
1037 5123 439
1038 4328 301
1039 5139 284
1040 3250 391
1041 2081 442
1042 4756 378
1043 5169 380
1044 5531 458
1045 2374 396
1046 230 381
1047 0 -1
1048 489 312
1049 6180 323
1050 2127 343
1051 2267 269
1052 472 356
1053 4200 243
1054 3917 191
1055 1974 370
1056 1509 393
1057 4105 381
1058 522 433
1059 5079 306
1060 2216 400
1061 4521 333
1062 3917 193
1063 3316 349
1064 3327 300
1065 2950 296
1066 5462 444
1067 0 -1
1068 4920 205
1069 1538 315
1070 5675 262
1071 5163 333
1072 4510 360
1073 3273 315
1074 176 424
1075 2655 455
1076 4690 349
1077 5131 270
1078 5933 376
1079 2002 390
1080 147 279
1081 101 445
1082 5447 304
1083 1442 349
1084 1101 254
1085 0 -1
1086 2696 383
1087 0 -1
1088 4416 286
1089 0 -1
1090 3520 77
1091 0 -1
1092 3693 218
1093 4693 376
1094 373 304
1095 4993 391
1096 1403 298
1097 6591 326
1098 4264 277
1099 372 337
1100 3544 450
1101 6199 235
1102 6527 335
1103 709 379
1104 4158 319
1105 2053 446
1106 23 433
1107 0 -1
1108 2117 346
1109 4515 498
1110 717 279
1111 3091 263
1112 4912 384
1113 1289 249
1114 3228 383
1115 3437 349
1116 0 -1
1117 2325 321
1118 4942 475
1119 3929 371
1120 5062 445
1121 977 398
1122 912 291
1123 3154 328
1124 5305 293
1125 3091 284
1126 1896 380
1127 2500 319
1128 1313 253
1129 1709 411
1130 4109 331
1131 4913 208
1132 3096 406
1133 4422 291
1134 5308 340
1135 3561 380
1136 4336 448
1137 0 -1
1138 2941 274
1139 4420 236
1140 1583 444
1141 2175 329
1142 3533 354
1143 3608 389
1144 1218 371
1145 2642 323
1146 0 -1
1147 3650 375
1148 299 343
1149 4422 277
1150 2152 444
1151 5207 603
1152 4899 453
1153 6476 372
1154 2926 171
1155 5716 439
1156 621 478
1157 0 -1
1158 5997 305
1159 19 428
1160 5949 444
1161 3356 384
1162 5736 327
1163 4281 82
1164 2417 363
1165 4516 287
1166 822 415
1167 4596 174
1168 5847 281
1169 5693 433
1170 5327 304
1171 5525 269
1172 5451 273
1173 4967 405
1174 5699 332
1175 1354 216
1176 473 367
1177 2799 358
1178 5375 397
1179 1344 452
1180 4362 299
1181 1144 402
1182 543 255
1183 236 352
1184 2990 360
1185 4 190
1186 4753 325
1187 704 267
1188 275 408
1189 3258 360
1190 3158 505
1191 3128 278
1192 1582 262
1193 2202 343
1194 1251 374
1195 2174 298
1196 62 307
1197 4904 288
1198 349 472
1199 3953 319
1200 1045 419
1201 1848 335
1202 1288 274
1203 4667 515
1204 4294 386
1205 3231 352
1206 1393 341
1207 5159 325
1208 5003 291
1209 3016 295
1210 3607 275
1211 2120 255
1212 1267 286
1213 5214 307
1214 2683 304
1215 19 385
1216 3926 501
1217 3527 566
1218 1290 366
1219 3860 361
1220 3080 281
1221 5607 340
1222 167 360
1223 6366 421
1224 3022 360
1225 2833 267
1226 5650 262
1227 2323 383
1228 6076 233
1229 3247 408
1230 6078 419
1231 0 -1
1232 3521 309
1233 0 -1
1234 5934 282
1235 221 316
1236 2791 285
1237 3475 390
1238 4218 322
1239 1856 315
1240 2985 399
1241 6174 307
1242 3295 342
1243 3897 375
1244 2349 257
1245 0 -1
1246 4316 410
1247 3192 311
1248 5709 335
1249 4057 282
1250 5545 351
1251 2296 341
1252 2556 455
1253 4591 282
1254 3003 360
1255 4910 350
1256 6371 538
1257 4791 328
1258 4476 366
1259 4342 357
1260 2890 342
1261 2878 340
1262 6509 441
1263 5053 428
1264 5225 337
1265 2183 273
1266 2580 319
1267 2111 243
1268 1195 398
1269 937 341
1270 3302 348
1271 5959 262
1272 3063 315
1273 2743 344
1274 2880 324
1275 782 511
1276 2803 328
1277 359 257
1278 301 197
1279 6121 413
1280 2769 311
1281 1724 367
1282 1655 528
1283 485 253
1284 6526 274
1285 3764 461
1286 1509 409
1287 2731 439
1288 4560 250
1289 1278 208
1290 1942 344
1291 4368 370
1292 2784 342
1293 6231 369
1294 680 293
1295 6119 234
1296 2688 314
1297 0 -1
1298 6531 351
1299 3208 321
1300 5853 361
1301 4719 353
1302 2193 202
1303 3316 392
1304 389 288
1305 0 -1
1306 2138 231
1307 3773 335
1308 4762 411
1309 5605 489
1310 3924 341
1311 4723 156
1312 947 313
1313 2297 237
1314 4246 306
1315 581 536
1316 0 -1
1317 3503 333
1318 5632 460
1319 1822 324
1320 1622 166
1321 5884 383
1322 5366 292
1323 186 238
1324 0 -1
1325 1719 496
1326 1405 261
1327 6305 383
1328 5735 402
1329 3651 362
1330 1805 306
1331 4471 403
1332 0 -1
1333 6378 384
1334 90 293
1335 1395 295
1336 4554 330
1337 6188 290
1338 3782 345
1339 1228 338
1340 741 396
1341 912 289
1342 1525 233
1343 17 262
1344 5031 389
1345 5627 387
1346 5759 342
1347 6547 302
1348 2689 221
1349 3534 450
1350 3995 217
1351 3216 241
1352 5277 301
1353 1968 282
1354 2805 202
1355 5755 331
1356 2016 456
1357 3119 309
1358 5187 250
1359 0 -1
1360 6107 301
1361 1343 370
1362 3640 504
1363 1131 218
1364 682 432
1365 2981 404
1366 3445 335
1367 3088 364
1368 5484 337
1369 5956 433
1370 1083 359
1371 1537 352
1372 2921 269
1373 812 303
1374 4631 373
1375 1500 398
1376 0 -1
1377 3774 374
1378 0 -1
1379 6402 332
1380 0 -1
1381 416 421
1382 5232 415
1383 1351 277
1384 6021 327
1385 470 94
1386 1731 338
1387 3541 215
1388 886 354
1389 2177 410
1390 4444 439
1391 4283 383
1392 2377 235
1393 3561 312
1394 1064 401
1395 312 235
1396 5360 354
1397 6174 340
1398 3637 429
1399 3939 374
1400 2186 438
1401 1293 379
1402 1066 445
1403 2342 266
1404 3862 351
1405 6498 251
1406 4606 515
1407 1166 447
1408 2726 368
1409 4640 323
1410 6297 204
1411 0 -1
1412 2317 263
1413 2172 349
1414 0 -1
1415 1762 119
1416 6361 362
1417 443 328
1418 763 299
1419 3862 433
1420 3118 269
1421 947 407
1422 0 -1
1423 5352 394
1424 3140 313
1425 6494 245
1426 849 301
1427 1933 205
1428 2645 381
1429 279 275
1430 4780 301
1431 2152 371
1432 1248 410
1433 715 367
1434 4363 334
1435 504 312
1436 4596 208
1437 3386 431
1438 0 -1
1439 2500 268
1440 2770 423
1441 884 365
1442 5290 340
1443 142 306
1444 2339 387
1445 2892 293
1446 4058 277
1447 1313 268
1448 3953 326
1449 4286 309
1450 1987 425
1451 3169 305
1452 5140 282
1453 4862 378
1454 4778 359
1455 0 -1
1456 5239 366
1457 3115 390
1458 2794 266
1459 4700 109
1460 2005 395
1461 834 217
1462 489 329
1463 5709 364
1464 1739 321
1465 3675 367
1466 6048 330
1467 3027 474
1468 3914 219
1469 219 346
1470 5106 372
1471 721 314
1472 3044 359
1473 562 176
1474 1850 356
1475 543 235
1476 5531 406
1477 1857 464
1478 6454 317
1479 6470 413
1480 5848 294
1481 187 267
1482 1559 412
1483 4153 338
1484 1937 482
1485 0 -1
1486 2683 313
1487 4135 313
1488 3208 350
1489 4896 442
1490 1877 392
1491 4391 277
1492 0 -1
1493 0 -1
1494 0 -1
1495 3005 386
1496 5948 467
1497 4924 429
1498 2208 332
1499 4522 412
1500 1525 320
1501 2159 386
1502 1428 436
1503 3226 290
1504 85 365
1505 5314 275
1506 2170 224
1507 3876 267
1508 6342 304
1509 6512 366
1510 4669 222
1511 6255 317
1512 173 308
1513 6459 263
1514 480 310
1515 5366 320
1516 3285 334
1517 4852 449
1518 6436 337
1519 2146 345
1520 0 -1
1521 4974 406
1522 5764 360
1523 0 -1
1524 2518 477
1525 3602 218
1526 5447 304
1527 1260 346
1528 4329 413
1529 88 252
1530 3691 171
1531 5057 325
1532 4088 435
1533 1264 452
1534 3037 299
1535 3432 397
1536 6379 303
1537 3049 307
1538 4875 216
1539 5761 340
1540 6393 150
1541 4914 264
1542 524 362
1543 6133 343
1544 3598 314
1545 3950 459
1546 0 -1
1547 1026 312
1548 74 287
1549 4855 373
1550 1822 306
1551 5131 355
1552 2059 327
1553 858 330
1554 5913 256
1555 0 -1
1556 4248 342
1557 3800 449
1558 5570 346
1559 5945 384
1560 2645 335
1561 5447 297
1562 5521 293
1563 2406 231
1564 3890 422
1565 0 -1
1566 6492 461
1567 4187 407
1568 0 -1
1569 2677 280
1570 3152 301
1571 4549 388
1572 3274 281
1573 356 465
1574 5338 251
1575 4633 384
1576 5085 319
1577 4412 499
1578 3022 312
1579 0 -1
1580 4721 441
1581 2635 515
1582 5698 234
1583 5615 324
1584 4429 335
1585 1208 301
1586 1860 339
1587 6174 309
1588 26 405
1589 213 264
1590 4565 355
1591 2315 256
1592 1917 378
1593 1056 461
1594 6434 350
1595 4416 335
1596 90 390
1597 1601 476
1598 2656 257
1599 6467 255
1600 1740 365
1601 3315 371
1602 1833 373
1603 2344 351
1604 5880 379
1605 6144 301
1606 2535 349
1607 4980 343
1608 5209 311
1609 5989 314
1610 4331 298
1611 0 -1
1612 77 378
1613 4633 305
1614 3643 387
1615 4725 468
1616 1223 504
1617 130 394
1618 6293 321
1619 2480 284
1620 5331 399
1621 468 426
1622 1459 120
1623 3798 397
1624 2425 294
1625 1746 397
1626 2570 531
1627 5881 390
1628 2261 337
1629 5416 328
1630 1516 355
1631 6537 427
1632 4292 421
1633 5870 323
1634 6162 433
1635 3916 352
1636 1446 340
1637 4150 279
1638 2730 319
1639 2115 363
1640 271 258
1641 4795 304
1642 2729 461
1643 5225 276
1644 5100 386
1645 359 328
1646 4159 260
1647 6076 255
1648 3693 251
1649 0 -1
1650 4279 449
1651 5860 297
1652 5225 270
1653 5526 323
1654 846 513
1655 1059 425
1656 5502 180
1657 5297 280
1658 4273 129
1659 1983 323
1660 2784 360
1661 793 282
1662 6507 327
1663 6239 233
1664 898 292
1665 66 430
1666 6561 320
1667 5738 167
1668 1996 415
1669 2774 439
1670 3351 199
1671 0 -1
1672 1941 363
1673 65 331
1674 5969 316
1675 1582 276
1676 3420 215
1677 1427 238
1678 2543 192
1679 5077 329
1680 3317 335
1681 807 271
1682 2374 321
1683 4723 235
1684 3038 328
1685 2851 262
1686 5490 370
1687 1888 245
1688 2587 425
1689 0 -1
1690 491 280
1691 6598 304
1692 4505 293
1693 1153 405
1694 5116 318
1695 2789 374
1696 1238 416
1697 6526 315
1698 244 422
1699 5933 385
1700 4368 335
1701 5525 275
1702 795 498
1703 1236 379
1704 2291 362
1705 2434 353
1706 942 368
1707 6454 363
1708 169 308
1709 3511 349
1710 4285 335
1711 6172 344
1712 6212 326
1713 2309 373
1714 2711 335
1715 5783 178
1716 0 -1
1717 0 -1
1718 5341 311
1719 6066 377
1720 6367 388
1721 3475 357
1722 4346 259
1723 2824 379
1724 5163 326
1725 1719 436
1726 3068 405
1727 3596 308
1728 4481 299
1729 1481 379
1730 2751 355
1731 5163 292
1732 6072 275
1733 4479 287
1734 1925 444
1735 0 -1
1736 66 432
1737 4203 324
1738 6346 390
1739 794 317
1740 2377 274
1741 3799 334
1742 4687 434
1743 6245 273
1744 3510 169
1745 4583 377
1746 4263 339
1747 0 -1
1748 3598 229
1749 5301 282
1750 2694 397
1751 175 396
1752 3918 399
1753 0 -1
1754 279 297
1755 6133 305
1756 3862 374
1757 4564 331
1758 2056 542
1759 2106 305
1760 1350 256
1761 2082 404
1762 470 94
1763 2865 194
1764 5598 345
1765 0 -1
1766 1272 430
1767 4254 306
1768 3981 229
1769 4450 350
1770 6063 339
1771 0 -1
1772 0 -1
1773 6176 266
1774 2921 291
1775 137 462
1776 6503 394
1777 6495 329
1778 6165 322
1779 6518 333
1780 3731 351
1781 2142 397
1782 4745 379
1783 4128 393
1784 4873 264
1785 1068 263
1786 1405 317
1787 3459 292
1788 1518 340
1789 4754 317
1790 5871 390
1791 1662 360
1792 1068 306
1793 1350 297
1794 5823 389
1795 2135 321
1796 2141 391
1797 4036 621
1798 0 -1
1799 0 -1
1800 0 -1
1801 0 -1
1802 2615 310
1803 5959 270
1804 3087 311
1805 2441 191
1806 6297 254
1807 6535 367
1808 698 396
1809 4790 282
1810 4610 366
1811 108 222
1812 2098 304
1813 4394 375
1814 4150 217
1815 4894 358
1816 3049 257
1817 1691 319
1818 2063 467
1819 1908 458
1820 0 -1
1821 5191 439
1822 5065 287
1823 401 361
1824 4098 375
1825 5447 338
1826 4499 450
1827 6512 286
1828 3214 356
1829 2759 273
1830 2689 220
1831 5162 190
1832 0 -1
1833 5923 287
1834 3265 385
1835 4966 403
1836 354 387
1837 738 267
1838 312 284
1839 3293 476
1840 5166 230
1841 5367 546
1842 5208 365
1843 2704 337
1844 0 -1
1845 5598 281
1846 5115 183
1847 2412 283
1848 5934 258
1849 2608 271
1850 5324 320
1851 6152 294
1852 1715 241
1853 614 250
1854 3764 370
1855 593 388
1856 1647 303
1857 1333 447
1858 728 344
1859 5209 254
1860 2590 313
1861 1278 289
1862 5946 426
1863 828 455
1864 5159 346
1865 2889 426
1866 11 477
1867 2259 240
1868 1131 244
1869 3692 328
1870 5397 327
1871 1715 188
1872 5109 263
1873 752 294
1874 1892 358
1875 3232 371
1876 0 -1
1877 5045 301
1878 1405 301
1879 4386 365
1880 6080 300
1881 0 -1
1882 6427 324
1883 2752 385
1884 6329 328
1885 4315 431
1886 0 -1
1887 316 236
1888 4003 223
1889 3343 424
1890 3594 386
1891 2045 450
1892 3817 313
1893 1618 375
1894 4499 554
1895 2753 371
1896 5128 339
1897 6531 288
1898 2820 290
1899 0 -1
1900 1847 294
1901 29 353
1902 1153 411
1903 3659 367
1904 4820 331
1905 3699 393
1906 0 -1
1907 161 275
1908 2328 374
1909 5856 339
1910 6321 352
1911 922 380
1912 4837 66
1913 0 -1
1914 3007 418
1915 2004 348
1916 5905 122
1917 2325 306
1918 293 352
1919 1852 307
1920 636 411
1921 2893 466
1922 1708 331
1923 2563 346
1924 2255 309
1925 3755 341
1926 359 314
1927 2111 250
1928 4126 306
1929 1845 283
1930 5897 312
1931 211 360
1932 1439 305
1933 834 184
1934 4002 222
1935 3369 347
1936 1591 280
1937 4857 477
1938 3364 346
1939 1016 371
1940 4173 349
1941 2236 277
1942 323 294
1943 2436 305
1944 2783 354
1945 3356 385
1946 5385 568
1947 2568 470
1948 2194 294
1949 6467 271
1950 2746 441
1951 2759 273
1952 4910 309
1953 2295 359
1954 4782 427
1955 5542 512
1956 603 379
1957 6136 319
1958 0 -1
1959 3762 158
1960 3526 399
1961 3384 193
1962 5289 447
1963 5447 346
1964 1111 350
1965 0 -1
1966 1638 360
1967 0 -1
1968 4591 253
1969 2231 271
1970 1023 264
1971 5793 587
1972 3971 291
1973 0 -1
1974 5815 300
1975 3214 293
1976 1468 281
1977 4306 386
1978 567 330
1979 6043 160
1980 6580 332
1981 436 366
1982 0 -1
1983 1372 322
1984 0 -1
1985 2240 201
1986 5596 286
1987 1368 356
1988 3188 378
1989 4050 357
1990 495 336
1991 4150 268
1992 2267 236
1993 0 -1
1994 4598 284
1995 4750 341
1996 3596 295
1997 2507 423
1998 4441 284
1999 1000 348
2000 6394 325
2001 0 -1
2002 4727 279
2003 485 274
2004 465 312
2005 6396 332
2006 0 -1
2007 5606 326
2008 1732 280
2009 5611 342
2010 1253 332
2011 0 -1
2012 3773 362
2013 2863 391
2014 5651 337
2015 2194 318
2016 1713 398
2017 1111 286
2018 6076 298
2019 3817 235
2020 5541 485
2021 5417 443
2022 5965 484
2023 2322 453
2024 5079 312
2025 3075 304
2026 4620 282
2027 6466 166
2028 0 -1
2029 6559 318
2030 0 -1
2031 5424 215
2032 2673 385
2033 2203 332
2034 4471 342
2035 2993 244
2036 0 -1
2037 1304 375
2038 0 -1
2039 5649 307
2040 3664 350
2041 5911 346
2042 1898 304
2043 456 300
2044 2453 299
2045 34 377
2046 1500 342
2047 2838 301
2048 3697 336
2049 0 -1
2050 2417 351
2051 3797 367
2052 2787 255
2053 686 363
2054 1436 270
2055 6129 238
2056 4874 447
2057 373 249
2058 4416 280
2059 3974 306
2060 4798 340
2061 2099 342
2062 4246 337
2063 1739 415
2064 1236 357
2065 684 321
2066 5734 308
2067 4885 400
2068 5620 239
2069 4008 304
2070 2639 459
2071 2745 430
2072 539 439
2073 1953 425
2074 4564 338
2075 5126 512
2076 0 -1
2077 2921 276
2078 3400 341
2079 3179 275
2080 5410 424
2081 5760 360
2082 6474 372
2083 4285 362
2084 3149 261
2085 4191 375
2086 3578 165
2087 634 431
2088 5817 380
2089 1323 310
2090 80 379
2091 5419 374
2092 3513 422
2093 3814 278
2094 523 320
2095 1202 358
2096 0 -1
2097 421 385
2098 4159 216
2099 3958 341
2100 6247 490
2101 2236 303
2102 3892 347
2103 5665 246
2104 396 339
2105 6054 256
2106 1473 190
2107 3842 404
2108 3994 579
2109 4812 452
2110 2027 214
2111 4793 240
2112 1651 305
2113 3132 474
2114 1552 336
2115 1294 335
2116 3155 256
2117 5308 338
2118 6455 368
2119 5140 380
2120 2300 211
2121 5401 459
2122 4697 315
2123 6239 261
2124 2685 408
2125 3514 313
2126 5828 373
2127 5516 307
2128 0 -1
2129 848 331
2130 6133 357
2131 5597 354
2132 6013 464
2133 5532 269
2134 6315 371
2135 2940 283
2136 4987 371
2137 5236 272
2138 4273 111
2139 3325 404
2140 4112 301
2141 821 329
2142 764 379
2143 714 441
2144 1912 75
2145 6250 217
2146 5785 324
2147 4256 339
2148 3647 371
2149 3258 420
2150 5729 345
2151 348 362
2152 1088 338
2153 2688 276
2154 1576 340
2155 6297 294
2156 1145 344
2157 6382 313
2158 4522 440
2159 3118 321
2160 2098 245
2161 4166 417
2162 3968 255
2163 2866 415
2164 2784 277
2165 2009 395
2166 2440 372
2167 5065 222
2168 5029 276
2169 0 -1
2170 186 214
2171 3302 394
2172 4226 343
2173 4516 317
2174 738 207
2175 3713 245
2176 4525 213
2177 22 391
2178 640 395
2179 1241 411
2180 3258 399
2181 6054 303
2182 6223 388
2183 316 233
2184 2685 359
2185 2593 282
2186 3214 327
2187 3098 395
2188 5540 246
2189 4428 249
2190 6297 251
2191 5199 374
2192 602 401
2193 4 175
2194 1959 266
2195 3641 292
2196 6091 412
2197 0 -1
2198 6100 374
2199 6561 424
2200 170 312
2201 4793 308
2202 6490 279
2203 3049 284
2204 4048 456
2205 3311 363
2206 2024 354
2207 1105 451
2208 1278 306
2209 0 -1
2210 2887 399
2211 1867 301
2212 5650 278
2213 3336 626
2214 3912 414
2215 587 153
2216 2290 379
2217 4583 347
2218 0 -1
2219 2297 345
2220 5329 519
2221 4147 348
2222 3179 291
2223 3889 419
2224 1162 382
2225 108 191
2226 5687 305
2227 1141 336
2228 5104 497
2229 5520 512
2230 0 -1
2231 2602 223
2232 0 -1
2233 848 315
2234 3037 274
2235 2773 478
2236 2906 258
2237 784 259
2238 6096 270
2239 2729 397
2240 587 158
2241 2176 326
2242 4085 508
2243 5602 222
2244 2838 227
2245 2157 353
2246 2314 428
2247 6110 455
2248 399 375
2249 1405 305
2250 4291 353
2251 0 -1
2252 3502 346
2253 3570 371
2254 4244 354
2255 2580 239
2256 0 -1
2257 3186 412
2258 3794 301
2259 2838 238
2260 6201 433
2261 5755 303
2262 3603 276
2263 0 -1
2264 3554 386
2265 0 -1
2266 4122 341
2267 6435 163
2268 5288 383
2269 5946 433
2270 2465 373
2271 2647 358
2272 3517 237
2273 900 363
2274 6001 339
2275 779 307
2276 5675 309
2277 933 489
2278 0 -1
2279 275 345
2280 4911 405
2281 1544 408
2282 5745 468
2283 0 -1
2284 0 -1
2285 1468 294
2286 1289 223
2287 5465 398
2288 2505 369
2289 0 -1
2290 3450 300
2291 6451 261
2292 0 -1
2293 938 356
2294 2400 284
2295 3728 352
2296 5105 269
2297 5516 227
2298 2144 188
2299 4273 187
2300 1622 134
2301 3862 355
2302 4914 292
2303 0 -1
2304 3629 285
2305 2174 245
2306 2536 362
2307 2343 294
2308 491 301
2309 706 337
2310 1427 205
2311 1831 191
2312 3756 370
2313 5830 409
2314 4031 419
2315 550 251
2316 6165 346
2317 2500 202
2318 372 316
2319 6392 337
2320 2760 408
2321 446 417
2322 425 389
2323 2417 319
2324 561 362
2325 3224 240
2326 3256 397
2327 6371 480
2328 5159 330
2329 262 444
2330 230 333
2331 4651 309
2332 4281 63
2333 1652 280
2334 5736 288
2335 14 365
2336 169 300
2337 983 383
2338 20 392
2339 747 330
2340 3214 366
2341 38 403
2342 2345 231
2343 2615 289
2344 4580 351
2345 2528 137
2346 5339 317
2347 3993 331
2348 681 403
2349 2616 257
2350 5675 302
2351 4112 231
2352 1536 401
2353 4907 323
2354 1271 289
2355 1145 371
2356 6051 353
2357 4420 256
2358 648 276
2359 3603 288
2360 4474 476
2361 255 301
2362 6578 407
2363 3208 380
2364 6113 384
2365 5672 392
2366 2140 335
2367 254 341
2368 6536 387
2369 4686 357
2370 5872 434
2371 5516 303
2372 5045 267
2373 5069 348
2374 807 316
2375 3194 338
2376 3009 188
2377 6206 204
2378 6219 332
2379 2668 382
2380 601 392
2381 0 -1
2382 721 303
2383 6549 284
2384 0 -1
2385 3425 357
2386 3005 358
2387 5482 419
2388 6150 356
2389 2351 313
2390 5346 442
2391 5910 298
2392 1714 357
2393 0 -1
2394 5815 311
2395 3482 361
2396 1731 322
2397 1960 492
2398 0 -1
2399 2936 601
2400 1541 269
2401 5700 390
2402 0 -1
2403 6196 281
2404 0 -1
2405 3974 325
2406 5162 210
2407 5375 328
2408 2940 228
2409 4700 206
2410 5082 281
2411 0 -1
2412 1395 239
2413 2819 384
2414 1294 329
2415 0 -1
2416 0 -1
2417 5523 302
2418 3426 361
2419 1094 327
2420 6054 232
2421 5259 262
2422 4806 450
2423 1183 376
2424 1036 429
2425 512 255
2426 4600 320
2427 1998 292
2428 3864 376
2429 1707 406
2430 845 302
2431 189 360
2432 527 389
2433 5426 414
2434 5138 344
2435 5698 264
2436 3152 305
2437 1557 544
2438 135 291
2439 4203 322
2440 5412 360
2441 5669 106
2442 5908 460
2443 3985 462
2444 706 304
2445 3925 316
2446 1266 342
2447 517 341
2448 470 86
2449 1985 231
2450 6285 275
2451 3515 370
2452 0 -1
2453 2174 216
2454 1859 335
2455 806 334
2456 3079 307
2457 385 319
2458 5310 333
2459 1150 495
2460 4589 301
2461 2578 353
2462 979 427
2463 0 -1
2464 6279 420
2465 1186 373
2466 6315 360
2467 3855 327
2468 3195 546
2469 6523 349
2470 3348 352
2471 0 -1
2472 4980 299
2473 4264 302
2474 2508 347
2475 680 281
2476 6285 300
2477 2656 147
2478 2688 283
2479 5421 289
2480 3976 256
2481 2706 298
2482 4317 344
2483 5340 425
2484 780 259
2485 3233 255
2486 1028 478
2487 596 387
2488 4949 376
2489 2985 324
2490 5267 372
2491 5178 458
2492 5141 337
2493 0 -1
2494 2465 493
2495 4295 416
2496 3784 401
2497 2352 460
2498 2333 322
2499 0 -1
2500 761 202
2501 1412 296
2502 909 468
2503 10 353
2504 4939 420
2505 4916 311
2506 5775 214
2507 3099 420
2508 3713 286
2509 1210 377
2510 0 -1
2511 3022 376
2512 98 510
2513 1780 418
2514 34 322
2515 971 322
2516 4757 306
2517 5778 412
2518 2362 431
2519 0 -1
2520 2914 401
2521 5968 423
2522 2259 303
2523 2345 245
2524 147 293
2525 2900 442
2526 3731 314
2527 0 -1
2528 3478 123
2529 2286 304
2530 4442 379
2531 3040 267
2532 1395 301
2533 679 404
2534 983 383
2535 5168 238
2536 5310 334
2537 5459 382
2538 3288 282
2539 5806 347
2540 3779 233
2541 3288 381
2542 3032 414
2543 108 191
2544 0 -1
2545 2315 251
2546 539 438
2547 705 278
2548 6330 219
2549 2774 389
2550 5932 310
2551 0 -1
2552 3977 372
2553 1749 369
2554 3520 147
2555 2693 319
2556 1226 366
2557 6536 349
2558 6360 321
2559 5253 263
2560 192 359
2561 6048 341
2562 5984 341
2563 2457 339
2564 5928 328
2565 5211 273
2566 2279 349
2567 4002 245
2568 1442 367
2569 1942 306
2570 1693 477
2571 754 436
2572 9 326
2573 4390 462
2574 2860 584
2575 3072 432
2576 3179 233
2577 5143 299
2578 433 320
2579 3151 406
2580 3673 232
2581 1893 396
2582 3708 332
2583 6412 583
2584 4498 348
2585 2187 481
2586 1813 411
2587 2921 306
2588 2477 207
2589 1177 369
2590 105 264
2591 5292 410
2592 3604 518
2593 4346 262
2594 3360 388
2595 1114 398
2596 5002 521
2597 440 306
2598 0 -1
2599 0 -1
2600 6227 445
2601 2762 231
2602 3019 218
2603 2871 379
2604 0 -1
2605 3116 325
2606 3583 324
2607 2374 316
2608 5163 264
2609 1228 341
2610 3631 269
2611 4137 363
2612 4803 366
2613 2880 324
2614 4925 391
2615 1563 246
2616 4664 160
2617 4082 324
2618 5163 311
2619 0 -1
2620 3366 182
2621 6020 353
2622 2539 395
2623 0 -1
2624 0 -1
2625 264 281
2626 4593 382
2627 480 341
2628 4014 282
2629 4078 298
2630 3247 426
2631 2227 398
2632 1740 348
2633 3279 262
2634 1039 399
2635 2112 399
2636 902 403
2637 5410 368
2638 999 327
2639 6055 372
2640 306 430
2641 793 372
2642 2744 239
2643 2353 389
2644 1327 419
2645 4252 266
2646 5348 335
2647 2969 355
2648 2081 471
2649 5020 291
2650 6579 373
2651 0 -1
2652 2989 405
2653 5131 307
2654 2150 389
2655 102 385
2656 3762 139
2657 4261 357
2658 0 -1
2659 4484 387
2660 0 -1
2661 611 340
2662 4823 324
2663 1875 432
2664 2130 360
2665 179 362
2666 2097 428
2667 3338 266
2668 5028 288
2669 2400 299
2670 5310 283
2671 962 372
2672 2894 310
2673 5840 374
2674 4378 290
2675 896 252
2676 3489 396
2677 5658 278
2678 673 269
2679 3966 325
2680 140 487
2681 6559 334
2682 3417 400
2683 346 285
2684 6494 279
2685 2325 319
2686 3839 335
2687 1022 391
2688 4420 241
2689 5947 171
2690 1548 356
2691 2797 393
2692 836 390
2693 2711 268
2694 6130 383
2695 4966 474
2696 1170 357
2697 6188 302
2698 5604 280
2699 281 401
2700 1829 358
2701 379 324
2702 3800 365
2703 0 -1
2704 1676 309
2705 6265 342
2706 5168 278
2707 0 -1
2708 1970 294
2709 5552 410
2710 0 -1
2711 4841 246
2712 1476 432
2713 2962 256
2714 845 289
2715 4804 338
2716 5639 287
2717 3976 209
2718 4359 369
2719 3114 275
2720 293 351
2721 0 -1
2722 5142 417
2723 1849 358
2724 3833 314
2725 3172 360
2726 2297 337
2727 4820 276
2728 2744 277
2729 2414 382
2730 2174 294
2731 3677 360
2732 4458 359
2733 575 378
2734 1499 466
2735 3331 246
2736 3932 243
2737 4874 435
2738 3537 385
2739 5969 370
2740 3499 424
2741 4837 62
2742 3361 574
2743 3817 266
2744 108 169
2745 5628 356
2746 4630 329
2747 248 342
2748 5418 308
2749 4543 308
2750 152 628
2751 1969 316
2752 3707 317
2753 2505 371
2754 6332 413
2755 1567 414
2756 6026 285
2757 3128 367
2758 2181 303
2759 5696 202
2760 5127 356
2761 563 386
2762 3510 230
2763 6407 321
2764 6413 201
2765 2731 433
2766 2305 260
2767 2474 444
2768 3272 396
2769 3443 297
2770 5408 384
2771 5733 365
2772 2085 421
2773 6540 394
2774 3072 357
2775 1436 290
2776 5559 384
2777 3837 385
2778 3664 323
2779 887 324
2780 406 388
2781 5253 300
2782 47 614
2783 3078 283
2784 4495 262
2785 4669 267
2786 106 351
2787 3874 254
2788 4014 226
2789 1804 367
2790 3811 354
2791 3621 279
2792 1767 342
2793 4350 443
2794 4718 232
2795 3558 338
2796 163 333
2797 2543 282
2798 2565 339
2799 2605 348
2800 4794 307
2801 845 320
2802 2449 305
2803 695 261
2804 5939 263
2805 2741 136
2806 5526 407
2807 0 -1
2808 4543 287
2809 1739 337
2810 3932 277
2811 381 380
2812 3795 352
2813 2916 347
2814 5757 348
2815 348 282
2816 2473 344
2817 6493 392
2818 5423 453
2819 2905 273
2820 1023 264
2821 0 -1
2822 228 400
2823 4424 368
2824 2882 318
2825 0 -1
2826 314 304
2827 2318 329
2828 3440 453
2829 4755 302
2830 4650 394
2831 2513 437
2832 3352 462
2833 1540 238
2834 2562 349
2835 3976 240
2836 1023 350
2837 665 314
2838 5418 225
2839 3497 320
2840 2195 362
2841 959 426
2842 4389 506
2843 1663 256
2844 2796 352
2845 3976 250
2846 4344 423
2847 1612 398
2848 213 336
2849 0 -1
2850 0 -1
2851 1656 227
2852 1226 283
2853 5345 303
2854 5903 521
2855 5533 381
2856 670 282
2857 1676 226
2858 4554 384
2859 5917 244
2860 198 505
2861 1372 285
2862 1323 312
2863 6539 387
2864 2785 270
2865 2741 140
2866 3570 357
2867 4403 379
2868 1553 419
2869 5090 674
2870 781 379
2871 1449 370
2872 1108 428
2873 2252 422
2874 4914 349
2875 0 -1
2876 1878 413
2877 5054 286
2878 1540 232
2879 2988 477
2880 3698 258
2881 369 332
2882 5431 317
2883 5481 269
2884 537 348
2885 6008 388
2886 4314 359
2887 6365 398
2888 2727 322
2889 3609 323
2890 240 333
2891 5754 335
2892 1959 270
2893 462 443
2894 1667 269
2895 1096 328
2896 5981 349
2897 2426 380
2898 4051 318
2899 832 292
2900 3322 422
2901 5295 281
2902 4571 234
2903 1294 404
2904 294 390
2905 3188 273
2906 4901 226
2907 2775 307
2908 1092 277
2909 2649 341
2910 4878 333
2911 5115 302
2912 6343 232
2913 0 -1
2914 2633 333
2915 469 319
2916 755 310
2917 3009 273
2918 2483 453
2919 3812 445
2920 3923 319
2921 373 249
2922 0 -1
2923 6115 422
2924 880 314
2925 6285 282
2926 1311 167
2927 0 -1
2928 3999 408
2929 1363 279
2930 5010 316
2931 1608 346
2932 5484 402
2933 2815 359
2934 353 454
2935 4231 304
2936 6497 548
2937 5664 356
2938 4758 332
2939 3909 285
2940 15 223
2941 6164 184
2942 6264 367
2943 3913 364
2944 5045 255
2945 4269 486
2946 4406 376
2947 6113 390
2948 3560 455
2949 2915 361
2950 3107 248
2951 6387 337
2952 2514 383
2953 265 338
2954 116 233
2955 4980 276
2956 1355 347
2957 5451 303
2958 3022 346
2959 3277 459
2960 4804 357
2961 1128 351
2962 5406 252
2963 4605 368
2964 1979 192
2965 2959 486
2966 647 363
2967 2174 326
2968 6416 443
2969 543 309
2970 0 -1
2971 799 436
2972 6485 393
2973 3591 358
2974 5545 315
2975 1961 260
2976 2469 401
2977 3244 310
2978 108 203
2979 934 348
2980 1447 290
2981 4599 377
2982 2464 431
2983 5694 286
2984 0 -1
2985 1561 304
2986 5476 380
2987 3033 484
2988 4042 368
2989 3661 317
2990 3492 252
2991 5680 287
2992 3473 376
2993 5418 230
2994 3553 313
2995 220 418
2996 2861 315
2997 2092 449
2998 2829 380
2999 0 -1
3000 374 313
3001 3760 363
3002 1573 570
3003 462 345
3004 1302 236
3005 5189 344
3006 4356 453
3007 96 375
3008 6567 240
3009 3876 185
3010 4312 253
3011 0 -1
3012 350 435
3013 2645 361
3014 1335 400
3015 2105 308
3016 5917 238
3017 4232 306
3018 291 357
3019 1320 172
3020 4227 226
3021 4862 396
3022 3939 306
3023 1433 457
3024 3778 470
3025 705 263
3026 0 -1
3027 5260 362
3028 0 -1
3029 3774 326
3030 3869 462
3031 2406 214
3032 641 328
3033 5127 403
3034 1774 300
3035 0 -1
3036 4941 530
3037 6466 206
3038 5054 272
3039 5453 472
3040 2906 226
3041 1657 349
3042 4377 225
3043 4561 373
3044 346 311
3045 6466 206
3046 5775 233
3047 5779 366
3048 2245 438
3049 4155 228
3050 5120 305
3051 3778 483
3052 0 -1
3053 5636 399
3054 0 -1
3055 2267 193
3056 4633 311
3057 4626 354
3058 1616 576
3059 2729 453
3060 3527 493
3061 2003 319
3062 5651 375
3063 808 296
3064 4510 368
3065 0 -1
3066 6240 398
3067 3170 426
3068 905 337
3069 1172 345
3070 5582 252
3071 5400 498
3072 2924 315
3073 2817 503
3074 4950 426
3075 5532 246
3076 5738 165
3077 614 257
3078 4988 267
3079 2588 299
3080 3046 267
3081 1831 286
3082 0 -1
3083 672 448
3084 3042 252
3085 2790 410
3086 608 296
3087 61 303
3088 896 301
3089 0 -1
3090 6455 313
3091 3286 248
3092 4525 241
3093 647 322
3094 17 247
3095 5869 349
3096 2068 301
3097 1082 372
3098 5979 293
3099 1755 343
3100 5738 221
3101 5308 322
3102 680 286
3103 480 247
3104 0 -1
3105 1833 353
3106 637 279
3107 4723 244
3108 2862 338
3109 1976 310
3110 0 -1
3111 0 -1
3112 6426 332
3113 5614 240
3114 784 247
3115 940 367
3116 4646 322
3117 5373 407
3118 32 259
3119 5399 288
3120 5245 413
3121 3255 385
3122 4943 368
3123 3439 413
3124 0 -1
3125 3679 328
3126 2089 391
3127 0 -1
3128 1743 273
3129 4691 399
3130 0 -1
3131 3142 391
3132 2447 362
3133 3467 345
3134 6205 306
3135 1732 287
3136 4083 439
3137 1711 352
3138 686 405
3139 443 316
3140 4875 235
3141 6222 393
3142 263 365
3143 0 -1
3144 1464 375
3145 2855 403
3146 2133 307
3147 0 -1
3148 3768 378
3149 5348 236
3150 3686 450
3151 5519 331
3152 3551 279
3153 2889 395
3154 3327 305
3155 4866 215
3156 6404 243
3157 3094 263
3158 84 435
3159 690 456
3160 3347 518
3161 543 273
3162 0 -1
3163 5944 356
3164 5691 476
3165 5426 382
3166 2897 419
3167 12 1
3168 0 -1
3169 2990 266
3170 1360 361
3171 1196 324
3172 631 252
3173 3524 422
3174 4897 482
3175 3890 357
3176 6150 365
3177 3561 422
3178 1229 461
3179 290 199
3180 5788 361
3181 2475 342
3182 2535 311
3183 784 263
3184 5561 356
3185 530 388
3186 2354 302
3187 6451 271
3188 2055 261
3189 805 380
3190 5059 402
3191 0 -1
3192 3593 286
3193 3300 319
3194 2055 259
3195 1188 502
3196 3593 311
3197 1687 301
3198 5421 343
3199 0 -1
3200 3329 331
3201 1021 171
3202 1117 348
3203 3647 373
3204 5350 258
3205 5578 360
3206 0 -1
3207 174 432
3208 4214 281
3209 3135 288
3210 6152 293
3211 4913 196
3212 6538 532
3213 4955 383
3214 1363 263
3215 6161 348
3216 4988 179
3217 0 -1
3218 6134 467
3219 6225 384
3220 440 306
3221 96 398
3222 4948 417
3223 5872 464
3224 4846 223
3225 4450 313
3226 3106 280
3227 2645 372
3228 6172 321
3229 4411 320
3230 5554 389
3231 3673 292
3232 1212 308
3233 6597 234
3234 1212 322
3235 4796 369
3236 60 441
3237 1752 511
3238 144 375
3239 1768 298
3240 3273 380
3241 0 -1
3242 1165 353
3243 1122 333
3244 1446 278
3245 3677 331
3246 0 -1
3247 5933 367
3248 574 354
3249 39 372
3250 2914 351
3251 4300 354
3252 1415 126
3253 1862 503
3254 5304 305
3255 4574 298
3256 3300 361
3257 5122 303
3258 5818 337
3259 2873 431
3260 6176 358
3261 3115 418
3262 24 303
3263 2193 292
3264 4238 304
3265 2039 317
3266 3395 405
3267 485 261
3268 37 318
3269 6563 403
3270 2065 440
3271 0 -1
3272 5821 341
3273 2794 278
3274 413 232
3275 5321 323
3276 1017 358
3277 239 380
3278 4271 396
3279 4718 194
3280 4974 375
3281 2386 378
3282 4588 286
3283 553 314
3284 0 -1
3285 2167 231
3286 3055 238
3287 5310 310
3288 1283 282
3289 3545 545
3290 1560 380
3291 3214 276
3292 1507 321
3293 5093 376
3294 1826 454
3295 1350 273
3296 5811 726
3297 4760 378
3298 2065 334
3299 4004 395
3300 6301 247
3301 1104 343
3302 3437 318
3303 3982 419
3304 0 -1
3305 6388 394
3306 5399 296
3307 1167 205
3308 5935 430
3309 5512 418
3310 5064 313
3311 1133 336
3312 5297 175
3313 1204 427
3314 910 468
3315 5049 288
3316 839 276
3317 1323 241
3318 391 430
3319 395 330
3320 2317 314
3321 5330 371
3322 4189 385
3323 1659 427
3324 6449 424
3325 5490 310
3326 1810 472
3327 1959 225
3328 3186 305
3329 1951 331
3330 5327 390
3331 1054 239
3332 3694 297
3333 873 318
3334 1674 339
3335 569 469
3336 4179 525
3337 1613 320
3338 4920 258
3339 5521 350
3340 2655 449
3341 672 419
3342 2864 374
3343 299 310
3344 3876 252
3345 83 447
3346 1816 319
3347 4125 442
3348 4126 258
3349 2041 352
3350 4493 302
3351 1912 162
3352 1206 342
3353 0 -1
3354 127 337
3355 719 374
3356 3430 364
3357 6441 298
3358 5620 264
3359 0 -1
3360 5611 307
3361 5968 461
3362 2063 443
3363 952 414
3364 4450 283
3365 94 452
3366 6043 166
3367 6227 506
3368 1690 340
3369 5741 315
3370 6139 420
3371 1976 359
3372 4116 336
3373 0 -1
3374 962 361
3375 5805 375
3376 6036 403
3377 5558 379
3378 1970 362
3379 4728 347
3380 5571 292
3381 1461 243
3382 6402 260
3383 4427 427
3384 1959 177
3385 6176 319
3386 2185 353
3387 780 340
3388 413 329
3389 1355 348
3390 3641 339
3391 241 299
3392 0 -1
3393 1278 250
3394 5777 405
3395 6561 327
3396 2238 363
3397 151 345
3398 3044 324
3399 4428 243
3400 5883 312
3401 4154 384
3402 1646 358
3403 6342 335
3404 5100 400
3405 4346 278
3406 5484 382
3407 517 338
3408 0 -1
3409 2769 331
3410 487 347
3411 4785 501
3412 3134 360
3413 5611 334
3414 3684 323
3415 5249 361
3416 3263 313
3417 116 289
3418 4645 331
3419 1873 326
3420 6206 206
3421 0 -1
3422 4974 362
3423 4723 177
3424 1864 367
3425 3598 245
3426 6039 264
3427 3377 409
3428 0 -1
3429 3761 356
3430 395 304
3431 4827 300
3432 2140 337
3433 179 306
3434 4651 231
3435 3989 291
3436 2146 330
3437 5732 298
3438 1979 229
3439 4980 335
3440 6536 398
3441 543 270
3442 3573 376
3443 3384 246
3444 5371 611
3445 1313 245
3446 3918 334
3447 686 313
3448 5683 396
3449 4044 347
3450 5532 248
3451 648 388
3452 5070 334
3453 3156 247
3454 3426 315
3455 4776 343
3456 3565 349
3457 4971 282
3458 4475 376
3459 4798 270
3460 5201 401
3461 328 256
3462 5840 427
3463 3550 458
3464 6594 331
3465 0 -1
3466 2266 366
3467 5868 339
3468 1622 240
3469 2236 317
3470 3631 233
3471 5614 278
3472 2516 332
3473 4256 335
3474 4727 273
3475 2912 318
3476 2788 336
3477 2357 259
3478 1912 105
3479 2643 433
3480 821 347
3481 3928 329
3482 1238 352
3483 4256 327
3484 6063 370
3485 0 -1
3486 2951 401
3487 642 321
3488 1791 424
3489 2435 340
3490 6206 166
3491 3119 312
3492 6467 194
3493 3671 330
3494 4543 354
3495 2914 416
3496 4418 359
3497 5259 228
3498 5421 382
3499 397 356
3500 6099 515
3501 3096 351
3502 3923 313
3503 4704 304
3504 4921 334
3505 1196 308
3506 83 427
3507 4643 370
3508 4543 358
3509 1888 286
3510 587 143
3511 619 316
3512 2376 217
3513 4384 422
3514 1605 306
3515 2827 348
3516 2912 302
3517 1744 215
3518 5287 355
3519 4065 383
3520 2332 64
3521 3771 264
3522 1972 296
3523 0 -1
3524 1080 330
3525 1445 355
3526 4104 319
3527 5055 461
3528 5545 351
3529 221 388
3530 2795 363
3531 6131 496
3532 4264 321
3533 1387 323
3534 1638 343
3535 5095 335
3536 533 370
3537 1076 364
3538 0 -1
3539 6345 291
3540 2408 292
3541 2620 212
3542 4747 445
3543 1647 293
3544 1267 330
3545 2634 480
3546 4478 338
3547 2481 386
3548 4101 325
3549 5310 303
3550 5899 366
3551 3883 205
3552 1557 465
3553 6448 276
3554 615 334
3555 0 -1
3556 4042 353
3557 4025 371
3558 4916 330
3559 0 -1
3560 2730 338
3561 5248 307
3562 1887 259
3563 5671 192
3564 365 345
3565 2342 311
3566 4622 481
3567 3081 371
3568 6435 163
3569 5128 329
3570 5980 344
3571 2170 228
3572 2934 500
3573 2577 326
3574 2305 330
3575 1968 324
3576 5227 311
3577 4220 383
3578 4837 114
3579 2566 377
3580 1825 343
3581 5347 398
3582 2715 359
3583 1589 317
3584 6138 406
3585 3486 479
3586 4509 377
3587 2436 401
3588 6430 399
3589 2099 349
3590 5337 459
3591 3676 258
3592 1110 279
3593 1278 274
3594 4978 379
3595 4071 362
3596 2453 277
3597 2672 314
3598 5054 229
3599 0 -1
3600 2958 350
3601 1237 465
3602 2345 184
3603 749 268
3604 605 409
3605 5433 387
3606 1857 456
3607 5424 163
3608 1102 378
3609 700 317
3610 1622 230
3611 4314 300
3612 3486 503
3613 5285 364
3614 937 422
3615 5665 252
3616 6594 292
3617 4839 325
3618 2480 314
3619 621 418
3620 2566 404
3621 2485 274
3622 0 -1
3623 3536 379
3624 5013 356
3625 470 196
3626 5908 470
3627 4384 404
3628 2722 446
3629 15 244
3630 6072 292
3631 2240 183
3632 3005 410
3633 2104 353
3634 3627 417
3635 3075 298
3636 6151 380
3637 856 423
3638 4304 374
3639 2190 364
3640 1041 466
3641 5580 264
3642 0 -1
3643 4504 282
3644 5645 612
3645 0 -1
3646 1629 398
3647 3103 257
3648 0 -1
3649 710 373
3650 2346 358
3651 907 358
3652 1926 391
3653 5438 382
3654 2400 312
3655 3267 276
3656 3088 385
3657 5202 345
3658 2535 327
3659 3161 295
3660 1296 405
3661 480 314
3662 3441 343
3663 1792 309
3664 717 303
3665 0 -1
3666 1027 316
3667 1448 340
3668 663 286
3669 590 407
3670 4318 346
3671 1744 218
3672 3507 449
3673 1678 201
3674 1191 320
3675 1598 327
3676 5738 147
3677 5992 282
3678 0 -1
3679 1667 227
3680 1435 419
3681 841 352
3682 5226 369
3683 1459 155
3684 5395 308
3685 3188 340
3686 1142 383
3687 1102 404
3688 2204 575
3689 0 -1
3690 4516 347
3691 4452 156
3692 5248 308
3693 5582 169
3694 5620 215
3695 963 444
3696 3650 365
3697 1170 335
3698 2859 252
3699 3647 306
3700 786 416
3701 5306 307
3702 0 -1
3703 593 353
3704 2477 191
3705 0 -1
3706 4571 305
3707 1337 292
3708 3917 253
3709 2137 308
3710 0 -1
3711 0 -1
3712 1966 396
3713 2406 213
3714 0 -1
3715 5094 376
3716 3479 445
3717 2057 325
3718 3818 458
3719 787 212
3720 1335 351
3721 2505 313
3722 3663 371
3723 4411 250
3724 0 -1
3725 1096 315
3726 5852 292
3727 1321 480
3728 2349 302
3729 4584 391
3730 1086 465
3731 3963 274
3732 1614 430
3733 2034 388
3734 43 475
3735 6140 304
3736 4552 311
3737 2538 288
3738 1403 335
3739 0 -1
3740 5176 553
3741 1561 417
3742 4820 339
3743 1530 211
3744 903 372
3745 2635 409
3746 4418 315
3747 1781 409
3748 2310 234
3749 5031 411
3750 4275 360
3751 991 379
3752 3995 243
3753 159 571
3754 3488 444
3755 4384 328
3756 2290 323
3757 5031 446
3758 6552 479
3759 4060 403
3760 3949 326
3761 1506 287
3762 3520 133
3763 3225 402
3764 2157 367
3765 2438 382
3766 6054 277
3767 99 342
3768 3643 302
3769 1192 277
3770 1145 349
3771 4716 222
3772 5620 199
3773 3118 278
3774 3795 293
3775 4384 353
3776 5266 413
3777 5065 331
3778 1698 455
3779 4596 169
3780 6437 383
3781 575 348
3782 5611 342
3783 5597 377
3784 3049 287
3785 0 -1
3786 2563 448
3787 0 -1
3788 899 434
3789 2098 318
3790 172 373
3791 6442 327
3792 3146 391
3793 1355 379
3794 2711 252
3795 2784 269
3796 5069 317
3797 784 254
3798 1214 313
3799 2565 300
3800 2888 357
3801 6459 312
3802 5745 429
3803 792 337
3804 5328 350
3805 5302 364
3806 5655 377
3807 34 365
3808 168 494
3809 942 342
3810 682 503
3811 2478 297
3812 303 403
3813 2376 264
3814 5736 266
3815 1272 349
3816 2084 295
3817 4377 231
3818 4859 363
3819 69 366
3820 1456 456
3821 850 379
3822 5490 297
3823 86 224
3824 2084 314
3825 0 -1
3826 2406 298
3827 0 -1
3828 297 382
3829 2845 284
3830 3593 388
3831 3719 278
3832 3615 252
3833 863 301
3834 5485 407
3835 1680 388
3836 3979 399
3837 3325 353
3838 5633 302
3839 6391 290
3840 1646 292
3841 779 304
3842 4075 388
3843 6139 364
3844 264 290
3845 65 384
3846 2449 234
3847 5249 378
3848 4720 349
3849 4440 454
3850 727 328
3851 3097 491
3852 4523 418
3853 3549 395
3854 0 -1
3855 6136 277
3856 2270 447
3857 1169 465
3858 3514 410
3859 0 -1
3860 6402 344
3861 1388 441
3862 1186 325
3863 504 329
3864 3752 282
3865 3267 286
3866 3779 281
3867 6326 346
3868 2424 487
3869 2252 392
3870 1687 283
3871 2346 320
3872 1307 454
3873 4672 355
3874 3578 211
3875 6108 334
3876 1311 172
3877 1598 365
3878 1446 287
3879 1055 395
3880 2756 326
3881 3403 367
3882 0 -1
3883 2554 186
3884 5540 240
3885 6486 497
3886 4485 426
3887 3372 433
3888 5137 320
3889 2476 409
3890 326 354
3891 1092 239
3892 2105 317
3893 3986 388
3894 1448 362
3895 0 -1
3896 5526 349
3897 6595 327
3898 63 436
3899 6553 409
3900 2778 390
3901 2974 336
3902 1288 257
3903 6173 464
3904 1174 389
3905 5060 348
3906 3264 395
3907 4500 375
3908 5671 195
3909 5604 260
3910 3916 335
3911 4710 364
3912 4458 355
3913 4328 322
3914 5717 124
3915 1988 397
3916 1663 244
3917 2299 189
3918 4794 306
3919 3075 285
3920 1341 354
3921 433 332
3922 5560 398
3923 1951 306
3924 2588 271
3925 2894 281
3926 2048 392
3927 4505 269
3928 2183 238
3929 4585 325
3930 6174 392
3931 1175 331
3932 4448 233
3933 1445 333
3934 667 303
3935 5720 298
3936 3823 256
3937 4416 291
3938 5759 243
3939 1670 277
3940 0 -1
3941 1759 359
3942 2523 362
3943 1917 348
3944 0 -1
3945 5913 286
3946 1373 314
3947 718 338
3948 1271 338
3949 4905 309
3950 3260 386
3951 2358 296
3952 383 528
3953 5280 311
3954 5979 300
3955 228 334
3956 1727 368
3957 1932 380
3958 3647 338
3959 3113 294
3960 3624 387
3961 0 -1
3962 2252 350
3963 105 251
3964 2829 408
3965 2318 431
3966 1062 214
3967 1266 371
3968 3779 174
3969 2496 402
3970 1545 525
3971 6239 210
3972 2912 313
3973 2531 269
3974 4032 301
3975 6512 375
3976 1311 180
3977 3929 366
3978 265 344
3979 1548 297
3980 6179 297
3981 4988 218
3982 3833 319
3983 0 -1
3984 985 492
3985 3891 347
3986 5514 380
3987 0 -1
3988 3005 432
3989 3286 259
3990 2580 278
3991 1981 446
3992 2605 396
3993 1871 213
3994 2355 469
3995 5532 204
3996 5928 220
3997 6358 262
3998 6507 317
3999 2304 317
4000 4768 353
4001 206 408
4002 3420 215
4003 5195 130
4004 2649 348
4005 5979 281
4006 6107 284
4007 1934 267
4008 725 279
4009 2370 434
4010 6407 357
4011 1594 354
4012 2332 94
4013 3813 337
4014 578 210
4015 5043 336
4016 3024 502
4017 1591 290
4018 3926 432
4019 5234 350
4020 0 -1
4021 2754 448
4022 145 333
4023 1353 382
4024 539 330
4025 4904 298
4026 0 -1
4027 2024 375
4028 3551 230
4029 6048 325
4030 3475 333
4031 4406 355
4032 6053 237
4033 6007 386
4034 3454 422
4035 6365 343
4036 4319 541
4037 4278 386
4038 1269 426
4039 998 376
4040 423 391
4041 0 -1
4042 480 267
4043 562 199
4044 694 295
4045 4198 485
4046 2820 310
4047 1372 375
4048 3287 393
4049 3378 415
4050 5035 321
4051 1933 253
4052 0 -1
4053 3675 410
4054 3912 433
4055 0 -1
4056 5081 364
4057 1461 261
4058 3568 202
4059 568 338
4060 4246 355
4061 0 -1
4062 2448 163
4063 2980 352
4064 1429 328
4065 276 306
4066 3233 273
4067 0 -1
4068 767 339
4069 3007 379
4070 2351 272
4071 2042 318
4072 0 -1
4073 4427 467
4074 1838 352
4075 6550 321
4076 599 423
4077 4266 477
4078 4777 271
4079 4204 323
4080 5097 332
4081 0 -1
4082 13 260
4083 2294 404
4084 6278 288
4085 103 406
4086 1343 328
4087 5086 380
4088 1619 396
4089 4279 429
4090 1833 316
4091 6548 379
4092 0 -1
4093 28 430
4094 3567 379
4095 6172 269
4096 1845 298
4097 3149 313
4098 2456 367
4099 5889 388
4100 2613 336
4101 3020 241
4102 4893 295
4103 2026 321
4104 5675 291
4105 2233 371
4106 4398 432
4107 6490 291
4108 383 516
4109 3916 286
4110 3894 362
4111 3091 279
4112 3568 201
4113 5873 370
4114 3870 299
4115 5381 369
4116 5997 321
4117 0 -1
4118 371 301
4119 5258 449
4120 2678 340
4121 4662 344
4122 5694 302
4123 689 321
4124 5694 362
4125 1879 434
4126 1667 230
4127 4923 446
4128 3224 317
4129 0 -1
4130 5246 409
4131 3342 477
4132 4338 302
4133 3995 225
4134 1059 403
4135 4960 257
4136 2909 361
4137 6218 345
4138 702 456
4139 6550 318
4140 2906 271
4141 61 328
4142 5696 251
4143 5327 330
4144 0 -1
4145 2975 260
4146 1804 327
4147 3382 329
4148 6541 394
4149 3451 411
4150 1427 212
4151 1877 301
4152 4323 452
4153 761 230
4154 2577 321
4155 4012 165
4156 5644 601
4157 2269 524
4158 4669 239
4159 4169 172
4160 2895 382
4161 2454 445
4162 0 -1
4163 4943 350
4164 3238 383
4165 6553 488
4166 1180 411
4167 1202 324
4168 5996 365
4169 2741 134
4170 6422 380
4171 3123 521
4172 153 347
4173 6040 344
4174 1017 409
4175 2618 347
4176 3627 522
4177 77 397
4178 3924 335
4179 3661 429
4180 0 -1
4181 6172 348
4182 1158 343
4183 0 -1
4184 395 309
4185 4475 405
4186 3524 393
4187 4118 398
4188 0 -1
4189 4095 279
4190 3862 354
4191 3875 342
4192 5870 300
4193 1449 396
4194 4179 440
4195 2528 138
4196 5484 368
4197 3496 431
4198 4877 372
4199 1699 417
4200 1427 228
4201 2342 254
4202 2940 235
4203 3307 224
4204 1054 303
4205 2241 388
4206 2098 300
4207 6283 451
4208 1003 372
4209 1856 308
4210 6163 269
4211 1762 201
4212 3855 368
4213 5651 340
4214 6559 253
4215 0 -1
4216 2093 329
4217 2162 287
4218 42 288
4219 3171 379
4220 5225 352
4221 1720 421
4222 3508 471
4223 5817 349
4224 2175 265
4225 1614 400
4226 6145 328
4227 5236 205
4228 866 347
4229 596 389
4230 1992 323
4231 2190 254
4232 5418 256
4233 678 306
4234 3938 315
4235 12 3
4236 476 432
4237 4130 448
4238 6597 213
4239 5851 443
4240 6043 171
4241 629 339
4242 2636 510
4243 1575 399
4244 5159 285
4245 1985 258
4246 3655 281
4247 3737 288
4248 6495 329
4249 2778 324
4250 4185 494
4251 283 301
4252 1278 222
4253 0 -1
4254 1451 305
4255 665 299
4256 3772 301
4257 2975 286
4258 787 214
4259 1348 269
4260 0 -1
4261 40 284
4262 4338 256
4263 704 291
4264 5580 225
4265 2195 298
4266 5223 414
4267 0 -1
4268 4740 367
4269 6590 420
4270 4511 342
4271 2705 356
4272 3981 334
4273 1163 99
4274 0 -1
4275 6120 353
4276 2988 423
4277 3256 467
4278 6262 313
4279 2041 372
4280 2391 299
4281 4235 61
4282 3163 360
4283 5856 362
4284 5845 406
4285 4588 252
4286 1647 289
4287 3831 303
4288 1825 345
4289 4416 327
4290 5530 368
4291 5448 345
4292 2524 369
4293 1822 302
4294 2162 335
4295 151 337
4296 0 -1
4297 3676 262
4298 2077 302
4299 4059 428
4300 2129 331
4301 0 -1
4302 6324 463
4303 4237 466
4304 6189 345
4305 5596 372
4306 3399 310
4307 5954 250
4308 0 -1
4309 5827 397
4310 4893 291
4311 2787 296
4312 6393 148
4313 0 -1
4314 2857 246
4315 1469 349
4316 1677 322
4317 724 332
4318 934 306
4319 2483 531
4320 1191 299
4321 3137 362
4322 2914 409
4323 6209 400
4324 0 -1
4325 1486 424
4326 27 420
4327 1712 392
4328 2902 269
4329 2719 358
4330 45 326
4331 945 287
4332 5171 337
4333 4799 445
4334 1815 465
4335 2859 363
4336 5258 400
4337 3655 316
4338 5934 246
4339 2267 264
4340 5975 416
4341 1055 442
4342 143 345
4343 3719 312
4344 2706 352
4345 3355 422
4346 2993 238
4347 1768 323
4348 173 325
4349 1254 461
4350 6291 332
4351 264 262
4352 6280 389
4353 4391 290
4354 4521 346
4355 2518 446
4356 4767 384
4357 55 344
4358 3839 363
4359 2175 329
4360 3062 392
4361 5566 397
4362 6172 283
4363 4978 291
4364 1922 382
4365 3464 407
4366 472 291
4367 0 -1
4368 5082 311
4369 3189 404
4370 0 -1
4371 5452 375
4372 0 -1
4373 5496 401
4374 1961 307
4375 615 253
4376 2878 325
4377 4420 199
4378 2106 235
4379 153 319
4380 3792 454
4381 1826 523
4382 37 409
4383 2140 350
4384 1969 307
4385 275 352
4386 2974 338
4387 1420 305
4388 5319 535
4389 3476 416
4390 2117 360
4391 2620 227
4392 4796 340
4393 4576 400
4394 5834 344
4395 870 438
4396 6314 688
4397 323 262
4398 2568 377
4399 875 375
4400 5433 418
4401 0 -1
4402 3142 447
4403 2173 324
4404 2582 358
4405 4455 329
4406 3387 352
4407 0 -1
4408 3243 448
4409 6037 346
4410 5846 354
4411 3490 209
4412 3397 408
4413 1806 274
4414 2225 245
4415 5358 492
4416 4846 221
4417 5899 343
4418 2225 305
4419 2082 416
4420 5602 196
4421 2841 463
4422 1656 243
4423 0 -1
4424 1168 353
4425 2335 418
4426 3357 365
4427 5472 376
4428 116 209
4429 1026 334
4430 2924 363
4431 2786 374
4432 5439 308
4433 1869 332
4434 456 412
4435 6052 365
4436 3441 377
4437 5915 310
4438 384 449
4439 5917 261
4440 4520 362
4441 2357 281
4442 751 318
4443 0 -1
4444 806 367
4445 390 347
4446 5404 391
4447 1677 357
4448 6413 214
4449 1017 361
4450 6567 239
4451 4950 479
4452 4837 66
4453 6288 364
4454 2162 332
4455 88 275
4456 838 368
4457 631 329
4458 4251 343
4459 485 246
4460 744 399
4461 3441 354
4462 854 310
4463 1228 350
4464 1727 365
4465 0 -1
4466 169 309
4467 4289 352
4468 2046 407
4469 5078 536
4470 0 -1
4471 4539 337
4472 2716 363
4473 3928 262
4474 6160 437
4475 4343 343
4476 289 342
4477 1871 295
4478 486 308
4479 1961 263
4480 5668 350
4481 155 296
4482 6022 275
4483 5856 425
4484 5013 323
4485 5306 310
4486 3008 290
4487 1528 492
4488 558 395
4489 1778 336
4490 0 -1
4491 466 247
4492 5189 393
4493 2941 253
4494 2307 361
4495 3351 226
4496 5419 434
4497 0 -1
4498 3483 346
4499 1636 449
4500 5139 357
4501 1383 311
4502 3169 325
4503 0 -1
4504 6245 270
4505 3279 250
4506 3251 393
4507 5113 350
4508 4932 395
4509 4721 362
4510 2917 359
4511 4189 313
4512 3931 390
4513 4800 534
4514 3154 321
4515 4263 406
4516 5998 249
4517 5355 329
4518 2323 352
4519 2548 245
4520 766 321
4521 4414 265
4522 5951 377
4523 4937 365
4524 2377 307
4525 5882 203
4526 2133 321
4527 2853 411
4528 4561 349
4529 1970 307
4530 5704 506
4531 0 -1
4532 4824 338
4533 1053 269
4534 3774 347
4535 5438 372
4536 2349 317
4537 6498 292
4538 6307 356
4539 2127 333
4540 2558 338
4541 334 306
4542 2158 497
4543 3055 258
4544 3437 366
4545 5216 329
4546 3338 370
4547 122 290
4548 5700 360
4549 513 328
4550 1856 399
4551 187 294
4552 5019 283
4553 4700 127
4554 1536 318
4555 5496 406
4556 34 422
4557 0 -1
4558 3694 228
4559 0 -1
4560 344 228
4561 1978 348
4562 2712 459
4563 4122 337
4564 5106 305
4565 1405 303
4566 3369 356
4567 0 -1
4568 4314 310
4569 4871 430
4570 4003 149
4571 2441 204
4572 539 371
4573 2874 428
4574 1803 289
4575 0 -1
4576 2343 291
4577 776 325
4578 2310 292
4579 3879 466
4580 413 260
4581 4594 351
4582 6067 321
4583 4201 294
4584 851 364
4585 4574 297
4586 1699 486
4587 2274 389
4588 4669 230
4589 4155 268
4590 3839 330
4591 3016 252
4592 0 -1
4593 2007 369
4594 5838 343
4595 2779 332
4596 4689 142
4597 5543 345
4598 3691 262
4599 941 295
4600 5139 302
4601 343 326
4602 5591 364
4603 2016 513
4604 2347 364
4605 3748 282
4606 1251 435
4607 1340 491
4608 4487 605
4609 2890 333
4610 3891 320
4611 2937 398
4612 5593 538
4613 652 515
4614 2649 371
4615 681 347
4616 2228 515
4617 0 -1
4618 3267 342
4619 4115 395
4620 784 234
4621 530 395
4622 1162 366
4623 0 -1
4624 4146 332
4625 2116 300
4626 2929 326
4627 2679 403
4628 3933 452
4629 3661 338
4630 5463 274
4631 5375 305
4632 1497 462
4633 147 287
4634 375 347
4635 5226 361
4636 0 -1
4637 2823 450
4638 1311 204
4639 5652 327
4640 179 291
4641 2007 417
4642 0 -1
4643 2296 327
4644 0 -1
4645 6061 297
4646 6404 321
4647 3928 334
4648 4670 503
4649 3905 378
4650 3796 360
4651 4913 207
4652 1583 337
4653 2668 294
4654 0 -1
4655 1353 299
4656 3655 326
4657 2353 359
4658 6048 295
4659 0 -1
4660 1015 366
4661 706 260
4662 6597 261
4663 4070 344
4664 5717 87
4665 1371 406
4666 4581 446
4667 2761 458
4668 1692 323
4669 4003 148
4670 4124 416
4671 848 302
4672 5839 353
4673 146 487
4674 587 252
4675 3397 359
4676 0 -1
4677 0 -1
4678 264 301
4679 5698 273
4680 5953 365
4681 3247 389
4682 274 353
4683 2341 447
4684 1816 260
4685 5597 305
4686 6246 353
4687 5044 366
4688 205 481
4689 5669 120
4690 5421 304
4691 6354 395
4692 106 316
4693 1220 308
4694 2361 312
4695 5365 292
4696 519 397
4697 1350 309
4698 1989 402
4699 2687 412
4700 3167 106
4701 2293 382
4702 3595 465
4703 2144 151
4704 5137 282
4705 5524 312
4706 3672 538
4707 2805 193
4708 5234 372
4709 5908 438
4710 4956 282
4711 1590 385
4712 0 -1
4713 2809 412
4714 5629 412
4715 70 348
4716 5717 149
4717 3936 303
4718 6043 121
4719 2237 340
4720 4066 309
4721 5599 326
4722 744 393
4723 2741 153
4724 6162 333
4725 5848 371
4726 937 365
4727 5687 272
4728 290 227
4729 0 -1
4730 6399 443
4731 2534 434
4732 4705 343
4733 6434 420
4734 6571 387
4735 6341 365
4736 877 327
4737 2105 281
4738 5113 321
4739 1731 371
4740 1816 307
4741 771 364
4742 1276 386
4743 5116 305
4744 695 321
4745 5065 320
4746 2392 387
4747 4128 412
4748 840 286
4749 0 -1
4750 3655 331
4751 3173 466
4752 2820 283
4753 553 296
4754 6090 260
4755 1763 302
4756 4855 329
4757 279 289
4758 2554 248
4759 3480 352
4760 3220 334
4761 1517 513
4762 4903 382
4763 5879 387
4764 0 -1
4765 5829 407
4766 2950 306
4767 5086 343
4768 4297 287
4769 2924 371
4770 3131 415
4771 1733 288
4772 5405 471
4773 2240 240
4774 5172 498
4775 5310 367
4776 2008 304
4777 6196 252
4778 1446 328
4779 0 -1
4780 3420 238
4781 6393 207
4782 5816 410
4783 5867 422
4784 3520 181
4785 554 473
4786 3892 411
4787 4598 316
4788 5288 370
4789 2102 448
4790 6319 272
4791 3417 308
4792 5311 375
4793 1992 240
4794 2689 281
4795 2357 296
4796 2098 304
4797 3470 258
4798 1288 251
4799 3838 356
4800 5347 435
4801 744 466
4802 3999 357
4803 1425 333
4804 4104 308
4805 0 -1
4806 4874 334
4807 5895 432
4808 0 -1
4809 4719 441
4810 5982 488
4811 0 -1
4812 4006 373
4813 0 -1
4814 2043 367
4815 0 -1
4816 726 294
4817 3243 447
4818 2145 285
4819 1674 414
4820 2616 244
4821 4265 342
4822 3893 457
4823 2962 301
4824 343 320
4825 6091 385
4826 2577 384
4827 5029 299
4828 5302 362
4829 3151 351
4830 4981 427
4831 4787 371
4832 5399 406
4833 6123 331
4834 1831 256
4835 1729 450
4836 765 267
4837 4235 49
4838 5120 333
4839 5932 310
4840 654 334
4841 3625 238
4842 6532 343
4843 1576 387
4844 1849 362
4845 3294 541
4846 3607 179
4847 2024 342
4848 4051 338
4849 1729 381
4850 0 -1
4851 3925 340
4852 4791 415
4853 1598 373
4854 1679 348
4855 485 285
4856 3183 324
4857 6588 389
4858 4363 306
4859 2188 354
4860 0 -1
4861 0 -1
4862 1519 370
4863 3228 365
4864 2 421
4865 0 -1
4866 1540 150
4867 5406 295
4868 4553 158
4869 2008 344
4870 3677 377
4871 2354 347
4872 4213 415
4873 2962 260
4874 821 327
4875 4723 205
4876 5072 354
4877 5003 328
4878 1830 273
4879 2185 385
4880 3397 430
4881 6581 327
4882 1207 407
4883 5120 378
4884 0 -1
4885 1000 347
4886 6232 385
4887 4118 315
4888 2227 374
4889 4878 313
4890 5974 635
4891 6493 455
4892 2095 446
4893 3743 227
4894 1295 328
4895 733 434
4896 2676 400
4897 594 406
4898 0 -1
4899 4413 364
4900 3819 423
4901 5144 215
4902 1205 362
4903 788 368
4904 3300 252
4905 689 309
4906 3515 399
4907 5810 214
4908 0 -1
4909 2500 302
4910 6165 290
4911 1202 329
4912 1923 377
4913 2138 135
4914 3713 231
4915 1207 342
4916 3008 278
4917 6509 421
4918 2079 321
4919 20 371
4920 6053 199
4921 5213 293
4922 2155 324
4923 5552 402
4924 6444 358
4925 2202 382
4926 1082 402
4927 6417 406
4928 1773 275
4929 6179 300
4930 0 -1
4931 2714 318
4932 1845 385
4933 4693 387
4934 5140 280
4935 255 386
4936 6580 269
4937 4441 314
4938 3121 466
4939 5318 326
4940 759 398
4941 1828 436
4942 6042 385
4943 1341 344
4944 2506 326
4945 937 372
4946 686 332
4947 0 -1
4948 1859 321
4949 5846 339
4950 4854 412
4951 0 -1
4952 97 170
4953 4787 365
4954 3691 215
4955 5640 314
4956 5112 211
4957 5184 436
4958 1041 457
4959 2559 311
4960 3049 252
4961 3723 280
4962 4839 364
4963 5086 280
4964 931 300
4965 1679 390
4966 6179 392
4967 2920 348
4968 2484 291
4969 3819 462
4970 2738 397
4971 5166 274
4972 6212 318
4973 5600 332
4974 5677 299
4975 2116 324
4976 0 -1
4977 1815 358
4978 4589 280
4979 5368 185
4980 3743 254
4981 5596 336
4982 0 -1
4983 1131 295
4984 4248 359
4985 4158 280
4986 4841 245
4987 5598 267
4988 4837 152
4989 1827 357
4990 5340 389
4991 449 344
4992 2482 370
4993 4633 310
4994 3811 349
4995 6146 429
4996 2371 343
4997 0 -1
4998 537 427
4999 5597 333
5000 5264 435
5001 771 325
5002 2705 420
5003 385 237
5004 1923 371
5005 1194 378
5006 1044 458
5007 4992 408
5008 1883 388
5009 299 355
5010 4598 312
5011 2957 340
5012 5843 398
5013 3971 278
5014 4933 422
5015 2924 322
5016 3976 194
5017 3418 442
5018 5845 473
5019 1289 226
5020 562 269
5021 0 -1
5022 2142 385
5023 5916 366
5024 0 -1
5025 4100 371
5026 0 -1
5027 5272 392
5028 3445 259
5029 4203 246
5030 0 -1
5031 5430 348
5032 0 -1
5033 2857 310
5034 3135 324
5035 343 282
5036 5817 339
5037 938 401
5038 0 -1
5039 966 338
5040 4963 361
5041 2378 366
5042 0 -1
5043 4293 336
5044 6192 287
5045 784 252
5046 3327 309
5047 1874 447
5048 3429 400
5049 1363 220
5050 5566 385
5051 2656 164
5052 4189 351
5053 303 397
5054 3691 185
5055 2930 374
5056 0 -1
5057 70 318
5058 1884 418
5059 4353 324
5060 1296 340
5061 5835 399
5062 132 379
5063 3317 261
5064 2237 305
5065 3312 212
5066 6009 474
5067 2561 393
5068 5194 355
5069 2017 287
5070 5211 318
5071 4798 287
5072 3096 307
5073 219 343
5074 1082 353
5075 4692 367
5076 4960 256
5077 3128 285
5078 4667 531
5079 4002 238
5080 832 383
5081 4571 298
5082 5065 281
5083 3092 260
5084 5878 295
5085 587 203
5086 3201 272
5087 412 340
5088 4539 347
5089 1183 358
5090 1894 564
5091 1008 442
5092 1541 288
5093 1969 291
5094 2044 338
5095 6270 308
5096 2987 502
5097 5314 332
5098 6531 329
5099 4187 443
5100 5636 357
5101 1656 251
5102 4873 287
5103 3814 271
5104 2870 393
5105 5744 249
5106 2524 297
5107 3736 316
5108 4442 377
5109 2409 258
5110 520 373
5111 2237 337
5112 3423 185
5113 5338 238
5114 4263 351
5115 3578 182
5116 5211 248
5117 561 461
5118 3565 391
5119 1147 390
5120 276 292
5121 1272 336
5122 2176 277
5123 1227 388
5124 2529 321
5125 1017 388
5126 5527 406
5127 2308 329
5128 2019 309
5129 5769 402
5130 6547 350
5131 2106 249
5132 5183 503
5133 187 275
5134 159 545
5135 6531 282
5136 155 369
5137 15 211
5138 603 323
5139 6442 237
5140 4723 260
5141 3211 253
5142 5084 327
5143 4707 286
5144 4703 196
5145 1139 243
5146 6450 447
5147 1120 523
5148 5846 401
5149 6477 364
5150 763 229
5151 1439 276
5152 4009 493
5153 3368 367
5154 2231 334
5155 3401 498
5156 1792 329
5157 3348 292
5158 132 404
5159 2052 262
5160 1547 329
5161 5851 355
5162 2926 189
5163 2035 244
5164 1961 272
5165 4674 266
5166 1678 199
5167 6218 348
5168 3995 219
5169 3368 367
5170 2691 416
5171 5964 258
5172 1148 430
5173 2193 272
5174 215 405
5175 1056 435
5176 594 456
5177 4307 267
5178 5789 371
5179 3574 375
5180 3396 476
5181 1691 352
5182 6253 367
5183 2143 501
5184 1367 410
5185 3315 380
5186 4420 287
5187 4689 174
5188 4988 174
5189 1541 308
5190 4635 375
5191 4653 360
5192 390 345
5193 1904 369
5194 5954 352
5195 3914 128
5196 3743 288
5197 0 -1
5198 1776 420
5199 3092 313
5200 2704 411
5201 1447 360
5202 5748 307
5203 3674 383
5204 1210 319
5205 0 -1
5206 5494 341
5207 403 497
5208 2808 361
5209 3492 211
5210 5114 395
5211 4784 199
5212 2146 338
5213 5141 281
5214 3425 276
5215 2672 415
5216 1306 271
5217 677 285
5218 3783 377
5219 3894 456
5220 3334 370
5221 5455 393
5222 2556 393
5223 288 305
5224 486 273
5225 2878 235
5226 943 340
5227 2272 282
5228 71 367
5229 4858 406
5230 0 -1
5231 62 348
5232 747 311
5233 3020 338
5234 5321 337
5235 3529 407
5236 5669 197
5237 1111 334
5238 1708 346
5239 2693 301
5240 6264 372
5241 5188 219
5242 2763 336
5243 6005 408
5244 3009 278
5245 945 373
5246 1158 408
5247 3183 368
5248 6297 239
5249 454 341
5250 5812 355
5251 3884 352
5252 1503 296
5253 5115 201
5254 3863 392
5255 3281 402
5256 6580 293
5257 4078 297
5258 1360 377
5259 3914 202
5260 3019 267
5261 5093 368
5262 485 234
5263 5531 454
5264 4834 319
5265 0 -1
5266 832 370
5267 1348 318
5268 1486 386
5269 3113 295
5270 4214 373
5271 4635 419
5272 5700 348
5273 217 338
5274 4630 351
5275 3398 397
5276 0 -1
5277 5910 292
5278 0 -1
5279 3633 375
5280 4391 286
5281 4795 313
5282 4973 409
5283 4629 444
5284 4796 330
5285 1831 302
5286 4521 312
5287 4987 314
5288 1833 303
5289 2198 412
5290 3114 278
5291 1858 352
5292 5733 316
5293 5621 509
5294 41 457
5295 3211 276
5296 3690 421
5297 6567 160
5298 5179 484
5299 5194 451
5300 1737 336
5301 4262 262
5302 1068 247
5303 5239 325
5304 314 286
5305 2590 277
5306 255 305
5307 550 328
5308 5914 311
5309 2359 369
5310 3149 261
5311 1840 350
5312 3928 314
5313 1892 325
5314 2838 273
5315 2914 334
5316 1792 346
5317 671 456
5318 56 287
5319 2206 471
5320 4954 222
5321 2815 310
5322 2944 293
5323 5808 282
5324 6347 272
5325 503 363
5326 3368 440
5327 3823 291
5328 3211 251
5329 4506 435
5330 3438 300
5331 6162 326
5332 3197 339
5333 3213 388
5334 1439 319
5335 504 419
5336 5914 331
5337 953 424
5338 6164 204
5339 3673 221
5340 804 344
5341 4875 207
5342 2156 389
5343 4422 258
5344 0 -1
5345 5741 303
5346 2698 338
5347 4123 382
5348 2759 236
5349 5582 202
5350 344 251
5351 5561 355
5352 5800 363
5353 3370 484
5354 1758 577
5355 6319 305
5356 2078 392
5357 0 -1
5358 6403 396
5359 5671 185
5360 941 290
5361 1388 395
5362 274 365
5363 352 290
5364 4562 533
5365 3459 286
5366 6589 289
5367 3337 428
5368 6466 157
5369 1975 354
5370 0 -1
5371 5896 524
5372 3760 335
5373 1111 296
5374 3295 301
5375 312 284
5376 5004 462
5377 45 346
5378 1096 365
5379 1187 325
5380 5787 487
5381 6449 337
5382 2858 445
5383 2716 302
5384 2477 240
5385 2253 465
5386 1629 332
5387 4541 411
5388 6392 348
5389 4919 469
5390 1170 363
5391 4436 444
5392 387 344
5393 2981 418
5394 5897 347
5395 6022 301
5396 0 -1
5397 3037 292
5398 656 277
5399 1191 286
5400 5745 422
5401 1684 339
5402 5454 433
5403 6485 371
5404 4905 379
5405 2047 393
5406 3631 238
5407 3832 362
5408 2677 310
5409 3736 326
5410 1666 358
5411 6590 360
5412 3457 332
5413 1728 408
5414 1401 407
5415 0 -1
5416 5112 216
5417 2993 348
5418 3490 193
5419 5401 342
5420 1926 411
5421 6550 289
5422 3504 391
5423 2114 402
5424 1163 97
5425 4744 437
5426 863 298
5427 3134 369
5428 2996 324
5429 5070 405
5430 765 289
5431 316 316
5432 5859 354
5433 1512 345
5434 0 -1
5435 0 -1
5436 1530 272
5437 1463 432
5438 3954 315
5439 4258 296
5440 2420 250
5441 1792 426
5442 0 -1
5443 724 331
5444 2235 543
5445 5103 291
5446 2764 257
5447 2383 288
5448 3876 280
5449 5600 362
5450 4639 396
5451 5992 228
5452 274 321
5453 4024 366
5454 2748 422
5455 369 361
5456 0 -1
5457 1634 517
5458 1994 312
5459 135 371
5460 927 394
5461 0 -1
5462 232 371
5463 6054 245
5464 0 -1
5465 4314 341
5466 2916 405
5467 0 -1
5468 6204 263
5469 2238 320
5470 4413 298
5471 2810 343
5472 614 270
5473 6026 262
5474 2553 397
5475 511 460
5476 4678 332
5477 5857 414
5478 3972 368
5479 1352 368
5480 0 -1
5481 677 243
5482 4653 302
5483 5048 416
5484 5186 296
5485 5122 291
5486 0 -1
5487 123 293
5488 4916 362
5489 3389 391
5490 1278 286
5491 87 416
5492 4862 449
5493 6590 357
5494 1070 292
5495 6255 312
5496 5701 331
5497 1023 307
5498 2236 321
5499 5202 367
5500 0 -1
5501 504 336
5502 532 155
5503 1564 429
5504 5223 376
5505 1646 333
5506 24 323
5507 6003 403
5508 3215 437
5509 2607 366
5510 4314 300
5511 1306 271
5512 2361 320
5513 462 368
5514 4005 317
5515 3061 418
5516 834 210
5517 4516 252
5518 1083 391
5519 1051 326
5520 3746 416
5521 4032 254
5522 0 -1
5523 1342 294
5524 5748 312
5525 6549 206
5526 1853 292
5527 2785 370
5528 2843 339
5529 2726 346
5530 5468 323
5531 3225 393
5532 532 181
5533 5264 341
5534 1793 345
5535 182 340
5536 1294 384
5537 6505 407
5538 0 -1
5539 1726 488
5540 1667 197
5541 3479 439
5542 4720 421
5543 2120 289
5544 6585 364
5545 5445 299
5546 2421 312
5547 1094 320
5548 0 -1
5549 1127 403
5550 845 270
5551 0 -1
5552 1125 356
5553 5228 413
5554 6532 313
5555 4140 363
5556 5604 347
5557 5383 337
5558 689 320
5559 3737 382
5560 5870 323
5561 5398 305
5562 5693 453
5563 6520 399
5564 5741 254
5565 0 -1
5566 1909 375
5567 5244 355
5568 4248 358
5569 0 -1
5570 1538 244
5571 2764 269
5572 458 384
5573 2286 310
5574 0 -1
5575 2359 356
5576 1335 334
5577 2941 188
5578 1852 355
5579 2366 433
5580 1167 204
5581 1156 556
5582 2805 137
5583 4201 356
5584 1251 354
5585 498 341
5586 2856 293
5587 6317 344
5588 4300 414
5589 1846 263
5590 2180 513
5591 3004 265
5592 0 -1
5593 2646 419
5594 290 195
5595 2434 392
5596 5677 279
5597 1122 292
5598 2805 232
5599 4689 225
5600 3621 309
5601 1111 327
5602 5195 196
5603 0 -1
5604 5837 238
5605 984 422
5606 5348 305
5607 4875 223
5608 3140 320
5609 464 468
5610 1271 366
5611 1283 287
5612 4750 357
5613 4980 292
5614 2225 225
5615 1447 274
5616 5893 180
5617 3800 396
5618 966 392
5619 4482 373
5620 6043 148
5621 554 456
5622 0 -1
5623 4906 417
5624 2684 292
5625 0 -1
5626 0 -1
5627 3075 363
5628 199 296
5629 2711 308
5630 575 305
5631 2324 404
5632 262 362
5633 1265 300
5634 2211 416
5635 233 556
5636 2117 343
5637 2908 323
5638 2584 453
5639 3042 278
5640 4042 313
5641 1003 400
5642 5463 299
5643 5303 401
5644 2518 534
5645 6371 501
5646 5384 290
5647 3532 339
5648 0 -1
5649 6152 233
5650 229 230
5651 3113 267
5652 114 279
5653 4164 408
5654 3079 389
5655 4280 349
5656 5113 252
5657 3903 493
5658 2351 233
5659 0 -1
5660 0 -1
5661 6192 395
5662 550 351
5663 2062 405
5664 6192 292
5665 2788 239
5666 3096 302
5667 290 157
5668 568 305
5669 97 96
5670 5313 359
5671 5905 168
5672 4797 329
5673 2822 482
5674 3369 358
5675 3966 242
5676 921 368
5677 1278 268
5678 18 405
5679 1313 281
5680 3492 208
5681 5916 309
5682 0 -1
5683 1791 390
5684 6221 380
5685 605 451
5686 6556 379
5687 170 257
5688 3020 262
5689 3109 340
5690 5326 542
5691 892 398
5692 5873 322
5693 4867 359
5694 3676 265
5695 1095 412
5696 4718 169
5697 841 385
5698 3307 234
5699 2713 313
5700 6479 341
5701 5614 302
5702 4145 372
5703 1525 322
5704 2732 417
5705 6310 195
5706 166 351
5707 2689 228
5708 6557 376
5709 662 321
5710 2412 269
5711 2162 291
5712 1293 402
5713 1310 407
5714 4340 517
5715 2983 306
5716 4661 368
5717 2332 68
5718 1170 317
5719 876 434
5720 2506 266
5721 0 -1
5722 387 382
5723 5498 368
5724 3075 250
5725 1175 272
5726 653 370
5727 533 429
5728 2541 451
5729 2323 327
5730 2592 611
5731 355 394
5732 5597 294
5733 1228 259
5734 1351 251
5735 900 371
5736 1540 264
5737 5916 269
5738 4664 145
5739 0 -1
5740 2690 408
5741 3016 247
5742 3698 336
5743 229 319
5744 6155 231
5745 5214 390
5746 1737 345
5747 0 -1
5748 1023 280
5749 6547 323
5750 3155 269
5751 715 333
5752 6579 428
5753 0 -1
5754 4255 332
5755 6089 290
5756 4658 357
5757 6204 332
5758 2901 346
5759 695 223
5760 6532 332
5761 6348 309
5762 4672 456
5763 2633 291
5764 2336 340
5765 839 275
5766 3695 478
5767 843 374
5768 6007 330
5769 4992 393
5770 5586 307
5771 2385 377
5772 636 373
5773 4699 493
5774 2034 428
5775 6245 197
5776 44 398
5777 2988 372
5778 3063 302
5779 1388 364
5780 5998 257
5781 4095 368
5782 5035 343
5783 1959 175
5784 6098 480
5785 1861 289
5786 5287 379
5787 1870 412
5788 1133 358
5789 3565 357
5790 3093 370
5791 5801 427
5792 6303 313
5793 4305 491
5794 6051 432
5795 2769 383
5796 2770 461
5797 2052 256
5798 3173 463
5799 3239 351
5800 2258 338
5801 5126 411
5802 3674 340
5803 3553 351
5804 472 335
5805 6102 324
5806 5304 298
5807 4459 305
5808 301 252
5809 326 349
5810 5144 202
5811 2468 664
5812 6309 343
5813 5162 271
5814 5106 320
5815 6119 287
5816 2058 385
5817 771 301
5818 1663 327
5819 3449 348
5820 5694 275
5821 848 319
5822 0 -1
5823 3913 333
5824 4755 407
5825 1572 313
5826 6559 267
5827 4224 352
5828 2835 332
5829 5731 401
5830 3226 310
5831 1360 334
5832 1465 385
5833 4824 388
5834 5365 290
5835 3735 352
5836 71 361
5837 2500 222
5838 5168 308
5839 1831 294
5840 3698 307
5841 1276 372
5842 1926 341
5843 1709 361
5844 5073 371
5845 3972 396
5846 3441 299
5847 2153 278
5848 2543 282
5849 0 -1
5850 3850 354
5851 4839 341
5852 6391 288
5853 824 349
5854 970 357
5855 4571 282
5856 2602 328
5857 5619 409
5858 3033 462
5859 3459 352
5860 3492 273
5861 3506 427
5862 784 248
5863 2125 415
5864 2074 380
5865 6173 431
5866 3000 427
5867 6284 388
5868 5992 285
5869 614 344
5870 4252 257
5871 4095 306
5872 5165 382
5873 683 273
5874 0 -1
5875 1658 184
5876 5835 368
5877 2101 363
5878 903 275
5879 6333 385
5880 6544 342
5881 812 343
5882 5424 185
5883 5395 311
5884 472 324
5885 2593 291
5886 5262 273
5887 3957 478
5888 5512 393
5889 3966 327
5890 189 331
5891 1108 374
5892 2264 463
5893 1459 164
5894 0 -1
5895 6516 356
5896 6202 438
5897 5521 269
5898 1803 289
5899 2372 298
5900 1833 398
5901 1403 351
5902 1296 394
5903 4656 409
5904 6089 284
5905 2448 109
5906 4255 323
5907 3452 367
5908 2147 385
5909 1070 366
5910 2717 278
5911 1354 285
5912 1201 422
5913 4553 247
5914 3932 304
5915 3279 287
5916 749 264
5917 2805 229
5918 0 -1
5919 5881 355
5920 4335 389
5921 6538 483
5922 2460 323
5923 1744 252
5924 4773 315
5925 4887 357
5926 297 300
5927 4960 300
5928 290 215
5929 6523 342
5930 302 401
5931 4665 492
5932 2864 280
5933 197 329
5934 2225 208
5935 1755 349
5936 4285 321
5937 879 392
5938 4635 374
5939 5577 261
5940 4000 380
5941 1169 474
5942 4562 515
5943 0 -1
5944 6460 299
5945 4403 342
5946 3668 378
5947 2656 158
5948 1435 375
5949 3767 401
5950 1260 389
5951 3077 309
5952 1353 332
5953 4841 277
5954 2601 245
5955 2556 479
5956 3707 318
5957 1680 365
5958 0 -1
5959 4781 247
5960 2993 328
5961 0 -1
5962 1269 372
5963 0 -1
5964 6490 248
5965 3355 483
5966 2350 352
5967 3611 348
5968 3407 390
5969 1334 294
5970 5107 358
5971 4410 367
5972 2396 351
5973 6252 434
5974 2228 612
5975 3183 376
5976 4069 475
5977 2208 402
5978 5033 362
5979 2286 276
5980 1646 263
5981 1064 322
5982 6029 439
5983 0 -1
5984 1692 334
5985 0 -1
5986 0 -1
5987 0 -1
5988 0 -1
5989 1871 244
5990 466 301
5991 2444 414
5992 6343 225
5993 3101 398
5994 4109 311
5995 2756 285
5996 6107 312
5997 970 291
5998 2477 242
5999 1779 335
6000 175 407
6001 2159 324
6002 3596 343
6003 5919 369
6004 4814 371
6005 5473 358
6006 3344 278
6007 4704 304
6008 3094 349
6009 1694 404
6010 70 392
6011 2255 339
6012 4291 400
6013 1446 375
6014 2726 378
6015 4261 311
6016 1506 291
6017 1754 410
6018 2956 424
6019 1827 335
6020 6158 284
6021 1927 320
6022 413 274
6023 3562 290
6024 1372 307
6025 2813 459
6026 3708 254
6027 4119 486
6028 440 351
6029 4767 355
6030 3712 425
6031 4185 447
6032 734 162
6033 3625 246
6034 1795 327
6035 1228 242
6036 1729 380
6037 5882 285
6038 0 -1
6039 5893 238
6040 4214 304
6041 2414 393
6042 721 310
6043 5669 113
6044 6446 364
6045 2602 262
6046 0 -1
6047 2481 343
6048 3425 274
6049 5886 326
6050 4195 162
6051 6019 337
6052 2249 363
6053 5195 197
6054 2926 188
6055 6032 279
6056 301 208
6057 0 -1
6058 1495 430
6059 2261 394
6060 639 476
6061 5140 291
6062 4146 396
6063 283 335
6064 1392 350
6065 4393 413
6066 4504 343
6067 6358 320
6068 3228 343
6069 4281 126
6070 3723 324
6071 5019 235
6072 6580 271
6073 1585 406
6074 4232 364
6075 6512 375
6076 6239 207
6077 0 -1
6078 6395 375
6079 2786 457
6080 5262 299
6081 5416 269
6082 1264 354
6083 1805 212
6084 1427 307
6085 0 -1
6086 5808 295
6087 4669 172
6088 147 299
6089 787 218
6090 3279 246
6091 1572 308
6092 0 -1
6093 1787 379
6094 1536 343
6095 5453 394
6096 86 196
6097 3165 399
6098 3022 375
6099 836 425
6100 5923 315
6101 717 290
6102 2994 318
6103 3008 285
6104 4703 260
6105 2771 425
6106 4459 290
6107 3694 247
6108 6205 322
6109 66 434
6110 5836 380
6111 2642 292
6112 6058 443
6113 5256 363
6114 1148 380
6115 5662 387
6116 2792 433
6117 5470 320
6118 2516 384
6119 2620 188
6120 5665 269
6121 1336 368
6122 0 -1
6123 2035 277
6124 0 -1
6125 3322 387
6126 1073 433
6127 3123 450
6128 5028 335
6129 4252 226
6130 2940 298
6131 4103 385
6132 5959 346
6133 1439 275
6134 1400 466
6135 0 -1
6136 2859 273
6137 6255 362
6138 3839 310
6139 2315 312
6140 3772 211
6141 604 386
6142 5027 490
6143 4343 315
6144 5707 248
6145 3188 306
6146 494 398
6147 2749 421
6148 4701 397
6149 4101 243
6150 839 276
6151 2302 324
6152 5115 199
6153 3958 340
6154 0 -1
6155 4062 210
6156 0 -1
6157 516 391
6158 2194 276
6159 3621 336
6160 1213 351
6161 521 303
6162 3596 319
6163 2794 260
6164 5947 164
6165 1505 284
6166 2804 364
6167 5186 387
6168 660 435
6169 3681 389
6170 5589 381
6171 1693 435
6172 5065 244
6173 2114 353
6174 4217 302
6175 2305 276
6176 6303 259
6177 2800 347
6178 5810 281
6179 1358 289
6180 4907 275
6181 5516 312
6182 0 -1
6183 4663 361
6184 2896 350
6185 3770 435
6186 2295 421
6187 3637 425
6188 768 253
6189 2308 327
6190 6411 332
6191 1349 457
6192 359 281
6193 2400 359
6194 4265 356
6195 987 457
6196 2106 202
6197 2827 378
6198 0 -1
6199 532 232
6200 1272 391
6201 3515 369
6202 1026 340
6203 6422 327
6204 5302 260
6205 1732 299
6206 470 86
6207 3437 302
6208 5465 360
6209 3692 391
6210 0 -1
6211 4889 340
6212 4351 305
6213 4480 356
6214 433 361
6215 2448 139
6216 5148 500
6217 3229 331
6218 5904 338
6219 3450 314
6220 0 -1
6221 1170 318
6222 4017 328
6223 6045 327
6224 4691 395
6225 4191 349
6226 5859 362
6227 2146 426
6228 1385 109
6229 4661 380
6230 2775 290
6231 979 366
6232 3226 283
6233 421 380
6234 0 -1
6235 1244 301
6236 5935 352
6237 2930 395
6238 0 -1
6239 1415 163
6240 5596 370
6241 4223 393
6242 1924 358
6243 4651 270
6244 2608 382
6245 6228 171
6246 4743 345
6247 4539 395
6248 2259 344
6249 6346 430
6250 1762 135
6251 537 335
6252 4337 370
6253 4994 363
6254 2795 358
6255 2719 300
6256 5799 358
6257 6597 215
6258 239 345
6259 3677 302
6260 4457 385
6261 2016 468
6262 6466 205
6263 0 -1
6264 6193 359
6265 1363 225
6266 2829 373
6267 3845 386
6268 431 304
6269 1141 359
6270 5187 201
6271 4224 365
6272 5786 398
6273 6362 384
6274 3251 399
6275 0 -1
6276 1500 327
6277 6242 427
6278 2300 232
6279 1478 390
6280 3602 292
6281 4149 500
6282 1248 342
6283 5472 371
6284 839 337
6285 1961 275
6286 1786 387
6287 5133 353
6288 2902 255
6289 3044 329
6290 5681 351
6291 2954 316
6292 0 -1
6293 3076 284
6294 6454 288
6295 5564 326
6296 2068 350
6297 844 175
6298 3394 437
6299 5570 335
6300 5588 445
6301 4570 150
6302 3510 235
6303 5115 207
6304 927 463
6305 2935 363
6306 0 -1
6307 2693 331
6308 0 -1
6309 5606 317
6310 2656 160
6311 6440 412
6312 1098 335
6313 5562 485
6314 3644 666
6315 2243 326
6316 1396 404
6317 999 284
6318 6545 321
6319 4591 271
6320 6106 359
6321 777 274
6322 4321 454
6323 2315 344
6324 5499 367
6325 4715 361
6326 5241 329
6327 4295 453
6328 5996 348
6329 5817 327
6330 2528 170
6331 1005 458
6332 5217 347
6333 4007 351
6334 4252 233
6335 1404 385
6336 2645 366
6337 3188 339
6338 0 -1
6339 3995 311
6340 620 357
6341 4307 318
6342 4378 273
6343 2805 170
6344 1794 427
6345 2167 291
6346 6181 337
6347 4491 263
6348 3752 252
6349 767 361
6350 1054 296
6351 5810 300
6352 794 300
6353 110 377
6354 6163 310
6355 362 492
6356 1781 456
6357 0 -1
6358 1278 254
6359 2188 265
6360 2400 296
6361 2788 332
6362 4387 349
6363 4403 330
6364 2115 383
6365 1071 340
6366 5033 399
6367 263 337
6368 4371 424
6369 4577 355
6370 0 -1
6371 4000 473
6372 5260 319
6373 5105 312
6374 4360 443
6375 3449 386
6376 4302 568
6377 6542 434
6378 4834 346
6379 3049 266
6380 4206 322
6381 0 -1
6382 122 301
6383 5063 303
6384 1186 410
6385 5111 428
6386 1830 281
6387 5109 326
6388 4798 354
6389 1175 262
6390 3974 399
6391 2106 266
6392 2103 297
6393 4553 139
6394 3344 271
6395 6557 342
6396 485 229
6397 6578 396
6398 5407 460
6399 2489 338
6400 0 -1
6401 969 503
6402 3671 251
6403 5034 395
6404 210 215
6405 4600 376
6406 1084 365
6407 3928 292
6408 1550 414
6409 4719 424
6410 2700 371
6411 4707 212
6412 483 485
6413 4596 181
6414 0 -1
6415 0 -1
6416 2440 377
6417 4847 348
6418 0 -1
6419 2741 65
6420 980 434
6421 6589 348
6422 1468 297
6423 0 -1
6424 4493 326
6425 0 -1
6426 4700 220
6427 5642 318
6428 0 -1
6429 6108 359
6430 2675 364
6431 4580 332
6432 1060 424
6433 6557 432
6434 4760 340
6435 6043 139
6436 4728 291
6437 3621 316
6438 1405 293
6439 175 405
6440 3666 407
6441 2325 298
6442 2588 210
6443 6511 443
6444 5649 352
6445 3190 452
6446 3554 361
6447 3549 320
6448 76 261
6449 548 311
6450 1892 329
6451 3478 175
6452 3364 289
6453 0 -1
6454 1538 277
6455 76 285
6456 5323 321
6457 1825 356
6458 2640 447
6459 6056 260
6460 1871 280
6461 2500 269
6462 4337 361
6463 4519 261
6464 1549 404
6465 3409 437
6466 4452 147
6467 2144 187
6468 6158 346
6469 5174 510
6470 2201 318
6471 6143 356
6472 0 -1
6473 2566 415
6474 6475 256
6475 3971 214
6476 1102 371
6477 563 361
6478 2620 242
6479 1868 322
6480 4495 254
6481 4255 400
6482 1408 372
6483 1760 362
6484 5927 305
6485 3204 344
6486 2266 412
6487 925 366
6488 6478 314
6489 589 417
6490 3625 229
6491 3402 401
6492 3546 369
6493 5672 353
6494 1658 238
6495 2523 307
6496 3265 360
6497 1631 489
6498 1667 239
6499 3207 442
6500 2985 305
6501 5768 414
6502 1796 438
6503 6265 276
6504 3449 358
6505 5868 300
6506 2567 291
6507 6050 226
6508 557 332
6509 6378 396
6510 371 304
6511 161 354
6512 3420 278
6513 2809 416
6514 0 -1
6515 6285 299
6516 5085 297
6517 1352 420
6518 6293 312
6519 4993 355
6520 2333 375
6521 4938 556
6522 1835 440
6523 1670 255
6524 5256 307
6525 1248 338
6526 2764 221
6527 1283 335
6528 2529 329
6529 5069 333
6530 2752 363
6531 4391 261
6532 359 311
6533 5496 419
6534 3921 364
6535 1968 296
6536 3417 332
6537 2101 360
6538 4597 425
6539 3883 302
6540 3673 314
6541 1358 274
6542 1108 367
6543 3494 357
6544 3708 336
6545 2864 270
6546 2944 339
6547 2176 294
6548 1537 350
6549 2193 178
6550 944 224
6551 3254 373
6552 3681 438
6553 6231 409
6554 4479 340
6555 5700 350
6556 3418 358
6557 6386 325
6558 5627 453
6559 3607 228
6560 3342 389
6561 6531 318
6562 3799 313
6563 4437 322
6564 2772 463
6565 6160 390
6566 757 376
6567 2805 138
6568 5431 368
6569 2467 378
6570 4686 379
6571 657 291
6572 3167 66
6573 6222 394
6574 255 291
6575 2724 382
6576 4909 352
6577 2701 348
6578 6438 366
6579 432 356
6580 5211 228
6581 2559 312
6582 0 -1
6583 0 -1
6584 6524 410
6585 1343 304
6586 122 331
6587 2813 357
6588 877 374
6589 4820 284
6590 5428 335
6591 3543 310
6592 1357 365
6593 0 -1
6594 4391 282
6595 2103 288
6596 5100 390
6597 644 197
6598 3045 287
6599 5728 465
6600 4122 337
