22
1 0 -1
2 3470 508
3 0 -1
4 6032 476
5 5624 456
6 0 -1
7 2732 550
8 149 400
9 4316 404
10 3773 237
11 6527 546
12 0 -1
13 1569 370
14 329 307
15 1809 413
16 3067 552
17 6475 420
18 6346 433
19 5431 483
20 3615 373
21 60 391
22 22 0
23 1293 453
24 2859 347
25 151 422
26 4645 404
27 5499 315
28 5025 482
29 4855 539
30 6534 503
31 0 -1
32 116 116
33 5737 370
34 1486 385
35 3484 483
36 2248 517
37 5244 434
38 1930 486
39 2153 344
40 3846 432
41 3369 398
42 2019 391
43 558 456
44 4291 449
45 1283 448
46 134 507
47 1617 731
48 790 440
49 4119 532
50 3169 548
51 3112 420
52 855 541
53 2271 527
54 6558 458
55 5608 480
56 4057 280
57 4190 277
58 0 -1
59 1504 434
60 6165 368
61 2535 425
62 2317 505
63 2359 359
64 4824 529
65 1562 408
66 1652 420
67 5642 415
68 0 -1
69 3382 514
70 4190 324
71 3816 415
72 3417 280
73 4828 592
74 426 256
75 4233 407
76 6051 409
77 5142 441
78 410 447
79 132 490
80 4228 271
81 3922 551
82 3863 453
83 101 415
84 2074 326
85 4959 318
86 2358 302
87 4286 482
88 3510 409
89 5345 487
90 20 383
91 227 511
92 0 -1
93 4281 444
94 1782 518
95 311 516
96 3850 450
97 3520 389
98 1126 513
99 1461 324
100 3416 316
101 2064 414
102 4681 462
103 142 300
104 2593 386
105 4525 426
106 2054 446
107 5962 412
108 5195 454
109 6020 430
110 6389 429
111 5925 446
112 3034 451
113 4057 316
114 3773 275
115 25 494
116 22 111
117 939 442
118 786 432
119 4447 438
120 3289 746
121 3867 598
122 4339 420
123 99 366
124 0 -1
125 6136 422
126 4100 406
127 1353 393
128 1016 402
129 5545 311
130 1436 508
131 5783 348
132 6591 420
133 2118 370
134 880 489
135 1253 395
136 1491 424
137 337 518
138 0 -1
139 3453 377
140 2701 468
141 4311 403
142 4261 277
143 5953 440
144 2993 374
145 2453 429
146 4125 470
147 3003 504
148 3872 464
149 129 355
150 521 278
151 4836 331
152 528 549
153 2019 387
154 5218 477
155 5998 448
156 1277 473
157 0 -1
158 6303 289
159 4421 605
160 1932 412
161 1968 314
162 1900 533
163 4383 346
164 5680 504
165 0 -1
166 2602 591
167 832 429
168 4970 512
169 1667 488
170 1054 376
171 0 -1
172 3032 406
173 3080 363
174 4548 450
175 4084 523
176 1059 340
177 3570 478
178 3798 384
179 3946 382
180 6137 353
181 3862 292
182 3718 391
183 2409 479
184 3594 540
185 4076 525
186 3578 205
187 6334 418
188 6361 352
189 2756 448
190 0 -1
191 1933 293
192 6503 412
193 5361 560
194 5482 388
195 0 -1
196 824 356
197 1323 305
198 6041 484
199 3641 406
200 1522 393
201 3771 513
202 4185 432
203 2941 412
204 4335 470
205 284 568
206 1705 478
207 211 488
208 4526 497
209 6266 495
210 3676 510
211 6278 415
212 0 -1
213 6526 362
214 6566 406
215 5933 352
216 1704 483
217 3677 381
218 3897 433
219 1249 305
220 5591 537
221 5163 327
222 4360 528
223 5224 392
224 0 -1
225 0 -1
226 1302 596
227 4125 406
228 4097 449
229 2174 425
230 6106 365
231 5330 456
232 4537 463
233 2494 415
234 3256 492
235 6099 667
236 4006 432
237 0 -1
238 3034 380
239 1849 343
240 4806 414
241 4544 375
242 0 -1
243 18 484
244 1307 269
245 27 415
246 842 468
247 2259 313
248 5915 481
249 870 424
250 1338 538
251 2053 523
252 1923 477
253 0 -1
254 615 406
255 6189 380
256 2485 484
257 4046 468
258 3244 474
259 0 -1
260 3699 561
261 467 456
262 5202 460
263 2244 376
264 1884 512
265 3231 500
266 279 505
267 274 478
268 5428 437
269 1809 468
270 3080 468
271 3932 487
272 1056 425
273 3181 579
274 3012 434
275 4583 467
276 1307 253
277 0 -1
278 337 485
279 2026 412
280 5321 470
281 925 301
282 3630 382
283 1809 415
284 1289 472
285 5697 467
286 1508 545
287 0 -1
288 2012 350
289 683 465
290 93 460
291 2803 490
292 4920 473
293 200 452
294 544 407
295 0 -1
296 1667 426
297 6535 365
298 5768 438
299 6048 456
300 3367 719
301 6119 320
302 4671 345
303 3641 499
304 461 495
305 4915 388
306 4294 560
307 5971 480
308 4873 412
309 3960 433
310 0 -1
311 2846 488
312 2077 368
313 2778 533
314 3661 391
315 5059 349
316 40 440
317 6137 360
318 3050 406
319 0 -1
320 6055 538
321 482 374
322 2606 408
323 5696 289
324 3355 495
325 4668 458
326 1757 329
327 3121 511
328 5225 313
329 6176 263
330 0 -1
331 5438 439
332 1088 487
333 3456 547
334 6449 442
335 5815 371
336 4224 377
337 5262 427
338 418 386
339 2503 300
340 5716 352
341 3126 512
342 1659 384
343 1942 384
344 3317 333
345 4640 419
346 4126 386
347 548 347
348 347 405
349 2016 399
350 6236 362
351 530 354
352 2547 393
353 3467 405
354 2839 457
355 429 397
356 982 451
357 5805 405
358 0 -1
359 1185 395
360 2852 501
361 2045 509
362 5864 443
363 6168 580
364 6015 315
365 3276 450
366 1935 445
367 1373 390
368 3556 525
369 5153 430
370 1172 424
371 1970 362
372 4773 427
373 491 275
374 2677 337
375 5577 436
376 2766 399
377 3176 484
378 1469 373
379 4793 503
380 0 -1
381 1740 452
382 911 498
383 664 513
384 5025 483
385 4300 331
386 5077 380
387 2346 434
388 374 428
389 312 421
390 1439 369
391 684 486
392 0 -1
393 2343 453
394 769 560
395 4133 381
396 5343 425
397 4340 480
398 4302 481
399 2653 470
400 0 -1
401 4441 475
402 1619 533
403 1114 496
404 2057 298
405 5798 619
406 3682 437
407 340 378
408 3262 258
409 6373 515
410 3947 344
411 6363 413
412 3204 262
413 301 371
414 3764 576
415 5933 396
416 4480 385
417 653 444
418 158 361
419 5036 467
420 3347 421
421 630 332
422 5528 371
423 3936 465
424 5469 441
425 19 501
426 3118 217
427 1974 473
428 6257 482
429 6016 315
430 569 496
431 1321 347
432 749 348
433 2838 301
434 4263 425
435 1972 416
436 1247 450
437 2586 541
438 4983 381
439 2858 569
440 1722 327
441 4164 557
442 1064 405
443 5577 433
444 4924 440
445 23 482
446 39 355
447 1447 374
448 4937 443
449 2425 425
450 4940 597
451 0 -1
452 1960 454
453 766 403
454 739 478
455 2591 376
456 1732 440
457 4804 549
458 1940 465
459 5196 463
460 4726 461
461 4190 387
462 1647 528
463 5363 509
464 4671 393
465 1061 446
466 5952 406
467 489 372
468 2907 515
469 3086 409
470 97 401
471 3224 400
472 807 487
473 6273 323
474 467 413
475 3807 453
476 6580 496
477 3292 471
478 41 428
479 3382 411
480 5678 475
481 6368 644
482 6137 366
483 4696 513
484 4770 537
485 5368 406
486 1321 352
487 3243 453
488 2461 461
489 2716 299
490 3567 536
491 1427 252
492 1803 572
493 164 539
494 2480 554
495 654 505
496 5288 510
497 4757 471
498 6354 363
499 0 -1
500 2696 466
501 0 -1
502 5957 386
503 3255 378
504 1852 423
505 456 482
506 5020 441
507 3765 556
508 4998 676
509 474 509
510 4044 439
511 4847 482
512 4889 388
513 1249 344
514 2110 397
515 1875 496
516 79 508
517 6129 386
518 5157 479
519 3175 437
520 2547 457
521 3571 276
522 861 493
523 2261 358
524 2787 333
525 0 -1
526 1583 360
527 2472 380
528 3323 532
529 1933 261
530 1741 354
531 4597 487
532 93 458
533 4491 504
534 0 -1
535 2796 383
536 3322 434
537 3766 480
538 2693 508
539 473 328
540 3603 415
541 5975 557
542 5904 523
543 4539 389
544 3149 350
545 6594 441
546 3765 524
547 6365 423
548 2870 335
549 0 -1
550 3316 459
551 5135 479
552 749 336
553 4448 473
554 3196 502
555 3412 386
556 667 415
557 1791 346
558 1386 451
559 5275 480
560 0 -1
561 5545 292
562 2084 294
563 2930 415
564 3655 475
565 3846 468
566 1158 489
567 4315 444
568 114 312
569 2962 461
570 4869 438
571 0 -1
572 1536 466
573 1797 728
574 6188 449
575 4536 436
576 3880 494
577 4992 520
578 944 448
579 3226 462
580 3171 417
581 2254 445
582 447 461
583 6369 535
584 2813 378
585 666 440
586 2893 746
587 4700 439
588 1409 383
589 630 393
590 3200 351
591 4143 471
592 1153 536
593 513 348
594 1915 409
595 3460 436
596 4406 501
597 1676 447
598 1644 481
599 126 408
600 0 -1
601 5458 502
602 1847 463
603 2783 474
604 3493 406
605 178 400
606 1786 543
607 2965 607
608 1194 432
609 2823 338
610 0 -1
611 4910 332
612 191 344
613 5378 483
614 2506 304
615 1756 321
616 5825 447
617 3360 343
618 0 -1
619 2944 373
620 3431 393
621 4399 507
622 4353 418
623 0 -1
624 5438 441
625 1377 487
626 13 457
627 6161 388
628 2724 440
629 85 339
630 3784 275
631 2286 395
632 850 466
633 2847 512
634 4816 456
635 4027 559
636 192 429
637 1659 375
638 536 484
639 3537 466
640 5632 504
641 5516 260
642 3603 334
643 2465 354
644 2138 434
645 0 -1
646 6211 436
647 574 450
648 5063 272
649 0 -1
650 6309 360
651 682 517
652 321 473
653 1466 438
654 4882 475
655 0 -1
656 1927 406
657 1246 490
658 2484 482
659 2306 443
660 1584 502
661 5462 570
662 616 468
663 1677 358
664 1179 474
665 6523 456
666 176 378
667 6058 386
668 2210 527
669 2233 313
670 2449 412
671 4514 449
672 5751 466
673 1482 479
674 6230 559
675 3434 484
676 503 471
677 3541 332
678 5227 350
679 6289 487
680 1974 389
681 401 494
682 2048 425
683 2899 400
684 5528 381
685 4963 471
686 1271 387
687 4186 542
688 4760 509
689 4051 342
690 1548 352
691 151 345
692 5496 517
693 3261 530
694 3512 439
695 6176 380
696 4095 462
697 2944 368
698 4097 361
699 6216 553
700 839 463
701 4760 494
702 3717 398
703 3019 567
704 4346 315
705 2506 290
706 3201 463
707 141 517
708 4222 601
709 3106 399
710 724 643
711 4136 529
712 2576 477
713 288 390
714 4581 501
715 149 410
716 5231 444
717 6229 557
718 408 294
719 2084 323
720 0 -1
721 6372 499
722 5455 468
723 4226 418
724 361 554
725 323 335
726 5499 308
727 937 351
728 4352 467
729 6016 363
730 2140 455
731 114 328
732 140 471
733 4554 478
734 1755 481
735 5875 447
736 2101 395
737 5657 583
738 5187 391
739 4032 383
740 5410 342
741 1064 475
742 2323 533
743 6232 494
744 6500 421
745 6003 483
746 3690 414
747 2696 457
748 5546 503
749 1313 292
750 5534 310
751 1293 405
752 1553 287
753 1136 615
754 5167 553
755 999 238
756 3532 537
757 5332 366
758 3898 499
759 4681 462
760 1323 269
761 1409 449
762 1889 654
763 1385 516
764 1002 528
765 5115 192
766 1052 296
767 5768 389
768 4424 396
769 3086 448
770 3149 379
771 3939 463
772 2080 427
773 2694 417
774 3215 410
775 6464 583
776 2735 470
777 3055 426
778 2035 396
779 1715 352
780 557 401
781 3118 256
782 4094 516
783 2756 487
784 413 371
785 5258 476
786 4118 424
787 3498 460
788 6270 503
789 0 -1
790 2024 425
791 1288 429
792 971 422
793 5649 317
794 2642 484
795 2862 379
796 1597 628
797 6365 503
798 2270 382
799 4529 482
800 1999 509
801 3307 536
802 4806 382
803 0 -1
804 3109 454
805 345 420
806 1295 405
807 2267 419
808 3615 436
809 3965 600
810 0 -1
811 852 586
812 4671 337
813 3649 580
814 3154 448
815 0 -1
816 1584 532
817 6243 659
818 476 588
819 0 -1
820 0 -1
821 2883 366
822 4442 482
823 923 547
824 641 307
825 4663 556
826 4222 543
827 513 377
828 5493 416
829 3083 611
830 4928 285
831 1103 591
832 812 356
833 2173 465
834 1389 215
835 6218 491
836 558 457
837 6314 835
838 4985 470
839 217 415
840 2237 429
841 1144 463
842 5834 463
843 1235 385
844 2027 356
845 6265 336
846 954 491
847 937 413
848 1404 288
849 6580 410
850 3892 405
851 5081 540
852 2320 486
853 4878 369
854 3459 390
855 5577 446
856 1574 519
857 2840 518
858 999 207
859 1372 406
860 4889 461
861 2668 374
862 0 -1
863 3163 457
864 568 342
865 5428 366
866 4473 213
867 668 543
868 4544 431
869 6133 453
870 5499 356
871 6113 518
872 0 -1
873 3051 446
874 351 373
875 3208 498
876 3198 446
877 2785 463
878 6311 347
879 4876 506
880 200 401
881 6296 505
882 2422 572
883 0 -1
884 4048 470
885 1526 470
886 113 421
887 2371 432
888 6224 510
889 1757 425
890 1712 454
891 2306 457
892 2859 399
893 6574 438
894 1709 472
895 1339 542
896 5738 557
897 423 523
898 5598 516
899 5644 581
900 1383 336
901 2691 327
902 3530 521
903 5853 477
904 766 411
905 5716 356
906 1209 453
907 537 486
908 3632 554
909 1750 459
910 4670 453
911 2042 452
912 1077 387
913 2316 384
914 6492 453
915 3855 399
916 1368 436
917 3701 381
918 1822 502
919 200 512
920 4512 556
921 6312 545
922 3423 523
923 5681 453
924 378 490
925 5545 261
926 3901 298
927 5321 499
928 352 475
929 4608 773
930 4787 519
931 76 439
932 5556 351
933 985 463
934 2529 457
935 0 -1
936 6194 508
937 10 332
938 5173 499
939 6084 391
940 4134 408
941 5085 400
942 1343 496
943 247 361
944 2926 432
945 2106 402
946 6480 491
947 524 341
948 0 -1
949 3508 417
950 2147 458
951 4173 544
952 1158 489
953 3737 448
954 2682 380
955 2947 493
956 5004 558
957 2205 494
958 6072 446
959 4963 511
960 4523 482
961 0 -1
962 2986 375
963 5303 464
964 0 -1
965 4871 489
966 6503 397
967 3901 370
968 6511 481
969 1140 503
970 1249 362
971 5310 357
972 864 367
973 3950 405
974 5097 380
975 5290 465
976 39 422
977 2899 409
978 0 -1
979 2378 453
980 6102 469
981 0 -1
982 114 333
983 2694 406
984 2290 450
985 770 447
986 5263 598
987 564 522
988 244 389
989 4889 430
990 4107 229
991 2878 367
992 0 -1
993 0 -1
994 968 549
995 5338 458
996 2439 408
997 704 388
998 2002 386
999 3204 199
1000 2891 428
1001 42 500
1002 4068 461
1003 3244 485
1004 4655 413
1005 2091 522
1006 583 577
1007 132 473
1008 41 448
1009 5383 397
1010 0 -1
1011 0 -1
1012 3123 634
1013 677 347
1014 3277 505
1015 4522 410
1016 1462 363
1017 5472 375
1018 302 461
1019 2353 598
1020 1372 409
1021 1622 430
1022 5151 388
1023 3874 322
1024 1299 454
1025 4383 330
1026 2106 415
1027 3399 227
1028 1893 448
1029 486 456
1030 3969 407
1031 2464 494
1032 2112 449
1033 4821 555
1034 1246 470
1035 3458 431
1036 5011 448
1037 5123 514
1038 2605 473
1039 5139 483
1040 3250 428
1041 2081 600
1042 4756 523
1043 5169 413
1044 5531 517
1045 5619 514
1046 230 485
1047 0 -1
1048 489 321
1049 5129 451
1050 2127 376
1051 2267 480
1052 72 291
1053 4200 276
1054 3917 344
1055 1974 423
1056 2487 417
1057 4105 378
1058 522 507
1059 561 300
1060 5174 502
1061 2074 345
1062 3917 346
1063 4244 366
1064 3327 376
1065 2950 333
1066 4938 548
1067 0 -1
1068 4920 393
1069 1538 521
1070 5675 386
1071 5163 391
1072 4510 474
1073 244 351
1074 176 418
1075 2655 536
1076 4690 441
1077 5131 373
1078 5933 380
1079 2002 470
1080 4874 477
1081 101 502
1082 5447 447
1083 1442 491
1084 1101 341
1085 0 -1
1086 2696 434
1087 0 -1
1088 4416 430
1089 0 -1
1090 3520 399
1091 0 -1
1092 3693 377
1093 4693 441
1094 373 337
1095 4322 458
1096 1403 388
1097 6591 401
1098 4546 390
1099 2290 483
1100 3544 640
1101 1053 322
1102 4652 429
1103 709 489
1104 1731 462
1105 2053 547
1106 23 453
1107 0 -1
1108 5316 410
1109 4515 556
1110 4361 570
1111 3091 452
1112 4912 501
1113 1289 409
1114 3228 466
1115 3437 331
1116 0 -1
1117 2325 465
1118 4809 528
1119 3929 388
1120 5062 520
1121 977 476
1122 912 394
1123 3154 404
1124 5305 475
1125 3811 445
1126 1896 471
1127 506 551
1128 1313 286
1129 1709 472
1130 27 430
1131 5878 390
1132 3096 517
1133 4422 388
1134 5308 530
1135 5068 473
1136 4336 518
1137 0 -1
1138 2941 427
1139 5924 365
1140 1583 477
1141 2175 408
1142 3533 443
1143 3608 483
1144 1218 394
1145 2986 460
1146 0 -1
1147 2673 456
1148 2587 433
1149 4422 374
1150 963 580
1151 5207 686
1152 4899 575
1153 6476 437
1154 2856 385
1155 5716 423
1156 4336 578
1157 0 -1
1158 5997 396
1159 1783 486
1160 5949 526
1161 3356 399
1162 5736 521
1163 4281 404
1164 2844 447
1165 85 375
1166 822 505
1167 4596 391
1168 5847 241
1169 5693 550
1170 5327 439
1171 5258 504
1172 5451 356
1173 4967 435
1174 5699 423
1175 4564 403
1176 473 370
1177 2799 381
1178 4767 371
1179 1344 456
1180 691 367
1181 1144 425
1182 543 443
1183 236 462
1184 2990 561
1185 1829 348
1186 4753 245
1187 704 325
1188 275 535
1189 6496 449
1190 3158 489
1191 1236 481
1192 1582 479
1193 6555 437
1194 557 417
1195 2254 431
1196 3799 385
1197 4831 418
1198 349 444
1199 3953 410
1200 1045 537
1201 5082 517
1202 1288 368
1203 4667 603
1204 4294 530
1205 5088 456
1206 865 433
1207 5159 329
1208 5003 414
1209 3016 409
1210 3607 419
1211 2120 470
1212 5451 401
1213 5214 518
1214 2683 367
1215 5228 528
1216 3926 533
1217 3527 654
1218 609 389
1219 3860 509
1220 3540 346
1221 407 421
1222 167 438
1223 6366 550
1224 3022 454
1225 2833 424
1226 2259 392
1227 261 458
1228 6076 434
1229 3247 412
1230 6078 432
1231 0 -1
1232 3521 481
1233 0 -1
1234 5934 541
1235 221 374
1236 2791 384
1237 3475 499
1238 1347 384
1239 1856 516
1240 2985 454
1241 6273 419
1242 3295 408
1243 3897 473
1244 355 406
1245 0 -1
1246 4316 443
1247 3192 388
1248 5709 553
1249 4057 300
1250 5545 267
1251 83 468
1252 2556 565
1253 6509 390
1254 3003 498
1255 4910 380
1256 6371 648
1257 4791 246
1258 4476 402
1259 4342 520
1260 5169 401
1261 2878 407
1262 6509 398
1263 5053 557
1264 5225 404
1265 2973 471
1266 2580 452
1267 2758 433
1268 174 497
1269 937 367
1270 3302 330
1271 1284 363
1272 5956 483
1273 1254 502
1274 2880 393
1275 782 583
1276 3251 404
1277 359 415
1278 301 357
1279 6121 475
1280 2769 522
1281 1724 425
1282 1655 522
1283 1471 442
1284 1447 347
1285 3764 579
1286 1509 527
1287 2731 481
1288 5225 344
1289 1278 368
1290 1942 374
1291 4368 507
1292 4633 468
1293 2080 389
1294 5877 422
1295 6119 325
1296 2688 436
1297 0 -1
1298 6531 442
1299 1897 414
1300 5853 404
1301 4719 356
1302 3269 504
1303 3440 432
1304 389 458
1305 0 -1
1306 2853 473
1307 3773 253
1308 4762 452
1309 5605 634
1310 4291 433
1311 6444 398
1312 947 357
1313 2297 270
1314 4246 474
1315 581 540
1316 0 -1
1317 3503 450
1318 5632 580
1319 2791 470
1320 1622 451
1321 5884 341
1322 5631 411
1323 186 242
1324 0 -1
1325 2767 484
1326 1356 421
1327 6305 513
1328 5735 448
1329 4859 370
1330 719 436
1331 4471 436
1332 0 -1
1333 6378 457
1334 90 391
1335 1395 465
1336 114 392
1337 6188 449
1338 3782 523
1339 1228 539
1340 741 516
1341 912 392
1342 1525 421
1343 17 463
1344 5031 393
1345 5627 383
1346 6508 382
1347 6547 355
1348 5681 344
1349 3534 649
1350 3995 413
1351 6006 458
1352 5277 376
1353 1968 338
1354 3092 439
1355 5755 385
1356 2016 386
1357 3119 495
1358 5187 467
1359 0 -1
1360 1372 371
1361 4482 461
1362 3640 526
1363 1131 400
1364 2868 390
1365 2981 506
1366 3445 368
1367 1991 417
1368 5127 409
1369 5644 549
1370 1083 501
1371 1537 511
1372 2921 302
1373 812 343
1374 4631 543
1375 4939 458
1376 0 -1
1377 3774 463
1378 0 -1
1379 6402 480
1380 0 -1
1381 416 442
1382 5232 579
1383 2813 323
1384 2691 336
1385 470 416
1386 1731 396
1387 3541 306
1388 886 433
1389 2177 108
1390 4444 530
1391 4283 450
1392 4133 392
1393 3561 493
1394 1064 477
1395 312 405
1396 5360 402
1397 3190 467
1398 1885 497
1399 3939 510
1400 2186 540
1401 1293 399
1402 1066 549
1403 2368 356
1404 3862 271
1405 1683 438
1406 4606 642
1407 5716 450
1408 2726 401
1409 2682 331
1410 6297 385
1411 0 -1
1412 5403 377
1413 2172 414
1414 0 -1
1415 4024 378
1416 6361 355
1417 443 481
1418 252 493
1419 3862 353
1420 3118 187
1421 947 451
1422 0 -1
1423 1453 396
1424 5433 412
1425 5686 459
1426 849 451
1427 1933 238
1428 6445 511
1429 4063 418
1430 4780 458
1431 2152 515
1432 181 346
1433 715 488
1434 4363 451
1435 5348 377
1436 4596 425
1437 3386 489
1438 0 -1
1439 1773 350
1440 3251 418
1441 884 494
1442 5290 482
1443 142 295
1444 2339 424
1445 3647 479
1446 5575 395
1447 1313 301
1448 3953 417
1449 4286 485
1450 1987 497
1451 3169 499
1452 5140 463
1453 4862 302
1454 4889 462
1455 0 -1
1456 2338 420
1457 2130 409
1458 2794 337
1459 4700 407
1460 2005 571
1461 834 250
1462 489 338
1463 3200 442
1464 1739 421
1465 6273 411
1466 5547 420
1467 3027 591
1468 726 313
1469 4261 339
1470 5106 490
1471 6547 397
1472 3044 462
1473 562 297
1474 5411 442
1475 158 362
1476 5531 465
1477 1857 439
1478 4660 453
1479 6470 420
1480 5848 444
1481 5649 335
1482 1559 390
1483 5700 453
1484 1937 598
1485 0 -1
1486 2683 376
1487 4135 346
1488 1364 457
1489 4826 538
1490 1877 512
1491 4391 368
1492 0 -1
1493 0 -1
1494 0 -1
1495 3005 420
1496 5948 532
1497 4924 433
1498 2208 492
1499 4522 433
1500 1525 508
1501 2159 304
1502 1428 566
1503 3226 400
1504 85 369
1505 5314 305
1506 2170 228
1507 3784 382
1508 6342 425
1509 6512 484
1510 4669 406
1511 6255 459
1512 173 389
1513 6459 423
1514 480 541
1515 5366 493
1516 3285 328
1517 4852 367
1518 3502 431
1519 1420 269
1520 0 -1
1521 4974 566
1522 5764 353
1523 0 -1
1524 2518 460
1525 3260 406
1526 5445 383
1527 1260 405
1528 4329 555
1529 2372 429
1530 3691 438
1531 5057 344
1532 4088 480
1533 6010 497
1534 1276 444
1535 3432 459
1536 6379 436
1537 3049 466
1538 2690 422
1539 1071 433
1540 6393 448
1541 2259 395
1542 524 406
1543 6133 425
1544 5999 522
1545 3950 463
1546 0 -1
1547 1026 433
1548 74 278
1549 370 515
1550 886 433
1551 5131 458
1552 2059 426
1553 858 263
1554 5913 347
1555 0 -1
1556 2065 454
1557 3800 523
1558 5570 552
1559 3347 362
1560 2645 495
1561 374 352
1562 5521 379
1563 2406 473
1564 3890 444
1565 0 -1
1566 6492 508
1567 4187 452
1568 0 -1
1569 2677 314
1570 3152 418
1571 4549 406
1572 5756 417
1573 356 477
1574 5338 417
1575 4633 493
1576 4182 498
1577 4412 503
1578 1505 365
1579 0 -1
1580 4721 411
1581 2635 597
1582 5698 451
1583 5615 357
1584 4429 456
1585 1531 403
1586 1860 435
1587 2625 442
1588 26 457
1589 213 384
1590 1237 532
1591 465 466
1592 1917 522
1593 589 474
1594 6434 400
1595 6058 412
1596 2657 433
1597 5007 528
1598 3927 483
1599 6467 469
1600 4836 370
1601 2677 426
1602 1833 471
1603 2344 397
1604 3662 486
1605 6144 408
1606 2535 473
1607 4980 534
1608 4482 412
1609 5989 381
1610 4331 419
1611 0 -1
1612 77 443
1613 4633 414
1614 3643 425
1615 2793 422
1616 1223 633
1617 130 611
1618 650 445
1619 2480 481
1620 5331 471
1621 980 525
1622 3511 405
1623 3798 460
1624 2425 420
1625 1746 414
1626 2570 530
1627 5238 419
1628 2261 391
1629 3063 534
1630 1516 349
1631 6537 454
1632 1423 501
1633 5870 416
1634 6162 505
1635 1655 439
1636 1726 433
1637 4150 312
1638 2730 518
1639 2115 492
1640 1518 434
1641 4795 440
1642 2729 493
1643 5225 343
1644 5100 439
1645 2368 347
1646 4159 541
1647 6076 456
1648 26 404
1649 0 -1
1650 458 554
1651 5860 384
1652 5225 337
1653 5526 387
1654 846 562
1655 1059 419
1656 3020 467
1657 784 465
1658 4273 417
1659 1983 356
1660 2784 559
1661 793 324
1662 2090 298
1663 3163 432
1664 449 437
1665 66 497
1666 5289 229
1667 779 378
1668 3783 500
1669 2774 542
1670 3351 435
1671 0 -1
1672 4826 491
1673 65 417
1674 5969 414
1675 1582 493
1676 3772 366
1677 1427 271
1678 4803 325
1679 5077 411
1680 3317 339
1681 4251 464
1682 2374 459
1683 352 393
1684 3038 491
1685 2851 422
1686 3012 463
1687 5885 431
1688 2587 458
1689 0 -1
1690 491 313
1691 6598 464
1692 4505 423
1693 1559 404
1694 5088 410
1695 2789 416
1696 1238 478
1697 3815 398
1698 244 340
1699 5933 389
1700 4489 460
1701 5525 514
1702 795 491
1703 1236 478
1704 4409 443
1705 141 449
1706 942 569
1707 6014 445
1708 3493 361
1709 3511 410
1710 4937 448
1711 6172 500
1712 6212 395
1713 2309 483
1714 1756 366
1715 2954 245
1716 0 -1
1717 0 -1
1718 4630 473
1719 4852 410
1720 6367 414
1721 3475 466
1722 4346 317
1723 643 457
1724 5163 384
1725 1719 469
1726 3068 433
1727 3596 394
1728 4481 494
1729 1481 447
1730 709 501
1731 5163 350
1732 5104 417
1733 4479 520
1734 1925 543
1735 0 -1
1736 954 447
1737 1420 251
1738 6346 423
1739 1860 417
1740 3405 371
1741 3799 323
1742 4687 504
1743 5001 553
1744 3510 408
1745 4583 444
1746 5764 356
1747 0 -1
1748 3598 466
1749 5301 458
1750 2694 417
1751 175 534
1752 3918 522
1753 0 -1
1754 482 377
1755 6133 387
1756 3862 294
1757 4564 315
1758 2056 578
1759 2106 426
1760 3273 385
1761 2082 376
1762 470 416
1763 4224 374
1764 1497 479
1765 0 -1
1766 270 556
1767 905 396
1768 4996 381
1769 4450 499
1770 2474 356
1771 0 -1
1772 0 -1
1773 6176 270
1774 2921 324
1775 137 609
1776 1408 429
1777 6495 491
1778 6165 352
1779 1206 469
1780 3731 462
1781 2142 552
1782 1724 477
1783 355 438
1784 3265 351
1785 1236 449
1786 1405 504
1787 3459 386
1788 1447 382
1789 4754 447
1790 2316 450
1791 1662 331
1792 1097 407
1793 1350 493
1794 5189 429
1795 1745 459
1796 2141 447
1797 4036 692
1798 0 -1
1799 0 -1
1800 0 -1
1801 0 -1
1802 2615 479
1803 5959 454
1804 3528 353
1805 5825 435
1806 2986 376
1807 6535 423
1808 698 426
1809 4790 396
1810 5223 470
1811 108 510
1812 274 466
1813 4394 394
1814 4150 250
1815 4894 449
1816 3049 416
1817 1691 479
1818 2063 567
1819 3158 456
1820 0 -1
1821 5695 418
1822 5065 443
1823 628 513
1824 4098 465
1825 24 422
1826 1043 523
1827 6512 404
1828 713 444
1829 2759 303
1830 3325 373
1831 5162 432
1832 0 -1
1833 5923 385
1834 3265 389
1835 4966 620
1836 354 481
1837 136 425
1838 312 454
1839 3293 628
1840 1873 342
1841 5367 595
1842 5208 410
1843 2704 460
1844 0 -1
1845 6268 469
1846 5115 187
1847 982 410
1848 5934 517
1849 2608 329
1850 5324 408
1851 6152 298
1852 1715 308
1853 614 314
1854 3764 488
1855 593 406
1856 1647 504
1857 2771 422
1858 4080 480
1859 3374 463
1860 5428 409
1861 4921 420
1862 5946 509
1863 828 468
1864 5159 350
1865 2889 519
1866 4425 538
1867 2259 298
1868 1131 426
1869 3692 420
1870 5397 524
1871 1715 255
1872 5109 387
1873 3701 333
1874 1892 447
1875 3232 486
1876 0 -1
1877 5045 421
1878 1119 393
1879 4386 281
1880 6080 447
1881 0 -1
1882 6427 380
1883 4741 492
1884 6329 427
1885 4315 424
1886 0 -1
1887 316 462
1888 102 507
1889 3343 563
1890 3594 503
1891 2045 529
1892 4065 402
1893 3768 430
1894 4499 647
1895 2753 399
1896 5493 430
1897 6531 379
1898 2820 379
1899 0 -1
1900 1847 421
1901 1106 495
1902 1153 476
1903 3659 479
1904 1519 375
1905 4094 472
1906 0 -1
1907 161 331
1908 2328 378
1909 6103 419
1910 1035 493
1911 6374 573
1912 4837 436
1913 0 -1
1914 3007 518
1915 2004 295
1916 5905 380
1917 2325 450
1918 293 481
1919 1852 374
1920 636 503
1921 5774 580
1922 1708 384
1923 4022 463
1924 4440 426
1925 3755 440
1926 359 472
1927 3329 392
1928 678 408
1929 4197 428
1930 5897 398
1931 3605 430
1932 4715 379
1933 834 217
1934 3086 439
1935 3369 388
1936 6492 417
1937 4857 593
1938 3364 439
1939 2986 384
1940 2796 453
1941 2236 454
1942 323 324
1943 2436 422
1944 6047 476
1945 3356 400
1946 5385 616
1947 2568 612
1948 1751 587
1949 6467 485
1950 2746 535
1951 2759 303
1952 4910 339
1953 2295 498
1954 4782 497
1955 5542 630
1956 603 554
1957 6136 388
1958 0 -1
1959 3762 480
1960 3942 452
1961 3384 426
1962 5289 219
1963 5447 489
1964 6399 450
1965 0 -1
1966 5261 430
1967 0 -1
1968 281 309
1969 2231 490
1970 1023 353
1971 5793 695
1972 5639 370
1973 0 -1
1974 5815 353
1975 3214 475
1976 1468 375
1977 4306 304
1978 567 461
1979 6043 482
1980 415 420
1981 436 508
1982 0 -1
1983 1372 355
1984 0 -1
1985 1481 350
1986 5945 414
1987 1368 428
1988 3188 538
1989 4050 467
1990 6375 550
1991 4150 301
1992 2267 447
1993 0 -1
1994 5960 408
1995 315 383
1996 3596 381
1997 2507 458
1998 4441 468
1999 1000 433
2000 6394 532
2001 0 -1
2002 4727 359
2003 1651 435
2004 4364 259
2005 3708 508
2006 0 -1
2007 5606 356
2008 1732 422
2009 5611 520
2010 1253 440
2011 0 -1
2012 3773 280
2013 3250 445
2014 5651 451
2015 5528 375
2016 4859 328
2017 1111 475
2018 1288 414
2019 5383 354
2020 5541 680
2021 5417 501
2022 5965 514
2023 871 571
2024 6384 424
2025 3075 361
2026 4620 343
2027 1756 347
2028 0 -1
2029 1293 408
2030 0 -1
2031 3496 398
2032 3305 407
2033 6492 472
2034 4471 375
2035 2993 302
2036 0 -1
2037 1304 545
2038 0 -1
2039 5649 311
2040 1853 419
2041 5044 459
2042 1898 393
2043 456 442
2044 2453 498
2045 34 456
2046 969 506
2047 2838 359
2048 3697 368
2049 0 -1
2050 2417 480
2051 3797 502
2052 2787 259
2053 686 464
2054 5627 420
2055 6129 398
2056 4874 483
2057 2667 230
2058 4416 424
2059 3974 405
2060 2324 427
2061 2099 513
2062 1178 384
2063 1739 515
2064 1255 414
2065 684 393
2066 3569 365
2067 4885 485
2068 1401 432
2069 3535 329
2070 3628 528
2071 285 518
2072 539 442
2073 6031 445
2074 4564 322
2075 5126 674
2076 0 -1
2077 2921 309
2078 3400 492
2079 5463 377
2080 5410 333
2081 5760 518
2082 6536 344
2083 6403 410
2084 3149 291
2085 4191 399
2086 3578 169
2087 634 510
2088 6066 429
2089 1323 314
2090 80 297
2091 2903 502
2092 3513 618
2093 1834 439
2094 4473 284
2095 1202 452
2096 0 -1
2097 421 392
2098 1194 462
2099 54 512
2100 6247 513
2101 158 330
2102 3892 373
2103 5665 344
2104 396 436
2105 6054 498
2106 1473 311
2107 3842 440
2108 3994 599
2109 4812 351
2110 2027 395
2111 4793 434
2112 1651 392
2113 3132 630
2114 1552 435
2115 1294 464
2116 3155 257
2117 4738 494
2118 6455 355
2119 5140 561
2120 6444 426
2121 5401 622
2122 4697 414
2123 6239 462
2124 2685 552
2125 3514 420
2126 4302 483
2127 5516 340
2128 0 -1
2129 848 328
2130 1059 365
2131 5597 457
2132 3281 532
2133 1299 420
2134 4071 495
2135 2940 491
2136 4098 510
2137 4287 451
2138 4273 399
2139 3325 463
2140 4112 446
2141 821 385
2142 764 534
2143 714 530
2144 3385 375
2145 3044 424
2146 5785 455
2147 3473 422
2148 1469 428
2149 4093 571
2150 5729 474
2151 348 494
2152 1088 482
2153 3204 236
2154 2274 266
2155 4878 381
2156 1293 472
2157 793 431
2158 4522 461
2159 3118 239
2160 3927 427
2161 4166 467
2162 6345 399
2163 2866 502
2164 1872 403
2165 4302 477
2166 2440 409
2167 641 321
2168 1209 413
2169 0 -1
2170 186 218
2171 3302 376
2172 4226 408
2173 1356 416
2174 3436 406
2175 2725 324
2176 4525 395
2177 22 89
2178 4402 469
2179 1444 458
2180 1123 506
2181 6058 414
2182 1625 531
2183 1936 452
2184 5794 433
2185 2593 340
2186 355 429
2187 3098 555
2188 3263 317
2189 4428 167
2190 6297 432
2191 5199 494
2192 4088 476
2193 4 480
2194 1959 588
2195 3641 421
2196 6091 548
2197 0 -1
2198 6212 456
2199 6561 515
2200 170 465
2201 4793 502
2202 5792 383
2203 3049 443
2204 4048 486
2205 3311 460
2206 2024 466
2207 1105 552
2208 1278 466
2209 0 -1
2210 2887 457
2211 1867 359
2212 5650 477
2213 3336 686
2214 3836 471
2215 587 451
2216 2290 483
2217 4583 414
2218 0 -1
2219 2297 378
2220 5329 486
2221 4136 487
2222 3179 425
2223 3889 523
2224 4941 562
2225 108 479
2226 5687 439
2227 1141 415
2228 5104 432
2229 5520 612
2230 0 -1
2231 5705 442
2232 0 -1
2233 848 312
2234 3037 477
2235 5861 588
2236 1334 435
2237 4419 417
2238 1814 342
2239 2729 429
2240 3717 317
2241 2176 508
2242 4085 497
2243 1996 419
2244 2838 285
2245 2157 471
2246 2314 570
2247 6110 512
2248 4376 469
2249 1405 492
2250 4291 412
2251 0 -1
2252 3502 376
2253 4311 419
2254 4244 358
2255 2580 372
2256 0 -1
2257 3186 513
2258 3794 422
2259 2838 296
2260 6201 505
2261 5755 357
2262 3603 309
2263 0 -1
2264 5358 438
2265 0 -1
2266 4122 497
2267 6435 374
2268 5558 447
2269 5946 516
2270 2465 293
2271 1976 462
2272 2916 299
2273 900 409
2274 6001 257
2275 373 371
2276 5675 433
2277 933 560
2278 0 -1
2279 275 472
2280 4911 499
2281 1188 593
2282 5745 548
2283 0 -1
2284 0 -1
2285 1468 388
2286 1289 383
2287 5465 549
2288 5962 418
2289 0 -1
2290 3450 404
2291 6451 431
2292 0 -1
2293 938 547
2294 2400 415
2295 4752 491
2296 6500 476
2297 5516 260
2298 2631 487
2299 5189 436
2300 3698 410
2301 3862 275
2302 4063 402
2303 0 -1
2304 5289 284
2305 5358 430
2306 2536 365
2307 1128 366
2308 491 334
2309 3141 447
2310 1427 238
2311 1831 433
2312 5125 453
2313 5830 519
2314 4031 561
2315 550 476
2316 6165 376
2317 2500 454
2318 372 475
2319 1939 424
2320 2760 441
2321 446 415
2322 425 555
2323 2417 448
2324 561 309
2325 3224 384
2326 3256 451
2327 6371 590
2328 5159 334
2329 3033 480
2330 6105 375
2331 4651 597
2332 4281 385
2333 1652 347
2334 3918 462
2335 14 400
2336 169 511
2337 983 411
2338 4883 418
2339 2458 367
2340 3282 542
2341 2507 484
2342 6106 379
2343 1144 397
2344 421 397
2345 4652 418
2346 5339 410
2347 3993 398
2348 3448 452
2349 6056 483
2350 2713 394
2351 4112 376
2352 1536 534
2353 4907 518
2354 1271 390
2355 6361 391
2356 6051 344
2357 2214 523
2358 648 280
2359 3603 321
2360 5005 539
2361 255 414
2362 5982 390
2363 4282 502
2364 6113 455
2365 4302 424
2366 33 411
2367 254 415
2368 6536 305
2369 4686 455
2370 5872 562
2371 5516 336
2372 5045 387
2373 5069 471
2374 4894 454
2375 3194 498
2376 3009 389
2377 2724 363
2378 6219 436
2379 2668 415
2380 4021 540
2381 0 -1
2382 5950 457
2383 6595 427
2384 0 -1
2385 4304 441
2386 3005 392
2387 5482 452
2388 6150 504
2389 2351 458
2390 5346 504
2391 5910 461
2392 1714 388
2393 0 -1
2394 5815 364
2395 3482 423
2396 1731 380
2397 1960 545
2398 0 -1
2399 2936 628
2400 1541 400
2401 5700 476
2402 0 -1
2403 6196 402
2404 0 -1
2405 376 418
2406 5162 452
2407 5375 498
2408 2911 372
2409 174 452
2410 5082 437
2411 0 -1
2412 1395 409
2413 2819 514
2414 2307 431
2415 0 -1
2416 0 -1
2417 3581 431
2418 865 415
2419 1094 360
2420 5471 376
2421 2337 449
2422 4806 486
2423 1183 486
2424 1036 512
2425 2090 381
2426 5010 435
2427 1998 476
2428 1983 432
2429 1707 488
2430 845 394
2431 1904 465
2432 527 402
2433 6241 464
2434 1028 508
2435 3698 395
2436 3152 422
2437 1557 618
2438 135 399
2439 3951 347
2440 1741 397
2441 5844 428
2442 5908 542
2443 3985 510
2444 2816 381
2445 3925 463
2446 1266 475
2447 517 501
2448 4190 344
2449 1985 380
2450 6285 508
2451 3515 442
2452 0 -1
2453 2174 415
2454 1859 544
2455 806 425
2456 3079 397
2457 385 442
2458 5310 363
2459 5617 486
2460 197 412
2461 2578 411
2462 627 441
2463 0 -1
2464 6279 426
2465 1186 293
2466 653 482
2467 3855 396
2468 3195 673
2469 5361 479
2470 3348 455
2471 0 -1
2472 4387 300
2473 1501 317
2474 6536 313
2475 2844 487
2476 5978 522
2477 2656 469
2478 4533 384
2479 5421 381
2480 3087 453
2481 2706 422
2482 4317 637
2483 5340 496
2484 780 401
2485 3233 427
2486 1028 536
2487 1250 367
2488 4949 457
2489 2985 379
2490 4848 469
2491 5178 533
2492 5141 548
2493 0 -1
2494 2465 413
2495 4295 420
2496 3784 378
2497 2352 593
2498 2458 372
2499 0 -1
2500 761 454
2501 1412 410
2502 117 545
2503 10 271
2504 4939 438
2505 4916 468
2506 521 278
2507 3099 455
2508 3713 528
2509 5623 511
2510 0 -1
2511 3022 470
2512 98 601
2513 1780 529
2514 34 401
2515 971 419
2516 4757 450
2517 5778 496
2518 2362 414
2519 0 -1
2520 2914 513
2521 5968 583
2522 2259 361
2523 5933 407
2524 465 502
2525 2900 489
2526 3731 425
2527 0 -1
2528 4449 442
2529 5878 387
2530 3600 439
2531 1458 408
2532 1395 471
2533 679 507
2534 983 411
2535 5168 362
2536 412 337
2537 5459 459
2538 347 426
2539 3824 430
2540 4335 438
2541 2271 534
2542 3032 447
2543 5957 397
2544 0 -1
2545 2315 476
2546 539 441
2547 705 342
2548 6330 471
2549 5531 473
2550 5932 456
2551 0 -1
2552 3977 389
2553 5300 305
2554 3520 469
2555 3032 419
2556 3024 476
2557 6536 267
2558 6360 452
2559 5253 267
2560 192 451
2561 6048 510
2562 3837 412
2563 2457 462
2564 5928 474
2565 5211 468
2566 2025 452
2567 3454 400
2568 1442 509
2569 1942 336
2570 1693 476
2571 754 580
2572 9 410
2573 4390 618
2574 2860 677
2575 3072 535
2576 3179 367
2577 2473 368
2578 433 378
2579 3151 585
2580 3673 365
2581 1893 451
2582 3708 485
2583 6412 582
2584 4498 486
2585 2187 641
2586 1813 430
2587 2921 339
2588 3873 510
2589 1177 392
2590 105 446
2591 5292 352
2592 3604 558
2593 4346 320
2594 3360 379
2595 1114 481
2596 5002 613
2597 440 364
2598 0 -1
2599 0 -1
2600 6227 576
2601 3247 380
2602 3019 503
2603 5453 448
2604 0 -1
2605 3116 434
2606 3583 391
2607 2472 400
2608 5163 322
2609 44 476
2610 6576 392
2611 4137 447
2612 4803 333
2613 2880 393
2614 4925 433
2615 6579 415
2616 746 480
2617 4082 444
2618 5163 369
2619 0 -1
2620 3528 273
2621 6020 431
2622 2539 478
2623 0 -1
2624 0 -1
2625 4924 363
2626 4593 412
2627 2670 391
2628 4014 524
2629 3951 401
2630 3247 430
2631 2227 477
2632 1740 445
2633 5225 374
2634 3988 488
2635 6511 481
2636 902 538
2637 5410 277
2638 999 260
2639 3514 495
2640 383 544
2641 793 414
2642 2744 482
2643 2353 584
2644 1327 549
2645 4252 426
2646 5348 365
2647 1635 526
2648 2081 629
2649 5020 368
2650 6579 406
2651 0 -1
2652 2989 465
2653 5131 410
2654 6349 510
2655 102 466
2656 3762 461
2657 4261 346
2658 0 -1
2659 4484 555
2660 0 -1
2661 611 370
2662 4823 415
2663 1632 524
2664 2130 368
2665 5530 461
2666 2097 435
2667 3338 222
2668 5028 321
2669 2400 430
2670 5310 313
2671 962 393
2672 343 443
2673 5840 443
2674 4378 411
2675 6426 524
2676 3489 527
2677 2553 312
2678 5763 450
2679 3535 374
2680 140 572
2681 1885 438
2682 3417 318
2683 4057 348
2684 1212 468
2685 2325 463
2686 3839 426
2687 1022 473
2688 6354 363
2689 5947 406
2690 1548 347
2691 3417 315
2692 1615 442
2693 2711 389
2694 6130 403
2695 216 562
2696 4302 408
2697 6084 421
2698 5604 484
2699 281 317
2700 1829 388
2701 1708 405
2702 3800 439
2703 0 -1
2704 3842 432
2705 6265 434
2706 5168 402
2707 0 -1
2708 1970 383
2709 5552 475
2710 0 -1
2711 3450 367
2712 1476 491
2713 2962 347
2714 4533 328
2715 4804 462
2716 5639 296
2717 5433 443
2718 4359 448
2719 3114 417
2720 293 480
2721 0 -1
2722 5142 482
2723 1849 416
2724 5589 344
2725 858 306
2726 2297 370
2727 370 428
2728 2173 416
2729 5279 414
2730 2174 493
2731 4905 402
2732 3639 507
2733 5631 360
2734 1499 487
2735 3331 399
2736 5716 415
2737 4874 471
2738 2626 466
2739 3751 466
2740 3499 528
2741 4837 432
2742 3361 734
2743 1419 430
2744 5960 412
2745 5628 485
2746 4630 423
2747 4446 473
2748 5418 366
2749 4543 463
2750 152 661
2751 1969 535
2752 731 432
2753 489 399
2754 6332 504
2755 1567 459
2756 3487 406
2757 5771 486
2758 2181 414
2759 5696 232
2760 5127 389
2761 563 474
2762 3510 469
2763 4059 357
2764 3603 321
2765 2731 475
2766 323 310
2767 2474 410
2768 3272 393
2769 2945 508
2770 5408 418
2771 5733 307
2772 2085 445
2773 6540 527
2774 3072 460
2775 6235 462
2776 172 471
2777 3837 444
2778 3310 417
2779 887 461
2780 406 446
2781 5253 304
2782 47 831
2783 3078 414
2784 3061 461
2785 3232 434
2786 3027 500
2787 3874 258
2788 4014 468
2789 1804 409
2790 3811 455
2791 827 378
2792 1767 432
2793 4350 361
2794 3818 303
2795 3558 473
2796 163 361
2797 2238 371
2798 2565 534
2799 56 371
2800 4794 430
2801 845 412
2802 2449 454
2803 695 422
2804 5939 410
2805 2741 506
2806 5526 471
2807 0 -1
2808 4543 442
2809 1739 437
2810 6081 246
2811 853 461
2812 3795 441
2813 2916 280
2814 2963 481
2815 34 397
2816 2473 359
2817 8 447
2818 5423 552
2819 3986 403
2820 1023 353
2821 0 -1
2822 228 536
2823 4424 328
2824 3556 456
2825 0 -1
2826 314 422
2827 1353 401
2828 3440 371
2829 1968 418
2830 4650 439
2831 2513 548
2832 3352 452
2833 5445 395
2834 305 410
2835 3976 482
2836 3569 423
2837 4768 452
2838 5418 283
2839 6424 414
2840 2195 491
2841 959 564
2842 4389 591
2843 1663 455
2844 2796 380
2845 997 464
2846 4344 478
2847 1612 463
2848 213 456
2849 0 -1
2850 0 -1
2851 421 387
2852 1226 413
2853 5345 378
2854 5903 680
2855 5533 435
2856 4655 374
2857 1676 377
2858 4554 491
2859 191 313
2860 198 598
2861 1372 318
2862 2057 304
2863 3756 505
2864 6379 416
2865 2741 510
2866 3570 444
2867 4403 424
2868 1553 352
2869 5090 767
2870 781 314
2871 6219 479
2872 1108 492
2873 750 372
2874 1472 468
2875 0 -1
2876 1878 505
2877 4435 550
2878 4753 299
2879 6300 465
2880 3698 327
2881 5303 465
2882 5431 483
2883 2691 325
2884 630 392
2885 6008 586
2886 4759 469
2887 6365 456
2888 39 396
2889 3609 416
2890 240 432
2891 6024 420
2892 3995 493
2893 462 644
2894 2768 416
2895 1096 418
2896 5981 425
2897 2337 474
2898 4051 351
2899 832 370
2900 3322 469
2901 5295 465
2902 1251 471
2903 4394 475
2904 294 435
2905 3188 433
2906 4901 421
2907 2775 479
2908 1092 436
2909 2649 418
2910 4878 375
2911 5115 306
2912 6343 519
2913 0 -1
2914 2633 445
2915 469 415
2916 755 243
2917 321 387
2918 2483 524
2919 3812 574
2920 3923 349
2921 373 282
2922 0 -1
2923 5509 495
2924 880 417
2925 5913 410
2926 1311 409
2927 0 -1
2928 3999 407
2929 1363 461
2930 5314 404
2931 1608 447
2932 1857 423
2933 339 358
2934 353 490
2935 4231 455
2936 6497 575
2937 318 421
2938 4758 491
2939 854 448
2940 15 431
2941 6039 337
2942 4116 493
2943 3913 499
2944 2233 316
2945 4269 463
2946 4406 518
2947 6113 461
2948 3560 593
2949 2915 457
2950 760 285
2951 4011 451
2952 2514 462
2953 4480 421
2954 116 151
2955 4980 467
2956 1355 401
2957 5451 386
2958 1951 388
2959 5670 496
2960 4804 481
2961 1128 384
2962 2880 343
2963 4605 401
2964 5675 378
2965 2959 523
2966 2682 349
2967 3491 395
2968 6416 480
2969 543 497
2970 0 -1
2971 2171 462
2972 6485 326
2973 4802 424
2974 5545 231
2975 3081 478
2976 5944 473
2977 3244 428
2978 5750 375
2979 934 500
2980 1447 323
2981 1559 479
2982 2464 437
2983 5694 442
2984 0 -1
2985 1561 359
2986 2612 357
2987 3033 517
2988 5843 474
2989 3661 377
2990 6279 453
2991 5075 433
2992 6536 348
2993 5418 288
2994 5782 477
2995 3416 423
2996 2861 348
2997 2092 645
2998 2829 496
2999 0 -1
3000 374 347
3001 3760 396
3002 1573 582
3003 751 483
3004 4380 452
3005 5189 378
3006 4356 399
3007 4789 475
3008 1094 426
3009 4300 386
3010 3457 334
3011 0 -1
3012 350 427
3013 2692 497
3014 1335 570
3015 1624 487
3016 3287 352
3017 4232 364
3018 291 518
3019 1320 457
3020 3337 389
3021 4862 320
3022 386 400
3023 1433 578
3024 3778 388
3025 705 327
3026 0 -1
3027 5260 479
3028 0 -1
3029 1144 402
3030 3869 492
3031 5481 382
3032 641 361
3033 5127 436
3034 1774 333
3035 0 -1
3036 4941 557
3037 6466 409
3038 1936 435
3039 5453 475
3040 2906 421
3041 2880 428
3042 4457 459
3043 1547 496
3044 346 414
3045 1226 401
3046 686 426
3047 5779 445
3048 2245 556
3049 4155 387
3050 5120 303
3051 3778 401
3052 0 -1
3053 2219 446
3054 0 -1
3055 2267 404
3056 4633 420
3057 4626 536
3058 1616 705
3059 2729 485
3060 3527 581
3061 2996 461
3062 5651 489
3063 808 501
3064 4510 482
3065 0 -1
3066 6240 469
3067 3170 496
3068 905 365
3069 1172 428
3070 5582 411
3071 5400 578
3072 2924 418
3073 6489 510
3074 4950 508
3075 3493 303
3076 2744 418
3077 3818 319
3078 2467 398
3079 100 389
3080 2559 348
3081 3480 472
3082 0 -1
3083 672 569
3084 3042 486
3085 6121 482
3086 2188 392
3087 3795 416
3088 2364 464
3089 0 -1
3090 6455 300
3091 4727 437
3092 4583 411
3093 2853 456
3094 17 448
3095 5869 413
3096 5034 412
3097 1699 425
3098 5979 453
3099 3255 378
3100 4391 438
3101 194 507
3102 1186 301
3103 3255 447
3104 0 -1
3105 1833 451
3106 637 389
3107 4723 556
3108 2862 330
3109 998 395
3110 0 -1
3111 0 -1
3112 2868 397
3113 5614 354
3114 1290 389
3115 940 449
3116 3573 431
3117 3488 431
3118 32 177
3119 5399 474
3120 5245 447
3121 3255 417
3122 4943 414
3123 3439 604
3124 0 -1
3125 3679 496
3126 2089 395
3127 0 -1
3128 773 532
3129 4691 397
3130 0 -1
3131 3142 449
3132 1723 518
3133 3467 381
3134 6205 330
3135 1323 300
3136 4083 570
3137 1711 508
3138 686 506
3139 443 469
3140 1603 486
3141 57 379
3142 263 423
3143 0 -1
3144 1464 475
3145 2855 457
3146 2133 458
3147 0 -1
3148 3768 416
3149 5348 266
3150 3686 539
3151 1828 510
3152 3551 396
3153 3950 417
3154 3327 381
3155 3118 216
3156 6404 371
3157 4535 437
3158 84 419
3159 690 459
3160 3347 434
3161 543 461
3162 0 -1
3163 5944 423
3164 5691 555
3165 1161 515
3166 3375 504
3167 5726 471
3168 0 -1
3169 1727 460
3170 1360 431
3171 1196 402
3172 631 412
3173 54 523
3174 4897 513
3175 3890 379
3176 4595 471
3177 3561 603
3178 1229 465
3179 5516 333
3180 5788 392
3181 2475 548
3182 1249 377
3183 784 423
3184 5561 498
3185 2270 364
3186 2354 403
3187 6451 441
3188 2055 421
3189 1655 435
3190 5059 409
3191 0 -1
3192 3593 363
3193 4802 427
3194 2055 419
3195 1188 629
3196 3593 388
3197 1687 487
3198 5421 435
3199 0 -1
3200 3951 348
3201 2688 414
3202 3352 443
3203 3647 552
3204 3399 191
3205 5578 427
3206 0 -1
3207 174 518
3208 4214 425
3209 3135 301
3210 6152 297
3211 4080 407
3212 6538 632
3213 3277 458
3214 1363 445
3215 6161 352
3216 4988 425
3217 0 -1
3218 6134 569
3219 6225 408
3220 440 364
3221 5067 435
3222 4948 540
3223 4670 484
3224 4846 367
3225 5075 420
3226 3106 390
3227 2645 532
3228 3701 404
3229 4411 527
3230 5554 547
3231 3673 425
3232 1212 423
3233 3175 406
3234 6211 393
3235 4015 480
3236 60 471
3237 1752 634
3238 144 433
3239 1768 450
3240 3273 451
3241 0 -1
3242 1165 441
3243 1122 436
3244 1446 396
3245 3677 414
3246 0 -1
3247 5933 371
3248 2159 310
3249 39 370
3250 4572 388
3251 4300 321
3252 1415 385
3253 1862 586
3254 5304 423
3255 4812 330
3256 5809 415
3257 5122 485
3258 3480 490
3259 2873 381
3260 6176 362
3261 3115 500
3262 1389 158
3263 408 284
3264 4238 526
3265 2039 321
3266 3395 496
3267 485 464
3268 37 461
3269 6563 440
3270 2065 512
3271 0 -1
3272 5821 338
3273 2794 349
3274 413 392
3275 5321 438
3276 1017 422
3277 239 438
3278 1680 457
3279 6291 324
3280 2503 354
3281 2386 412
3282 1301 440
3283 5191 420
3284 0 -1
3285 3338 225
3286 3055 449
3287 5310 340
3288 1283 471
3289 3545 634
3290 1416 378
3291 3214 458
3292 1507 436
3293 5093 528
3294 1826 527
3295 5737 339
3296 5811 853
3297 4760 436
3298 4652 370
3299 1381 445
3300 6301 423
3301 1104 486
3302 3437 300
3303 3982 540
3304 0 -1
3305 6324 385
3306 5399 482
3307 1167 422
3308 5935 512
3309 5949 509
3310 900 367
3311 1133 433
3312 848 358
3313 1204 571
3314 910 504
3315 832 388
3316 1214 384
3317 1323 245
3318 391 502
3319 1746 421
3320 2317 566
3321 5748 489
3322 2995 432
3323 1659 460
3324 133 488
3325 2748 369
3326 1810 576
3327 5589 301
3328 3186 406
3329 1951 361
3330 5327 525
3331 1054 392
3332 3694 407
3333 1453 381
3334 1674 437
3335 3463 553
3336 4179 585
3337 926 369
3338 5289 214
3339 5521 436
3340 2655 530
3341 672 540
3342 676 520
3343 3811 449
3344 5566 459
3345 83 504
3346 1816 478
3347 4125 358
3348 4126 361
3349 5048 462
3350 2015 377
3351 6531 398
3352 2153 332
3353 0 -1
3354 1312 385
3355 719 404
3356 6086 379
3357 6441 323
3358 6066 460
3359 0 -1
3360 4767 298
3361 5968 621
3362 540 517
3363 952 519
3364 521 376
3365 94 550
3366 6043 488
3367 6227 637
3368 1690 373
3369 5615 356
3370 6139 537
3371 1580 413
3372 4116 396
3373 0 -1
3374 962 382
3375 5805 448
3376 2254 436
3377 5558 412
3378 1970 451
3379 4728 555
3380 5571 412
3381 1461 276
3382 6402 408
3383 609 432
3384 4979 410
3385 6176 323
3386 2185 411
3387 780 482
3388 413 489
3389 1355 402
3390 2700 439
3391 1462 386
3392 0 -1
3393 1278 410
3394 624 495
3395 6561 418
3396 2238 435
3397 151 349
3398 3044 427
3399 4428 161
3400 5883 463
3401 4154 428
3402 4027 500
3403 6342 456
3404 5100 453
3405 4346 336
3406 5484 514
3407 517 498
3408 0 -1
3409 4880 448
3410 1022 485
3411 4785 578
3412 3134 384
3413 429 365
3414 3684 398
3415 3922 518
3416 3263 305
3417 116 207
3418 6470 379
3419 1873 365
3420 1015 508
3421 0 -1
3422 2288 512
3423 5098 430
3424 1864 371
3425 3598 482
3426 6039 342
3427 3377 442
3428 0 -1
3429 3761 360
3430 395 443
3431 4533 392
3432 5530 399
3433 179 414
3434 5466 383
3435 3989 502
3436 1486 395
3437 755 280
3438 5277 465
3439 4980 526
3440 6536 316
3441 1469 365
3442 3573 445
3443 3384 479
3444 5371 732
3445 1313 278
3446 6005 445
3447 686 414
3448 5683 367
3449 5059 416
3450 557 352
3451 648 392
3452 5411 397
3453 6015 305
3454 3426 393
3455 4776 485
3456 3565 497
3457 4971 322
3458 1501 409
3459 4798 364
3460 5201 434
3461 328 331
3462 5840 496
3463 3550 538
3464 6594 422
3465 0 -1
3466 2266 522
3467 5868 375
3468 1622 525
3469 3960 429
3470 3631 392
3471 1249 378
3472 3539 472
3473 3583 416
3474 4862 327
3475 593 427
3476 2788 578
3477 4941 468
3478 738 475
3479 2643 628
3480 821 403
3481 3928 438
3482 1238 414
3483 4256 465
3484 1531 429
3485 0 -1
3486 6349 498
3487 642 354
3488 1791 395
3489 2435 471
3490 2794 373
3491 870 372
3492 6467 408
3493 1168 302
3494 4284 493
3495 2253 505
3496 2274 317
3497 3029 453
3498 5142 453
3499 2627 460
3500 6099 652
3501 1679 445
3502 3923 343
3503 4704 421
3504 4921 455
3505 1196 386
3506 83 484
3507 4335 482
3508 4864 403
3509 5203 552
3510 1519 382
3511 619 377
3512 2376 418
3513 4384 618
3514 1605 413
3515 2827 420
3516 990 286
3517 3878 451
3518 3464 473
3519 4065 381
3520 2332 386
3521 4118 436
3522 1972 375
3523 0 -1
3524 3236 489
3525 5756 380
3526 4104 443
3527 5055 549
3528 5545 267
3529 221 446
3530 2795 498
3531 6131 557
3532 4264 524
3533 702 412
3534 1638 542
3535 6001 310
3536 2457 512
3537 1076 456
3538 0 -1
3539 6345 390
3540 5063 341
3541 2620 303
3542 2870 384
3543 3209 368
3544 1267 520
3545 2634 569
3546 4478 385
3547 2481 510
3548 2032 420
3549 5310 333
3550 5179 446
3551 2039 322
3552 1557 539
3553 6448 443
3554 615 408
3555 0 -1
3556 342 409
3557 4025 520
3558 3450 465
3559 0 -1
3560 41 476
3561 5248 488
3562 1482 434
3563 5671 444
3564 2781 414
3565 2342 459
3566 4222 587
3567 2062 458
3568 5292 308
3569 2612 335
3570 3251 431
3571 2170 232
3572 2934 536
3573 2577 395
3574 2305 515
3575 1968 380
3576 5227 373
3577 2982 442
3578 2177 118
3579 2566 480
3580 1825 427
3581 5347 431
3582 2715 483
3583 432 384
3584 6138 497
3585 3486 576
3586 4509 347
3587 2436 518
3588 6018 480
3589 2099 520
3590 5337 568
3591 3572 541
3592 375 441
3593 3445 351
3594 4978 496
3595 4071 451
3596 4482 363
3597 5073 369
3598 5001 466
3599 0 -1
3600 2958 392
3601 1237 574
3602 4652 410
3603 749 301
3604 4492 449
3605 5433 385
3606 1857 431
3607 5410 307
3608 1102 472
3609 913 410
3610 1473 371
3611 4011 443
3612 3486 600
3613 2012 369
3614 937 448
3615 5665 350
3616 6594 383
3617 967 453
3618 5701 475
3619 5413 501
3620 3786 459
3621 2485 446
3622 0 -1
3623 3956 508
3624 5013 524
3625 5358 493
3626 5908 552
3627 4384 600
3628 2722 511
3629 15 452
3630 1404 284
3631 2240 342
3632 3005 444
3633 5845 447
3634 3324 576
3635 3075 355
3636 6151 490
3637 856 589
3638 4304 407
3639 5935 485
3640 2462 488
3641 848 393
3642 0 -1
3643 4504 320
3644 5645 722
3645 0 -1
3646 4243 594
3647 1373 436
3648 0 -1
3649 5504 532
3650 2346 451
3651 907 509
3652 1926 549
3653 5438 434
3654 6531 416
3655 1700 461
3656 3088 548
3657 5202 381
3658 6274 422
3659 1017 407
3660 1296 527
3661 1804 374
3662 2418 423
3663 1792 410
3664 1725 552
3665 0 -1
3666 1027 248
3667 2275 406
3668 663 369
3669 590 424
3670 2470 458
3671 1744 457
3672 3507 561
3673 1678 334
3674 6537 474
3675 3919 455
3676 5738 469
3677 5992 365
3678 0 -1
3679 1976 395
3680 1435 484
3681 2079 468
3682 5226 427
3683 1459 453
3684 6587 383
3685 3188 500
3686 1142 472
3687 1102 498
3688 2204 605
3689 0 -1
3690 4295 409
3691 2162 423
3692 2171 400
3693 5582 328
3694 5724 325
3695 3278 523
3696 3650 458
3697 2657 367
3698 2859 321
3699 3647 485
3700 786 489
3701 1186 314
3702 0 -1
3703 593 371
3704 2477 513
3705 0 -1
3706 1970 426
3707 3160 443
3708 3917 406
3709 2137 487
3710 0 -1
3711 0 -1
3712 1966 466
3713 2406 455
3714 0 -1
3715 5212 398
3716 4049 561
3717 2057 306
3718 3818 381
3719 787 460
3720 5403 355
3721 2505 470
3722 3663 472
3723 4411 457
3724 0 -1
3725 1096 405
3726 5348 377
3727 1321 438
3728 2952 479
3729 4584 500
3730 1086 516
3731 3841 385
3732 1614 468
3733 2034 421
3734 43 533
3735 6140 442
3736 4552 471
3737 3985 397
3738 1403 425
3739 0 -1
3740 5176 584
3741 1561 472
3742 4828 529
3743 1530 478
3744 903 587
3745 2635 491
3746 4418 447
3747 2681 525
3748 2310 267
3749 5031 415
3750 4275 458
3751 991 446
3752 3995 439
3753 159 709
3754 3488 415
3755 4229 427
3756 2290 427
3757 5031 450
3758 6552 595
3759 6561 499
3760 3949 359
3761 1506 291
3762 3520 455
3763 3225 509
3764 2157 485
3765 1074 486
3766 5487 428
3767 99 424
3768 3643 340
3769 1192 494
3770 5333 464
3771 6213 405
3772 2233 337
3773 3118 196
3774 3795 382
3775 4384 549
3776 5266 475
3777 5065 487
3778 1698 373
3779 4596 386
3780 6437 494
3781 6066 435
3782 5611 520
3783 2933 440
3784 5847 264
3785 0 -1
3786 1791 439
3787 0 -1
3788 899 608
3789 4389 503
3790 172 442
3791 4660 454
3792 3146 542
3793 5764 386
3794 2711 373
3795 4135 358
3796 5069 440
3797 6587 389
3798 1214 376
3799 4190 289
3800 2888 431
3801 374 383
3802 2646 477
3803 792 434
3804 307 529
3805 5302 539
3806 1373 455
3807 1873 406
3808 1034 550
3809 942 543
3810 682 535
3811 2478 398
3812 303 532
3813 2376 465
3814 6287 460
3815 5756 344
3816 2084 325
3817 4377 499
3818 4859 286
3819 69 514
3820 1456 510
3821 850 451
3822 446 372
3823 86 359
3824 2084 344
3825 0 -1
3826 5906 483
3827 0 -1
3828 297 457
3829 2845 498
3830 3593 465
3831 845 393
3832 3615 350
3833 2261 422
3834 2981 551
3835 1680 392
3836 3979 390
3837 3325 412
3838 1196 405
3839 6391 381
3840 2958 443
3841 779 371
3842 4746 424
3843 6139 481
3844 2309 455
3845 3418 465
3846 2449 383
3847 5191 444
3848 4720 467
3849 4440 431
3850 727 354
3851 3097 544
3852 4523 499
3853 3549 425
3854 0 -1
3855 6136 346
3856 2270 367
3857 1169 582
3858 5597 514
3859 0 -1
3860 6402 492
3861 202 448
3862 1186 245
3863 504 441
3864 404 375
3865 1572 458
3866 2553 394
3867 3638 503
3868 2424 570
3869 2252 422
3870 4462 463
3871 2346 413
3872 1307 372
3873 4672 424
3874 3578 215
3875 6108 358
3876 1311 414
3877 3163 442
3878 1446 405
3879 1055 448
3880 2756 447
3881 3403 488
3882 0 -1
3883 109 464
3884 5540 451
3885 6486 651
3886 4485 539
3887 3372 493
3888 4736 334
3889 2549 513
3890 326 376
3891 1092 398
3892 2012 343
3893 3986 351
3894 1448 453
3895 0 -1
3896 5526 413
3897 6595 425
3898 63 469
3899 6553 513
3900 6336 464
3901 2974 252
3902 1288 351
3903 6173 537
3904 1174 480
3905 5060 470
3906 565 572
3907 4050 506
3908 5671 447
3909 5604 464
3910 3916 523
3911 4710 556
3912 4458 516
3913 4833 457
3914 2964 436
3915 1988 557
3916 3154 432
3917 408 342
3918 4794 429
3919 3075 342
3920 1341 457
3921 433 390
3922 5560 491
3923 1951 336
3924 1708 476
3925 2894 428
3926 2048 424
3927 4505 399
3928 6487 347
3929 6015 342
3930 6174 536
3931 1175 518
3932 4448 423
3933 2752 487
3934 667 437
3935 5720 362
3936 3823 391
3937 482 421
3938 5759 404
3939 2065 413
3940 0 -1
3941 5746 373
3942 4544 403
3943 1739 466
3944 0 -1
3945 5913 377
3946 1373 354
3947 718 307
3948 1271 439
3949 4905 342
3950 3260 390
3951 2358 300
3952 383 548
3953 5280 402
3954 2691 352
3955 5153 424
3956 1727 454
3957 1932 454
3958 3647 517
3959 3113 408
3960 1516 397
3961 0 -1
3962 2252 380
3963 105 433
3964 798 428
3965 2318 590
3966 3385 338
3967 1266 504
3968 3779 391
3969 2496 379
3970 1545 529
3971 6239 411
3972 1129 481
3973 2531 410
3974 4032 400
3975 6512 493
3976 1311 422
3977 3929 383
3978 265 535
3979 1548 288
3980 4934 498
3981 4988 464
3982 3833 440
3983 0 -1
3984 985 522
3985 864 395
3986 5514 343
3987 0 -1
3988 3005 466
3989 3286 470
3990 2580 411
3991 1981 588
3992 285 469
3993 1871 280
3994 2355 489
3995 3049 400
3996 5928 366
3997 4905 398
3998 3280 361
3999 2304 316
4000 4768 463
4001 206 504
4002 3420 517
4003 5195 418
4004 2649 425
4005 5979 441
4006 6107 394
4007 2034 387
4008 725 335
4009 2370 562
4010 2690 364
4011 1594 404
4012 2332 416
4013 3813 538
4014 578 452
4015 353 416
4016 3024 420
4017 4191 411
4018 3926 464
4019 404 366
4020 0 -1
4021 2754 539
4022 5408 369
4023 1353 438
4024 539 333
4025 6117 447
4026 0 -1
4027 2024 487
4028 3551 347
4029 3849 481
4030 4721 401
4031 4406 497
4032 181 336
4033 6007 446
4034 3454 500
4035 6365 401
4036 4319 612
4037 6224 431
4038 1269 452
4039 3919 455
4040 4212 484
4041 0 -1
4042 2873 402
4043 562 320
4044 2456 410
4045 4198 608
4046 2820 399
4047 1372 408
4048 3287 423
4049 3378 504
4050 5035 431
4051 1933 286
4052 0 -1
4053 3675 538
4054 3912 594
4055 0 -1
4056 5081 554
4057 3399 279
4058 3568 347
4059 568 350
4060 4246 523
4061 0 -1
4062 5850 397
4063 2980 385
4064 1429 471
4065 276 304
4066 3233 445
4067 0 -1
4068 767 396
4069 3007 479
4070 2351 417
4071 2042 407
4072 0 -1
4073 4427 531
4074 6028 433
4075 5471 360
4076 2064 482
4077 4266 530
4078 4777 392
4079 4204 476
4080 5097 362
4081 0 -1
4082 5556 380
4083 2294 535
4084 6278 426
4085 103 395
4086 4627 488
4087 3718 472
4088 5466 441
4089 4279 542
4090 1833 414
4091 1140 518
4092 0 -1
4093 28 499
4094 6309 451
4095 6172 425
4096 5642 464
4097 3149 343
4098 2456 457
4099 5889 509
4100 2613 405
4101 3020 404
4102 3951 347
4103 2026 382
4104 5675 415
4105 2233 368
4106 2530 554
4107 3262 221
4108 383 536
4109 447 436
4110 3894 453
4111 254 440
4112 3568 346
4113 704 429
4114 3993 375
4115 5381 469
4116 1048 381
4117 0 -1
4118 617 346
4119 5258 519
4120 2678 521
4121 2650 461
4122 5694 458
4123 689 354
4124 5583 470
4125 1879 350
4126 4803 333
4127 4923 511
4128 3310 404
4129 0 -1
4130 5246 500
4131 3342 623
4132 4102 394
4133 5750 355
4134 1059 397
4135 5115 290
4136 2909 438
4137 4675 429
4138 702 474
4139 6550 410
4140 2691 346
4141 61 452
4142 5696 281
4143 5807 356
4144 0 -1
4145 2975 478
4146 1804 369
4147 3382 477
4148 4088 448
4149 4350 366
4150 1427 245
4151 1877 421
4152 4323 544
4153 3731 385
4154 1094 365
4155 5807 324
4156 5644 584
4157 2269 607
4158 3129 405
4159 4169 453
4160 2895 472
4161 2454 654
4162 0 -1
4163 4943 396
4164 3238 441
4165 3347 456
4166 5117 461
4167 1202 418
4168 5996 475
4169 1600 415
4170 6422 474
4171 3123 712
4172 1298 466
4173 1222 450
4174 1017 473
4175 2618 405
4176 2648 714
4177 77 462
4178 3924 540
4179 3661 489
4180 0 -1
4181 2771 373
4182 1158 434
4183 0 -1
4184 395 448
4185 1025 400
4186 4639 431
4187 4118 443
4188 0 -1
4189 4095 435
4190 3862 274
4191 3875 366
4192 5870 393
4193 4957 481
4194 2870 395
4195 2528 457
4196 5484 500
4197 3496 389
4198 4877 495
4199 1699 421
4200 1427 261
4201 4587 321
4202 2940 443
4203 3307 441
4204 1054 456
4205 6530 497
4206 5333 472
4207 6283 515
4208 719 405
4209 4429 470
4210 6163 267
4211 5310 368
4212 3855 437
4213 5651 454
4214 6559 397
4215 0 -1
4216 5492 387
4217 2162 431
4218 42 407
4219 3171 457
4220 5225 419
4221 1720 447
4222 3508 516
4223 619 481
4224 2175 344
4225 1614 438
4226 6145 393
4227 5236 441
4228 866 251
4229 1698 385
4230 5001 448
4231 4978 405
4232 5418 314
4233 678 368
4234 5340 417
4235 4379 373
4236 3506 538
4237 4130 539
4238 6597 435
4239 5851 589
4240 6510 403
4241 629 343
4242 2636 645
4243 1575 508
4244 5159 289
4245 1985 407
4246 5573 449
4247 3737 397
4248 6495 491
4249 2778 418
4250 4185 489
4251 283 462
4252 1278 382
4253 0 -1
4254 3208 473
4255 3669 441
4256 3772 439
4257 6014 426
4258 787 462
4259 4440 357
4260 0 -1
4261 781 273
4262 4338 515
4263 704 349
4264 2888 428
4265 2195 427
4266 5223 467
4267 0 -1
4268 4509 344
4269 6590 397
4270 4511 498
4271 3515 444
4272 1227 515
4273 5582 387
4274 0 -1
4275 6120 451
4276 2988 529
4277 3256 521
4278 2254 368
4279 2041 485
4280 5023 455
4281 5884 383
4282 5916 417
4283 5595 429
4284 5845 454
4285 4588 423
4286 2405 465
4287 4471 407
4288 1825 429
4289 3080 413
4290 5530 410
4291 2963 404
4292 2524 578
4293 1822 458
4294 2162 479
4295 151 341
4296 0 -1
4297 2238 405
4298 2077 335
4299 420 434
4300 2637 298
4301 0 -1
4302 6324 399
4303 4957 507
4304 6189 378
4305 5596 532
4306 3399 228
4307 5954 343
4308 0 -1
4309 5827 476
4310 6108 410
4311 2787 300
4312 6550 348
4313 0 -1
4314 2857 397
4315 1469 342
4316 1677 355
4317 724 625
4318 934 458
4319 2483 602
4320 1191 502
4321 3137 518
4322 6322 424
4323 6209 492
4324 0 -1
4325 1486 487
4326 27 356
4327 1712 461
4328 2902 506
4329 2719 500
4330 45 515
4331 945 408
4332 5171 467
4333 1063 480
4334 3849 473
4335 2859 432
4336 5258 470
4337 2758 498
4338 5934 505
4339 5379 402
4340 3141 414
4341 1055 495
4342 143 508
4343 5726 473
4344 2699 407
4345 3355 452
4346 2993 296
4347 144 465
4348 173 406
4349 1254 599
4350 6291 250
4351 4209 482
4352 6280 434
4353 4391 381
4354 2417 479
4355 2518 429
4356 4767 330
4357 627 462
4358 3839 454
4359 2175 408
4360 3062 506
4361 5566 477
4362 6172 439
4363 4978 408
4364 5289 244
4365 2618 487
4366 4266 486
4367 0 -1
4368 4725 448
4369 3189 459
4370 0 -1
4371 5452 477
4372 0 -1
4373 5496 515
4374 2638 301
4375 615 327
4376 2878 392
4377 4420 467
4378 2106 356
4379 4298 359
4380 1356 414
4381 1826 596
4382 37 552
4383 4587 330
4384 2963 503
4385 163 419
4386 2974 254
4387 1420 223
4388 5319 647
4389 4619 501
4390 2117 516
4391 2620 318
4392 5533 431
4393 4576 470
4394 6536 363
4395 870 454
4396 6314 798
4397 323 292
4398 2568 519
4399 3595 468
4400 5433 416
4401 0 -1
4402 772 436
4403 1519 369
4404 2582 511
4405 4455 488
4406 3387 494
4407 0 -1
4408 4068 513
4409 6037 417
4410 5846 449
4411 3490 416
4412 3397 412
4413 1806 396
4414 1610 455
4415 5358 505
4416 4846 365
4417 5899 463
4418 5926 437
4419 2082 388
4420 5602 464
4421 2841 601
4422 5556 340
4423 0 -1
4424 1168 313
4425 2335 453
4426 3357 390
4427 5472 440
4428 116 127
4429 1026 455
4430 3697 448
4431 1227 479
4432 6141 465
4433 1482 404
4434 456 554
4435 6052 460
4436 3441 472
4437 1637 347
4438 384 583
4439 413 458
4440 4520 339
4441 1056 465
4442 751 408
4443 0 -1
4444 806 458
4445 390 429
4446 5404 424
4447 1677 390
4448 6413 404
4449 1821 419
4450 4859 388
4451 4950 561
4452 4837 436
4453 6288 528
4454 2162 476
4455 5578 434
4456 3099 426
4457 2489 440
4458 4251 504
4459 485 449
4460 744 454
4461 3441 449
4462 854 404
4463 1228 551
4464 1727 451
4465 0 -1
4466 4603 470
4467 4289 438
4468 3660 537
4469 5078 624
4470 0 -1
4471 4539 370
4472 2716 372
4473 1389 166
4474 6160 581
4475 4704 464
4476 513 378
4477 1871 362
4478 2474 355
4479 1961 496
4480 5668 362
4481 155 491
4482 215 358
4483 3695 551
4484 5013 491
4485 5306 423
4486 1778 384
4487 1528 634
4488 558 453
4489 1778 366
4490 0 -1
4491 4647 398
4492 5189 427
4493 2941 406
4494 2307 433
4495 3351 462
4496 5419 597
4497 0 -1
4498 3483 484
4499 1636 542
4500 2687 527
4501 1383 357
4502 3169 519
4503 0 -1
4504 6294 308
4505 3279 380
4506 3251 360
4507 5113 482
4508 4069 520
4509 4721 332
4510 2917 473
4511 4189 469
4512 692 542
4513 4800 567
4514 3154 397
4515 4263 464
4516 5998 423
4517 5355 443
4518 6273 346
4519 2548 497
4520 766 298
4521 4414 475
4522 6051 398
4523 4937 446
4524 2377 466
4525 1403 385
4526 2133 472
4527 2853 486
4528 3720 392
4529 1970 396
4530 5704 654
4531 0 -1
4532 3001 426
4533 1053 302
4534 3774 436
4535 5438 424
4536 1262 431
4537 2002 426
4538 4447 398
4539 2127 366
4540 2558 469
4541 334 560
4542 2158 518
4543 1465 413
4544 3437 348
4545 3894 491
4546 3338 326
4547 122 429
4548 5700 446
4549 513 346
4550 1856 600
4551 3528 366
4552 5019 443
4553 4700 425
4554 552 425
4555 1464 513
4556 34 501
4557 0 -1
4558 3694 338
4559 0 -1
4560 344 341
4561 1978 479
4562 2712 518
4563 4122 493
4564 6362 289
4565 1405 490
4566 6335 390
4567 0 -1
4568 5613 419
4569 4871 531
4570 3437 362
4571 1945 503
4572 539 374
4573 2874 547
4574 141 446
4575 0 -1
4576 4975 361
4577 5329 466
4578 2310 325
4579 3879 519
4580 413 420
4581 1176 440
4582 5689 336
4583 4201 361
4584 1893 473
4585 4574 454
4586 1699 490
4587 2274 307
4588 4505 401
4589 4155 427
4590 3839 421
4591 3016 366
4592 0 -1
4593 2007 399
4594 5838 467
4595 5847 351
4596 4689 359
4597 5842 445
4598 3691 529
4599 434 425
4600 5139 501
4601 343 436
4602 5591 580
4603 2016 443
4604 5547 400
4605 3748 315
4606 1251 562
4607 1340 611
4608 4487 747
4609 2890 432
4610 4822 430
4611 2937 463
4612 5593 568
4613 652 499
4614 2649 448
4615 5414 480
4616 2228 450
4617 0 -1
4618 4564 327
4619 44 473
4620 1814 295
4621 530 435
4622 5234 487
4623 0 -1
4624 4146 374
4625 3263 296
4626 2929 508
4627 2679 452
4628 3933 606
4629 3661 398
4630 5463 368
4631 5375 475
4632 1497 466
4633 3999 396
4634 375 500
4635 5226 419
4636 0 -1
4637 2823 410
4638 1311 446
4639 5652 339
4640 179 399
4641 2007 447
4642 0 -1
4643 2296 534
4644 0 -1
4645 4397 349
4646 6404 449
4647 72 374
4648 4670 514
4649 3905 500
4650 4675 405
4651 4913 495
4652 1583 370
4653 2668 327
4654 0 -1
4655 1353 355
4656 5154 485
4657 5762 548
4658 6048 464
4659 0 -1
4660 1015 422
4661 167 469
4662 6597 483
4663 6496 451
4664 5717 409
4665 1511 552
4666 2595 529
4667 2761 546
4668 51 445
4669 521 332
4670 1479 427
4671 848 299
4672 6014 422
4673 146 496
4674 587 550
4675 3397 363
4676 0 -1
4677 0 -1
4678 264 561
4679 2632 474
4680 3234 488
4681 3247 393
4682 274 484
4683 2341 528
4684 5788 419
4685 5597 408
4686 6246 451
4687 3583 436
4688 205 641
4689 3317 337
4690 5421 396
4691 6354 393
4692 6068 428
4693 1220 373
4694 6489 418
4695 5365 386
4696 519 447
4697 4858 408
4698 1940 510
4699 2687 494
4700 2138 404
4701 2293 573
4702 3595 554
4703 2880 346
4704 1699 399
4705 5524 401
4706 3672 650
4707 1783 477
4708 5234 487
4709 5908 520
4710 3274 474
4711 1590 562
4712 0 -1
4713 2809 512
4714 5629 533
4715 70 367
4716 543 428
4717 3942 418
4718 2160 430
4719 2612 343
4720 2024 427
4721 5587 296
4722 744 448
4723 2002 465
4724 6162 405
4725 113 432
4726 937 391
4727 3135 352
4728 5687 435
4729 0 -1
4730 6399 498
4731 2534 462
4732 4705 432
4733 6434 470
4734 2595 545
4735 6341 458
4736 10 298
4737 6106 464
4738 1585 433
4739 5864 367
4740 2057 303
4741 2661 446
4742 1276 462
4743 4803 403
4744 5303 463
4745 5065 476
4746 2392 418
4747 4128 499
4748 840 444
4749 0 -1
4750 3803 481
4751 1140 501
4752 2820 372
4753 4428 216
4754 6090 390
4755 2808 477
4756 1527 474
4757 690 433
4758 2694 407
4759 3480 408
4760 3220 392
4761 1517 431
4762 4675 423
4763 5879 507
4764 0 -1
4765 5829 411
4766 2950 343
4767 5410 289
4768 1659 397
4769 2924 474
4770 3131 473
4771 5812 405
4772 5405 529
4773 2240 399
4774 5172 588
4775 5310 397
4776 2008 446
4777 6196 373
4778 1446 446
4779 0 -1
4780 153 395
4781 6393 505
4782 1381 480
4783 5867 514
4784 3520 503
4785 554 550
4786 3892 437
4787 6447 416
4788 4190 376
4789 2102 474
4790 6319 386
4791 3417 226
4792 5311 487
4793 4340 434
4794 2578 404
4795 3926 432
4796 2309 510
4797 4224 390
4798 1288 345
4799 3838 459
4800 5347 468
4801 744 521
4802 3999 356
4803 2916 300
4804 4104 432
4805 0 -1
4806 4874 370
4807 3375 539
4808 0 -1
4809 3718 424
4810 5982 434
4811 0 -1
4812 4364 272
4813 0 -1
4814 2043 509
4815 0 -1
4816 726 373
4817 3243 550
4818 4692 469
4819 1674 512
4820 3027 522
4821 4265 471
4822 3893 420
4823 2962 392
4824 343 430
4825 6258 459
4826 2577 453
4827 4080 465
4828 5718 505
4829 109 489
4830 350 430
4831 349 403
4832 2589 506
4833 6123 389
4834 2455 448
4835 318 488
4836 765 271
4837 4235 419
4838 5120 331
4839 5932 456
4840 654 552
4841 5945 401
4842 3431 469
4843 1576 566
4844 1849 420
4845 3294 614
4846 3607 323
4847 2024 454
4848 4051 371
4849 1729 449
4850 0 -1
4851 2047 435
4852 4791 333
4853 3356 427
4854 1679 430
4855 485 488
4856 3442 468
4857 1532 505
4858 6105 370
4859 6291 277
4860 0 -1
4861 0 -1
4862 1519 294
4863 3228 448
4864 6587 360
4865 0 -1
4866 1540 448
4867 5362 412
4868 3666 294
4869 3999 410
4870 3677 460
4871 2354 448
4872 4650 486
4873 2962 351
4874 1662 363
4875 4723 517
4876 5072 465
4877 5003 451
4878 3979 315
4879 2185 443
4880 3397 434
4881 6581 331
4882 1207 411
4883 5120 376
4884 0 -1
4885 1000 432
4886 6232 495
4887 4118 360
4888 4244 390
4889 4878 355
4890 5974 570
4891 6493 557
4892 133 465
4893 6575 440
4894 1295 419
4895 733 541
4896 2676 531
4897 594 437
4898 0 -1
4899 4413 486
4900 3819 571
4901 5144 410
4902 1205 466
4903 788 580
4904 3300 428
4905 689 342
4906 3515 471
4907 5810 409
4908 0 -1
4909 1996 413
4910 6165 320
4911 1202 423
4912 1923 494
4913 2138 423
4914 3713 473
4915 1207 346
4916 5699 435
4917 6509 378
4918 2079 423
4919 202 447
4920 6053 387
4921 5213 414
4922 2155 411
4923 5552 467
4924 6444 362
4925 5245 424
4926 1082 545
4927 107 474
4928 1773 279
4929 4738 506
4930 0 -1
4931 2714 357
4932 5179 545
4933 6403 427
4934 1877 450
4935 3221 463
4936 85 351
4937 4726 395
4938 3121 498
4939 5318 344
4940 759 546
4941 6224 463
4942 639 520
4943 3108 390
4944 2506 390
4945 937 398
4946 686 433
4947 0 -1
4948 3954 444
4949 4400 420
4950 4854 494
4951 0 -1
4952 97 492
4953 4787 465
4954 3945 399
4955 5640 449
4956 5112 464
4957 2612 405
4958 1885 472
4959 2559 315
4960 3049 411
4961 6001 302
4962 238 400
4963 5086 418
4964 865 429
4965 1679 472
4966 6179 609
4967 2920 378
4968 2484 433
4969 3819 610
4970 2738 478
4971 2039 314
4972 6212 387
4973 5360 453
4974 5677 459
4975 2116 325
4976 0 -1
4977 3129 421
4978 513 397
4979 5368 388
4980 2972 445
4981 2756 494
4982 0 -1
4983 5383 322
4984 4248 521
4985 4158 446
4986 4841 408
4987 988 413
4988 4211 398
4989 697 439
4990 3542 442
4991 449 470
4992 5695 437
4993 4633 419
4994 3811 450
4995 6146 551
4996 2371 376
4997 0 -1
4998 537 578
4999 5597 436
5000 5264 493
5001 3454 444
5002 2705 512
5003 385 360
5004 1923 488
5005 1194 421
5006 1044 517
5007 4675 446
5008 2646 457
5009 309 483
5010 1064 407
5011 2957 423
5012 1063 425
5013 2991 446
5014 4933 462
5015 2924 425
5016 3976 436
5017 3418 490
5018 5845 521
5019 1289 386
5020 2859 346
5021 0 -1
5022 67 524
5023 5916 399
5024 0 -1
5025 4100 440
5026 0 -1
5027 5272 478
5028 3445 292
5029 1851 418
5030 0 -1
5031 5430 352
5032 0 -1
5033 1507 439
5034 3135 337
5035 343 392
5036 629 416
5037 938 592
5038 0 -1
5039 966 430
5040 1465 470
5041 2378 470
5042 0 -1
5043 4293 492
5044 6192 377
5045 5310 372
5046 3327 385
5047 1874 536
5048 3429 404
5049 1363 402
5050 611 415
5051 3445 374
5052 4189 507
5053 303 526
5054 3691 452
5055 2930 462
5056 0 -1
5057 70 337
5058 1884 517
5059 781 331
5060 1296 462
5061 5835 537
5062 132 454
5063 3317 265
5064 2237 463
5065 1061 368
5066 6009 566
5067 589 421
5068 5194 448
5069 6024 410
5070 2034 456
5071 6505 373
5072 3096 418
5073 219 361
5074 1180 437
5075 5433 381
5076 4960 415
5077 1983 367
5078 4667 619
5079 5802 403
5080 1094 457
5081 1344 488
5082 5065 437
5083 1792 410
5084 5878 360
5085 6587 393
5086 3171 410
5087 412 273
5088 4539 380
5089 1048 441
5090 1894 657
5091 1008 483
5092 1541 419
5093 2426 443
5094 6575 484
5095 4480 477
5096 2987 535
5097 5314 362
5098 6531 420
5099 5716 434
5100 5636 410
5101 3774 391
5102 4873 378
5103 2057 301
5104 2870 328
5105 5744 483
5106 3703 415
5107 3736 476
5108 4442 467
5109 4471 382
5110 520 487
5111 2237 495
5112 3423 438
5113 498 370
5114 4263 409
5115 3578 186
5116 5211 443
5117 561 408
5118 3565 539
5119 1147 471
5120 276 290
5121 1272 504
5122 2176 459
5123 1227 463
5124 2529 404
5125 1017 452
5126 5527 568
5127 2308 362
5128 2019 428
5129 421 440
5130 6547 403
5131 6265 352
5132 5183 592
5133 187 435
5134 159 683
5135 6531 373
5136 155 564
5137 15 419
5138 6594 491
5139 2989 436
5140 1063 441
5141 3211 464
5142 5084 392
5143 2862 406
5144 4703 391
5145 1139 372
5146 6450 472
5147 1120 598
5148 5846 496
5149 6477 452
5150 3068 371
5151 1439 358
5152 4713 618
5153 3368 400
5154 5285 439
5155 3401 542
5156 1792 430
5157 3348 395
5158 132 479
5159 2052 266
5160 1547 450
5161 5851 501
5162 2926 431
5163 2035 302
5164 1961 505
5165 3986 394
5166 1678 332
5167 6218 492
5168 6190 343
5169 3368 400
5170 2691 338
5171 5964 388
5172 1148 520
5173 1446 463
5174 215 465
5175 1056 459
5176 594 487
5177 4307 360
5178 5789 446
5179 4604 427
5180 3396 548
5181 5048 441
5182 4833 455
5183 2143 590
5184 1367 463
5185 1063 463
5186 723 419
5187 4689 391
5188 4988 420
5189 630 342
5190 305 432
5191 4653 393
5192 390 427
5193 1904 413
5194 5954 445
5195 3815 416
5196 5588 455
5197 0 -1
5198 1776 455
5199 4761 433
5200 2704 534
5201 1447 393
5202 1384 343
5203 3674 537
5204 1423 406
5205 0 -1
5206 2018 461
5207 403 580
5208 5309 406
5209 3492 425
5210 5114 453
5211 3949 394
5212 5884 322
5213 1517 402
5214 352 487
5215 54 481
5216 1306 513
5217 677 376
5218 3783 440
5219 3894 547
5220 3334 468
5221 5888 449
5222 2855 479
5223 288 358
5224 5649 348
5225 2878 302
5226 943 398
5227 2272 344
5228 71 424
5229 4858 470
5230 0 -1
5231 530 440
5232 4134 475
5233 2621 442
5234 5321 452
5235 3529 465
5236 4848 433
5237 3483 493
5238 151 363
5239 2693 422
5240 6264 503
5241 5188 465
5242 2763 372
5243 6005 421
5244 3467 378
5245 6108 407
5246 1158 499
5247 3998 414
5248 6297 420
5249 454 529
5250 5812 385
5251 5524 450
5252 5897 386
5253 5115 205
5254 3863 504
5255 3281 436
5256 219 391
5257 4078 418
5258 1360 447
5259 2868 468
5260 5679 384
5261 760 380
5262 812 381
5263 5531 513
5264 3697 377
5265 0 -1
5266 1708 432
5267 1348 441
5268 6141 432
5269 133 370
5270 3776 503
5271 4635 477
5272 5700 434
5273 217 421
5274 133 412
5275 1409 443
5276 0 -1
5277 5792 367
5278 0 -1
5279 4546 361
5280 4391 377
5281 4795 449
5282 4973 530
5283 3682 503
5284 2816 400
5285 5332 365
5286 4521 522
5287 1084 451
5288 1833 401
5289 1389 184
5290 3114 420
5291 4471 415
5292 5733 258
5293 43 576
5294 41 498
5295 4825 460
5296 3690 483
5297 1295 356
5298 5179 536
5299 5194 544
5300 1737 263
5301 3186 438
5302 6214 422
5303 5239 446
5304 314 404
5305 2590 459
5306 255 418
5307 420 524
5308 5914 501
5309 2359 402
5310 3149 291
5311 1840 462
5312 2141 410
5313 2980 361
5314 329 303
5315 2914 446
5316 4065 364
5317 671 532
5318 56 305
5319 2206 583
5320 1919 401
5321 2815 425
5322 2944 354
5323 2677 354
5324 6347 360
5325 503 395
5326 3368 473
5327 3823 426
5328 3211 462
5329 4506 402
5330 4994 455
5331 6162 398
5332 781 342
5333 3213 463
5334 1439 401
5335 504 531
5336 2428 437
5337 953 533
5338 6164 370
5339 999 314
5340 3032 415
5341 2826 470
5342 2156 517
5343 4422 355
5344 0 -1
5345 4471 378
5346 4068 400
5347 4123 415
5348 2759 266
5349 5582 361
5350 344 364
5351 1149 468
5352 4831 467
5353 3370 601
5354 1758 613
5355 6319 419
5356 2078 543
5357 0 -1
5358 6403 409
5359 5671 437
5360 1519 338
5361 1783 457
5362 1416 369
5363 2307 415
5364 4562 592
5365 3459 380
5366 4746 462
5367 3337 477
5368 6466 360
5369 3977 426
5370 0 -1
5371 5896 645
5372 3760 368
5373 3525 414
5374 3295 367
5375 312 454
5376 5004 579
5377 4965 524
5378 5474 432
5379 1187 383
5380 5329 505
5381 6449 437
5382 5661 539
5383 2716 311
5384 2477 562
5385 2253 513
5386 1629 538
5387 460 481
5388 5403 342
5389 4919 545
5390 814 497
5391 4436 539
5392 387 437
5393 1517 476
5394 5897 433
5395 3866 452
5396 0 -1
5397 1878 489
5398 656 419
5399 5881 472
5400 5745 502
5401 1684 502
5402 5454 491
5403 6485 304
5404 4905 412
5405 2047 451
5406 3631 397
5407 3832 460
5408 2677 344
5409 6444 439
5410 1666 267
5411 6590 337
5412 3457 372
5413 1328 487
5414 1401 427
5415 0 -1
5416 5112 469
5417 2993 406
5418 2667 251
5419 5401 505
5420 1926 569
5421 6550 381
5422 3504 512
5423 2114 501
5424 1163 419
5425 4744 579
5426 863 563
5427 3134 393
5428 2996 357
5429 5070 543
5430 765 293
5431 4213 482
5432 5859 448
5433 2810 343
5434 0 -1
5435 0 -1
5436 845 441
5437 1463 510
5438 3954 367
5439 4258 544
5440 2420 394
5441 2726 489
5442 0 -1
5443 1416 414
5444 2235 653
5445 5103 321
5446 2764 377
5447 2383 431
5448 1653 473
5449 2627 480
5450 4639 408
5451 5992 311
5452 467 423
5453 4024 369
5454 2748 480
5455 1750 441
5456 0 -1
5457 1634 589
5458 1994 436
5459 589 448
5460 927 509
5461 0 -1
5462 104 506
5463 3265 339
5464 0 -1
5465 4314 492
5466 2916 338
5467 0 -1
5468 6204 438
5469 2238 392
5470 4413 420
5471 2810 312
5472 614 334
5473 6026 415
5474 2553 333
5475 511 572
5476 2304 374
5477 5857 497
5478 2953 492
5479 1352 443
5480 0 -1
5481 677 334
5482 4653 335
5483 5048 420
5484 5186 428
5485 5122 473
5486 0 -1
5487 123 375
5488 4810 490
5489 3389 445
5490 1278 446
5491 1321 413
5492 4862 373
5493 6590 334
5494 1070 416
5495 6255 454
5496 5701 445
5497 1023 396
5498 1625 483
5499 2503 303
5500 0 -1
5501 504 448
5502 532 477
5503 1564 451
5504 5223 429
5505 1646 614
5506 24 392
5507 6003 443
5508 3215 441
5509 100 398
5510 1025 436
5511 853 485
5512 2361 433
5513 5888 555
5514 2301 280
5515 3061 560
5516 834 243
5517 3569 340
5518 5459 533
5519 1051 537
5520 3223 516
5521 429 340
5522 0 -1
5523 4522 467
5524 5748 401
5525 1627 445
5526 1853 356
5527 3261 532
5528 2012 346
5529 2726 379
5530 85 365
5531 4143 452
5532 532 503
5533 3969 395
5534 755 280
5535 182 465
5536 3007 485
5537 6505 443
5538 0 -1
5539 1726 516
5540 1667 408
5541 3479 634
5542 4720 539
5543 2120 504
5544 3093 560
5545 4473 215
5546 2127 392
5547 1094 353
5548 0 -1
5549 2738 492
5550 845 362
5551 0 -1
5552 5972 421
5553 5228 470
5554 6532 471
5555 4140 438
5556 6487 339
5557 5383 346
5558 689 353
5559 949 479
5560 5870 416
5561 5398 447
5562 5693 570
5563 1419 447
5564 5741 368
5565 0 -1
5566 1909 455
5567 5244 455
5568 4248 520
5569 0 -1
5570 1538 450
5571 2764 389
5572 458 488
5573 3405 407
5574 0 -1
5575 2359 389
5576 1335 504
5577 2941 341
5578 1852 422
5579 3778 410
5580 1167 421
5581 1156 656
5582 6001 296
5583 4201 423
5584 1251 481
5585 498 367
5586 2856 385
5587 6317 277
5588 4300 381
5589 1846 267
5590 2180 620
5591 3004 481
5592 0 -1
5593 2646 449
5594 1052 355
5595 2992 403
5596 5677 439
5597 1122 395
5598 5454 488
5599 4689 442
5600 3621 481
5601 1111 516
5602 1761 464
5603 0 -1
5604 5837 442
5605 984 567
5606 5348 335
5607 1804 422
5608 2118 475
5609 464 465
5610 5010 465
5611 772 465
5612 2670 415
5613 2618 370
5614 4605 339
5615 1447 307
5616 5893 368
5617 5499 371
5618 966 484
5619 4482 456
5620 1645 465
5621 554 533
5622 0 -1
5623 4906 489
5624 2972 428
5625 0 -1
5626 0 -1
5627 5104 359
5628 199 425
5629 2711 429
5630 4315 423
5631 2324 351
5632 2275 482
5633 1265 498
5634 2211 474
5635 233 476
5636 429 396
5637 3954 401
5638 1497 488
5639 2813 287
5640 4042 448
5641 1003 518
5642 5463 393
5643 2127 437
5644 2518 517
5645 6371 611
5646 5384 612
5647 1487 437
5648 0 -1
5649 6152 237
5650 229 429
5651 3113 381
5652 114 291
5653 4164 466
5654 6487 324
5655 4280 505
5656 5716 375
5657 3903 566
5658 2351 378
5659 0 -1
5660 0 -1
5661 6192 485
5662 1782 511
5663 2062 452
5664 6192 382
5665 2069 337
5666 3096 413
5667 290 479
5668 568 317
5669 97 418
5670 5313 395
5671 854 420
5672 4797 461
5673 2822 618
5674 3369 399
5675 3966 366
5676 921 565
5677 1278 428
5678 18 438
5679 1313 314
5680 3492 422
5681 5916 342
5682 0 -1
5683 1791 361
5684 6221 515
5685 605 514
5686 6556 424
5687 3364 391
5688 3020 425
5689 5300 331
5690 5326 575
5691 892 477
5692 2253 460
5693 4867 476
5694 6181 421
5695 57 368
5696 1420 199
5697 2793 385
5698 3307 451
5699 2713 404
5700 6479 427
5701 5614 416
5702 421 411
5703 1833 468
5704 2732 565
5705 991 398
5706 6236 348
5707 697 406
5708 5198 456
5709 4266 539
5710 2412 439
5711 2162 435
5712 1293 422
5713 1310 499
5714 4340 515
5715 2983 462
5716 129 352
5717 2332 390
5718 3025 397
5719 876 526
5720 2506 330
5721 0 -1
5722 387 475
5723 5498 530
5724 3075 307
5725 1175 459
5726 3221 450
5727 533 580
5728 2541 604
5729 2323 456
5730 2592 651
5731 355 398
5732 5597 397
5733 2177 201
5734 1424 414
5735 900 417
5736 4030 458
5737 5916 302
5738 4664 467
5739 0 -1
5740 2690 399
5741 3016 361
5742 3698 405
5743 136 436
5744 6155 465
5745 4478 470
5746 1737 272
5747 0 -1
5748 1023 369
5749 6547 376
5750 3155 270
5751 715 454
5752 6579 461
5753 0 -1
5754 4255 474
5755 1462 344
5756 426 313
5757 6204 507
5758 6025 504
5759 695 384
5760 6532 490
5761 892 460
5762 4672 525
5763 900 377
5764 2154 333
5765 1360 382
5766 3695 557
5767 718 390
5768 3305 387
5769 4992 460
5770 5586 399
5771 2385 461
5772 100 393
5773 4699 575
5774 2034 461
5775 6245 477
5776 44 463
5777 2988 478
5778 5558 386
5779 1388 443
5780 5998 431
5781 4095 524
5782 5403 388
5783 4126 333
5784 4194 442
5785 1861 420
5786 5287 516
5787 1870 609
5788 2700 389
5789 3496 432
5790 3093 504
5791 4130 540
5792 6303 317
5793 4034 599
5794 6051 423
5795 2769 594
5796 2770 495
5797 2052 260
5798 3173 564
5799 3239 503
5800 2258 459
5801 5126 573
5802 561 364
5803 2530 453
5804 4116 422
5805 6102 397
5806 2985 404
5807 2159 240
5808 4378 377
5809 326 371
5810 5144 397
5811 2468 791
5812 6309 373
5813 3322 481
5814 1972 413
5815 3021 340
5816 2058 529
5817 771 463
5818 1663 526
5819 3449 417
5820 5694 431
5821 848 316
5822 0 -1
5823 3913 468
5824 5553 535
5825 5588 387
5826 6559 411
5827 4224 431
5828 5040 474
5829 5731 405
5830 3226 420
5831 1360 404
5832 1465 429
5833 530 463
5834 5365 384
5835 3735 490
5836 71 418
5837 5594 426
5838 5168 432
5839 4529 473
5840 3698 376
5841 1276 448
5842 3265 354
5843 1709 422
5844 5073 389
5845 5627 444
5846 3441 394
5847 2153 238
5848 5150 432
5849 0 -1
5850 3850 380
5851 4839 487
5852 6391 379
5853 824 392
5854 970 448
5855 846 522
5856 2743 502
5857 5619 492
5858 3033 495
5859 3459 446
5860 1461 360
5861 3506 484
5862 784 408
5863 2125 522
5864 2074 364
5865 6173 504
5866 3000 461
5867 6284 480
5868 1519 321
5869 614 408
5870 5652 350
5871 1000 458
5872 5165 510
5873 683 435
5874 0 -1
5875 1464 432
5876 5835 506
5877 2101 390
5878 2094 340
5879 6333 505
5880 6544 495
5881 812 383
5882 854 393
5883 5395 462
5884 5545 282
5885 2593 349
5886 5262 420
5887 3957 552
5888 4604 438
5889 5482 448
5890 189 452
5891 1108 438
5892 2264 515
5893 2787 352
5894 0 -1
5895 397 496
5896 6202 559
5897 5521 355
5898 648 316
5899 2372 418
5900 6128 465
5901 1403 441
5902 570 462
5903 4656 568
5904 1348 428
5905 2448 367
5906 4255 465
5907 3452 430
5908 1750 467
5909 1070 490
5910 4344 441
5911 3948 466
5912 4016 433
5913 5654 338
5914 3932 494
5915 3279 417
5916 749 297
5917 2163 593
5918 0 -1
5919 5881 395
5920 4335 458
5921 6538 583
5922 326 351
5923 4961 350
5924 2094 345
5925 4887 402
5926 297 375
5927 729 384
5928 526 361
5929 1293 472
5930 302 459
5931 4665 638
5932 2864 426
5933 197 333
5934 1426 467
5935 1755 431
5936 4285 492
5937 3778 421
5938 4635 432
5939 4633 408
5940 4000 490
5941 3024 471
5942 4562 574
5943 0 -1
5944 6460 366
5945 4403 387
5946 3668 461
5947 1864 393
5948 1435 440
5949 3767 483
5950 6485 395
5951 3077 371
5952 1353 388
5953 4841 440
5954 3666 338
5955 2556 589
5956 3707 469
5957 1680 369
5958 0 -1
5959 5627 431
5960 2993 386
5961 0 -1
5962 1269 398
5963 0 -1
5964 3413 378
5965 3355 513
5966 2350 444
5967 3611 491
5968 3407 550
5969 1334 392
5970 3850 445
5971 4410 462
5972 1951 382
5973 6252 488
5974 2228 547
5975 3183 536
5976 4069 575
5977 2208 562
5978 5033 491
5979 2286 436
5980 1646 544
5981 1064 398
5982 6029 385
5983 0 -1
5984 1692 464
5985 0 -1
5986 0 -1
5987 0 -1
5988 0 -1
5989 1871 311
5990 466 483
5991 2444 491
5992 1052 308
5993 599 481
5994 4109 461
5995 1048 403
5996 6107 422
5997 970 382
5998 1220 416
5999 4962 427
6000 175 545
6001 2159 242
6002 3596 429
6003 5919 409
6004 4814 513
6005 2793 371
6006 3946 411
6007 4150 364
6008 4807 547
6009 1694 496
6010 666 408
6011 2255 472
6012 4291 459
6013 1446 493
6014 2726 411
6015 4261 300
6016 1506 295
6017 4460 466
6018 2956 478
6019 2154 326
6020 6158 362
6021 1927 462
6022 413 434
6023 2815 462
6024 1372 340
6025 2813 392
6026 3708 407
6027 4119 556
6028 440 409
6029 4767 301
6030 2986 472
6031 4185 442
6032 6078 467
6033 5604 499
6034 5157 437
6035 3658 425
6036 1729 448
6037 4244 356
6038 0 -1
6039 339 316
6040 3322 436
6041 5697 448
6042 721 511
6043 5669 435
6044 588 436
6045 4323 523
6046 0 -1
6047 4316 439
6048 396 443
6049 5886 473
6050 4195 481
6051 6019 328
6052 4581 458
6053 263 385
6054 2926 430
6055 1360 482
6056 301 368
6057 0 -1
6058 5087 385
6059 2261 448
6060 639 568
6061 2202 440
6062 4146 438
6063 1195 495
6064 4418 492
6065 4393 483
6066 4504 381
6067 6358 480
6068 3228 426
6069 1685 443
6070 4385 419
6071 3262 161
6072 6580 421
6073 1585 508
6074 3986 348
6075 6512 493
6076 6239 408
6077 0 -1
6078 6395 388
6079 2786 606
6080 5262 446
6081 2189 195
6082 1264 421
6083 663 367
6084 1427 340
6085 0 -1
6086 5746 308
6087 4669 356
6088 3225 497
6089 151 400
6090 3279 376
6091 1572 444
6092 0 -1
6093 1057 454
6094 1536 476
6095 5453 397
6096 86 331
6097 3165 532
6098 3022 469
6099 836 562
6100 5923 413
6101 5772 424
6102 4803 391
6103 4315 362
6104 4703 455
6105 2771 367
6106 4767 346
6107 3694 357
6108 6205 346
6109 66 501
6110 5836 437
6111 2642 535
6112 6058 398
6113 3519 434
6114 1148 470
6115 3448 464
6116 1596 514
6117 943 400
6118 2516 528
6119 2620 279
6120 5665 367
6121 1336 430
6122 0 -1
6123 2035 335
6124 0 -1
6125 3322 434
6126 1073 469
6127 5552 532
6128 5028 368
6129 4252 386
6130 5756 318
6131 4103 446
6132 2355 503
6133 1439 357
6134 1400 568
6135 0 -1
6136 2859 342
6137 1321 346
6138 3839 401
6139 4944 429
6140 3772 349
6141 604 412
6142 5027 576
6143 2731 420
6144 2690 355
6145 4125 371
6146 1928 520
6147 3581 529
6148 3806 478
6149 4101 406
6150 839 424
6151 2302 434
6152 5115 203
6153 4721 341
6154 0 -1
6155 4062 444
6156 0 -1
6157 4419 472
6158 3210 354
6159 4331 482
6160 1782 495
6161 521 307
6162 3855 391
6163 6291 258
6164 70 330
6165 1505 314
6166 1893 497
6167 2364 475
6168 660 556
6169 3681 505
6170 5589 385
6171 1693 434
6172 5065 400
6173 2109 426
6174 4217 446
6175 2305 461
6176 6303 263
6177 2800 470
6178 129 413
6179 1358 506
6180 3841 442
6181 5516 345
6182 0 -1
6183 4663 468
6184 2896 426
6185 616 547
6186 881 549
6187 5385 557
6188 1424 412
6189 2308 360
6190 5499 338
6191 5492 476
6192 1559 371
6193 2400 490
6194 4265 485
6195 1437 530
6196 2106 323
6197 4957 449
6198 0 -1
6199 2915 462
6200 1531 456
6201 3515 441
6202 1026 461
6203 6422 421
6204 5302 435
6205 3437 323
6206 470 408
6207 3437 284
6208 5465 511
6209 3692 483
6210 0 -1
6211 4889 382
6212 315 374
6213 4480 368
6214 433 419
6215 2771 343
6216 4731 543
6217 3898 475
6218 5904 482
6219 3450 418
6220 0 -1
6221 1170 453
6222 4241 406
6223 6045 588
6224 4691 393
6225 4191 373
6226 6112 413
6227 2146 557
6228 1385 431
6229 1904 474
6230 2775 462
6231 979 470
6232 3226 393
6233 421 387
6234 0 -1
6235 1244 450
6236 3799 344
6237 2930 483
6238 0 -1
6239 3540 364
6240 3133 441
6241 4492 437
6242 5952 436
6243 3018 539
6244 2608 440
6245 5838 451
6246 4743 443
6247 3021 418
6248 72 340
6249 6346 463
6250 3329 436
6251 3522 433
6252 3134 424
6253 4994 464
6254 2795 493
6255 2719 442
6256 5799 510
6257 6597 437
6258 1516 341
6259 3677 385
6260 4457 496
6261 2016 398
6262 6466 408
6263 0 -1
6264 6193 490
6265 181 317
6266 2829 489
6267 3153 420
6268 431 420
6269 1141 438
6270 1996 413
6271 4224 444
6272 5786 535
6273 6362 302
6274 3251 366
6275 0 -1
6276 1500 515
6277 6242 505
6278 213 370
6279 3021 396
6280 6562 337
6281 4149 455
6282 2356 349
6283 5472 435
6284 247 429
6285 1961 508
6286 3506 552
6287 6485 350
6288 3872 419
6289 3044 432
6290 5681 384
6291 2954 234
6292 0 -1
6293 4931 456
6294 6176 297
6295 4578 384
6296 4874 409
6297 844 356
6298 3394 527
6299 2361 456
6300 5588 412
6301 2870 326
6302 3510 474
6303 5115 211
6304 927 578
6305 5731 493
6306 0 -1
6307 2693 452
6308 0 -1
6309 5606 347
6310 2656 482
6311 6440 344
6312 1098 448
6313 5562 602
6314 3644 776
6315 177 511
6316 1396 452
6317 999 217
6318 6545 467
6319 4591 385
6320 2638 364
6321 777 485
6322 2699 375
6323 2355 493
6324 5499 303
6325 4715 380
6326 5932 496
6327 4295 457
6328 2915 450
6329 6488 426
6330 691 422
6331 5635 538
6332 5217 438
6333 4007 471
6334 4252 393
6335 1404 305
6336 5291 434
6337 6247 473
6338 0 -1
6339 3451 440
6340 620 467
6341 4307 411
6342 4378 394
6343 2808 457
6344 1794 467
6345 2167 390
6346 6181 370
6347 2547 351
6348 2627 404
6349 767 418
6350 1054 449
6351 1806 446
6352 1009 448
6353 110 519
6354 6163 308
6355 362 542
6356 1781 611
6357 0 -1
6358 1278 414
6359 2188 336
6360 2400 427
6361 3440 325
6362 4387 267
6363 4403 375
6364 2115 512
6365 1071 398
6366 5033 528
6367 4812 363
6368 4371 526
6369 4577 496
6370 0 -1
6371 4000 583
6372 5260 436
6373 2886 474
6374 4186 530
6375 3449 455
6376 4302 504
6377 3356 484
6378 870 419
6379 3525 399
6380 6037 451
6381 0 -1
6382 122 440
6383 5063 307
6384 1186 330
6385 5111 586
6386 1830 434
6387 5109 450
6388 4798 448
6389 5681 404
6390 6225 473
6391 2371 357
6392 2103 395
6393 4553 437
6394 3344 478
6395 2559 355
6396 485 432
6397 6578 583
6398 5407 558
6399 2489 393
6400 0 -1
6401 969 536
6402 830 399
6403 5034 408
6404 1879 343
6405 6519 492
6406 1737 320
6407 3928 401
6408 1550 541
6409 4719 427
6410 5884 399
6411 4707 496
6412 4194 484
6413 3437 371
6414 0 -1
6415 0 -1
6416 2440 414
6417 4847 460
6418 0 -1
6419 990 303
6420 4582 454
6421 6589 571
6422 1468 391
6423 0 -1
6424 5034 398
6425 0 -1
6426 3193 434
6427 418 374
6428 0 -1
6429 6108 383
6430 1601 484
6431 4580 492
6432 1060 526
6433 1705 541
6434 718 390
6435 5582 350
6436 4728 499
6437 1857 427
6438 1405 480
6439 2316 454
6440 3666 339
6441 113 323
6442 1206 463
6443 6511 487
6444 5649 356
6445 3190 459
6446 3554 435
6447 3549 350
6448 1384 428
6449 1465 411
6450 4838 354
6451 1462 345
6452 3364 382
6453 0 -1
6454 1538 483
6455 4306 272
6456 5323 393
6457 4812 378
6458 2640 561
6459 6056 420
6460 1871 347
6461 3078 445
6462 4337 543
6463 6420 488
6464 4226 512
6465 2834 523
6466 900 350
6467 4022 401
6468 4996 391
6469 5174 570
6470 6207 325
6471 4833 460
6472 0 -1
6473 2566 518
6474 6475 457
6475 3971 415
6476 5792 436
6477 563 449
6478 2620 333
6479 4134 408
6480 1974 406
6481 4255 542
6482 1408 405
6483 3418 457
6484 3576 382
6485 3204 277
6486 4849 566
6487 925 282
6488 6478 405
6489 589 394
6490 3625 526
6491 6551 535
6492 3546 416
6493 4182 455
6494 1658 526
6495 2523 469
6496 3265 364
6497 1631 516
6498 1667 450
6499 3207 528
6500 2985 360
6501 5768 471
6502 1796 494
6503 6265 368
6504 3449 427
6505 5868 336
6506 3542 394
6507 526 362
6508 557 370
6509 1915 353
6510 5782 390
6511 5617 398
6512 2859 396
6513 2809 516
6514 0 -1
6515 4887 403
6516 5085 487
6517 1352 495
6518 3632 455
6519 4993 464
6520 2333 442
6521 4938 588
6522 5663 528
6523 6476 445
6524 5256 405
6525 759 523
6526 2764 341
6527 5304 521
6528 2529 412
6529 1834 441
6530 4983 437
6531 4391 352
6532 359 469
6533 5413 502
6534 3921 422
6535 1968 352
6536 3417 250
6537 2101 387
6538 4597 525
6539 5524 468
6540 3673 447
6541 1358 491
6542 1108 431
6543 4731 482
6544 3708 489
6545 2864 416
6546 2944 400
6547 3034 347
6548 1144 491
6549 2193 483
6550 4190 316
6551 3254 491
6552 3681 554
6553 6231 513
6554 889 477
6555 5700 436
6556 1908 403
6557 1586 466
6558 5627 449
6559 3607 372
6560 5952 463
6561 6531 409
6562 3799 302
6563 4437 359
6564 2772 487
6565 950 521
6566 757 403
6567 2966 390
6568 3760 477
6569 2467 447
6570 4686 477
6571 657 513
6572 3167 536
6573 6222 472
6574 255 404
6575 2724 412
6576 3717 343
6577 2701 429
6578 6438 553
6579 432 389
6580 691 378
6581 2559 316
6582 0 -1
6583 0 -1
6584 3120 458
6585 1343 505
6586 3496 336
6587 2813 290
6588 4289 494
6589 268 507
6590 4587 312
6591 3543 385
6592 728 519
6593 0 -1
6594 4391 373
6595 2103 386
6596 5100 443
6597 336 419
6598 3508 447
6599 2355 493
6600 18 485
