29
1 0 -1
2 3470 506
3 0 -1
4 6032 442
5 5624 494
6 0 -1
7 2732 412
8 378 440
9 3923 422
10 6360 391
11 6527 442
12 0 -1
13 1569 342
14 1754 388
15 4420 325
16 1402 505
17 6475 379
18 2640 436
19 5431 369
20 3615 380
21 45 231
22 5484 422
23 5793 511
24 2264 353
25 5653 542
26 4645 435
27 5499 339
28 5025 378
29 29 0
30 2858 549
31 0 -1
32 116 465
33 5737 417
34 1645 440
35 3484 434
36 783 552
37 4818 388
38 5902 408
39 4330 315
40 3846 440
41 3369 362
42 2019 366
43 558 436
44 4291 311
45 2007 228
46 134 280
47 1617 644
48 790 364
49 4119 453
50 3169 440
51 3112 208
52 855 480
53 2095 488
54 5080 425
55 3324 411
56 4057 419
57 4190 379
58 0 -1
59 1504 468
60 4538 431
61 2535 449
62 2225 354
63 3374 357
64 4824 534
65 1562 442
66 1895 381
67 5642 456
68 0 -1
69 3382 523
70 4190 426
71 906 483
72 3349 489
73 4828 569
74 1053 323
75 4233 344
76 6051 397
77 5142 460
78 410 479
79 110 456
80 4228 461
81 2602 474
82 5839 428
83 101 462
84 2074 454
85 417 352
86 6301 287
87 4286 379
88 3510 327
89 5345 576
90 20 390
91 227 479
92 0 -1
93 868 470
94 1782 498
95 311 536
96 3850 461
97 3520 350
98 1126 447
99 4912 367
100 5871 404
101 2064 461
102 4115 512
103 142 392
104 2593 359
105 4525 375
106 1292 323
107 5962 423
108 5195 286
109 6020 499
110 6389 388
111 5925 501
112 1259 524
113 599 366
114 2851 338
115 2537 560
116 1035 460
117 939 532
118 786 308
119 4672 484
120 3289 844
121 3867 546
122 4339 376
123 99 409
124 0 -1
125 5109 497
126 4100 442
127 1353 448
128 1016 344
129 5545 515
130 1436 421
131 4231 392
132 3062 390
133 6529 508
134 3709 262
135 1253 415
136 1587 400
137 337 385
138 0 -1
139 3453 469
140 3231 490
141 4311 454
142 4261 369
143 5507 364
144 4035 337
145 6021 456
146 1120 573
147 3003 506
148 2279 509
149 5062 525
150 4541 568
151 6410 499
152 528 593
153 2019 362
154 5218 503
155 4596 383
156 1277 368
157 0 -1
158 3497 451
159 4421 488
160 940 472
161 1968 369
162 1900 275
163 5715 208
164 1850 414
165 0 -1
166 2602 463
167 832 438
168 4970 285
169 3344 503
170 3959 336
171 0 -1
172 1304 434
173 3080 489
174 4548 429
175 4084 533
176 1059 523
177 1156 495
178 3798 462
179 3946 385
180 6137 385
181 3862 394
182 4258 441
183 2409 390
184 3889 506
185 4619 407
186 418 510
187 6334 436
188 230 379
189 2756 442
190 0 -1
191 1933 459
192 6093 465
193 2831 520
194 5482 458
195 0 -1
196 5671 346
197 1323 537
198 6041 403
199 3641 407
200 5744 458
201 3771 532
202 4185 339
203 2941 351
204 4290 423
205 284 586
206 1705 384
207 3414 317
208 4526 377
209 6266 488
210 3676 444
211 6278 425
212 0 -1
213 6526 372
214 6566 325
215 443 384
216 1704 536
217 1451 429
218 3897 440
219 1249 444
220 5591 467
221 5163 392
222 4360 355
223 5224 437
224 0 -1
225 0 -1
226 1302 565
227 168 374
228 2043 259
229 4405 448
230 6106 317
231 5330 435
232 4537 350
233 2494 517
234 3256 514
235 6099 647
236 4006 383
237 0 -1
238 3034 491
239 1849 408
240 4806 410
241 1283 434
242 0 -1
243 3062 474
244 1307 443
245 27 439
246 842 391
247 2259 402
248 776 416
249 870 448
250 1338 485
251 2053 575
252 1923 294
253 0 -1
254 615 448
255 6189 491
256 2485 416
257 4046 411
258 3244 497
259 0 -1
260 3699 416
261 467 444
262 5202 508
263 2244 465
264 1530 505
265 3231 474
266 2692 585
267 274 400
268 5428 481
269 2281 356
270 3415 483
271 3932 427
272 1056 492
273 3181 441
274 359 356
275 4583 500
276 4203 385
277 0 -1
278 337 352
279 5540 506
280 5321 481
281 925 408
282 3610 306
283 5888 264
284 1289 490
285 5697 568
286 1377 514
287 0 -1
288 3822 352
289 4289 461
290 93 486
291 2803 333
292 4920 405
293 5711 453
294 544 522
295 0 -1
296 1667 471
297 1784 408
298 5768 413
299 6048 443
300 3367 701
301 6119 436
302 5101 374
303 3641 500
304 461 551
305 4506 464
306 4294 546
307 3309 359
308 2137 191
309 6570 450
310 0 -1
311 4179 508
312 2389 315
313 2778 489
314 1058 287
315 5059 400
316 40 448
317 6137 392
318 2066 454
319 0 -1
320 6055 582
321 482 321
322 2606 451
323 5696 404
324 3355 488
325 4668 246
326 5323 351
327 3121 525
328 587 395
329 2383 445
330 0 -1
331 430 441
332 1088 449
333 3456 496
334 3691 441
335 3309 338
336 4224 458
337 5262 294
338 418 455
339 2503 454
340 3115 467
341 2582 512
342 1659 428
343 5570 389
344 3072 324
345 4475 352
346 6068 424
347 548 438
348 3707 399
349 2016 558
350 1201 462
351 530 403
352 5209 444
353 3467 418
354 2839 477
355 429 522
356 982 514
357 3686 446
358 0 -1
359 685 290
360 2852 367
361 6050 409
362 308 272
363 6168 581
364 535 318
365 252 299
366 1935 409
367 1070 384
368 4173 465
369 6243 402
370 1172 486
371 1970 373
372 4773 425
373 491 386
374 2677 309
375 5577 375
376 2766 514
377 3176 409
378 3661 370
379 4793 482
380 0 -1
381 1740 464
382 911 509
383 664 394
384 5025 379
385 5144 404
386 5077 424
387 5681 459
388 430 343
389 312 368
390 1439 424
391 6432 515
392 0 -1
393 2343 453
394 769 552
395 6413 372
396 5343 527
397 4340 459
398 4302 505
399 2653 524
400 0 -1
401 4441 411
402 1619 386
403 1114 561
404 2057 461
405 5798 586
406 3682 526
407 897 427
408 4231 399
409 6373 508
410 4123 376
411 5930 532
412 3204 433
413 301 487
414 3764 553
415 1885 450
416 4480 411
417 653 252
418 222 430
419 5036 489
420 3347 562
421 5399 418
422 4658 467
423 5287 361
424 5888 323
425 6008 377
426 793 423
427 4384 396
428 6257 364
429 5703 440
430 569 329
431 3926 284
432 749 466
433 2838 390
434 1918 509
435 1972 479
436 1880 433
437 2586 346
438 4983 356
439 2858 560
440 1722 448
441 3851 479
442 4542 457
443 5577 372
444 4924 540
445 23 540
446 39 326
447 1447 489
448 4937 454
449 2243 449
450 4940 564
451 0 -1
452 2732 422
453 766 552
454 739 350
455 5837 463
456 1732 449
457 4804 533
458 1940 327
459 1996 444
460 4726 472
461 2895 443
462 1647 524
463 4670 513
464 2100 421
465 1061 438
466 5952 365
467 3945 360
468 3810 399
469 3086 401
470 97 362
471 3224 402
472 807 544
473 6273 429
474 467 401
475 2745 501
476 1043 524
477 3292 537
478 41 392
479 3382 420
480 4553 401
481 6368 594
482 5005 313
483 583 526
484 4770 481
485 5368 392
486 2408 369
487 2376 393
488 2461 550
489 2716 410
490 5544 562
491 6080 363
492 1803 458
493 164 449
494 2480 407
495 654 486
496 5288 357
497 4695 420
498 5399 443
499 0 -1
500 1267 451
501 0 -1
502 5957 398
503 3255 392
504 6463 500
505 4219 365
506 5020 374
507 3587 384
508 4998 615
509 474 497
510 4044 422
511 2395 402
512 4153 414
513 4944 458
514 2110 405
515 1875 505
516 79 474
517 6129 404
518 5157 226
519 3175 459
520 2003 525
521 3571 581
522 2738 273
523 940 405
524 4589 391
525 0 -1
526 1583 434
527 188 467
528 3323 576
529 5075 424
530 4685 403
531 4597 493
532 3074 357
533 4491 455
534 0 -1
535 2796 245
536 3322 311
537 1292 419
538 2693 554
539 473 434
540 3603 491
541 5975 586
542 5904 535
543 1916 457
544 3149 465
545 6594 468
546 2281 380
547 6365 488
548 5259 426
549 0 -1
550 487 452
551 6249 404
552 629 424
553 4448 413
554 2539 443
555 3412 259
556 667 475
557 1235 398
558 1997 431
559 4431 451
560 0 -1
561 3050 475
562 3201 330
563 2930 484
564 3655 403
565 3846 476
566 1158 408
567 5561 433
568 114 375
569 5512 294
570 4869 359
571 0 -1
572 1536 441
573 1797 714
574 6188 342
575 4580 426
576 3880 488
577 4800 576
578 2480 311
579 3226 416
580 4911 363
581 2254 353
582 447 576
583 6369 524
584 5919 459
585 144 452
586 2893 742
587 4700 298
588 4347 458
589 630 537
590 3200 363
591 756 517
592 1153 553
593 513 462
594 2942 462
595 4989 314
596 4406 406
597 1589 438
598 1644 428
599 5651 347
600 0 -1
601 5458 509
602 1847 402
603 4334 454
604 1122 478
605 1627 478
606 6518 562
607 3753 625
608 1194 292
609 2823 356
610 0 -1
611 4910 449
612 5838 410
613 5378 516
614 1517 358
615 1441 363
616 5825 500
617 3360 463
618 0 -1
619 2944 418
620 3431 418
621 2558 363
622 4353 432
623 0 -1
624 5438 487
625 5657 377
626 13 429
627 6161 340
628 5154 360
629 5806 361
630 3784 419
631 2286 413
632 850 542
633 2847 531
634 4816 480
635 4027 483
636 4698 384
637 5850 329
638 536 361
639 3537 474
640 5632 528
641 5516 426
642 3603 410
643 569 297
644 6446 250
645 0 -1
646 6211 489
647 574 343
648 5063 284
649 0 -1
650 6309 133
651 682 364
652 321 420
653 1466 246
654 4164 456
655 0 -1
656 1927 393
657 5236 487
658 2484 425
659 2425 531
660 1584 503
661 5462 475
662 2409 389
663 1677 458
664 4393 355
665 6523 451
666 6014 425
667 3234 446
668 2210 518
669 1641 391
670 2449 420
671 6254 417
672 5751 445
673 230 435
674 6230 517
675 3434 479
676 3053 477
677 794 418
678 5227 287
679 6289 479
680 2844 323
681 401 430
682 2048 272
683 6012 400
684 5528 543
685 1618 261
686 1271 439
687 3366 455
688 4760 630
689 4493 443
690 2489 376
691 151 513
692 5496 403
693 3261 489
694 3512 347
695 1831 470
696 6217 448
697 2944 413
698 4097 471
699 6216 403
700 839 435
701 914 592
702 3410 489
703 3019 439
704 4346 436
705 3891 430
706 3201 377
707 2640 433
708 4222 645
709 3106 353
710 724 543
711 4136 462
712 2576 545
713 288 392
714 4581 442
715 3432 389
716 5231 467
717 6229 452
718 1548 390
719 5269 316
720 0 -1
721 2642 418
722 5554 459
723 959 413
724 361 454
725 302 428
726 5499 332
727 937 362
728 3372 450
729 3290 432
730 1018 439
731 2427 268
732 140 493
733 4554 479
734 360 391
735 5875 429
736 2101 451
737 5657 394
738 5187 403
739 3709 255
740 4978 426
741 1007 440
742 2814 401
743 2586 334
744 6500 393
745 6003 397
746 1007 512
747 2696 443
748 5093 503
749 1313 410
750 5534 460
751 4981 431
752 1553 437
753 1136 636
754 5167 565
755 999 388
756 3532 464
757 5332 285
758 5896 447
759 4204 429
760 1292 314
761 6069 419
762 1889 592
763 1385 477
764 1002 493
765 5115 478
766 3305 445
767 5768 364
768 4553 379
769 3086 440
770 3149 494
771 3939 401
772 2080 534
773 2694 431
774 3215 362
775 6464 601
776 3307 387
777 5736 401
778 2035 517
779 1715 495
780 4994 450
781 2739 348
782 4094 289
783 2756 481
784 565 485
785 5258 512
786 325 300
787 5671 387
788 6270 461
789 0 -1
790 2024 349
791 1288 352
792 6217 514
793 2351 371
794 2642 361
795 547 509
796 1597 584
797 1472 565
798 1160 455
799 4529 353
800 1999 505
801 3307 449
802 4806 378
803 0 -1
804 4692 394
805 345 353
806 1295 521
807 384 476
808 2543 351
809 3965 598
810 0 -1
811 852 697
812 4671 375
813 3649 254
814 3154 510
815 0 -1
816 1584 533
817 6243 502
818 476 616
819 0 -1
820 0 -1
821 2883 456
822 4442 508
823 923 559
824 641 473
825 4663 545
826 4222 587
827 910 480
828 5493 514
829 3083 590
830 4928 413
831 1103 349
832 4482 365
833 5216 491
834 5656 381
835 6218 503
836 558 437
837 6314 879
838 4985 424
839 5302 387
840 4254 410
841 1363 459
842 5834 386
843 1235 388
844 2803 285
845 6265 391
846 510 540
847 937 424
848 1404 390
849 2377 408
850 2706 481
851 5081 531
852 2320 597
853 6416 336
854 3459 313
855 5577 385
856 1574 530
857 2841 487
858 999 357
859 3231 420
860 6017 486
861 2668 492
862 0 -1
863 4159 427
864 5952 353
865 5428 410
866 4473 428
867 668 534
868 653 362
869 4342 456
870 5499 380
871 6113 580
872 0 -1
873 4834 428
874 351 422
875 3208 451
876 4435 489
877 2785 416
878 6311 372
879 4632 411
880 737 411
881 6296 468
882 3365 564
883 0 -1
884 5177 289
885 1526 484
886 113 471
887 312 412
888 881 511
889 1757 546
890 1712 505
891 1268 481
892 1859 410
893 1634 422
894 269 469
895 1339 430
896 5738 491
897 423 419
898 5598 466
899 879 513
900 1383 486
901 2691 417
902 3530 399
903 88 419
904 1306 454
905 5716 500
906 1209 451
907 537 425
908 3632 687
909 1317 455
910 4670 449
911 2042 463
912 6065 419
913 2316 501
914 6492 504
915 3855 455
916 1368 484
917 3512 383
918 1822 494
919 4963 411
920 4512 442
921 6312 498
922 2466 386
923 5681 465
924 378 487
925 1880 368
926 6543 352
927 5321 510
928 1205 492
929 47 746
930 4787 503
931 76 427
932 1015 437
933 5409 498
934 4066 409
935 0 -1
936 6194 509
937 3937 343
938 5173 522
939 968 481
940 5530 404
941 5085 226
942 1343 449
943 247 450
944 4062 399
945 2106 438
946 6480 428
947 524 399
948 0 -1
949 3508 461
950 2147 437
951 3810 408
952 3592 384
953 3737 459
954 4923 483
955 2947 555
956 5004 375
957 2205 350
958 6072 478
959 4963 394
960 4523 493
961 0 -1
962 6341 256
963 4457 440
964 0 -1
965 1877 401
966 5772 438
967 3121 442
968 5473 481
969 3634 531
970 337 305
971 3274 469
972 864 378
973 3950 445
974 5097 433
975 5449 557
976 39 393
977 2899 418
978 0 -1
979 2378 499
980 4879 454
981 0 -1
982 114 396
983 2694 420
984 5194 457
985 770 562
986 5263 593
987 564 450
988 4679 427
989 4889 497
990 42 420
991 2878 457
992 0 -1
993 0 -1
994 968 549
995 5338 504
996 2439 420
997 5373 415
998 1038 365
999 4705 349
1000 2891 424
1001 42 475
1002 3300 426
1003 3244 508
1004 1535 412
1005 2091 327
1006 583 566
1007 3912 414
1008 41 412
1009 5383 372
1010 0 -1
1011 0 -1
1012 3123 584
1013 2434 352
1014 1608 529
1015 4522 398
1016 1103 305
1017 5472 429
1018 1183 407
1019 2353 442
1020 4548 444
1021 1622 302
1022 5151 443
1023 214 333
1024 2900 427
1025 4383 428
1026 6597 416
1027 3387 393
1028 1893 290
1029 486 473
1030 3969 551
1031 2464 585
1032 2112 470
1033 4821 556
1034 1246 570
1035 3458 377
1036 5011 545
1037 3640 482
1038 44 362
1039 5139 471
1040 3250 483
1041 2081 495
1042 4756 504
1043 5169 423
1044 5531 512
1045 5619 504
1046 230 437
1047 0 -1
1048 489 432
1049 5169 513
1050 509 506
1051 4291 346
1052 5198 447
1053 2250 301
1054 3917 306
1055 596 482
1056 2487 484
1057 4105 460
1058 522 287
1059 561 483
1060 3808 394
1061 4814 337
1062 3917 308
1063 5969 451
1064 3327 438
1065 2950 378
1066 5462 484
1067 0 -1
1068 4920 325
1069 4903 551
1070 5675 370
1071 5163 456
1072 4510 421
1073 431 397
1074 176 601
1075 2655 453
1076 132 449
1077 5131 427
1078 2365 501
1079 2002 503
1080 4874 473
1081 101 549
1082 5447 397
1083 6049 386
1084 1101 366
1085 0 -1
1086 2696 420
1087 0 -1
1088 4416 392
1089 0 -1
1090 3520 360
1091 0 -1
1092 808 395
1093 1474 369
1094 813 313
1095 4322 554
1096 1403 398
1097 6591 441
1098 4264 407
1099 372 494
1100 3544 574
1101 1053 347
1102 6527 417
1103 3670 247
1104 4158 439
1105 273 520
1106 23 511
1107 0 -1
1108 2117 455
1109 4515 546
1110 717 503
1111 3091 431
1112 4912 318
1113 1289 427
1114 3228 531
1115 3437 438
1116 0 -1
1117 2325 467
1118 4942 595
1119 3929 441
1120 1634 485
1121 977 485
1122 3618 380
1123 3154 466
1124 5305 300
1125 3811 424
1126 1896 405
1127 506 484
1128 1313 404
1129 1709 517
1130 27 454
1131 4913 355
1132 3096 463
1133 536 326
1134 5308 470
1135 5068 477
1136 4336 539
1137 0 -1
1138 2941 366
1139 4420 356
1140 1583 551
1141 569 348
1142 458 348
1143 3608 471
1144 1218 412
1145 2642 443
1146 0 -1
1147 3650 495
1148 474 465
1149 4422 476
1150 2152 550
1151 5207 751
1152 4899 563
1153 6476 454
1154 2856 440
1155 417 353
1156 621 463
1157 0 -1
1158 5997 315
1159 19 480
1160 5949 448
1161 6150 505
1162 5736 447
1163 4281 465
1164 2844 309
1165 85 409
1166 822 531
1167 4596 304
1168 5847 401
1169 2063 551
1170 5327 424
1171 5525 446
1172 4044 418
1173 4967 451
1174 5699 450
1175 6269 317
1176 473 476
1177 2799 456
1178 4767 491
1179 1344 534
1180 4314 409
1181 1144 443
1182 2095 390
1183 4991 376
1184 2990 546
1185 4339 365
1186 4753 347
1187 325 281
1188 275 568
1189 6496 490
1190 3158 571
1191 1669 483
1192 1582 392
1193 6555 498
1194 4989 277
1195 2254 339
1196 62 427
1197 4904 408
1198 1325 602
1199 3953 437
1200 1315 474
1201 5082 422
1202 1288 291
1203 4667 608
1204 366 504
1205 3231 459
1206 1393 451
1207 5159 415
1208 4426 471
1209 4560 407
1210 6114 510
1211 2120 412
1212 1267 410
1213 5214 521
1214 2683 445
1215 19 437
1216 3926 380
1217 3527 723
1218 609 407
1219 6530 489
1220 3540 358
1221 407 470
1222 3074 368
1223 6366 527
1224 3022 434
1225 2833 424
1226 4094 258
1227 261 446
1228 4385 322
1229 3247 502
1230 6078 502
1231 0 -1
1232 3521 511
1233 0 -1
1234 5934 381
1235 854 377
1236 2791 389
1237 3475 441
1238 4218 416
1239 1856 512
1240 2985 426
1241 1895 339
1242 3295 455
1243 6439 443
1244 2349 490
1245 0 -1
1246 4316 543
1247 3192 489
1248 5709 492
1249 4057 439
1250 5545 471
1251 2296 467
1252 2556 451
1253 1051 410
1254 5172 458
1255 590 474
1256 6371 692
1257 5668 479
1258 4720 460
1259 4342 444
1260 5169 411
1261 2878 497
1262 6509 538
1263 5053 558
1264 5225 494
1265 2973 482
1266 2580 439
1267 5997 367
1268 1195 439
1269 937 378
1270 3302 437
1271 5959 415
1272 5956 384
1273 1103 313
1274 2880 472
1275 782 356
1276 2803 332
1277 359 310
1278 4489 375
1279 6121 521
1280 2769 457
1281 1724 490
1282 1655 705
1283 6240 378
1284 6526 404
1285 3764 556
1286 1509 539
1287 2731 565
1288 1827 267
1289 1278 386
1290 1174 486
1291 4368 431
1292 2281 312
1293 6231 490
1294 680 442
1295 6119 441
1296 2688 434
1297 0 -1
1298 6531 469
1299 3208 418
1300 5853 398
1301 4604 263
1302 2193 473
1303 2295 477
1304 6188 357
1305 0 -1
1306 2138 378
1307 6296 427
1308 4762 523
1309 5605 641
1310 4291 295
1311 6444 500
1312 325 324
1313 3516 388
1314 4246 419
1315 581 448
1316 0 -1
1317 3503 437
1318 5632 604
1319 1822 472
1320 1622 323
1321 3992 528
1322 5366 458
1323 3861 474
1324 0 -1
1325 1719 511
1326 2480 405
1327 6305 460
1328 5735 590
1329 3651 452
1330 719 429
1331 2312 522
1332 0 -1
1333 4283 479
1334 90 398
1335 1395 412
1336 4554 438
1337 6188 342
1338 3782 470
1339 1228 427
1340 741 481
1341 912 424
1342 2739 348
1343 4825 416
1344 5031 471
1345 5627 475
1346 6508 434
1347 6547 410
1348 5681 356
1349 3534 580
1350 214 396
1351 3216 461
1352 3387 507
1353 1968 393
1354 3092 400
1355 5755 450
1356 2016 545
1357 3119 402
1358 3721 419
1359 0 -1
1360 1372 415
1361 4482 465
1362 3640 478
1363 1131 365
1364 682 311
1365 2981 420
1366 3445 486
1367 1991 494
1368 5484 457
1369 5956 485
1370 1083 396
1371 1537 493
1372 1576 346
1373 4911 346
1374 4631 490
1375 3387 468
1376 0 -1
1377 3774 410
1378 0 -1
1379 6402 489
1380 0 -1
1381 416 468
1382 4563 507
1383 2813 473
1384 2691 426
1385 470 377
1386 1731 461
1387 3541 416
1388 886 483
1389 156 464
1390 4444 572
1391 4283 445
1392 2377 344
1393 3561 422
1394 1064 539
1395 312 352
1396 5360 370
1397 6174 470
1398 1885 510
1399 3939 448
1400 1920 568
1401 1293 500
1402 1066 485
1403 2342 366
1404 3862 373
1405 1683 489
1406 4606 641
1407 1166 563
1408 2726 354
1409 6337 415
1410 6297 314
1411 0 -1
1412 3369 426
1413 2172 454
1414 0 -1
1415 1762 402
1416 6361 467
1417 443 420
1418 252 310
1419 3862 455
1420 3118 487
1421 3463 428
1422 0 -1
1423 5352 550
1424 4035 305
1425 3106 436
1426 849 449
1427 1933 404
1428 2645 559
1429 4343 320
1430 4780 433
1431 2152 477
1432 181 448
1433 2410 452
1434 4363 436
1435 5348 492
1436 4596 338
1437 3386 462
1438 0 -1
1439 4249 405
1440 2770 429
1441 884 313
1442 236 458
1443 142 387
1444 3952 458
1445 3647 421
1446 5575 418
1447 5446 416
1448 3953 444
1449 4286 382
1450 1987 452
1451 3169 391
1452 3169 380
1453 4862 491
1454 4778 500
1455 0 -1
1456 2338 459
1457 3115 468
1458 2636 431
1459 4700 266
1460 2005 533
1461 4669 374
1462 709 403
1463 2147 440
1464 1739 403
1465 6273 517
1466 5547 228
1467 3027 631
1468 726 337
1469 2552 352
1470 5106 484
1471 721 434
1472 3044 454
1473 562 333
1474 1850 334
1475 543 491
1476 5776 424
1477 3121 513
1478 4660 441
1479 6470 416
1480 388 386
1481 648 348
1482 1559 480
1483 4153 513
1484 1937 548
1485 0 -1
1486 2683 454
1487 6537 440
1488 1364 378
1489 4896 527
1490 1877 393
1491 4391 395
1492 0 -1
1493 0 -1
1494 0 -1
1495 2253 518
1496 1369 519
1497 4924 533
1498 2208 501
1499 4522 421
1500 1525 488
1501 2159 402
1502 1428 614
1503 4795 343
1504 85 403
1505 5314 422
1506 5154 370
1507 3876 448
1508 6342 461
1509 6512 496
1510 4669 342
1511 6255 333
1512 5494 489
1513 6459 320
1514 480 467
1515 5366 486
1516 6213 443
1517 4852 349
1518 3502 447
1519 2146 458
1520 0 -1
1521 4974 510
1522 5764 443
1523 0 -1
1524 2518 490
1525 4249 386
1526 5447 397
1527 1260 415
1528 4329 587
1529 88 409
1530 3691 424
1531 5057 446
1532 4088 485
1533 6010 544
1534 1276 372
1535 3432 368
1536 1940 411
1537 335 448
1538 2690 489
1539 5761 399
1540 6393 307
1541 2259 484
1542 524 464
1543 6237 380
1544 5999 170
1545 3950 503
1546 0 -1
1547 1026 434
1548 74 345
1549 4855 499
1550 1754 426
1551 5131 512
1552 5156 211
1553 858 413
1554 4042 376
1555 0 -1
1556 4248 488
1557 3800 494
1558 5570 461
1559 4931 452
1560 2645 513
1561 374 324
1562 5521 413
1563 2406 482
1564 3890 466
1565 0 -1
1566 6492 559
1567 4187 507
1568 0 -1
1569 2677 286
1570 3152 459
1571 3848 437
1572 4737 408
1573 356 540
1574 3240 428
1575 4633 589
1576 5085 335
1577 4665 534
1578 685 291
1579 0 -1
1580 4152 475
1581 2635 621
1582 5698 364
1583 2060 431
1584 4429 457
1585 1208 481
1586 1860 417
1587 2281 297
1588 26 488
1589 3458 374
1590 6256 455
1591 465 458
1592 1917 519
1593 1056 552
1594 6287 458
1595 4416 441
1596 90 495
1597 1601 484
1598 3927 540
1599 6467 441
1600 1740 474
1601 2924 379
1602 1833 456
1603 2344 483
1604 3662 478
1605 6144 475
1606 2535 497
1607 4980 484
1608 4482 416
1609 4990 463
1610 4331 455
1611 0 -1
1612 77 462
1613 4633 510
1614 3643 494
1615 2793 523
1616 1223 610
1617 130 524
1618 650 218
1619 2480 334
1620 5331 489
1621 468 490
1622 1459 277
1623 3798 538
1624 2425 469
1625 1746 504
1626 2570 575
1627 5881 468
1628 2261 456
1629 3063 449
1630 1516 464
1631 6537 501
1632 1650 506
1633 5870 436
1634 2818 368
1635 4594 476
1636 1726 467
1637 4150 473
1638 2730 548
1639 2115 512
1640 2135 437
1641 4795 287
1642 2729 534
1643 5225 433
1644 5100 386
1645 359 381
1646 3230 447
1647 6076 452
1648 26 435
1649 0 -1
1650 458 416
1651 4974 405
1652 5225 427
1653 5526 441
1654 846 611
1655 1059 602
1656 5502 401
1657 784 579
1658 2649 361
1659 1983 400
1660 2784 449
1661 793 378
1662 2090 488
1663 5397 440
1664 3484 395
1665 66 458
1666 6106 349
1667 5738 423
1668 1996 459
1669 2774 421
1670 321 384
1671 0 -1
1672 1941 547
1673 4360 441
1674 4568 251
1675 1582 406
1676 3772 468
1677 5220 371
1678 2543 312
1679 4624 403
1680 3317 351
1681 4251 313
1682 2374 565
1683 352 444
1684 3038 485
1685 2851 337
1686 5490 482
1687 1888 365
1688 474 488
1689 0 -1
1690 491 424
1691 6598 365
1692 6316 478
1693 1153 487
1694 5116 400
1695 2789 412
1696 1238 510
1697 3815 230
1698 244 514
1699 2112 520
1700 4368 396
1701 5525 452
1702 795 621
1703 1236 483
1704 4631 496
1705 4360 355
1706 4451 440
1707 6014 398
1708 2419 440
1709 3511 455
1710 595 354
1711 6172 492
1712 6212 446
1713 2309 462
1714 1756 468
1715 5783 388
1716 0 -1
1717 0 -1
1718 5341 470
1719 4852 392
1720 6367 510
1721 3475 408
1722 4346 438
1723 2824 383
1724 5163 449
1725 699 403
1726 2360 467
1727 3596 398
1728 4481 429
1729 1481 460
1730 709 455
1731 5163 415
1732 4955 426
1733 4479 476
1734 1925 502
1735 0 -1
1736 66 460
1737 6110 393
1738 4172 496
1739 1860 399
1740 2377 383
1741 1745 396
1742 4687 472
1743 6245 504
1744 3510 326
1745 2924 359
1746 5764 446
1747 0 -1
1748 3598 443
1749 5301 381
1750 2694 431
1751 175 544
1752 3918 565
1753 0 -1
1754 482 324
1755 6133 442
1756 3862 396
1757 5135 436
1758 2056 574
1759 228 355
1760 4006 386
1761 2446 528
1762 470 377
1763 5694 429
1764 246 414
1765 0 -1
1766 1272 499
1767 4254 392
1768 5077 429
1769 4450 475
1770 6063 349
1771 0 -1
1772 0 -1
1773 2439 398
1774 2921 435
1775 137 476
1776 1408 382
1777 6495 475
1778 5369 412
1779 6518 463
1780 3731 482
1781 2142 517
1782 3221 457
1783 4128 436
1784 4873 382
1785 1858 152
1786 5794 531
1787 3459 309
1788 1518 450
1789 4754 350
1790 1194 326
1791 4814 433
1792 1068 426
1793 1350 476
1794 5823 503
1795 1745 374
1796 2141 537
1797 4036 678
1798 0 -1
1799 0 -1
1800 0 -1
1801 0 -1
1802 2615 418
1803 1124 340
1804 3087 349
1805 5841 460
1806 6297 364
1807 206 459
1808 698 536
1809 1028 401
1810 5223 472
1811 108 342
1812 274 388
1813 4394 199
1814 4150 411
1815 3363 459
1816 3049 440
1817 1691 380
1818 2063 549
1819 3158 538
1820 0 -1
1821 5191 501
1822 5065 435
1823 628 433
1824 4098 448
1825 24 428
1826 1043 533
1827 685 265
1828 713 446
1829 5701 344
1830 3325 378
1831 5162 441
1832 0 -1
1833 1141 370
1834 3265 430
1835 4966 572
1836 354 501
1837 136 401
1838 312 401
1839 3293 627
1840 5166 350
1841 5367 649
1842 5208 454
1843 6232 421
1844 0 -1
1845 6268 317
1846 5115 473
1847 2412 349
1848 5934 357
1849 2608 394
1850 5324 298
1851 3600 525
1852 1715 451
1853 614 368
1854 3764 465
1855 2873 512
1856 1647 500
1857 1333 542
1858 5999 135
1859 3374 344
1860 1337 391
1861 4921 402
1862 5946 466
1863 828 566
1864 5159 436
1865 2889 546
1866 11 559
1867 2259 387
1868 1131 391
1869 3692 438
1870 5397 453
1871 3876 376
1872 5109 420
1873 3701 435
1874 3064 467
1875 3232 495
1876 0 -1
1877 2114 302
1878 1119 446
1879 3489 483
1880 6080 314
1881 0 -1
1882 6427 358
1883 2752 437
1884 6329 428
1885 4315 437
1886 0 -1
1887 316 470
1888 4003 343
1889 3343 501
1890 3594 488
1891 2045 542
1892 3817 433
1893 1618 272
1894 4499 680
1895 2963 299
1896 6247 364
1897 6531 406
1898 2820 390
1899 0 -1
1900 6336 163
1901 29 17
1902 1153 493
1903 3659 533
1904 2048 270
1905 4094 245
1906 0 -1
1907 2586 300
1908 2328 464
1909 6103 432
1910 1035 439
1911 6374 427
1912 4837 449
1913 0 -1
1914 98 520
1915 2004 475
1916 5905 378
1917 3560 447
1918 3473 463
1919 2631 433
1920 636 458
1921 2893 663
1922 1708 463
1923 5156 280
1924 2255 429
1925 3755 399
1926 359 367
1927 3372 379
1928 678 345
1929 1845 319
1930 4823 373
1931 211 508
1932 1439 442
1933 834 383
1934 3432 352
1935 3369 352
1936 6492 468
1937 4857 543
1938 3414 281
1939 1016 343
1940 2796 315
1941 2236 461
1942 323 439
1943 2436 199
1944 1618 293
1945 3356 515
1946 5385 667
1947 2568 588
1948 2194 477
1949 6467 457
1950 2746 576
1951 2552 319
1952 4910 456
1953 2295 398
1954 4782 523
1955 5542 554
1956 603 534
1957 5713 371
1958 0 -1
1959 3762 441
1960 3942 430
1961 3384 412
1962 5289 575
1963 4970 303
1964 6399 422
1965 0 -1
1966 6482 448
1967 0 -1
1968 555 364
1969 2231 422
1970 1023 364
1971 5793 574
1972 4686 433
1973 0 -1
1974 460 473
1975 3214 440
1976 1468 399
1977 6103 481
1978 567 450
1979 6043 443
1980 415 474
1981 436 491
1982 0 -1
1983 1372 399
1984 0 -1
1985 2240 358
1986 5596 273
1987 1155 383
1988 3188 539
1989 4050 463
1990 495 535
1991 4280 378
1992 1789 454
1993 0 -1
1994 5960 415
1995 315 434
1996 5071 339
1997 2507 422
1998 4441 404
1999 1000 429
2000 4186 490
2001 0 -1
2002 4727 392
2003 1651 456
2004 465 439
2005 3708 470
2006 0 -1
2007 5606 129
2008 4999 420
2009 5611 467
2010 1253 460
2011 0 -1
2012 3861 442
2013 2863 393
2014 5651 337
2015 5072 459
2016 1713 487
2017 1111 454
2018 1288 337
2019 5383 329
2020 5541 524
2021 5417 509
2022 5965 507
2023 2322 495
2024 535 348
2025 487 455
2026 4620 504
2027 6466 355
2028 0 -1
2029 1293 509
2030 0 -1
2031 4004 377
2032 3305 431
2033 5377 358
2034 4471 541
2035 2993 423
2036 0 -1
2037 1304 444
2038 0 -1
2039 3317 352
2040 5530 379
2041 5044 407
2042 1898 404
2043 2626 246
2044 2453 528
2045 864 469
2046 4796 455
2047 4006 398
2048 5157 215
2049 0 -1
2050 2417 466
2051 3797 641
2052 2787 345
2053 686 516
2054 1436 400
2055 2455 399
2056 4874 479
2057 373 393
2058 4416 386
2059 3974 416
2060 4798 357
2061 2099 463
2062 4246 450
2063 1739 497
2064 1236 461
2065 647 432
2066 5734 364
2067 3959 410
2068 884 296
2069 5247 409
2070 3628 547
2071 2745 560
2072 417 347
2073 2048 307
2074 4564 450
2075 5126 632
2076 0 -1
2077 2921 420
2078 3400 428
2079 5463 418
2080 2419 440
2081 5760 413
2082 6536 502
2083 6403 438
2084 3372 384
2085 4191 445
2086 6194 500
2087 634 534
2088 6066 467
2089 1323 546
2090 80 487
2091 2903 307
2092 3513 480
2093 5819 372
2094 523 421
2095 1202 375
2096 0 -1
2097 421 478
2098 1194 322
2099 3958 462
2100 6247 393
2101 1337 386
2102 5731 514
2103 5665 351
2104 6079 529
2105 2788 442
2106 1473 347
2107 547 539
2108 3994 606
2109 4812 513
2110 2027 403
2111 4793 413
2112 1651 413
2113 3132 556
2114 1552 220
2115 1294 484
2116 3155 361
2117 4738 447
2118 6455 525
2119 5140 563
2120 2300 368
2121 5401 616
2122 362 384
2123 6239 474
2124 2685 507
2125 4568 181
2126 3912 407
2127 5516 506
2128 0 -1
2129 848 430
2130 6133 494
2131 5597 443
2132 6013 591
2133 1299 424
2134 2321 474
2135 2940 403
2136 4987 401
2137 4287 151
2138 3554 258
2139 3325 468
2140 5317 504
2141 821 475
2142 764 499
2143 714 471
2144 3789 422
2145 3044 416
2146 5785 437
2147 4256 401
2148 1469 441
2149 4093 467
2150 5729 460
2151 2636 466
2152 1088 444
2153 2688 396
2154 1576 356
2155 6297 404
2156 1145 464
2157 6382 408
2158 430 378
2159 4641 337
2160 2098 351
2161 4166 527
2162 3968 385
2163 1135 515
2164 2784 366
2165 4302 501
2166 2440 303
2167 5065 370
2168 5029 406
2169 0 -1
2170 186 523
2171 5871 470
2172 4226 448
2173 4516 503
2174 738 436
2175 2725 474
2176 5651 321
2177 22 511
2178 4402 482
2179 1241 443
2180 1123 568
2181 6054 493
2182 6588 508
2183 316 467
2184 5794 421
2185 2593 313
2186 3214 474
2187 3098 493
2188 3263 458
2189 3311 351
2190 6297 361
2191 5199 473
2192 602 467
2193 4 446
2194 3018 449
2195 3641 422
2196 6091 498
2197 0 -1
2198 6212 507
2199 2789 519
2200 170 425
2201 4793 481
2202 2353 451
2203 3049 467
2204 4048 569
2205 3311 316
2206 2024 390
2207 1105 525
2208 5694 475
2209 0 -1
2210 2887 448
2211 6039 416
2212 5650 427
2213 3336 682
2214 3912 424
2215 587 310
2216 1377 511
2217 2748 428
2218 0 -1
2219 6268 352
2220 5329 535
2221 4136 420
2222 5886 305
2223 3889 421
2224 1162 502
2225 108 311
2226 5687 418
2227 1141 355
2228 5955 495
2229 5520 608
2230 0 -1
2231 4596 374
2232 0 -1
2233 848 414
2234 2543 404
2235 2773 598
2236 1334 442
2237 3032 465
2238 6096 390
2239 2729 470
2240 587 315
2241 2176 434
2242 4085 589
2243 5602 342
2244 2838 374
2245 2157 448
2246 2314 452
2247 6110 444
2248 293 517
2249 1405 543
2250 4291 274
2251 0 -1
2252 3502 392
2253 4311 470
2254 6341 266
2255 2580 359
2256 0 -1
2257 3186 522
2258 3794 468
2259 2838 385
2260 6201 560
2261 5755 422
2262 3603 385
2263 0 -1
2264 3554 264
2265 0 -1
2266 4122 451
2267 6435 446
2268 5288 328
2269 5946 473
2270 2465 395
2271 1976 486
2272 3157 236
2273 900 559
2274 6001 355
2275 864 445
2276 5675 417
2277 933 595
2278 0 -1
2279 275 505
2280 4911 422
2281 1544 264
2282 5745 548
2283 0 -1
2284 0 -1
2285 1468 412
2286 1289 401
2287 5465 504
2288 5962 429
2289 0 -1
2290 3450 450
2291 6451 460
2292 0 -1
2293 938 570
2294 4315 435
2295 2822 391
2296 168 395
2297 5516 426
2298 2631 427
2299 4006 419
2300 1622 291
2301 3862 377
2302 4063 438
2303 0 -1
2304 3629 405
2305 5358 458
2306 2536 507
2307 2343 402
2308 491 445
2309 3141 426
2310 6439 394
2311 1831 442
2312 963 473
2313 5830 473
2314 4031 443
2315 550 469
2316 6165 493
2317 2500 424
2318 372 473
2319 1939 383
2320 2760 552
2321 446 386
2322 425 431
2323 2417 434
2324 561 492
2325 3224 386
2326 3256 473
2327 6371 634
2328 5159 420
2329 566 479
2330 1634 382
2331 4651 456
2332 76 404
2333 1652 437
2334 5736 408
2335 14 481
2336 169 526
2337 983 425
2338 4967 457
2339 2458 468
2340 3282 449
2341 38 411
2342 6106 331
2343 2615 397
2344 421 483
2345 2060 361
2346 5339 437
2347 3993 393
2348 681 523
2349 1870 490
2350 5675 410
2351 1418 327
2352 1536 509
2353 4393 362
2354 1271 442
2355 1235 451
2356 6051 332
2357 4420 376
2358 648 292
2359 3603 397
2360 5005 399
2361 5156 216
2362 2609 420
2363 3208 477
2364 6113 517
2365 4302 448
2366 33 458
2367 254 457
2368 6536 463
2369 4686 328
2370 1382 541
2371 5516 502
2372 2629 413
2373 6008 430
2374 4894 560
2375 3194 499
2376 5886 297
2377 2724 313
2378 6219 482
2379 580 458
2380 3324 488
2381 0 -1
2382 721 423
2383 6595 434
2384 0 -1
2385 4304 497
2386 3005 525
2387 5482 522
2388 6150 476
2389 5074 300
2390 5346 479
2391 5910 515
2392 1714 490
2393 0 -1
2394 2752 380
2395 163 306
2396 719 412
2397 1960 523
2398 0 -1
2399 2936 675
2400 5280 472
2401 5700 537
2402 0 -1
2403 6196 438
2404 0 -1
2405 6268 315
2406 5162 461
2407 5375 445
2408 2940 348
2409 4700 363
2410 5082 342
2411 0 -1
2412 325 305
2413 2819 545
2414 1277 405
2415 0 -1
2416 0 -1
2417 5523 417
2418 805 407
2419 1094 336
2420 6054 422
2421 3072 373
2422 4806 482
2423 1183 400
2424 1036 609
2425 512 430
2426 5010 497
2427 6034 250
2428 1983 476
2429 1707 441
2430 845 449
2431 1697 305
2432 527 489
2433 6570 450
2434 1028 350
2435 5698 394
2436 3900 199
2437 1557 589
2438 135 419
2439 3951 359
2440 308 291
2441 5669 389
2442 5908 522
2443 3985 521
2444 4886 452
2445 2227 474
2446 3380 442
2447 517 519
2448 2073 342
2449 1985 388
2450 6285 494
2451 3515 497
2452 0 -1
2453 2174 445
2454 1859 425
2455 6031 381
2456 3079 380
2457 385 515
2458 3395 464
2459 5617 510
2460 4589 403
2461 2578 500
2462 627 393
2463 0 -1
2464 5796 517
2465 1186 395
2466 653 290
2467 3855 452
2468 3195 706
2469 5361 477
2470 3348 202
2471 0 -1
2472 4980 440
2473 1501 415
2474 6536 471
2475 2844 349
2476 5978 499
2477 232 422
2478 2688 403
2479 5421 483
2480 1618 306
2481 2706 446
2482 4317 537
2483 5340 482
2484 6543 344
2485 3233 359
2486 1028 378
2487 596 434
2488 4949 474
2489 2985 351
2490 5267 448
2491 5178 558
2492 5141 484
2493 0 -1
2494 2465 515
2495 4295 525
2496 3784 522
2497 2352 568
2498 1986 327
2499 0 -1
2500 761 424
2501 3997 440
2502 383 435
2503 10 425
2504 4939 494
2505 4916 473
2506 6133 427
2507 3099 419
2508 3713 517
2509 5623 526
2510 0 -1
2511 3022 450
2512 98 535
2513 2581 402
2514 34 456
2515 971 531
2516 2915 447
2517 5778 532
2518 2362 444
2519 0 -1
2520 2914 594
2521 5968 601
2522 4241 447
2523 2345 469
2524 465 494
2525 2900 366
2526 3731 445
2527 0 -1
2528 3478 383
2529 3804 443
2530 3600 455
2531 3040 463
2532 1395 418
2533 679 499
2534 983 425
2535 5168 386
2536 5310 479
2537 5459 497
2538 3288 407
2539 5806 361
2540 3779 363
2541 3288 506
2542 3032 479
2543 108 311
2544 0 -1
2545 2315 469
2546 539 547
2547 705 482
2548 1377 448
2549 2774 371
2550 5932 430
2551 0 -1
2552 3977 256
2553 5300 447
2554 3520 430
2555 6221 447
2556 1226 362
2557 4950 292
2558 6360 306
2559 1312 393
2560 192 504
2561 6048 497
2562 1466 337
2563 2457 535
2564 5928 410
2565 5211 455
2566 2279 509
2567 110 414
2568 1442 485
2569 628 444
2570 6344 521
2571 754 592
2572 4604 322
2573 4390 571
2574 2860 596
2575 3072 414
2576 3214 435
2577 2473 466
2578 433 467
2579 3151 483
2580 3673 352
2581 1893 293
2582 3708 447
2583 6412 674
2584 4498 410
2585 2187 579
2586 1813 235
2587 2921 450
2588 3873 463
2589 643 374
2590 105 395
2591 5292 499
2592 3604 659
2593 3902 293
2594 3360 499
2595 1902 536
2596 5002 668
2597 5123 451
2598 0 -1
2599 0 -1
2600 6227 558
2601 1441 328
2602 3019 375
2603 2871 452
2604 0 -1
2605 3116 423
2606 3583 434
2607 6551 409
2608 5163 387
2609 44 338
2610 3112 207
2611 507 407
2612 4803 483
2613 4829 429
2614 4925 479
2615 6579 354
2616 4664 416
2617 4082 471
2618 5163 434
2619 0 -1
2620 6549 389
2621 6070 334
2622 2539 409
2623 0 -1
2624 0 -1
2625 4924 463
2626 4593 185
2627 678 387
2628 4014 387
2629 4078 392
2630 2268 400
2631 2227 417
2632 1740 457
2633 1253 455
2634 1039 586
2635 6511 505
2636 902 416
2637 5410 397
2638 999 410
2639 4408 530
2640 383 425
2641 793 468
2642 2744 359
2643 2353 428
2644 1327 496
2645 4252 444
2646 5348 480
2647 1635 563
2648 2081 524
2649 5020 301
2650 6579 345
2651 0 -1
2652 214 403
2653 5131 464
2654 6349 485
2655 1441 383
2656 3762 422
2657 4261 438
2658 0 -1
2659 4484 566
2660 0 -1
2661 611 487
2662 4823 324
2663 1632 529
2664 2844 305
2665 5530 412
2666 2097 521
2667 3338 386
2668 5028 439
2669 2400 502
2670 5310 428
2671 962 274
2672 343 448
2673 5840 508
2674 4378 447
2675 2795 414
2676 3489 506
2677 1986 284
2678 673 469
2679 3966 440
2680 140 594
2681 1885 451
2682 3417 667
2683 346 426
2684 1212 477
2685 3335 418
2686 3839 492
2687 1022 528
2688 4420 361
2689 5947 423
2690 1548 414
2691 2797 405
2692 836 507
2693 2711 435
2694 6130 417
2695 216 615
2696 3249 394
2697 6188 354
2698 5604 452
2699 281 424
2700 4935 420
2701 1708 484
2702 3800 410
2703 0 -1
2704 5829 487
2705 6265 489
2706 5168 426
2707 0 -1
2708 1970 394
2709 5552 491
2710 0 -1
2711 3450 413
2712 1476 450
2713 2962 374
2714 4533 353
2715 4804 446
2716 5639 407
2717 3976 470
2718 4359 569
2719 911 523
2720 5859 437
2721 0 -1
2722 5142 501
2723 6256 433
2724 6034 294
2725 858 456
2726 5221 323
2727 370 490
2728 2744 397
2729 3221 455
2730 2174 523
2731 4905 486
2732 4458 369
2733 5272 437
2734 1499 475
2735 3331 361
2736 3932 373
2737 4874 467
2738 2626 239
2739 4970 279
2740 3499 524
2741 4837 445
2742 3361 752
2743 3817 386
2744 108 289
2745 5628 486
2746 4630 464
2747 248 472
2748 1124 371
2749 4543 397
2750 152 705
2751 1969 467
2752 3707 369
2753 489 510
2754 6166 459
2755 5402 496
2756 6026 400
2757 5771 474
2758 2319 482
2759 5696 347
2760 5127 500
2761 4807 479
2762 3510 387
2763 4968 414
2764 6413 331
2765 2967 539
2766 323 425
2767 3600 510
2768 3272 495
2769 3443 443
2770 5408 390
2771 5733 454
2772 2085 491
2773 6540 514
2774 3072 339
2775 1436 420
2776 172 499
2777 3837 449
2778 3310 373
2779 887 441
2780 2562 411
2781 1395 469
2782 47 744
2783 3078 470
2784 4495 351
2785 4669 387
2786 106 378
2787 6480 344
2788 4014 331
2789 1804 405
2790 3811 434
2791 3621 383
2792 1767 428
2793 5518 462
2794 1312 417
2795 6539 351
2796 163 223
2797 5251 294
2798 2565 521
2799 2605 446
2800 4794 473
2801 845 467
2802 2319 458
2803 1813 265
2804 5939 355
2805 2741 519
2806 1960 500
2807 0 -1
2808 4543 376
2809 1739 419
2810 3932 407
2811 853 428
2812 3795 441
2813 4289 430
2814 2963 343
2815 348 408
2816 1983 442
2817 1058 343
2818 5423 337
2819 2905 434
2820 1023 364
2821 0 -1
2822 228 346
2823 522 346
2824 2882 322
2825 0 -1
2826 314 318
2827 1353 456
2828 3440 529
2829 4755 411
2830 4650 495
2831 2513 421
2832 3352 572
2833 1540 395
2834 2562 345
2835 3976 501
2836 1023 450
2837 4768 496
2838 3945 372
2839 6424 434
2840 2195 492
2841 959 447
2842 4389 453
2843 3501 456
2844 2796 242
2845 2013 419
2846 4344 571
2847 1612 482
2848 213 466
2849 0 -1
2850 0 -1
2851 3412 302
2852 1226 279
2853 3867 457
2854 5903 551
2855 5533 474
2856 4655 429
2857 6456 332
2858 1377 482
2859 1767 392
2860 198 517
2861 1372 362
2862 2057 467
2863 6539 389
2864 2785 390
2865 2741 523
2866 3570 493
2867 4403 565
2868 1553 502
2869 5090 800
2870 781 406
2871 1449 443
2872 1108 537
2873 2252 468
2874 1472 460
2875 0 -1
2876 4288 530
2877 1291 485
2878 1540 389
2879 6300 488
2880 3698 406
2881 369 444
2882 6044 321
2883 2691 415
2884 537 438
2885 6008 354
2886 4090 462
2887 897 447
2888 39 367
2889 3609 443
2890 240 428
2891 4249 416
2892 3995 507
2893 462 640
2894 2768 518
2895 2885 419
2896 5981 487
2897 2337 488
2898 4051 517
2899 832 379
2900 3322 346
2901 5295 395
2902 4632 397
2903 4394 280
2904 5908 454
2905 3188 434
2906 4901 422
2907 2775 437
2908 1092 454
2909 2649 351
2910 4878 442
2911 4448 436
2912 468 421
2913 0 -1
2914 2633 526
2915 469 407
2916 755 393
2917 321 334
2918 2483 510
2919 3812 575
2920 3923 365
2921 373 393
2922 0 -1
2923 4584 428
2924 3587 296
2925 5913 476
2926 1311 511
2927 0 -1
2928 671 515
2929 1363 426
2930 5010 473
2931 1608 451
2932 5484 522
2933 2815 485
2934 353 503
2935 4955 381
2936 6497 622
2937 5664 409
2938 4758 505
2939 854 371
2940 15 343
2941 5888 276
2942 4116 443
2943 3913 478
2944 1124 361
2945 4269 561
2946 6543 376
2947 6113 523
2948 3560 557
2949 2915 449
2950 760 330
2951 4011 409
2952 2514 517
2953 5871 434
2954 1195 435
2955 4980 417
2956 1355 466
2957 5451 483
2958 1951 404
2959 5670 580
2960 4804 465
2961 5233 400
2962 5220 370
2963 4854 263
2964 5675 362
2965 6481 583
2966 647 415
2967 3491 419
2968 6416 374
2969 6378 542
2970 0 -1
2971 799 396
2972 6485 453
2973 4802 435
2974 5972 433
2975 1961 479
2976 4698 383
2977 3244 451
2978 108 323
2979 934 452
2980 1447 438
2981 4599 393
2982 2464 528
2983 5694 396
2984 0 -1
2985 1561 331
2986 4869 421
2987 3033 628
2988 1930 449
2989 3661 373
2990 3492 438
2991 5075 444
2992 3473 438
2993 5418 409
2994 3553 470
2995 3074 300
2996 2861 392
2997 2092 507
2998 2295 472
2999 0 -1
3000 374 319
3001 3760 456
3002 1573 645
3003 2939 485
3004 1302 507
3005 6225 511
3006 4356 519
3007 96 493
3008 1094 402
3009 3876 366
3010 3457 375
3011 0 -1
3012 350 527
3013 5655 475
3014 1335 517
3015 46 368
3016 1700 402
3017 4232 453
3018 291 361
3019 1320 329
3020 2040 380
3021 1126 449
3022 3939 380
3023 1433 542
3024 3778 482
3025 359 391
3026 0 -1
3027 5260 519
3028 0 -1
3029 3774 362
3030 3869 508
3031 1963 405
3032 106 393
3033 5127 547
3034 1774 444
3035 0 -1
3036 4941 620
3037 6466 395
3038 155 429
3039 5453 581
3040 2906 422
3041 2652 434
3042 4377 345
3043 4561 493
3044 627 406
3045 1226 267
3046 5775 464
3047 365 352
3048 2245 533
3049 2158 411
3050 5120 435
3051 3778 495
3052 0 -1
3053 5636 399
3054 0 -1
3055 2267 476
3056 4289 422
3057 4626 501
3058 1616 682
3059 2729 526
3060 3527 650
3061 2789 471
3062 5651 375
3063 808 416
3064 4510 429
3065 0 -1
3066 6240 385
3067 3170 540
3068 559 470
3069 3202 461
3070 4326 458
3071 5400 578
3072 2924 297
3073 2817 454
3074 4950 297
3075 5532 456
3076 2744 295
3077 614 375
3078 2467 454
3079 2264 372
3080 2559 474
3081 5035 517
3082 0 -1
3083 672 548
3084 3042 372
3085 4031 488
3086 608 384
3087 2609 341
3088 751 492
3089 0 -1
3090 621 387
3091 956 416
3092 4525 372
3093 647 374
3094 6034 213
3095 4130 457
3096 2068 358
3097 1082 465
3098 5979 391
3099 1273 342
3100 5949 427
3101 647 446
3102 1186 403
3103 480 404
3104 0 -1
3105 4599 410
3106 637 343
3107 4723 589
3108 2227 394
3109 998 374
3110 0 -1
3111 0 -1
3112 6336 185
3113 5614 240
3114 1290 501
3115 940 445
3116 2584 420
3117 5373 522
3118 5629 477
3119 5399 381
3120 5245 493
3121 3255 431
3122 4943 478
3123 3439 554
3124 0 -1
3125 3679 520
3126 5856 551
3127 0 -1
3128 4237 501
3129 4691 517
3130 0 -1
3131 3142 393
3132 1723 444
3133 3467 394
3134 6205 376
3135 1732 438
3136 4083 590
3137 1711 500
3138 5678 521
3139 443 408
3140 1603 572
3141 6222 358
3142 4291 367
3143 0 -1
3144 1464 457
3145 2855 496
3146 487 418
3147 0 -1
3148 3768 485
3149 5348 381
3150 3686 444
3151 5519 408
3152 3551 437
3153 3950 457
3154 3327 443
3155 4866 320
3156 6404 499
3157 3094 229
3158 4807 501
3159 690 483
3160 3347 575
3161 543 529
3162 0 -1
3163 5944 544
3164 5691 566
3165 5426 617
3166 2897 527
3167 5726 289
3168 0 -1
3169 3959 352
3170 1360 475
3171 1196 444
3172 631 430
3173 54 490
3174 4897 566
3175 3890 401
3176 4595 396
3177 3561 532
3178 1229 555
3179 5470 462
3180 5788 396
3181 2475 410
3182 5952 393
3183 189 512
3184 134 326
3185 2270 466
3186 5495 412
3187 6451 470
3188 2055 422
3189 805 421
3190 5059 460
3191 0 -1
3192 3593 464
3193 4802 438
3194 2055 420
3195 1188 662
3196 3593 489
3197 6004 370
3198 5421 537
3199 0 -1
3200 3951 360
3201 1021 328
3202 4829 453
3203 3647 494
3204 5350 362
3205 965 463
3206 0 -1
3207 174 497
3208 46 378
3209 3135 439
3210 598 444
3211 4913 343
3212 6538 638
3213 4955 403
3214 1363 410
3215 6161 304
3216 4988 399
3217 0 -1
3218 6134 597
3219 5048 443
3220 440 485
3221 5067 356
3222 4948 507
3223 4670 480
3224 2369 369
3225 5075 431
3226 3106 344
3227 2645 550
3228 6172 469
3229 4411 499
3230 5554 442
3231 388 399
3232 1212 432
3233 6597 338
3234 1212 446
3235 4796 437
3236 60 534
3237 2360 518
3238 144 396
3239 5932 484
3240 4694 338
3241 0 -1
3242 1165 475
3243 1122 422
3244 1446 419
3245 3677 532
3246 0 -1
3247 4361 461
3248 6246 401
3249 39 341
3250 180 443
3251 1093 370
3252 1415 409
3253 1862 543
3254 5304 319
3255 75 344
3256 5809 437
3257 5122 411
3258 5818 544
3259 2873 477
3260 2716 483
3261 4965 459
3262 24 378
3263 408 425
3264 4238 408
3265 2039 362
3266 3861 469
3267 485 450
3268 37 415
3269 6563 500
3270 2065 551
3271 0 -1
3272 5821 440
3273 878 419
3274 4518 441
3275 5321 449
3276 1017 476
3277 239 503
3278 1680 469
3279 4718 427
3280 4113 416
3281 2386 545
3282 1301 347
3283 553 444
3284 0 -1
3285 6543 376
3286 3055 521
3287 5686 423
3288 1283 407
3289 3545 732
3290 2254 340
3291 3214 423
3292 1507 502
3293 5093 527
3294 430 388
3295 5737 386
3296 5811 886
3297 843 494
3298 2552 373
3299 4004 405
3300 6301 367
3301 1104 463
3302 3437 407
3303 3982 488
3304 0 -1
3305 6324 409
3306 5399 389
3307 1167 335
3308 5935 567
3309 5512 333
3310 5064 323
3311 4284 289
3312 4629 419
3313 1204 545
3314 6216 459
3315 832 397
3316 839 396
3317 3412 257
3318 391 531
3319 395 460
3320 2317 536
3321 5748 500
3322 2995 309
3323 1659 504
3324 3309 392
3325 2748 374
3326 3601 570
3327 1429 363
3328 3186 415
3329 1951 377
3330 5222 446
3331 1054 354
3332 3694 549
3333 873 466
3334 1674 274
3335 3463 361
3336 4179 581
3337 926 423
3338 4920 378
3339 314 396
3340 2655 447
3341 672 519
3342 2864 494
3343 6041 387
3344 3876 433
3345 2774 430
3346 4114 482
3347 4125 499
3348 1901 108
3349 2041 413
3350 4493 394
3351 3380 412
3352 1206 452
3353 0 -1
3354 1312 352
3355 719 397
3356 3430 494
3357 6441 373
3358 6316 433
3359 0 -1
3360 4767 418
3361 5968 639
3362 2063 525
3363 952 414
3364 4450 408
3365 94 530
3366 3309 378
3367 6227 619
3368 1690 484
3369 2844 320
3370 6139 563
3371 1580 477
3372 4116 346
3373 0 -1
3374 962 263
3375 4463 480
3376 2254 344
3377 5558 513
3378 1970 462
3379 4728 534
3380 1277 377
3381 1461 400
3382 6402 417
3383 609 450
3384 4979 396
3385 6176 513
3386 2185 384
3387 651 387
3388 507 404
3389 1355 467
3390 3641 469
3391 2789 415
3392 0 -1
3393 1278 428
3394 5777 486
3395 6561 445
3396 5094 467
3397 576 517
3398 3044 419
3399 4428 475
3400 5883 399
3401 4154 404
3402 4027 424
3403 6342 492
3404 5100 400
3405 1651 429
3406 6110 451
3407 517 516
3408 0 -1
3409 2769 477
3410 487 456
3411 4785 519
3412 1943 257
3413 5611 459
3414 2137 218
3415 5249 421
3416 3263 446
3417 116 556
3418 6470 375
3419 1873 467
3420 6206 489
3421 0 -1
3422 4974 466
3423 5098 388
3424 1864 457
3425 3598 459
3426 6039 370
3427 2640 505
3428 0 -1
3429 3761 474
3430 395 434
3431 4533 417
3432 5726 308
3433 179 417
3434 4651 378
3435 3989 490
3436 4309 441
3437 5732 387
3438 4417 416
3439 4980 476
3440 6536 474
3441 1469 378
3442 3573 502
3443 3197 392
3444 5371 601
3445 1313 396
3446 6005 455
3447 686 466
3448 5683 469
3449 4044 445
3450 6150 398
3451 648 404
3452 5411 436
3453 6015 397
3454 3426 421
3455 4776 408
3456 3309 446
3457 4971 363
3458 4475 355
3459 4798 287
3460 5201 413
3461 328 413
3462 5840 561
3463 3550 346
3464 6594 449
3465 0 -1
3466 2266 476
3467 5868 388
3468 5863 384
3469 3960 458
3470 3631 390
3471 5614 278
3472 2516 473
3473 4256 397
3474 4727 386
3475 4173 369
3476 2788 441
3477 2357 379
3478 2073 365
3479 2643 472
3480 821 493
3481 3928 545
3482 1238 446
3483 4256 389
3484 6063 380
3485 0 -1
3486 2951 473
3487 642 430
3488 1791 497
3489 1222 450
3490 5577 345
3491 870 396
3492 6467 380
3493 1168 462
3494 4284 299
3495 2253 556
3496 2274 415
3497 3029 413
3498 5142 472
3499 2627 456
3500 6099 632
3501 3096 408
3502 3923 359
3503 4704 408
3504 5071 395
3505 1196 428
3506 83 531
3507 4643 496
3508 4543 447
3509 1888 406
3510 587 300
3511 619 422
3512 2376 326
3513 4384 480
3514 1605 480
3515 2827 475
3516 3550 299
3517 1744 372
3518 5287 385
3519 4076 443
3520 3106 347
3521 3771 466
3522 1972 438
3523 0 -1
3524 1080 524
3525 625 413
3526 4104 427
3527 5055 618
3528 5545 471
3529 221 511
3530 2795 376
3531 6131 718
3532 4264 451
3533 702 503
3534 5871 473
3535 6001 408
3536 533 472
3537 1076 464
3538 0 -1
3539 6345 439
3540 5063 353
3541 1526 413
3542 2870 476
3543 41 408
3544 1267 454
3545 2634 667
3546 4478 458
3547 2481 534
3548 2032 444
3549 5310 448
3550 5179 254
3551 2039 363
3552 1557 510
3553 6448 433
3554 3649 212
3555 0 -1
3556 342 453
3557 4025 491
3558 4916 492
3559 0 -1
3560 41 440
3561 5248 417
3562 1887 493
3563 5671 367
3564 365 331
3565 2342 411
3566 4622 601
3567 2062 524
3568 1202 400
3569 5128 423
3570 3251 480
3571 2170 537
3572 2934 549
3573 3867 452
3574 2305 543
3575 1968 435
3576 5227 310
3577 4220 515
3578 4837 497
3579 2739 311
3580 1825 433
3581 5347 452
3582 842 456
3583 1589 427
3584 4488 528
3585 3486 551
3586 4509 457
3587 2436 295
3588 6430 472
3589 2099 470
3590 5337 579
3591 3676 514
3592 1813 279
3593 1278 452
3594 4978 481
3595 4071 462
3596 4482 367
3597 2672 452
3598 5001 443
3599 0 -1
3600 2958 408
3601 1237 516
3602 4280 362
3603 3418 377
3604 605 550
3605 5433 521
3606 1857 551
3607 5410 427
3608 1102 460
3609 700 437
3610 4287 219
3611 4011 401
3612 3486 575
3613 5285 324
3614 937 459
3615 5665 357
3616 6594 410
3617 4839 445
3618 5701 361
3619 621 403
3620 3786 561
3621 2485 378
3622 0 -1
3623 4119 458
3624 5013 535
3625 470 479
3626 5908 532
3627 4384 462
3628 2722 530
3629 15 364
3630 1404 386
3631 2240 340
3632 3005 577
3633 5845 539
3634 3627 475
3635 3729 394
3636 2575 505
3637 856 600
3638 4304 463
3639 2190 474
3640 2462 440
3641 5580 394
3642 0 -1
3643 6226 389
3644 5645 766
3645 0 -1
3646 4243 460
3647 3087 378
3648 0 -1
3649 5504 206
3650 2346 478
3651 907 448
3652 1926 444
3653 5438 480
3654 6531 443
3655 6257 389
3656 3088 576
3657 5202 429
3658 959 451
3659 1017 461
3660 1296 525
3661 1804 370
3662 2418 415
3663 1792 429
3664 1725 486
3665 0 -1
3666 627 342
3667 4136 416
3668 813 326
3669 590 436
3670 2470 205
3671 1744 375
3672 3507 575
3673 1678 321
3674 6537 521
3675 2560 520
3676 5738 403
3677 5992 483
3678 0 -1
3679 1976 419
3680 1435 599
3681 841 499
3682 5226 516
3683 1459 312
3684 6482 390
3685 3188 501
3686 1142 377
3687 1102 486
3688 2204 688
3689 0 -1
3690 4295 514
3691 2162 409
3692 5248 418
3693 6343 423
3694 5724 467
3695 3278 535
3696 3650 485
3697 1170 455
3698 2859 400
3699 6543 340
3700 786 365
3701 1186 416
3702 0 -1
3703 5513 365
3704 2477 466
3705 0 -1
3706 5172 366
3707 1337 344
3708 3917 368
3709 2137 187
3710 0 -1
3711 0 -1
3712 1966 484
3713 2809 444
3714 0 -1
3715 6216 435
3716 3479 484
3717 669 452
3718 3818 539
3719 5220 375
3720 1335 468
3721 1304 402
3722 3663 491
3723 4411 429
3724 0 -1
3725 1096 415
3726 5852 433
3727 1321 625
3728 1005 446
3729 4584 342
3730 1086 502
3731 3963 405
3732 1614 537
3733 3922 549
3734 43 513
3735 2822 396
3736 4692 399
3737 3985 408
3738 1403 435
3739 0 -1
3740 5176 637
3741 1561 444
3742 4828 506
3743 1474 439
3744 903 529
3745 2635 515
3746 4418 425
3747 1781 529
3748 5154 344
3749 3330 493
3750 4275 465
3751 991 536
3752 3995 453
3753 159 592
3754 3488 517
3755 4384 386
3756 1272 472
3757 5031 528
3758 6552 626
3759 4060 506
3760 3949 419
3761 5655 405
3762 3520 416
3763 3225 520
3764 2157 462
3765 4021 501
3766 6054 467
3767 99 467
3768 3643 409
3769 1192 407
3770 5333 409
3771 2234 424
3772 2233 439
3773 123 416
3774 4251 329
3775 4384 411
3776 5266 500
3777 5065 479
3778 6458 467
3779 4596 299
3780 6437 487
3781 6066 473
3782 5611 467
3783 5597 466
3784 3022 408
3785 0 -1
3786 1791 541
3787 0 -1
3788 899 540
3789 4389 365
3790 172 470
3791 4660 442
3792 3146 502
3793 3330 455
3794 2711 419
3795 2784 358
3796 5069 484
3797 784 528
3798 1214 454
3799 4190 391
3800 2888 402
3801 3412 353
3802 2923 447
3803 3953 506
3804 307 408
3805 5302 484
3806 5655 395
3807 5900 486
3808 168 392
3809 942 496
3810 682 382
3811 5827 377
3812 303 533
3813 2376 373
3814 5736 386
3815 5504 176
3816 3530 398
3817 4377 351
3818 2637 444
3819 69 523
3820 1456 549
3821 850 527
3822 446 343
3823 86 344
3824 2084 437
3825 0 -1
3826 5906 453
3827 0 -1
3828 297 500
3829 2845 453
3830 5519 494
3831 3719 441
3832 3615 357
3833 2261 487
3834 2981 465
3835 1680 404
3836 3979 457
3837 3325 417
3838 1222 434
3839 6391 447
3840 700 458
3841 779 514
3842 4746 526
3843 536 376
3844 2309 434
3845 3418 461
3846 2449 391
3847 5249 438
3848 4720 391
3849 2739 399
3850 727 365
3851 2900 465
3852 4523 510
3853 639 506
3854 0 -1
3855 2995 402
3856 2270 469
3857 1169 583
3858 1365 466
3859 0 -1
3860 6402 501
3861 202 355
3862 1186 347
3863 504 518
3864 3752 492
3865 1572 449
3866 3779 411
3867 6326 451
3868 2424 667
3869 2252 438
3870 4462 386
3871 580 426
3872 1307 546
3873 4672 377
3874 4961 427
3875 6108 404
3876 6417 353
3877 1845 416
3878 6240 398
3879 1055 507
3880 2756 441
3881 3403 524
3882 0 -1
3883 2554 469
3884 299 485
3885 6486 607
3886 4485 574
3887 3372 443
3888 690 391
3889 2549 411
3890 326 398
3891 1092 416
3892 2105 503
3893 3986 453
3894 1448 480
3895 0 -1
3896 5526 467
3897 6595 432
3898 63 467
3899 6553 530
3900 6336 192
3901 4343 373
3902 1288 274
3903 6173 348
3904 3386 469
3905 5060 468
3906 3264 499
3907 2685 478
3908 5671 370
3909 5604 432
3910 3916 542
3911 1001 535
3912 4458 365
3913 4665 436
3914 2964 420
3915 1988 558
3916 1663 451
3917 3374 304
3918 4794 472
3919 3075 495
3920 1341 489
3921 433 479
3922 5317 504
3923 1951 352
3924 3475 469
3925 1098 484
3926 2048 271
3927 3867 456
3928 6487 454
3929 4585 395
3930 6174 522
3931 1175 432
3932 4448 363
3933 2752 424
3934 667 497
3935 4502 501
3936 3823 376
3937 5863 328
3938 5759 494
3939 6598 351
3940 0 -1
3941 1759 409
3942 5529 381
3943 1739 448
3944 0 -1
3945 5193 320
3946 1373 357
3947 718 403
3948 1271 491
3949 678 402
3950 2923 430
3951 2358 312
3952 383 429
3953 5280 429
3954 5979 398
3955 228 280
3956 1727 458
3957 1719 496
3958 3647 459
3959 3113 294
3960 282 426
3961 0 -1
3962 2252 396
3963 105 382
3964 798 501
3965 2318 588
3966 1062 329
3967 1266 491
3968 3779 304
3969 2496 523
3970 1545 569
3971 6239 423
3972 2912 502
3973 105 426
3974 3386 411
3975 6512 505
3976 1195 441
3977 51 250
3978 265 509
3979 1548 355
3980 4934 379
3981 4988 438
3982 3903 388
3983 0 -1
3984 985 637
3985 864 406
3986 5514 445
3987 0 -1
3988 3005 599
3989 307 458
3990 2580 398
3991 1981 571
3992 1300 477
3993 1288 275
3994 3619 496
3995 5532 414
3996 5928 302
3997 5865 324
3998 6008 333
3999 2304 437
4000 4768 507
4001 206 410
4002 3420 498
4003 5195 250
4004 2649 358
4005 5979 379
4006 325 345
4007 1934 397
4008 725 428
4009 2370 541
4010 2690 431
4011 4686 362
4012 5837 418
4013 3813 446
4014 578 315
4015 353 429
4016 3024 514
4017 3649 255
4018 3926 311
4019 5234 476
4020 0 -1
4021 2754 494
4022 5408 341
4023 1353 493
4024 539 439
4025 4904 418
4026 0 -1
4027 2024 411
4028 3551 388
4029 4096 400
4030 3376 363
4031 2803 379
4032 6053 357
4033 6007 418
4034 3454 528
4035 3900 284
4036 4319 598
4037 4278 349
4038 1269 463
4039 998 437
4040 423 422
4041 0 -1
4042 1576 376
4043 562 356
4044 2456 393
4045 4198 588
4046 4970 342
4047 4518 418
4048 3287 506
4049 3378 515
4050 5247 427
4051 1933 452
4052 0 -1
4053 3675 603
4054 3912 443
4055 0 -1
4056 5081 545
4057 1461 418
4058 3568 439
4059 568 413
4060 5172 458
4061 0 -1
4062 5850 331
4063 6232 421
4064 1429 373
4065 276 436
4066 3233 377
4067 0 -1
4068 767 371
4069 3007 497
4070 2351 368
4071 2042 418
4072 0 -1
4073 4427 585
4074 2072 391
4075 6550 515
4076 599 433
4077 4266 532
4078 4777 365
4079 4526 417
4080 5097 415
4081 0 -1
4082 13 407
4083 2294 555
4084 6278 436
4085 103 487
4086 1343 482
4087 5086 537
4088 1619 446
4089 4279 426
4090 1833 399
4091 6548 520
4092 0 -1
4093 28 395
4094 6309 224
4095 6172 417
4096 1845 334
4097 3707 453
4098 2456 440
4099 5889 503
4100 2613 441
4101 3020 395
4102 3951 359
4103 2026 543
4104 5675 399
4105 3386 450
4106 4398 550
4107 3262 441
4108 383 417
4109 3916 493
4110 3894 480
4111 3091 447
4112 3568 438
4113 6068 400
4114 3993 370
4115 1361 500
4116 5997 331
4117 0 -1
4118 371 401
4119 621 440
4120 4458 411
4121 2650 400
4122 5694 412
4123 6470 375
4124 5694 472
4125 3150 491
4126 3324 400
4127 4665 524
4128 3310 360
4129 0 -1
4130 5246 419
4131 3342 597
4132 4338 401
4133 3418 407
4134 3547 568
4135 4960 404
4136 2909 371
4137 1783 472
4138 702 565
4139 1317 488
4140 2691 436
4141 61 476
4142 5696 396
4143 5807 429
4144 0 -1
4145 2054 474
4146 1804 365
4147 1370 437
4148 4088 453
4149 3451 427
4150 4146 406
4151 1877 302
4152 4323 469
4153 3731 405
4154 1094 341
4155 5807 397
4156 5644 614
4157 2269 564
4158 4669 359
4159 1895 407
4160 2895 473
4161 2454 535
4162 0 -1
4163 4943 460
4164 3238 404
4165 3347 597
4166 2871 521
4167 1202 341
4168 5531 530
4169 3093 395
4170 6422 498
4171 3123 662
4172 153 441
4173 6040 353
4174 5752 435
4175 2618 470
4176 3627 580
4177 77 481
4178 1782 523
4179 3661 485
4180 0 -1
4181 383 470
4182 1158 353
4183 0 -1
4184 395 439
4185 813 307
4186 1940 386
4187 4118 498
4188 0 -1
4189 4216 388
4190 3862 376
4191 3875 412
4192 5870 413
4193 1449 469
4194 2870 487
4195 2528 398
4196 5484 488
4197 3496 487
4198 4774 475
4199 2151 532
4200 5064 357
4201 2342 354
4202 2940 355
4203 3307 354
4204 1054 418
4205 6530 472
4206 2098 406
4207 6283 569
4208 719 398
4209 4429 471
4210 6163 387
4211 1681 342
4212 1727 486
4213 5651 340
4214 5259 498
4215 0 -1
4216 228 308
4217 2162 417
4218 42 382
4219 1028 310
4220 4435 484
4221 1720 543
4222 3508 560
4223 5817 449
4224 3288 425
4225 1365 504
4226 6145 433
4227 5236 424
4228 342 441
4229 5863 392
4230 5001 425
4231 2190 364
4232 2864 403
4233 678 305
4234 5340 403
4235 3019 386
4236 3506 585
4237 4130 458
4238 6597 317
4239 5851 563
4240 6510 417
4241 629 365
4242 2636 523
4243 4619 374
4244 5159 375
4245 1985 415
4246 3655 394
4247 3737 408
4248 6495 475
4249 2778 374
4250 4185 396
4251 283 311
4252 1278 400
4253 0 -1
4254 1451 391
4255 3669 453
4256 325 363
4257 6014 379
4258 787 389
4259 5897 391
4260 0 -1
4261 781 365
4262 4338 355
4263 704 470
4264 5580 355
4265 2195 428
4266 5223 469
4267 0 -1
4268 4509 454
4269 6590 495
4270 4511 451
4271 3515 499
4272 1227 503
4273 6023 415
4274 0 -1
4275 6120 458
4276 2988 504
4277 3256 543
4278 2254 276
4279 6166 369
4280 4732 317
4281 4235 444
4282 6595 469
4283 5595 424
4284 5291 260
4285 4588 372
4286 2405 362
4287 5999 107
4288 1825 435
4289 362 359
4290 5530 361
4291 2963 266
4292 1285 557
4293 1822 450
4294 2162 465
4295 6258 446
4296 0 -1
4297 2238 453
4298 3151 442
4299 4059 503
4300 2637 418
4301 0 -1
4302 6324 423
4303 4237 476
4304 3282 434
4305 5596 359
4306 6311 417
4307 5291 152
4308 0 -1
4309 5827 410
4310 4893 454
4311 3945 351
4312 6393 305
4313 0 -1
4314 2857 352
4315 1469 355
4316 1677 455
4317 724 525
4318 934 410
4319 2483 588
4320 1191 504
4321 2640 478
4322 6395 520
4323 4250 417
4324 0 -1
4325 1486 565
4326 27 380
4327 1712 512
4328 2902 432
4329 174 532
4330 45 295
4331 945 444
4332 5839 422
4333 1063 565
4334 3849 441
4335 2859 511
4336 1999 491
4337 6035 426
4338 5934 345
4339 5379 358
4340 3141 393
4341 1055 554
4342 143 432
4343 5726 291
4344 2706 500
4345 3355 445
4346 2993 417
4347 144 428
4348 4489 425
4349 1254 559
4350 3708 454
4351 4209 483
4352 234 535
4353 1535 395
4354 2417 465
4355 2518 459
4356 4767 450
4357 627 414
4358 3839 520
4359 4794 529
4360 1944 333
4361 4919 441
4362 6172 431
4363 4978 393
4364 2419 427
4365 3464 525
4366 4266 488
4367 0 -1
4368 5082 372
4369 3189 445
4370 0 -1
4371 2353 427
4372 0 -1
4373 5496 401
4374 2638 451
4375 615 369
4376 2878 482
4377 4420 319
4378 2106 392
4379 153 413
4380 3792 565
4381 1826 606
4382 37 506
4383 4587 428
4384 2963 365
4385 163 281
4386 2974 456
4387 1420 523
4388 5319 571
4389 4619 363
4390 2117 469
4391 1578 345
4392 4796 408
4393 522 301
4394 6309 168
4395 870 478
4396 6314 842
4397 323 407
4398 2568 495
4399 875 472
4400 5433 552
4401 0 -1
4402 3142 449
4403 2173 510
4404 2582 473
4405 4585 423
4406 3387 399
4407 0 -1
4408 4068 488
4409 6037 477
4410 5846 462
4411 3490 388
4412 5367 538
4413 1806 384
4414 2225 365
4415 5358 533
4416 6065 327
4417 5899 413
4418 5926 415
4419 3230 520
4420 5602 316
4421 2841 484
4422 5556 442
4423 0 -1
4424 1168 473
4425 2335 534
4426 3000 431
4427 5472 494
4428 130 441
4429 1026 456
4430 2924 345
4431 2786 401
4432 5439 463
4433 1869 442
4434 456 563
4435 6052 401
4436 4842 455
4437 5915 407
4438 384 479
4439 413 574
4440 4520 439
4441 2357 401
4442 751 434
4443 0 -1
4444 2362 500
4445 6246 409
4446 3343 495
4447 1677 490
4448 6413 344
4449 2309 471
4450 2995 364
4451 4950 350
4452 4837 449
4453 6288 527
4454 2162 462
4455 88 432
4456 3099 390
4457 2489 412
4458 4251 353
4459 3900 254
4460 744 426
4461 3441 462
4462 854 327
4463 1228 439
4464 1727 455
4465 0 -1
4466 169 535
4467 4289 384
4468 2046 520
4469 5078 629
4470 0 -1
4471 4539 536
4472 2716 483
4473 2498 381
4474 6160 561
4475 4343 322
4476 1664 449
4477 4031 448
4478 486 428
4479 1335 452
4480 1776 388
4481 155 426
4482 6022 362
4483 5856 532
4484 5013 502
4485 5306 458
4486 1847 407
4487 1528 666
4488 558 433
4489 6051 360
4490 0 -1
4491 4096 349
4492 5189 571
4493 2941 345
4494 2307 469
4495 4742 315
4496 5419 591
4497 0 -1
4498 3483 408
4499 3722 575
4500 5139 544
4501 307 377
4502 5892 411
4503 0 -1
4504 6039 444
4505 2989 443
4506 3251 409
4507 5113 415
4508 4932 363
4509 3134 442
4510 2917 420
4511 4189 422
4512 692 428
4513 4800 588
4514 3154 459
4515 1086 454
4516 5998 435
4517 5355 493
4518 6004 337
4519 902 434
4520 2724 398
4521 4414 385
4522 6051 386
4523 4937 457
4524 2377 416
4525 5882 334
4526 3074 352
4527 2853 565
4528 4561 469
4529 4989 267
4530 5704 516
4531 0 -1
4532 4824 453
4533 1053 327
4534 3774 383
4535 6002 401
4536 1448 482
4537 518 313
4538 6307 332
4539 2127 532
4540 2558 323
4541 334 559
4542 2158 435
4543 1904 347
4544 4475 420
4545 5216 476
4546 3338 490
4547 122 385
4548 4538 425
4549 513 460
4550 1856 596
4551 187 472
4552 5019 461
4553 4700 284
4554 1536 426
4555 5496 406
4556 34 556
4557 0 -1
4558 4259 469
4559 0 -1
4560 344 332
4561 1978 468
4562 2712 477
4563 6040 419
4564 5106 417
4565 1405 541
4566 3369 361
4567 0 -1
4568 5613 151
4569 4871 583
4570 4003 269
4571 2441 487
4572 539 480
4573 2874 539
4574 1803 359
4575 0 -1
4576 2343 399
4577 776 455
4578 5001 446
4579 3879 578
4580 5201 408
4581 4594 381
4582 5689 409
4583 4201 394
4584 1893 315
4585 4574 367
4586 1699 621
4587 2274 405
4588 4669 350
4589 6022 370
4590 3839 487
4591 3016 416
4592 0 -1
4593 2007 172
4594 3463 373
4595 4094 276
4596 5512 272
4597 5543 451
4598 3691 515
4599 941 311
4600 5139 489
4601 343 441
4602 5591 510
4603 2016 602
4604 5547 208
4605 2114 317
4606 1251 561
4607 1340 576
4608 4487 779
4609 2890 428
4610 3891 497
4611 2937 451
4612 5593 652
4613 652 446
4614 5572 376
4615 681 467
4616 2228 513
4617 0 -1
4618 4564 455
4619 44 335
4620 1814 456
4621 530 484
4622 1162 486
4623 0 -1
4624 2125 296
4625 2116 405
4626 2929 473
4627 2679 518
4628 3933 543
4629 3661 394
4630 5463 409
4631 5375 422
4632 4641 337
4633 2838 492
4634 375 439
4635 5226 508
4636 0 -1
4637 2823 428
4638 4922 490
4639 5652 359
4640 3418 398
4641 2007 220
4642 0 -1
4643 2296 453
4644 0 -1
4645 2549 380
4646 284 568
4647 1082 482
4648 4670 510
4649 3905 498
4650 4098 461
4651 4913 354
4652 1583 444
4653 1141 420
4654 0 -1
4655 1353 410
4656 5154 382
4657 2353 398
4658 965 435
4659 0 -1
4660 1015 410
4661 1888 407
4662 6597 365
4663 4070 440
4664 595 343
4665 1511 426
4666 4581 476
4667 2761 551
4668 51 233
4669 4003 268
4670 1479 423
4671 6341 337
4672 6014 375
4673 146 599
4674 587 409
4675 3397 531
4676 0 -1
4677 0 -1
4678 264 554
4679 5698 403
4680 5953 539
4681 3247 483
4682 274 406
4683 2341 455
4684 5788 423
4685 5597 394
4686 6246 324
4687 5044 404
4688 205 659
4689 3317 349
4690 4999 419
4691 6354 513
4692 6068 341
4693 1220 385
4694 2361 227
4695 5365 309
4696 519 469
4697 6065 423
4698 1940 372
4699 2687 549
4700 2138 263
4701 3048 571
4702 3595 565
4703 2880 425
4704 3621 386
4705 5524 237
4706 3672 664
4707 1783 475
4708 4935 436
4709 5908 500
4710 4956 493
4711 1590 485
4712 0 -1
4713 2809 494
4714 5629 579
4715 70 469
4716 5717 490
4717 3942 396
4718 2160 354
4719 5814 448
4720 2024 351
4721 5587 446
4722 744 420
4723 2002 498
4724 6162 423
4725 4637 478
4726 937 402
4727 5687 385
4728 5687 414
4729 0 -1
4730 6331 444
4731 2946 462
4732 4705 268
4733 3073 487
4734 2595 600
4735 6341 267
4736 877 447
4737 5572 365
4738 5113 386
4739 1731 494
4740 2057 466
4741 771 464
4742 6299 314
4743 2552 276
4744 3066 413
4745 2976 464
4746 2392 520
4747 4128 455
4748 4818 408
4749 0 -1
4750 5979 430
4751 3173 534
4752 2820 383
4753 4219 318
4754 5726 293
4755 2808 411
4756 4855 455
4757 690 457
4758 2694 421
4759 3480 498
4760 3220 513
4761 1517 413
4762 4903 494
4763 5879 512
4764 0 -1
4765 5829 463
4766 6577 356
4767 5410 409
4768 1659 441
4769 2924 353
4770 3131 417
4771 5812 178
4772 5405 568
4773 2240 397
4774 5172 407
4775 5310 512
4776 4987 369
4777 2264 346
4778 1446 469
4779 0 -1
4780 153 370
4781 6393 364
4782 1381 506
4783 5867 542
4784 3520 464
4785 554 491
4786 3892 597
4787 2360 400
4788 5288 315
4789 2102 615
4790 2126 423
4791 3419 514
4792 5311 495
4793 4340 413
4794 2973 447
4795 3926 279
4796 4389 372
4797 3470 415
4798 1288 268
4799 3838 488
4800 5347 489
4801 744 493
4802 2281 367
4803 2916 450
4804 4104 416
4805 0 -1
4806 4874 366
4807 5895 448
4808 0 -1
4809 5842 505
4810 5982 554
4811 0 -1
4812 4006 434
4813 0 -1
4814 2043 313
4815 0 -1
4816 726 397
4817 3243 536
4818 4692 382
4819 1674 349
4820 2616 500
4821 4265 472
4822 3893 522
4823 2361 301
4824 343 435
4825 6374 389
4826 2577 551
4827 5029 429
4828 5302 482
4829 3151 428
4830 4981 414
4831 4787 455
4832 4665 471
4833 2414 423
4834 2455 404
4835 1742 493
4836 4774 456
4837 4235 432
4838 5120 463
4839 5932 430
4840 654 533
4841 5945 442
4842 6532 396
4843 1576 403
4844 1849 485
4845 3294 475
4846 3607 443
4847 2024 378
4848 4051 537
4849 1729 462
4850 0 -1
4851 222 419
4852 2796 315
4853 3190 496
4854 2626 219
4855 1292 411
4856 758 475
4857 6588 455
4858 4363 408
4859 1071 482
4860 0 -1
4861 0 -1
4862 1519 483
4863 3228 513
4864 6587 510
4865 0 -1
4866 4854 255
4867 922 422
4868 4553 315
4869 1895 331
4870 261 535
4871 2354 500
4872 4213 415
4873 2962 378
4874 6080 359
4875 4723 550
4876 5072 411
4877 5003 524
4878 3979 382
4879 2185 416
4880 3397 602
4881 6581 457
4882 5740 491
4883 1586 493
4884 0 -1
4885 1000 428
4886 6232 449
4887 4118 415
4888 2227 393
4889 4878 422
4890 5974 633
4891 6493 476
4892 2095 463
4893 6575 390
4894 3830 525
4895 733 542
4896 2100 485
4897 594 490
4898 0 -1
4899 4413 474
4900 3819 580
4901 5144 411
4902 1205 469
4903 4796 480
4904 3300 372
4905 106 426
4906 3515 526
4907 5810 410
4908 0 -1
4909 1996 371
4910 6165 437
4911 1202 346
4912 1923 311
4913 2138 282
4914 3713 462
4915 1207 432
4916 3008 440
4917 6509 518
4918 2079 464
4919 202 354
4920 6053 319
4921 5213 396
4922 2155 434
4923 5552 483
4924 3349 462
4925 5245 470
4926 1082 495
4927 6417 382
4928 1773 407
4929 4537 403
4930 0 -1
4931 2714 382
4932 5179 353
4933 6403 455
4934 1877 331
4935 3221 384
4936 3471 301
4937 4726 406
4938 3121 512
4939 4216 400
4940 759 513
4941 1828 526
4942 6042 505
4943 3108 454
4944 5902 429
4945 937 409
4946 686 485
4947 0 -1
4948 1859 411
4949 1488 437
4950 4854 283
4951 0 -1
4952 3074 339
4953 4787 449
4954 3945 342
4955 4912 334
4956 5112 422
4957 5184 527
4958 1885 485
4959 5602 436
4960 1926 399
4961 6001 400
4962 4839 484
4963 3094 301
4964 931 457
4965 4373 416
4966 6179 561
4967 2920 394
4968 2484 376
4969 3819 619
4970 2738 251
4971 2039 355
4972 6212 438
4973 5360 421
4974 782 403
4975 2116 429
4976 0 -1
4977 1815 459
4978 4589 382
4979 5368 374
4980 1035 395
4981 5596 323
4982 0 -1
4983 5383 297
4984 4686 427
4985 4158 400
4986 4841 449
4987 2581 297
4988 4211 372
4989 6336 241
4990 5340 446
4991 3649 272
4992 5695 539
4993 1837 486
4994 3811 429
4995 6146 479
4996 6527 455
4997 0 -1
4998 537 517
4999 4814 329
5000 5264 528
5001 6573 421
5002 2705 567
5003 385 433
5004 1923 305
5005 1194 281
5006 1044 512
5007 4992 577
5008 1883 440
5009 309 500
5010 1064 469
5011 2957 520
5012 743 431
5013 2991 457
5014 4933 490
5015 2924 304
5016 3976 455
5017 3418 486
5018 5845 613
5019 1289 404
5020 4641 279
5021 0 -1
5022 2142 505
5023 5916 517
5024 0 -1
5025 884 336
5026 0 -1
5027 5272 426
5028 3445 410
5029 4203 376
5030 0 -1
5031 6320 430
5032 0 -1
5033 2857 416
5034 4970 365
5035 343 397
5036 629 438
5037 938 615
5038 0 -1
5039 966 471
5040 4963 382
5041 2378 516
5042 0 -1
5043 6042 466
5044 5281 325
5045 5310 487
5046 3327 447
5047 2640 449
5048 507 428
5049 1301 348
5050 5566 478
5051 2656 447
5052 1940 434
5053 303 527
5054 3691 438
5055 2930 531
5056 0 -1
5057 70 439
5058 1884 518
5059 4385 382
5060 1296 460
5061 5835 491
5062 132 424
5063 3317 277
5064 6299 315
5065 1061 360
5066 6009 556
5067 6446 342
5068 5194 452
5069 6024 454
5070 5211 500
5071 4798 304
5072 3096 364
5073 4373 462
5074 3550 258
5075 4692 392
5076 4960 403
5077 1983 411
5078 4667 624
5079 4002 521
5080 5888 309
5081 507 479
5082 1028 342
5083 3092 391
5084 4780 438
5085 4307 219
5086 3201 429
5087 1038 441
5088 5428 492
5089 1183 382
5090 1894 690
5091 1008 447
5092 34 484
5093 1969 442
5094 6575 434
5095 6270 478
5096 3601 608
5097 6226 415
5098 4754 378
5099 3619 481
5100 5636 357
5101 3774 338
5102 4873 405
5103 3814 391
5104 2870 420
5105 5744 417
5106 3703 409
5107 3736 404
5108 6162 492
5109 2409 415
5110 520 555
5111 5725 442
5112 3423 396
5113 4385 303
5114 199 505
5115 3912 472
5116 6008 330
5117 561 591
5118 3565 491
5119 1147 510
5120 276 422
5121 1272 405
5122 2176 385
5123 1227 451
5124 2529 460
5125 1017 506
5126 5527 526
5127 2308 473
5128 2019 403
5129 421 526
5130 6547 458
5131 2106 406
5132 5183 533
5133 2985 435
5134 159 566
5135 4290 369
5136 155 499
5137 15 331
5138 603 478
5139 6442 424
5140 5926 443
5141 3211 400
5142 4182 411
5143 4707 568
5144 6192 392
5145 1139 363
5146 6450 567
5147 1120 563
5148 2136 500
5149 3579 364
5150 1634 433
5151 1439 413
5152 4713 600
5153 5957 482
5154 5285 336
5155 3401 518
5156 5613 178
5157 3348 142
5158 132 449
5159 2052 352
5160 1547 451
5161 5851 475
5162 2475 440
5163 791 367
5164 1961 491
5165 4674 423
5166 1678 319
5167 6218 504
5168 6190 367
5169 2158 410
5170 2691 428
5171 5964 482
5172 3074 339
5173 1446 486
5174 215 497
5175 1056 526
5176 594 540
5177 4307 169
5178 5789 471
5179 4604 235
5180 3396 580
5181 1691 413
5182 6253 447
5183 2143 531
5184 5791 501
5185 3315 489
5186 4420 407
5187 4689 403
5188 4988 394
5189 630 486
5190 305 508
5191 232 422
5192 390 482
5193 1904 308
5194 5954 449
5195 3815 248
5196 6348 499
5197 0 -1
5198 1776 408
5199 5895 412
5200 2704 589
5201 6268 372
5202 5828 391
5203 3674 584
5204 744 459
5205 0 -1
5206 2018 384
5207 403 645
5208 2808 450
5209 3492 397
5210 5114 549
5211 6573 381
5212 2146 451
5213 1517 384
5214 3425 490
5215 54 448
5216 1306 418
5217 677 462
5218 3783 466
5219 3894 574
5220 3334 305
5221 5888 257
5222 2556 389
5223 288 360
5224 486 393
5225 2878 392
5226 943 487
5227 2272 281
5228 71 492
5229 6551 457
5230 0 -1
5231 4581 463
5232 87 479
5233 2621 345
5234 5321 463
5235 3529 530
5236 2539 416
5237 3483 417
5238 416 457
5239 2693 468
5240 6264 494
5241 5188 439
5242 2763 429
5243 6005 431
5244 3467 391
5245 6108 453
5246 1158 418
5247 3998 386
5248 6297 349
5249 454 401
5250 5812 158
5251 5524 286
5252 4394 267
5253 2532 457
5254 1549 523
5255 3281 569
5256 6600 457
5257 4078 391
5258 881 483
5259 2120 425
5260 3019 424
5261 760 425
5262 1858 248
5263 5531 508
5264 3131 412
5265 0 -1
5266 832 457
5267 246 394
5268 2752 456
5269 3113 295
5270 3776 528
5271 4635 566
5272 2882 382
5273 217 469
5274 4630 486
5275 3398 492
5276 0 -1
5277 5910 509
5278 0 -1
5279 4546 525
5280 4391 404
5281 4795 296
5282 4973 498
5283 4629 500
5284 4796 398
5285 6336 262
5286 4521 432
5287 4987 344
5288 2586 248
5289 1389 540
5290 3114 532
5291 1858 143
5292 5733 405
5293 5621 527
5294 41 462
5295 4825 390
5296 5061 527
5297 4523 461
5298 5179 344
5299 5194 548
5300 1737 405
5301 4262 361
5302 1068 367
5303 5239 492
5304 314 300
5305 1544 284
5306 5736 453
5307 550 546
5308 5914 441
5309 2359 478
5310 3149 406
5311 1840 470
5312 2141 500
5313 1892 445
5314 2838 420
5315 3189 504
5316 1792 466
5317 671 500
5318 3022 399
5319 2206 507
5320 4954 349
5321 2815 436
5322 2944 399
5323 2677 326
5324 6347 250
5325 503 409
5326 3368 584
5327 3823 411
5328 3211 398
5329 4506 451
5330 4994 434
5331 6162 416
5332 3670 261
5333 3213 408
5334 6002 398
5335 309 559
5336 5914 461
5337 953 544
5338 4692 416
5339 3673 341
5340 804 401
5341 2480 366
5342 2156 509
5343 4422 457
5344 0 -1
5345 5741 467
5346 4068 375
5347 4123 436
5348 2759 381
5349 4451 438
5350 344 355
5351 4879 447
5352 4831 519
5353 3370 627
5354 1758 609
5355 6319 469
5356 2078 479
5357 0 -1
5358 6403 437
5359 5671 360
5360 941 306
5361 1783 455
5362 274 418
5363 4560 444
5364 4562 551
5365 3459 303
5366 4511 455
5367 3337 531
5368 6466 346
5369 3977 293
5370 0 -1
5371 5896 514
5372 3760 428
5373 5563 411
5374 3295 414
5375 312 401
5376 5004 396
5377 45 315
5378 1096 465
5379 1187 339
5380 5329 554
5381 6449 543
5382 5661 502
5383 518 286
5384 2477 515
5385 2253 564
5386 1629 453
5387 460 492
5388 6392 453
5389 4919 452
5390 1170 483
5391 4436 522
5392 387 462
5393 2981 434
5394 5897 467
5395 6022 388
5396 0 -1
5397 1424 418
5398 656 406
5399 5892 379
5400 5745 502
5401 1684 496
5402 5454 496
5403 6485 431
5404 4905 496
5405 2047 490
5406 3631 395
5407 3832 467
5408 2677 316
5409 3736 414
5410 1666 387
5411 227 376
5412 3457 413
5413 206 474
5414 1401 528
5415 0 -1
5416 5112 427
5417 4869 414
5418 3490 372
5419 5401 499
5420 5903 447
5421 6550 483
5422 6355 417
5423 2114 286
5424 1163 480
5425 4843 474
5426 863 533
5427 3134 439
5428 2996 401
5429 5070 587
5430 4697 426
5431 4213 368
5432 5859 371
5433 2135 479
5434 0 -1
5435 0 -1
5436 845 496
5437 1463 508
5438 3954 413
5439 5572 451
5440 2702 420
5441 2726 442
5442 0 -1
5443 569 310
5444 2235 663
5445 5103 411
5446 2764 387
5447 3843 381
5448 6293 447
5449 5600 466
5450 4639 428
5451 4522 408
5452 274 374
5453 4024 475
5454 2748 485
5455 1750 455
5456 0 -1
5457 1634 452
5458 1994 443
5459 1234 486
5460 927 520
5461 0 -1
5462 232 411
5463 3265 380
5464 0 -1
5465 4314 447
5466 3053 429
5467 0 -1
5468 6204 383
5469 2238 440
5470 4413 408
5471 2810 473
5472 614 388
5473 6026 377
5474 118 389
5475 511 492
5476 6023 391
5477 5857 487
5478 2953 505
5479 5546 495
5480 0 -1
5481 677 420
5482 4462 405
5483 5048 444
5484 5186 416
5485 5122 399
5486 0 -1
5487 123 418
5488 4916 524
5489 3389 510
5490 3475 398
5491 87 489
5492 666 528
5493 6590 432
5494 1070 400
5495 6255 328
5496 5701 331
5497 1023 407
5498 2236 505
5499 3334 327
5500 0 -1
5501 4885 508
5502 532 376
5503 1564 473
5504 29 103
5505 703 493
5506 24 398
5507 6003 357
5508 3215 393
5509 2607 459
5510 4314 406
5511 1306 418
5512 2361 235
5513 5888 363
5514 2301 382
5515 4698 460
5516 834 409
5517 4093 402
5518 5376 396
5519 1051 403
5520 3223 512
5521 4032 374
5522 0 -1
5523 1342 409
5524 4854 237
5525 6549 383
5526 1853 410
5527 2785 490
5528 2012 508
5529 5285 320
5530 5549 316
5531 4722 447
5532 291 391
5533 5264 434
5534 755 430
5535 6109 473
5536 5938 492
5537 6505 456
5538 0 -1
5539 1726 550
5540 1667 453
5541 3479 478
5542 4720 463
5543 6337 395
5544 3093 478
5545 5445 419
5546 2421 423
5547 5613 161
5548 0 -1
5549 2738 265
5550 845 417
5551 0 -1
5552 5972 437
5553 5228 538
5554 6532 366
5555 4140 528
5556 580 441
5557 5383 321
5558 689 454
5559 3737 502
5560 5870 436
5561 2665 425
5562 5693 580
5563 6520 397
5564 5741 418
5565 0 -1
5566 1909 468
5567 3806 443
5568 4248 504
5569 0 -1
5570 4912 359
5571 2764 399
5572 458 350
5573 1940 386
5574 0 -1
5575 2909 412
5576 1335 451
5577 2941 280
5578 910 549
5579 3778 504
5580 1167 334
5581 1156 541
5582 3357 393
5583 4201 456
5584 1251 480
5585 4770 426
5586 5956 439
5587 6317 427
5588 4300 501
5589 5567 500
5590 2180 682
5591 3789 411
5592 0 -1
5593 2287 533
5594 1052 511
5595 2434 398
5596 3670 266
5597 1122 381
5598 3619 438
5599 4689 454
5600 3621 413
5601 1111 495
5602 5195 316
5603 0 -1
5604 5837 410
5605 984 574
5606 1901 108
5607 1804 418
5608 2118 645
5609 464 493
5610 1271 519
5611 1283 412
5612 4750 456
5613 5999 102
5614 4568 225
5615 1447 422
5616 5893 286
5617 5499 395
5618 966 525
5619 6560 446
5620 6043 431
5621 554 474
5622 0 -1
5623 4345 504
5624 3064 466
5625 0 -1
5626 0 -1
5627 5104 451
5628 199 426
5629 2711 475
5630 4315 436
5631 2324 534
5632 6177 506
5633 1265 509
5634 2211 531
5635 233 578
5636 2963 343
5637 2967 446
5638 2584 515
5639 3042 398
5640 4042 422
5641 1003 541
5642 5463 434
5643 5272 473
5644 2518 547
5645 6371 655
5646 5384 565
5647 3532 469
5648 0 -1
5649 1276 382
5650 4614 379
5651 3113 267
5652 3459 311
5653 4164 429
5654 6487 431
5655 4280 367
5656 5113 317
5657 3903 377
5658 2351 329
5659 0 -1
5660 0 -1
5661 6192 448
5662 443 463
5663 2062 518
5664 6192 345
5665 2788 344
5666 3096 359
5667 4206 457
5668 568 380
5669 97 379
5670 5313 479
5671 854 343
5672 4797 486
5673 2822 428
5674 3369 363
5675 4462 350
5676 921 518
5677 1278 446
5678 18 441
5679 1313 432
5680 3492 394
5681 2268 354
5682 0 -1
5683 1791 463
5684 6221 500
5685 4430 451
5686 6556 423
5687 170 370
5688 3020 416
5689 3109 404
5690 5326 686
5691 892 488
5692 5873 360
5693 4867 486
5694 1310 375
5695 57 470
5696 51 314
5697 2793 486
5698 3307 364
5699 2713 431
5700 6479 488
5701 5614 302
5702 421 497
5703 6268 383
5704 2732 427
5705 6310 478
5706 6236 450
5707 697 451
5708 5198 409
5709 662 478
5710 2412 335
5711 2162 421
5712 1293 523
5713 1310 361
5714 4340 494
5715 4568 196
5716 1097 496
5717 2332 409
5718 1170 437
5719 876 569
5720 2506 479
5721 0 -1
5722 387 500
5723 5498 552
5724 2981 449
5725 1175 373
5726 653 268
5727 533 531
5728 2541 576
5729 2323 442
5730 2592 752
5731 5664 450
5732 5597 383
5733 1228 348
5734 1424 307
5735 391 559
5736 4213 384
5737 6192 349
5738 4664 401
5739 0 -1
5740 2690 466
5741 3016 411
5742 3698 484
5743 136 412
5744 6155 399
5745 3661 470
5746 1737 414
5747 0 -1
5748 1023 380
5749 6547 431
5750 3155 374
5751 715 433
5752 6579 400
5753 0 -1
5754 1590 480
5755 1462 409
5756 4658 497
5757 6204 452
5758 2901 460
5759 695 474
5760 6532 385
5761 4537 368
5762 4672 478
5763 2633 484
5764 2154 423
5765 839 395
5766 3585 558
5767 843 435
5768 6007 362
5769 4992 562
5770 5586 453
5771 950 449
5772 3372 419
5773 6148 517
5774 5749 544
5775 6245 428
5776 44 325
5777 2988 453
5778 3063 422
5779 1388 493
5780 5121 436
5781 3587 315
5782 5035 458
5783 3823 385
5784 4194 534
5785 1861 402
5786 5287 409
5787 1870 538
5788 1133 393
5789 3565 457
5790 3093 422
5791 4130 459
5792 6303 507
5793 4305 478
5794 6051 411
5795 2769 529
5796 2770 467
5797 2052 346
5798 3173 531
5799 1058 371
5800 245 497
5801 5126 531
5802 3674 541
5803 2530 469
5804 4116 372
5805 6102 481
5806 5304 312
5807 4459 313
5808 5248 398
5809 326 393
5810 5144 398
5811 2468 824
5812 6309 146
5813 3322 358
5814 1904 331
5815 3021 469
5816 2058 491
5817 771 401
5818 1663 534
5819 3074 329
5820 5694 385
5821 848 418
5822 0 -1
5823 3913 447
5824 4755 516
5825 1572 440
5826 6559 531
5827 2091 365
5828 5040 386
5829 5731 457
5830 3226 374
5831 168 295
5832 1465 535
5833 4824 503
5834 5365 307
5835 3735 444
5836 5512 350
5837 4256 394
5838 3459 383
5839 4529 344
5840 1373 441
5841 1276 376
5842 1926 394
5843 1709 467
5844 2486 458
5845 5627 536
5846 3441 407
5847 2153 398
5848 2543 402
5849 0 -1
5850 1938 314
5851 4839 461
5852 2041 429
5853 1787 386
5854 970 391
5855 3686 438
5856 596 435
5857 5619 482
5858 3033 606
5859 3459 369
5860 3492 459
5861 3506 531
5862 2845 497
5863 2125 283
5864 2074 492
5865 6173 315
5866 3000 433
5867 6284 508
5868 5651 334
5869 614 462
5870 5652 370
5871 6577 381
5872 5165 539
5873 3579 311
5874 0 -1
5875 1464 414
5876 5835 460
5877 2101 446
5878 903 432
5879 6333 510
5880 6544 457
5881 812 421
5882 854 316
5883 5395 398
5884 5545 486
5885 2593 322
5886 5262 287
5887 3957 594
5888 4604 246
5889 3966 442
5890 3072 393
5891 1108 483
5892 2264 341
5893 5524 270
5894 0 -1
5895 6516 372
5896 6202 428
5897 5521 389
5898 648 328
5899 5324 368
5900 1833 481
5901 1403 451
5902 570 383
5903 6012 439
5904 1348 440
5905 2448 365
5906 1133 435
5907 3452 469
5908 2147 447
5909 1070 474
5910 1018 495
5911 1354 483
5912 28 389
5913 4553 404
5914 3932 434
5915 6573 384
5916 749 415
5917 2163 606
5918 0 -1
5919 5881 433
5920 5955 487
5921 6538 589
5922 326 373
5923 1744 409
5924 4773 472
5925 4887 457
5926 3249 353
5927 3699 429
5928 4970 297
5929 6523 527
5930 302 488
5931 4665 512
5932 2864 400
5933 3325 466
5934 6173 307
5935 1755 486
5936 4285 441
5937 879 498
5938 1276 399
5939 5577 353
5940 5701 406
5941 3024 565
5942 4562 533
5943 0 -1
5944 6460 487
5945 664 428
5946 3668 418
5947 5350 410
5948 1435 555
5949 1310 405
5950 1260 458
5951 3077 427
5952 6166 347
5953 3504 451
5954 2601 342
5955 2556 475
5956 3707 370
5957 1680 381
5958 0 -1
5959 3310 400
5960 2410 393
5961 0 -1
5962 1269 409
5963 0 -1
5964 3413 472
5965 3355 506
5966 2350 460
5967 3611 449
5968 3407 568
5969 5269 393
5970 5107 446
5971 4410 475
5972 1951 398
5973 6252 534
5974 2228 610
5975 5160 565
5976 4069 593
5977 2208 571
5978 5033 468
5979 3240 374
5980 1646 450
5981 1064 460
5982 6029 505
5983 0 -1
5984 1692 519
5985 0 -1
5986 0 -1
5987 0 -1
5988 0 -1
5989 100 428
5990 466 442
5991 2444 562
5992 6343 426
5993 599 420
5994 6004 390
5995 2756 400
5996 6107 537
5997 1674 301
5998 1220 428
5999 29 75
6000 175 555
6001 2159 340
6002 2558 359
6003 5080 323
6004 4814 317
6005 1408 381
6006 3946 414
6007 1276 336
6008 3094 315
6009 1694 486
6010 666 455
6011 2255 459
6012 4291 321
6013 1812 502
6014 2726 364
6015 4261 392
6016 1506 437
6017 1754 437
6018 2956 543
6019 1827 314
6020 6158 431
6021 1927 449
6022 2254 361
6023 3587 318
6024 1372 384
6025 2813 542
6026 3708 369
6027 4119 477
6028 5441 504
6029 4767 421
6030 3712 513
6031 4185 349
6032 734 433
6033 5220 393
6034 5157 184
6035 1228 331
6036 1729 461
6037 5882 416
6038 0 -1
6039 5893 344
6040 3322 313
6041 4970 367
6042 721 430
6043 5669 396
6044 6446 242
6045 2602 419
6046 0 -1
6047 2481 491
6048 4257 430
6049 5886 340
6050 5179 355
6051 6019 316
6052 4581 399
6053 5195 317
6054 4585 378
6055 1360 526
6056 3800 477
6057 0 -1
6058 5087 553
6059 2774 444
6060 639 576
6061 5140 474
6062 4146 434
6063 283 345
6064 1392 459
6065 4393 314
6066 864 419
6067 4896 490
6068 1474 339
6069 5831 348
6070 4385 281
6071 3262 381
6072 6580 453
6073 1585 586
6074 3986 450
6075 6512 505
6076 1273 404
6077 0 -1
6078 6395 458
6079 2786 484
6080 5262 313
6081 2189 379
6082 1264 511
6083 5260 461
6084 1427 506
6085 0 -1
6086 5808 441
6087 4669 292
6088 1038 432
6089 787 393
6090 3279 479
6091 6573 394
6092 0 -1
6093 1787 396
6094 1536 451
6095 5453 503
6096 86 316
6097 531 596
6098 3022 449
6099 836 542
6100 4064 455
6101 5772 450
6102 2994 475
6103 4315 375
6104 3532 508
6105 2771 514
6106 4459 298
6107 2083 472
6108 6205 392
6109 66 462
6110 5836 369
6111 2642 412
6112 6058 566
6113 3519 496
6114 1148 502
6115 5662 499
6116 2792 519
6117 5470 430
6118 6477 524
6119 2620 395
6120 5665 374
6121 1336 476
6122 0 -1
6123 2035 456
6124 0 -1
6125 3322 311
6126 1073 515
6127 5552 548
6128 5028 486
6129 4252 404
6130 3459 332
6131 4103 607
6132 5959 499
6133 1439 412
6134 1400 596
6135 0 -1
6136 2859 421
6137 6255 378
6138 3839 467
6139 2812 455
6140 2789 442
6141 604 484
6142 5027 524
6143 4343 294
6144 2690 422
6145 2789 411
6146 494 448
6147 2749 510
6148 3806 418
6149 4101 397
6150 839 396
6151 2302 470
6152 5115 489
6153 3958 461
6154 0 -1
6155 4062 378
6156 0 -1
6157 6216 504
6158 1068 423
6159 3621 440
6160 1782 475
6161 5156 259
6162 3596 409
6163 2572 378
6164 5065 378
6165 1505 431
6166 1893 339
6167 5186 507
6168 660 557
6169 3681 536
6170 3277 563
6171 1693 517
6172 5065 392
6173 2114 237
6174 4217 432
6175 2602 439
6176 6303 453
6177 5027 469
6178 5810 477
6179 1358 458
6180 4907 471
6181 1115 458
6182 0 -1
6183 4663 457
6184 4284 310
6185 3770 495
6186 2295 460
6187 3637 602
6188 1424 305
6189 2308 471
6190 5499 362
6191 2158 478
6192 359 334
6193 2942 481
6194 4265 486
6195 1437 503
6196 2106 359
6197 2827 505
6198 0 -1
6199 532 453
6200 1272 460
6201 3515 496
6202 2361 330
6203 6422 445
6204 5302 380
6205 1827 369
6206 470 369
6207 3437 391
6208 5465 466
6209 3692 501
6210 0 -1
6211 4542 435
6212 315 425
6213 4480 394
6214 433 508
6215 2448 395
6216 162 393
6217 6031 417
6218 5904 494
6219 3450 464
6220 0 -1
6221 1170 438
6222 4017 293
6223 6045 484
6224 4691 513
6225 4191 419
6226 5859 379
6227 2146 539
6228 1385 392
6229 1904 369
6230 2775 420
6231 1470 487
6232 3226 347
6233 421 473
6234 0 -1
6235 1244 534
6236 3799 446
6237 1697 319
6238 0 -1
6239 3540 376
6240 5596 357
6241 4223 493
6242 5952 395
6243 3018 382
6244 3750 487
6245 5838 402
6246 4743 316
6247 5221 298
6248 2259 491
6249 5179 336
6250 1762 418
6251 537 425
6252 3134 470
6253 4994 443
6254 2795 371
6255 4018 316
6256 5799 378
6257 6597 319
6258 3386 407
6259 3677 503
6260 4457 468
6261 2016 557
6262 6466 394
6263 0 -1
6264 6193 481
6265 1363 372
6266 2829 482
6267 3153 460
6268 134 268
6269 2739 310
6270 1996 371
6271 1817 499
6272 5786 428
6273 638 408
6274 3251 415
6275 0 -1
6276 1500 495
6277 6242 464
6278 213 380
6279 1478 514
6280 6562 439
6281 4149 516
6282 2356 337
6283 5472 489
6284 839 457
6285 1961 494
6286 3506 599
6287 2724 375
6288 2902 418
6289 3044 424
6290 5681 396
6291 5817 443
6292 0 -1
6293 3076 414
6294 6454 457
6295 5564 490
6296 5529 372
6297 844 285
6298 3394 518
6299 2361 258
6300 2502 435
6301 4570 270
6302 3510 392
6303 196 401
6304 927 589
6305 2935 440
6306 0 -1
6307 5074 307
6308 0 -1
6309 5606 120
6310 2656 443
6311 4018 369
6312 2650 401
6313 857 600
6314 3644 820
6315 2243 446
6316 4935 417
6317 999 367
6318 6545 441
6319 3415 435
6320 6106 367
6321 777 460
6322 2699 482
6323 6307 381
6324 5499 327
6325 2652 449
6326 5025 434
6327 4295 562
6328 2915 442
6329 5817 427
6330 2440 408
6331 1005 391
6332 4563 516
6333 1536 476
6334 4252 411
6335 1404 407
6336 5291 162
6337 6247 353
6338 0 -1
6339 4526 425
6340 1431 487
6341 4307 220
6342 4378 430
6343 6125 371
6344 3299 470
6345 2167 439
6346 2418 452
6347 5547 241
6348 4280 394
6349 767 393
6350 1054 411
6351 1806 434
6352 794 420
6353 110 478
6354 6163 428
6355 362 371
6356 1781 576
6357 0 -1
6358 1278 432
6359 2014 435
6360 4394 281
6361 2788 437
6362 5952 410
6363 4403 516
6364 2115 532
6365 1071 463
6366 5033 505
6367 3525 459
6368 4371 476
6369 4577 485
6370 0 -1
6371 4000 627
6372 5260 476
6373 2886 467
6374 4360 384
6375 3449 484
6376 4302 528
6377 6542 543
6378 870 443
6379 3525 432
6380 6023 357
6381 0 -1
6382 122 396
6383 5063 319
6384 1186 432
6385 5111 533
6386 1830 439
6387 5109 483
6388 4798 371
6389 1175 363
6390 3974 509
6391 2106 423
6392 2103 402
6393 4553 296
6394 3344 452
6395 5952 425
6396 485 418
6397 6578 634
6398 5407 565
6399 2489 365
6400 0 -1
6401 969 564
6402 3671 408
6403 5034 436
6404 210 471
6405 5293 533
6406 1737 462
6407 5915 473
6408 1550 534
6409 4719 532
6410 2700 433
6411 4707 494
6412 4194 576
6413 4596 311
6414 0 -1
6415 0 -1
6416 2440 308
6417 4950 324
6418 0 -1
6419 2741 448
6420 980 492
6421 5572 453
6422 1468 415
6423 0 -1
6424 4493 418
6425 0 -1
6426 4700 377
6427 5172 352
6428 0 -1
6429 4167 421
6430 1601 437
6431 4580 480
6432 1060 418
6433 1705 447
6434 5340 449
6435 6043 422
6436 4728 478
6437 3621 420
6438 1405 531
6439 2466 389
6440 3666 433
6441 113 373
6442 1195 397
6443 6511 511
6444 5474 458
6445 3190 510
6446 3554 239
6447 3549 465
6448 76 418
6449 1465 517
6450 1892 449
6451 6106 374
6452 3364 414
6453 0 -1
6454 5703 446
6455 76 442
6456 4989 290
6457 1825 446
6458 2640 442
6459 4537 317
6460 1871 468
6461 2500 491
6462 4337 471
6463 4519 450
6464 1549 530
6465 2834 458
6466 1424 336
6467 4022 373
6468 4996 470
6469 5174 602
6470 1441 321
6471 6143 335
6472 0 -1
6473 2566 575
6474 6475 416
6475 4955 374
6476 1102 453
6477 1126 409
6478 142 444
6479 1868 469
6480 4495 343
6481 2640 486
6482 1408 358
6483 3418 453
6484 3576 319
6485 3774 404
6486 2266 522
6487 925 389
6488 4255 489
6489 589 538
6490 3625 512
6491 6551 431
6492 6251 467
6493 4182 374
6494 1658 470
6495 1142 453
6496 3265 405
6497 1631 563
6498 1667 495
6499 3207 507
6500 2985 332
6501 5768 446
6502 1796 584
6503 6265 423
6504 3449 456
6505 5868 349
6506 5033 454
6507 643 403
6508 557 422
6509 6378 493
6510 371 404
6511 5617 422
6512 4748 408
6513 6458 481
6514 0 -1
6515 4887 458
6516 5085 313
6517 3848 499
6518 6293 442
6519 4445 511
6520 5369 373
6521 4938 602
6522 857 575
6523 1670 440
6524 5256 471
6525 759 490
6526 2764 351
6527 5304 417
6528 2529 468
6529 1834 482
6530 4983 412
6531 4391 379
6532 359 364
6533 5496 419
6534 3921 511
6535 1968 407
6536 790 408
6537 3109 434
6538 4597 531
6539 5524 304
6540 3673 434
6541 1358 443
6542 1108 476
6543 3494 302
6544 3708 451
6545 2864 390
6546 1124 398
6547 2176 402
6548 1537 491
6549 5179 355
6550 4190 418
6551 3254 387
6552 3681 585
6553 6231 530
6554 4479 529
6555 5700 497
6556 3418 402
6557 1586 448
6558 5627 541
6559 3607 492
6560 1850 407
6561 6531 436
6562 3799 404
6563 4437 419
6564 2772 533
6565 950 500
6566 757 322
6567 2966 456
6568 5431 420
6569 2467 503
6570 4686 350
6571 657 510
6572 3167 354
6573 6222 359
6574 2149 515
6575 2724 362
6576 4909 421
6577 4343 331
6578 6438 604
6579 4385 328
6580 5211 410
6581 2559 442
6582 0 -1
6583 0 -1
6584 3120 504
6585 1343 458
6586 122 426
6587 2813 440
6588 4289 440
6589 5650 467
6590 4587 410
6591 3543 425
6592 1357 458
6593 0 -1
6594 4391 400
6595 2103 393
6596 5100 390
6597 644 301
6598 3045 348
6599 2355 553
6600 4122 447
