4
1 0 -1
2 3470 423
3 0 -1
4 4 0
5 5624 316
6 0 -1
7 2732 387
8 378 219
9 4647 299
10 3773 281
11 6527 321
12 0 -1
13 1569 283
14 329 168
15 1809 237
16 1402 412
17 2568 300
18 6346 287
19 5431 308
20 83 284
21 60 203
22 5484 273
23 1293 392
24 2859 196
25 151 406
26 3925 323
27 5499 322
28 5025 331
29 4855 408
30 5037 238
31 0 -1
32 116 361
33 5737 193
34 1645 216
35 3484 387
36 2248 337
37 4818 291
38 5902 372
39 2153 354
40 5840 285
41 3369 295
42 4247 286
43 558 363
44 4291 275
45 1283 315
46 134 368
47 1617 652
48 790 376
49 4119 412
50 3169 372
51 3112 340
52 855 369
53 2271 363
54 3342 371
55 3324 423
56 849 293
57 4190 215
58 0 -1
59 1504 390
60 6165 180
61 3728 334
62 2225 329
63 2293 217
64 4824 439
65 1562 331
66 5960 341
67 5642 350
68 0 -1
69 3382 439
70 4190 262
71 906 309
72 3349 280
73 4828 432
74 5050 257
75 4233 274
76 6051 354
77 5142 359
78 410 331
79 110 234
80 4228 355
81 2602 266
82 1108 347
83 101 227
84 2074 329
85 4959 274
86 6301 228
87 4286 384
88 3510 244
89 5345 350
90 20 294
91 227 517
92 0 -1
93 4281 297
94 1782 384
95 311 315
96 3850 331
97 3520 242
98 1126 401
99 6196 191
100 3416 153
101 2064 226
102 4115 353
103 4544 254
104 2593 316
105 4525 332
106 1292 357
107 5962 355
108 5195 261
109 4926 254
110 6532 166
111 5925 396
112 3034 410
113 2085 266
114 2851 313
115 2537 383
116 1311 356
117 2515 332
118 786 324
119 4672 387
120 3289 631
121 3867 412
122 4339 339
123 99 233
124 0 -1
125 6136 271
126 4100 255
127 1353 275
128 2374 246
129 5545 395
130 1436 429
131 4231 259
132 3062 329
133 6529 294
134 3709 350
135 1253 225
136 1491 192
137 337 427
138 0 -1
139 3453 370
140 2701 355
141 4311 358
142 4261 270
143 5953 348
144 60 201
145 5144 274
146 5037 315
147 3003 410
148 2279 287
149 129 439
150 4541 447
151 6410 315
152 528 509
153 4123 334
154 5218 244
155 5998 345
156 1277 144
157 0 -1
158 3497 281
159 4421 416
160 940 253
161 1968 196
162 1900 389
163 329 241
164 1850 384
165 0 -1
166 2602 255
167 832 279
168 4970 380
169 3344 398
170 3959 268
171 0 -1
172 849 267
173 3080 406
174 4548 353
175 4084 334
176 1059 283
177 3570 354
178 3798 320
179 4907 246
180 6137 297
181 3862 230
182 3718 376
183 6488 259
184 3594 366
185 4076 337
186 3578 376
187 6334 186
188 230 338
189 2756 376
190 0 -1
191 1933 367
192 6503 350
193 2831 449
194 6082 330
195 0 -1
196 5671 303
197 1323 435
198 6041 281
199 2248 316
200 1522 320
201 3771 340
202 4185 380
203 2941 283
204 4335 319
205 284 336
206 1705 318
207 211 299
208 4526 265
209 6266 377
210 3676 313
211 6278 226
212 0 -1
213 6526 251
214 6566 379
215 443 316
216 1704 438
217 1451 361
218 3897 363
219 2859 231
220 5591 150
221 4765 325
222 4360 353
223 5224 331
224 0 -1
225 0 -1
226 1302 123
227 4125 412
228 2043 345
229 2174 272
230 548 276
231 5330 258
232 2567 257
233 2494 353
234 3256 369
235 6099 574
236 4006 281
237 0 -1
238 3034 339
239 1849 324
240 4806 237
241 4544 223
242 0 -1
243 18 338
244 1307 303
245 5612 274
246 842 311
247 2259 300
248 5139 286
249 870 431
250 1338 416
251 2053 459
252 1923 332
253 0 -1
254 615 161
255 6189 334
256 2485 335
257 4046 311
258 3244 402
259 0 -1
260 3699 384
261 467 433
262 3972 363
263 2367 270
264 1884 280
265 5259 324
266 279 372
267 274 176
268 4621 239
269 1809 292
270 407 374
271 3932 220
272 1056 337
273 3181 394
274 359 132
275 5440 305
276 1307 287
277 0 -1
278 337 394
279 2026 279
280 5321 301
281 925 385
282 3610 266
283 1809 239
284 1289 240
285 5697 491
286 1508 373
287 0 -1
288 3822 234
289 683 315
290 93 313
291 2803 318
292 4920 367
293 5711 332
294 6488 241
295 0 -1
296 5815 252
297 1784 230
298 5768 322
299 6048 311
300 3367 516
301 6119 88
302 4671 283
303 3641 437
304 461 405
305 4915 304
306 871 325
307 3620 363
308 4873 261
309 889 360
310 0 -1
311 4179 287
312 2389 239
313 2778 407
314 3661 166
315 5059 201
316 40 293
317 5815 257
318 3050 350
319 0 -1
320 6055 453
321 482 303
322 2261 310
323 5696 345
324 5509 351
325 4668 308
326 5323 206
327 2443 427
328 5225 251
329 2383 124
330 0 -1
331 5438 315
332 1088 385
333 3411 389
334 3691 320
335 5815 177
336 4224 253
337 5262 336
338 418 323
339 2503 344
340 3115 248
341 2582 464
342 5417 342
343 5570 427
344 738 266
345 4640 270
346 2653 282
347 548 230
348 347 288
349 2514 337
350 6236 280
351 530 144
352 5209 385
353 3467 357
354 2839 373
355 429 368
356 982 437
357 3686 311
358 0 -1
359 1185 66
360 2852 345
361 2045 298
362 308 342
363 6168 408
364 2613 267
365 252 337
366 1935 342
367 1373 299
368 4173 373
369 6243 271
370 1172 340
371 1970 290
372 4773 342
373 5374 235
374 2677 250
375 5577 307
376 311 391
377 3176 323
378 3661 149
379 3557 390
380 0 -1
381 1740 369
382 1413 393
383 664 432
384 3840 312
385 5144 180
386 5077 340
387 5681 394
388 374 341
389 312 292
390 1439 342
391 684 503
392 0 -1
393 2343 337
394 769 397
395 4133 263
396 5343 419
397 4340 410
398 5086 326
399 2653 316
400 0 -1
401 4690 373
402 1619 398
403 1114 312
404 2057 305
405 5798 489
406 3682 325
407 340 274
408 4231 266
409 6373 318
410 4123 228
411 6363 397
412 3204 375
413 301 139
414 3764 476
415 1885 388
416 4480 290
417 653 352
418 1603 298
419 5036 355
420 4650 417
421 3761 279
422 4658 351
423 5287 244
424 5469 349
425 19 326
426 3118 305
427 1974 279
428 1302 102
429 6016 286
430 569 345
431 680 252
432 3712 375
433 2838 308
434 349 365
435 5102 338
436 1247 301
437 5043 360
438 3288 378
439 2858 454
440 1722 334
441 3851 334
442 1530 359
443 5577 304
444 4924 331
445 6372 368
446 5154 357
447 3498 395
448 4937 375
449 5182 360
450 4940 437
451 0 -1
452 1960 302
453 766 398
454 4790 320
455 5837 345
456 1732 330
457 4804 418
458 1940 278
459 5196 301
460 1224 375
461 2895 297
462 1647 462
463 4670 365
464 4671 331
465 4332 268
466 2133 205
467 2018 349
468 553 258
469 3086 246
470 97 254
471 3224 350
472 807 375
473 4633 324
474 65 378
475 3807 322
476 6580 378
477 3292 424
478 41 325
479 3382 336
480 4553 318
481 6368 371
482 4894 295
483 583 343
484 4770 431
485 2168 275
486 2408 263
487 3243 184
488 1945 393
489 2716 298
490 3567 416
491 1427 326
492 4828 413
493 164 419
494 2584 388
495 654 350
496 2208 305
497 4757 297
498 706 286
499 0 -1
500 1267 317
501 0 -1
502 4448 203
503 3255 322
504 6463 354
505 4219 360
506 5020 290
507 3765 384
508 4998 543
509 3527 461
510 4044 276
511 4847 420
512 4153 318
513 1249 419
514 2110 240
515 1875 303
516 79 252
517 6129 154
518 3407 277
519 3175 314
520 2003 349
521 3571 447
522 2738 368
523 940 186
524 4589 232
525 0 -1
526 1583 383
527 4135 290
528 3323 492
529 5075 319
530 4685 144
531 4597 303
532 93 311
533 4491 334
534 0 -1
535 2796 278
536 3322 258
537 3766 347
538 2051 409
539 5310 215
540 3603 343
541 5975 325
542 5904 470
543 1916 376
544 2673 385
545 6594 209
546 3765 352
547 6365 393
548 5259 218
549 0 -1
550 487 243
551 5135 247
552 629 290
553 4448 206
554 2539 309
555 3412 234
556 667 273
557 3097 265
558 1386 358
559 2081 240
560 0 -1
561 6457 235
562 3201 122
563 2930 276
564 3655 287
565 3846 328
566 3101 305
567 5561 353
568 3904 334
569 2962 310
570 4869 323
571 0 -1
572 1536 358
573 1797 617
574 6188 364
575 4580 206
576 3880 422
577 4992 405
578 806 271
579 3226 353
580 3171 286
581 1960 347
582 447 482
583 6369 341
584 5088 309
585 144 316
586 2893 680
587 4700 215
588 1409 256
589 630 403
590 3200 282
591 4143 387
592 1153 420
593 3756 368
594 2942 330
595 4993 308
596 4406 332
597 1589 337
598 1644 351
599 126 257
600 0 -1
601 5140 409
602 1847 377
603 940 302
604 1122 223
605 3227 329
606 1786 481
607 2965 538
608 1194 328
609 2823 295
610 0 -1
611 4910 144
612 5838 367
613 5378 361
614 2506 364
615 4 76
616 5825 301
617 3360 293
618 0 -1
619 2944 240
620 2027 307
621 2558 322
622 4353 186
623 0 -1
624 5438 317
625 1442 285
626 3189 345
627 6161 429
628 5154 307
629 5806 227
630 3784 285
631 2286 163
632 5243 428
633 2847 430
634 4816 381
635 1889 387
636 4698 335
637 2567 266
638 1560 284
639 3537 323
640 5632 419
641 4486 315
642 3603 262
643 5119 272
644 6446 201
645 0 -1
646 2217 402
647 2157 354
648 5063 259
649 0 -1
650 6309 327
651 682 510
652 321 402
653 1466 346
654 4164 320
655 0 -1
656 3668 304
657 5236 235
658 2484 289
659 2306 294
660 1584 330
661 5462 382
662 2409 306
663 2719 203
664 1179 393
665 6523 270
666 176 321
667 3234 244
668 2210 394
669 2233 251
670 2449 272
671 6254 365
672 5751 304
673 230 394
674 6230 404
675 3434 313
676 1980 347
677 3541 100
678 5908 265
679 6289 327
680 1974 195
681 401 392
682 2048 418
683 2899 250
684 3156 398
685 4963 282
686 1271 323
687 3366 418
688 4760 516
689 4493 375
690 2489 178
691 5989 291
692 5496 343
693 3261 307
694 3512 275
695 241 284
696 4095 235
697 2944 235
698 4097 271
699 6216 517
700 839 396
701 914 405
702 3410 280
703 3019 231
704 3570 310
705 3891 326
706 3201 169
707 2640 347
708 4222 544
709 3106 290
710 724 432
711 4136 378
712 2576 324
713 288 274
714 4581 353
715 3243 248
716 5231 234
717 2865 403
718 408 302
719 5269 256
720 0 -1
721 6372 331
722 5554 235
723 3098 257
724 361 343
725 2236 251
726 5259 244
727 3025 232
728 3372 386
729 6016 334
730 2140 373
731 114 366
732 140 358
733 4554 396
734 4235 295
735 5875 279
736 4874 300
737 5657 494
738 5310 220
739 4798 293
740 5280 188
741 1007 396
742 2814 365
743 6232 385
744 6500 195
745 6003 392
746 3690 355
747 1032 375
748 5093 301
749 4583 360
750 5732 203
751 1293 344
752 6559 327
753 1136 509
754 5167 500
755 2985 240
756 3532 434
757 5332 343
758 3898 357
759 3407 302
760 2943 329
761 4270 276
762 1889 470
763 1385 369
764 1002 322
765 3643 300
766 2236 291
767 1926 183
768 4553 296
769 3086 285
770 3137 324
771 3939 290
772 2080 377
773 2694 388
774 3215 334
775 6464 446
776 2735 300
777 5736 289
778 2035 403
779 1426 347
780 4994 273
781 3393 249
782 4094 360
783 2756 415
784 413 139
785 5258 372
786 4439 316
787 5671 344
788 6270 348
789 0 -1
790 2747 361
791 1288 309
792 971 246
793 5649 278
794 4958 300
795 6231 355
796 1597 496
797 1472 469
798 2270 320
799 4529 405
800 1999 423
801 3307 469
802 4806 205
803 0 -1
804 4692 297
805 345 271
806 1295 173
807 2267 307
808 1986 319
809 3965 433
810 0 -1
811 852 530
812 706 246
813 5728 464
814 3154 397
815 0 -1
816 1584 360
817 6243 371
818 476 470
819 0 -1
820 0 -1
821 2883 169
822 4442 421
823 923 451
824 641 362
825 4663 450
826 4222 486
827 2719 214
828 5493 304
829 3083 449
830 4928 326
831 1103 482
832 4482 206
833 5216 408
834 3013 289
835 6218 438
836 558 364
837 6314 776
838 4985 322
839 2684 348
840 2237 199
841 1144 365
842 5834 306
843 1235 345
844 2027 199
845 6265 274
846 510 394
847 937 356
848 1404 226
849 6334 190
850 2706 445
851 6548 382
852 2320 430
853 5347 296
854 3459 270
855 487 274
856 1574 368
857 5111 313
858 5821 272
859 1372 366
860 6017 289
861 2668 354
862 0 -1
863 1114 293
864 5952 276
865 5428 198
866 4473 297
867 668 410
868 4544 279
869 6133 426
870 5499 363
871 2391 247
872 0 -1
873 4834 240
874 351 163
875 3208 276
876 3198 384
877 2785 270
878 6311 348
879 81 325
880 1985 314
881 6296 328
882 2422 395
883 0 -1
884 4048 294
885 1526 220
886 5754 346
887 312 336
888 881 371
889 1757 318
890 1712 306
891 2306 308
892 2859 248
893 1634 352
894 1709 339
895 2751 362
896 5738 360
897 3410 295
898 5598 425
899 879 427
900 1383 338
901 4600 308
902 3530 347
903 88 336
904 5950 362
905 2625 301
906 1209 277
907 537 353
908 3632 489
909 4095 288
910 4670 301
911 2042 360
912 1701 118
913 2316 196
914 6492 317
915 3855 248
916 1368 332
917 3512 311
918 1822 310
919 4963 339
920 4512 382
921 6312 304
922 3423 291
923 406 357
924 378 266
925 5545 345
926 3901 357
927 5321 330
928 1205 358
929 4608 559
930 4787 343
931 76 384
932 315 293
933 5409 338
934 2529 302
935 0 -1
936 6194 446
937 3937 275
938 5173 137
939 968 374
940 4391 185
941 5596 219
942 1343 316
943 247 348
944 5691 338
945 2106 230
946 6480 297
947 524 240
948 0 -1
949 3508 360
950 2147 351
951 4173 355
952 4167 305
953 3737 288
954 4923 340
955 2947 385
956 5004 413
957 2205 379
958 6072 328
959 4963 322
960 4523 414
961 0 -1
962 2986 307
963 4457 242
964 0 -1
965 1877 328
966 5772 249
967 3121 372
968 5190 374
969 3634 422
970 677 217
971 5310 181
972 864 301
973 2563 317
974 5097 241
975 5290 251
976 3422 327
977 2899 259
978 0 -1
979 2378 372
980 6102 401
981 0 -1
982 2611 319
983 2694 377
984 5194 364
985 770 392
986 5263 395
987 564 334
988 4101 302
989 4889 410
990 4107 292
991 2878 305
992 0 -1
993 0 -1
994 968 442
995 5338 322
996 2439 395
997 5373 359
998 1038 329
999 3204 312
1000 2891 342
1001 42 395
1002 4068 255
1003 3244 413
1004 4655 295
1005 2091 421
1006 583 383
1007 1909 370
1008 41 345
1009 5383 396
1010 0 -1
1011 0 -1
1012 1734 487
1013 677 115
1014 1608 370
1015 4522 355
1016 5268 275
1017 2122 320
1018 1183 342
1019 2353 375
1020 4548 368
1021 1622 94
1022 5151 185
1023 1081 329
1024 1299 222
1025 4383 278
1026 2106 243
1027 4133 307
1028 1893 336
1029 1413 350
1030 3969 401
1031 2464 498
1032 2112 294
1033 4821 493
1034 1246 491
1035 5729 421
1036 5011 428
1037 3640 337
1038 44 326
1039 5139 258
1040 3250 315
1041 2081 271
1042 4756 386
1043 5169 373
1044 5531 314
1045 2374 302
1046 230 396
1047 0 -1
1048 6253 273
1049 6180 295
1050 2127 450
1051 4291 310
1052 72 291
1053 2250 265
1054 3917 258
1055 1974 229
1056 1509 329
1057 4701 314
1058 522 382
1059 561 243
1060 5174 403
1061 2074 348
1062 3917 260
1063 4244 321
1064 3327 397
1065 3288 368
1066 5462 391
1067 0 -1
1068 4920 287
1069 1538 490
1070 6297 301
1071 5182 361
1072 4510 351
1073 3273 322
1074 176 361
1075 2655 427
1076 4690 298
1077 5131 219
1078 5933 377
1079 966 339
1080 4874 300
1081 101 314
1082 5447 133
1083 1442 277
1084 1101 318
1085 0 -1
1086 2184 344
1087 0 -1
1088 4416 328
1089 0 -1
1090 3520 252
1091 0 -1
1092 3981 291
1093 1474 339
1094 373 297
1095 4993 359
1096 3180 243
1097 6591 332
1098 428 149
1099 154 314
1100 3544 440
1101 3759 299
1102 6527 296
1103 709 380
1104 4158 337
1105 273 473
1106 23 392
1107 0 -1
1108 2117 269
1109 4515 423
1110 4361 439
1111 3091 362
1112 4912 356
1113 1289 177
1114 3228 282
1115 3437 179
1116 0 -1
1117 2325 382
1118 4809 385
1119 3929 359
1120 1634 415
1121 977 326
1122 912 125
1123 3154 353
1124 5305 337
1125 3811 314
1126 1896 359
1127 2500 398
1128 1313 360
1129 1709 339
1130 2372 301
1131 4913 272
1132 3096 392
1133 536 273
1134 5308 263
1135 914 358
1136 3911 412
1137 0 -1
1138 2941 298
1139 5924 283
1140 1583 500
1141 2175 353
1142 3533 213
1143 3518 334
1144 1444 296
1145 4429 357
1146 0 -1
1147 2673 305
1148 299 367
1149 4422 368
1150 963 358
1151 5207 502
1152 4899 422
1153 6476 321
1154 2856 267
1155 5716 388
1156 621 422
1157 0 -1
1158 5997 251
1159 1783 402
1160 554 392
1161 3356 314
1162 5736 335
1163 4281 257
1164 2417 338
1165 85 331
1166 822 444
1167 4596 324
1168 5847 251
1169 5693 375
1170 5327 337
1171 5525 98
1172 4044 272
1173 4967 322
1174 5699 272
1175 6269 339
1176 473 371
1177 2799 346
1178 4767 321
1179 1344 375
1180 4362 228
1181 4685 251
1182 2095 347
1183 236 311
1184 2990 479
1185 4 19
1186 4753 183
1187 704 320
1188 275 373
1189 3258 316
1190 3158 492
1191 1236 318
1192 5862 275
1193 6555 373
1194 1251 313
1195 2174 344
1196 1784 254
1197 4831 310
1198 349 382
1199 3953 178
1200 1045 325
1201 5082 325
1202 1288 248
1203 4667 464
1204 4294 395
1205 6332 325
1206 865 265
1207 6225 278
1208 5003 263
1209 3016 233
1210 6461 315
1211 2120 204
1212 6329 208
1213 5214 331
1214 2683 303
1215 19 376
1216 3926 526
1217 3527 515
1218 1290 330
1219 5801 357
1220 3540 282
1221 407 317
1222 2293 249
1223 6366 362
1224 3022 323
1225 945 318
1226 1897 236
1227 2904 350
1228 4385 355
1229 3247 407
1230 2422 376
1231 0 -1
1232 3521 319
1233 0 -1
1234 5934 321
1235 854 334
1236 2791 221
1237 3475 349
1238 4218 286
1239 1856 450
1240 2985 228
1241 4602 244
1242 3295 231
1243 6439 320
1244 2349 251
1245 0 -1
1246 4316 464
1247 3192 239
1248 5709 409
1249 4057 375
1250 5545 351
1251 83 280
1252 2556 429
1253 4591 220
1254 3003 404
1255 4910 192
1256 6371 589
1257 2279 342
1258 4476 368
1259 3235 410
1260 2890 264
1261 2403 321
1262 6509 364
1263 5053 495
1264 5225 342
1265 2183 352
1266 2580 370
1267 4252 233
1268 519 380
1269 937 310
1270 3302 178
1271 1284 299
1272 5956 358
1273 1254 408
1274 2880 242
1275 782 427
1276 1448 251
1277 359 86
1278 301 125
1279 6121 438
1280 2070 358
1281 1724 381
1282 1655 464
1283 1471 309
1284 6526 283
1285 3764 479
1286 1509 345
1287 2731 505
1288 1827 224
1289 1278 136
1290 1174 308
1291 4368 334
1292 2784 346
1293 6231 328
1294 680 314
1295 6119 93
1296 2688 284
1297 0 -1
1298 6531 210
1299 1897 182
1300 1713 353
1301 4719 281
1302 2193 31
1303 2295 432
1304 389 329
1305 0 -1
1306 2138 295
1307 6296 287
1308 4762 416
1309 5605 548
1310 4291 259
1311 6444 319
1312 947 256
1313 2297 344
1314 4246 303
1315 581 442
1316 0 -1
1317 1537 347
1318 5632 495
1319 1822 288
1320 1622 115
1321 5884 399
1322 3004 166
1323 1362 372
1324 0 -1
1325 2767 489
1326 4867 348
1327 6305 341
1328 5735 450
1329 3651 295
1330 719 369
1331 2312 324
1332 0 -1
1333 6378 344
1334 90 302
1335 1395 336
1336 4554 355
1337 6110 316
1338 3782 401
1339 1228 460
1340 741 437
1341 912 123
1342 1525 228
1343 2661 283
1344 2023 312
1345 5627 373
1346 6508 301
1347 6547 314
1348 5681 291
1349 3534 434
1350 5259 240
1351 3216 311
1352 5277 136
1353 1968 220
1354 6090 340
1355 5755 273
1356 2016 371
1357 3119 349
1358 3721 275
1359 0 -1
1360 2238 286
1361 4482 306
1362 3640 333
1363 1131 282
1364 2868 455
1365 2981 413
1366 5800 433
1367 1991 311
1368 4226 305
1369 5956 459
1370 1083 287
1371 1537 332
1372 2921 262
1373 812 252
1374 4631 414
1375 1500 393
1376 0 -1
1377 4329 304
1378 0 -1
1379 6402 406
1380 0 -1
1381 416 347
1382 4563 421
1383 2813 325
1384 6021 377
1385 470 269
1386 1731 303
1387 3541 74
1388 886 358
1389 156 240
1390 4444 298
1391 4283 332
1392 806 262
1393 3561 336
1394 6552 487
1395 312 276
1396 5360 363
1397 3190 319
1398 3637 444
1399 3939 337
1400 2186 502
1401 1293 338
1402 1066 392
1403 6368 348
1404 3862 209
1405 6498 376
1406 4606 454
1407 5716 415
1408 2081 233
1409 1974 204
1410 6297 228
1411 0 -1
1412 1932 332
1413 2172 277
1414 0 -1
1415 4024 265
1416 6361 359
1417 443 352
1418 252 348
1419 3862 291
1420 3118 275
1421 947 350
1422 0 -1
1423 5352 388
1424 5433 366
1425 5686 310
1426 849 231
1427 1933 312
1428 2645 309
1429 3183 279
1430 4780 326
1431 2152 362
1432 5050 255
1433 715 326
1434 4363 277
1435 504 355
1436 3629 346
1437 3386 419
1438 0 -1
1439 4249 323
1440 2770 360
1441 884 318
1442 5290 268
1443 3888 238
1444 2339 248
1445 3647 352
1446 5575 323
1447 5446 324
1448 3953 185
1449 885 263
1450 1987 393
1451 3169 323
1452 3169 312
1453 4862 306
1454 4778 405
1455 0 -1
1456 1978 265
1457 3115 249
1458 3179 300
1459 4700 183
1460 2005 456
1461 834 324
1462 2237 263
1463 2147 354
1464 1739 253
1465 3675 435
1466 5586 328
1467 3027 423
1468 726 249
1469 219 290
1470 5106 403
1471 3888 264
1472 3044 358
1473 562 125
1474 1850 304
1475 158 354
1476 5531 262
1477 3261 366
1478 6454 331
1479 6470 268
1480 5848 338
1481 187 195
1482 1559 390
1483 5060 367
1484 1937 456
1485 0 -1
1486 2683 312
1487 4135 236
1488 3208 272
1489 4896 422
1490 1877 320
1491 4391 136
1492 0 -1
1493 0 -1
1494 0 -1
1495 3005 355
1496 1369 493
1497 4924 324
1498 2208 260
1499 4522 378
1500 1525 315
1501 2159 335
1502 1428 364
1503 3226 291
1504 85 325
1505 5314 166
1506 4602 252
1507 3876 353
1508 6342 253
1509 6512 302
1510 4669 317
1511 6255 245
1512 5494 412
1513 6459 191
1514 480 384
1515 5366 306
1516 3285 298
1517 4852 382
1518 4918 373
1519 2146 273
1520 0 -1
1521 4974 334
1522 6399 280
1523 0 -1
1524 2518 406
1525 3602 213
1526 5447 133
1527 1260 268
1528 4329 341
1529 2372 237
1530 3691 303
1531 5057 282
1532 4088 363
1533 6010 438
1534 1276 291
1535 3432 415
1536 2864 328
1537 335 287
1538 4875 391
1539 5761 299
1540 6393 224
1541 5119 238
1542 524 305
1543 6133 398
1544 5999 398
1545 3950 407
1546 0 -1
1547 1026 261
1548 74 279
1549 370 431
1550 1341 213
1551 5131 304
1552 5156 311
1553 858 328
1554 3234 289
1555 0 -1
1556 4248 353
1557 3800 427
1558 5570 499
1559 4931 362
1560 2645 263
1561 5447 126
1562 2536 302
1563 2406 394
1564 3890 321
1565 0 -1
1566 6492 372
1567 4187 402
1568 0 -1
1569 2677 227
1570 1515 362
1571 4549 392
1572 3274 209
1573 356 463
1574 865 266
1575 4633 388
1576 4182 353
1577 4665 446
1578 1505 226
1579 0 -1
1580 4152 398
1581 2635 447
1582 6561 290
1583 5615 380
1584 4429 284
1585 1208 273
1586 1860 267
1587 6174 318
1588 26 376
1589 213 273
1590 1237 382
1591 2315 265
1592 5420 354
1593 1056 397
1594 2172 301
1595 3548 323
1596 90 399
1597 2380 396
1598 3927 325
1599 6467 382
1600 1740 379
1601 3315 321
1602 1180 343
1603 2344 279
1604 2248 308
1605 6144 346
1606 2535 461
1607 3820 407
1608 4482 257
1609 5989 247
1610 4331 247
1611 0 -1
1612 77 361
1613 4633 309
1614 3643 313
1615 2793 446
1616 1223 445
1617 130 532
1618 650 412
1619 3737 346
1620 5331 320
1621 468 349
1622 4 69
1623 3798 396
1624 2425 373
1625 1746 362
1626 2570 477
1627 5881 339
1628 2261 279
1629 5416 349
1630 3190 307
1631 6537 367
1632 1650 391
1633 5870 251
1634 4279 298
1635 1655 381
1636 1726 327
1637 4150 303
1638 2730 365
1639 2115 384
1640 271 310
1641 1104 352
1642 2729 313
1643 5225 281
1644 5100 309
1645 359 157
1646 3230 223
1647 6076 390
1648 2055 275
1649 0 -1
1650 4279 301
1651 4974 229
1652 5225 275
1653 5526 368
1654 846 465
1655 975 361
1656 3020 271
1657 784 233
1658 2649 277
1659 1983 316
1660 2784 364
1661 793 285
1662 2090 356
1663 4853 303
1664 4033 290
1665 66 418
1666 6561 179
1667 5738 292
1668 3783 267
1669 2774 440
1670 3351 203
1671 0 -1
1672 1941 335
1673 65 340
1674 5969 309
1675 1582 332
1676 3772 304
1677 3838 292
1678 4803 257
1679 5077 371
1680 3317 326
1681 4251 288
1682 2374 227
1683 352 385
1684 3038 355
1685 2851 312
1686 5490 298
1687 2772 323
1688 2587 418
1689 0 -1
1690 551 362
1691 6598 343
1692 4505 265
1693 1153 354
1694 5088 310
1695 2789 328
1696 1238 380
1697 6526 324
1698 244 374
1699 2112 344
1700 4489 272
1701 5525 104
1702 795 467
1703 1236 315
1704 4409 398
1705 2434 289
1706 857 373
1707 6014 301
1708 3196 248
1709 3511 277
1710 595 348
1711 6172 273
1712 6212 247
1713 2309 322
1714 1756 304
1715 5783 268
1716 0 -1
1717 0 -1
1718 5341 349
1719 6066 376
1720 6367 340
1721 3475 316
1722 4346 324
1723 2824 334
1724 6100 340
1725 1719 435
1726 3068 327
1727 3596 239
1728 4481 391
1729 1481 307
1730 2751 304
1731 109 257
1732 6072 307
1733 4479 400
1734 1925 393
1735 0 -1
1736 954 407
1737 6110 316
1738 6346 277
1739 1860 249
1740 3405 288
1741 3799 261
1742 4687 263
1743 5001 423
1744 3510 243
1745 2971 316
1746 5764 304
1747 0 -1
1748 3598 336
1749 5301 321
1750 2812 352
1751 175 345
1752 3918 449
1753 0 -1
1754 482 306
1755 2417 320
1756 3862 232
1757 5135 208
1758 2056 401
1759 2106 254
1760 3838 277
1761 2446 304
1762 470 269
1763 4224 250
1764 246 334
1765 0 -1
1766 270 462
1767 4254 252
1768 3981 299
1769 4450 366
1770 6063 324
1771 0 -1
1772 0 -1
1773 3034 311
1774 2921 284
1775 137 518
1776 1408 261
1777 6495 340
1778 6165 164
1779 1206 301
1780 2367 278
1781 2142 346
1782 4745 343
1783 4128 354
1784 4873 204
1785 1236 286
1786 1405 442
1787 3459 266
1788 2359 356
1789 4754 338
1790 2316 262
1791 1662 389
1792 3194 255
1793 1350 320
1794 5823 334
1795 3736 300
1796 2141 250
1797 4036 581
1798 0 -1
1799 0 -1
1800 0 -1
1801 0 -1
1802 2615 351
1803 5959 341
1804 3087 313
1805 5825 289
1806 2316 234
1807 6535 305
1808 698 336
1809 4790 220
1810 5223 354
1811 108 317
1812 274 164
1813 4394 312
1814 4150 241
1815 4894 217
1816 3049 332
1817 1691 358
1818 2063 399
1819 1908 417
1820 0 -1
1821 5695 356
1822 5065 251
1823 628 380
1824 4098 302
1825 5447 167
1826 4499 405
1827 6512 222
1828 713 328
1829 5701 284
1830 3325 242
1831 5162 353
1832 0 -1
1833 5923 293
1834 3265 350
1835 4966 426
1836 354 397
1837 136 193
1838 312 325
1839 3293 425
1840 1873 280
1841 5367 550
1842 5208 317
1843 2704 291
1844 0 -1
1845 3978 360
1846 3419 326
1847 2412 324
1848 5934 297
1849 2608 310
1850 5324 268
1851 1628 391
1852 1715 331
1853 1682 295
1854 3764 388
1855 2873 309
1856 1647 438
1857 1333 407
1858 4080 341
1859 5209 381
1860 5428 241
1861 1278 217
1862 5946 354
1863 828 356
1864 5159 305
1865 2889 331
1866 4425 399
1867 2259 285
1868 1131 308
1869 3692 268
1870 5397 388
1871 4589 237
1872 5109 337
1873 3701 271
1874 3064 397
1875 3232 293
1876 0 -1
1877 5045 229
1878 3078 337
1879 4386 340
1880 3728 341
1881 0 -1
1882 6427 317
1883 4741 304
1884 6329 195
1885 4315 375
1886 0 -1
1887 316 315
1888 4003 318
1889 3343 379
1890 3594 329
1891 2045 318
1892 4254 359
1893 3768 318
1894 4499 509
1895 2963 263
1896 5493 318
1897 6531 147
1898 3998 287
1899 0 -1
1900 3533 277
1901 4068 300
1902 1153 360
1903 3659 368
1904 1519 379
1905 4094 316
1906 0 -1
1907 161 213
1908 2328 333
1909 5856 288
1910 6321 426
1911 922 401
1912 4837 241
1913 0 -1
1914 3007 406
1915 2004 305
1916 5905 297
1917 2325 367
1918 293 361
1919 2631 378
1920 636 409
1921 5774 492
1922 1708 271
1923 2563 318
1924 2255 277
1925 3755 290
1926 359 143
1927 2700 300
1928 678 323
1929 697 329
1930 4823 292
1931 211 309
1932 4715 310
1933 834 291
1934 3086 276
1935 3369 285
1936 6492 281
1937 4857 451
1938 3414 278
1939 1016 313
1940 4173 266
1941 2236 249
1942 5978 377
1943 2436 261
1944 2783 334
1945 3356 315
1946 5385 531
1947 2568 398
1948 1751 398
1949 6467 398
1950 2746 418
1951 2759 359
1952 4910 151
1953 2295 353
1954 4782 402
1955 5542 535
1956 603 382
1957 6136 237
1958 0 -1
1959 3762 333
1960 3942 300
1961 3384 324
1962 5289 351
1963 5447 175
1964 6399 224
1965 0 -1
1966 3287 265
1967 0 -1
1968 4591 191
1969 2231 220
1970 4140 281
1971 5793 515
1972 5639 369
1973 0 -1
1974 5815 159
1975 3214 357
1976 1897 211
1977 6103 419
1978 220 190
1979 6043 335
1980 6368 287
1981 436 359
1982 0 -1
1983 1372 315
1984 0 -1
1985 1481 210
1986 5596 214
1987 1368 324
1988 3188 306
1989 4050 319
1990 495 399
1991 4280 195
1992 2267 335
1993 0 -1
1994 5960 318
1995 315 235
1996 3596 226
1997 2507 402
1998 4441 378
1999 1000 347
2000 6394 401
2001 0 -1
2002 4727 320
2003 1651 280
2004 465 269
2005 2199 393
2006 0 -1
2007 5126 363
2008 4999 254
2009 5611 398
2010 1253 270
2011 0 -1
2012 3773 324
2013 2863 323
2014 5651 276
2015 5072 388
2016 4859 313
2017 1111 385
2018 1288 294
2019 3817 329
2020 5541 457
2021 5417 416
2022 5965 426
2023 871 300
2024 6384 362
2025 487 246
2026 4620 210
2027 3616 190
2028 0 -1
2029 1293 347
2030 0 -1
2031 4004 293
2032 3305 291
2033 6492 336
2034 4471 403
2035 2993 309
2036 0 -1
2037 1304 416
2038 0 -1
2039 5649 272
2040 5530 384
2041 5044 198
2042 1898 301
2043 456 332
2044 2453 345
2045 5479 245
2046 1500 337
2047 545 263
2048 3697 361
2049 0 -1
2050 2417 326
2051 3797 295
2052 2787 214
2053 686 400
2054 723 368
2055 6129 166
2056 4874 306
2057 2667 237
2058 4416 322
2059 3974 301
2060 4798 314
2061 5979 305
2062 1178 334
2063 1739 347
2064 1255 226
2065 5749 355
2066 3569 297
2067 3959 342
2068 884 301
2069 5247 265
2070 3628 346
2071 2745 469
2072 539 329
2073 6031 393
2074 4464 325
2075 5126 451
2076 0 -1
2077 2921 269
2078 3400 269
2079 3179 256
2080 5410 283
2081 5760 189
2082 4221 402
2083 6403 326
2084 5840 302
2085 4191 247
2086 3578 340
2087 634 435
2088 5817 369
2089 4699 407
2090 2080 355
2091 5419 401
2092 3513 371
2093 3349 277
2094 523 202
2095 1202 332
2096 0 -1
2097 421 339
2098 1194 358
2099 3958 377
2100 6247 470
2101 2236 275
2102 5731 290
2103 5665 277
2104 396 430
2105 2788 402
2106 1473 139
2107 3842 378
2108 3994 464
2109 4812 411
2110 2027 238
2111 4793 339
2112 1651 237
2113 3132 402
2114 1552 320
2115 1294 356
2116 3155 330
2117 5308 261
2118 2070 352
2119 5140 450
2120 2300 160
2121 5401 486
2122 2394 267
2123 6239 396
2124 2685 469
2125 1289 244
2126 5828 355
2127 5516 414
2128 0 -1
2129 848 266
2130 1059 308
2131 5597 184
2132 6013 367
2133 1299 188
2134 6315 364
2135 2940 297
2136 4098 347
2137 5236 239
2138 3351 175
2139 3325 332
2140 4899 364
2141 821 188
2142 764 328
2143 714 382
2144 1912 250
2145 3044 320
2146 5785 252
2147 4256 315
2148 1469 379
2149 3258 376
2150 5729 320
2151 348 377
2152 1809 329
2153 2688 246
2154 2274 214
2155 6297 318
2156 865 307
2157 6382 331
2158 430 394
2159 1505 270
2160 3927 269
2161 4166 346
2162 6345 264
2163 2866 332
2164 2784 281
2165 4302 410
2166 2440 347
2167 5065 186
2168 1209 237
2169 0 -1
2170 186 389
2171 3302 224
2172 4226 271
2173 4516 388
2174 738 253
2175 3713 269
2176 5651 260
2177 22 362
2178 4402 419
2179 1444 282
2180 3258 355
2181 6244 393
2182 6223 337
2183 316 312
2184 4994 278
2185 2593 270
2186 3214 391
2187 3098 286
2188 3263 154
2189 3311 380
2190 6297 275
2191 5208 424
2192 4088 359
2193 4 4
2194 3018 434
2195 3641 359
2196 6091 340
2197 0 -1
2198 6212 308
2199 6561 283
2200 170 357
2201 4793 407
2202 3088 379
2203 3049 359
2204 4048 310
2205 3311 345
2206 2024 404
2207 1105 478
2208 1278 234
2209 0 -1
2210 2887 324
2211 6039 259
2212 5650 324
2213 3336 461
2214 3912 399
2215 587 227
2216 2290 402
2217 4583 332
2218 0 -1
2219 2863 322
2220 5329 436
2221 4147 297
2222 3179 272
2223 3889 320
2224 1162 390
2225 108 286
2226 5687 346
2227 2418 300
2228 5104 422
2229 5520 442
2230 0 -1
2231 2602 172
2232 0 -1
2233 848 250
2234 2543 379
2235 5861 400
2236 2906 230
2237 784 187
2238 4163 250
2239 2729 249
2240 587 232
2241 2176 373
2242 4085 451
2243 1996 264
2244 2838 292
2245 2157 371
2246 2314 401
2247 6110 367
2248 913 289
2249 1405 430
2250 4291 238
2251 0 -1
2252 3502 377
2253 3570 334
2254 1968 305
2255 1884 207
2256 0 -1
2257 3186 429
2258 3794 336
2259 1963 283
2260 6201 387
2261 5755 245
2262 3603 237
2263 0 -1
2264 3554 215
2265 0 -1
2266 4122 351
2267 6435 262
2268 4759 263
2269 5946 361
2270 2465 231
2271 1976 298
2272 3157 297
2273 900 411
2274 1299 205
2275 373 331
2276 2778 350
2277 933 435
2278 0 -1
2279 3188 283
2280 4911 379
2281 1188 431
2282 5745 327
2283 0 -1
2284 0 -1
2285 1468 324
2286 1289 151
2287 5465 434
2288 2505 330
2289 0 -1
2290 3450 323
2291 6451 356
2292 0 -1
2293 938 185
2294 5481 194
2295 3728 346
2296 6500 250
2297 5516 334
2298 2144 363
2299 4006 317
2300 1622 83
2301 3862 213
2302 4063 300
2303 0 -1
2304 3629 317
2305 2174 291
2306 2536 216
2307 4964 280
2308 491 408
2309 706 286
2310 4 64
2311 1831 354
2312 963 275
2313 5830 410
2314 4031 392
2315 550 260
2316 6165 188
2317 2500 281
2318 3321 308
2319 1939 353
2320 6030 385
2321 4323 383
2322 425 380
2323 2417 294
2324 561 252
2325 232 301
2326 3256 328
2327 6371 531
2328 5159 289
2329 566 376
2330 5330 297
2331 4651 290
2332 4281 238
2333 1652 285
2334 5736 296
2335 14 261
2336 169 421
2337 983 382
2338 4967 328
2339 2458 191
2340 3282 339
2341 38 375
2342 6106 329
2343 975 281
2344 4580 279
2345 4652 310
2346 5339 382
2347 3993 350
2348 3448 410
2349 6056 251
2350 2713 243
2351 4112 330
2352 1536 426
2353 4907 295
2354 4101 320
2355 2063 386
2356 6051 289
2357 4420 350
2358 648 267
2359 3603 249
2360 5005 430
2361 5737 242
2362 5982 336
2363 3208 302
2364 6113 347
2365 4302 357
2366 33 234
2367 254 170
2368 6536 424
2369 4686 357
2370 1382 455
2371 4196 404
2372 5045 195
2373 5069 431
2374 4894 222
2375 3194 266
2376 3009 274
2377 2724 297
2378 6219 355
2379 580 381
2380 4021 308
2381 0 -1
2382 721 336
2383 6549 113
2384 0 -1
2385 3425 381
2386 3005 327
2387 5482 432
2388 6150 381
2389 5074 224
2390 5346 298
2391 5910 133
2392 1714 326
2393 0 -1
2394 5815 170
2395 3482 325
2396 6447 226
2397 1960 393
2398 0 -1
2399 2936 525
2400 5280 213
2401 5700 412
2402 0 -1
2403 6196 230
2404 0 -1
2405 3974 320
2406 5162 373
2407 6243 322
2408 2940 242
2409 4700 280
2410 5082 245
2411 0 -1
2412 1395 280
2413 2819 312
2414 1277 181
2415 0 -1
2416 0 -1
2417 5833 277
2418 865 247
2419 1094 320
2420 5471 330
2421 5259 277
2422 4806 309
2423 1183 335
2424 5006 428
2425 512 334
2426 4600 294
2427 6034 372
2428 2812 379
2429 1707 344
2430 845 332
2431 1697 399
2432 527 312
2433 6241 404
2434 5138 280
2435 3698 244
2436 3900 261
2437 1557 522
2438 135 229
2439 3951 334
2440 1741 335
2441 5669 281
2442 5908 334
2443 3985 350
2444 706 253
2445 3925 261
2446 3380 218
2447 517 269
2448 470 261
2449 1985 240
2450 6285 406
2451 3515 324
2452 0 -1
2453 2174 262
2454 1859 462
2455 806 193
2456 3079 234
2457 385 291
2458 5310 187
2459 1150 409
2460 4589 244
2461 2578 418
2462 979 450
2463 0 -1
2464 6279 430
2465 1186 231
2466 2131 213
2467 3855 245
2468 3195 511
2469 6523 353
2470 5861 372
2471 0 -1
2472 6318 369
2473 1501 348
2474 2508 371
2475 680 302
2476 5978 334
2477 2656 322
2478 2688 253
2479 5421 319
2480 3087 342
2481 5138 297
2482 4317 426
2483 5340 385
2484 5760 208
2485 3233 278
2486 1028 424
2487 596 360
2488 4949 368
2489 2985 153
2490 5267 368
2491 5178 481
2492 5141 331
2493 0 -1
2494 2465 351
2495 4295 361
2496 2386 372
2497 2352 485
2498 2458 196
2499 0 -1
2500 761 281
2501 4332 280
2502 909 405
2503 10 315
2504 4939 393
2505 4916 272
2506 5775 338
2507 3099 399
2508 3713 310
2509 5623 393
2510 0 -1
2511 3022 339
2512 98 489
2513 1780 345
2514 34 232
2515 971 243
2516 4757 276
2517 5778 434
2518 2362 360
2519 0 -1
2520 2914 404
2521 5968 351
2522 4241 313
2523 5933 404
2524 465 324
2525 2900 313
2526 4611 339
2527 0 -1
2528 3478 298
2529 2286 232
2530 3600 360
2531 3040 239
2532 1395 342
2533 679 347
2534 983 382
2535 5168 350
2536 5310 188
2537 5459 320
2538 347 309
2539 5806 227
2540 4335 287
2541 2271 370
2542 4637 426
2543 108 286
2544 0 -1
2545 2315 260
2546 539 328
2547 705 378
2548 1377 342
2549 5531 270
2550 5932 284
2551 0 -1
2552 3977 360
2553 5300 370
2554 3520 322
2555 2693 359
2556 1226 340
2557 6536 386
2558 6360 265
2559 1312 325
2560 192 389
2561 6048 365
2562 3837 281
2563 2457 311
2564 953 364
2565 5211 375
2566 2279 287
2567 110 192
2568 1442 295
2569 1942 389
2570 6344 423
2571 754 527
2572 9 305
2573 4390 385
2574 2860 474
2575 3072 433
2576 3179 214
2577 2473 399
2578 433 385
2579 3151 447
2580 1991 283
2581 1893 339
2582 3708 399
2583 6412 462
2584 4498 300
2585 2187 372
2586 1813 348
2587 2921 299
2588 3873 366
2589 5861 340
2590 3388 308
2591 889 369
2592 3604 498
2593 3902 250
2594 3360 329
2595 1114 297
2596 5002 531
2597 5123 355
2598 0 -1
2599 0 -1
2600 6227 373
2601 2762 305
2602 3019 167
2603 2871 333
2604 0 -1
2605 3116 313
2606 3583 333
2607 2374 222
2608 2410 303
2609 44 302
2610 5452 206
2611 4098 316
2612 4803 265
2613 2880 242
2614 4925 281
2615 3663 287
2616 4664 335
2617 4082 377
2618 3783 323
2619 0 -1
2620 6549 41
2621 6070 367
2622 2539 275
2623 0 -1
2624 0 -1
2625 4924 254
2626 4593 333
2627 2670 215
2628 4014 347
2629 4078 247
2630 2268 335
2631 2227 362
2632 1740 362
2633 1253 265
2634 1039 373
2635 2112 331
2636 902 364
2637 5410 227
2638 999 373
2639 4408 324
2640 306 339
2641 793 375
2642 2744 334
2643 2353 361
2644 1327 377
2645 4252 194
2646 5348 421
2647 2969 451
2648 2081 300
2649 5020 217
2650 6532 258
2651 0 -1
2652 2989 240
2653 5131 256
2654 6349 304
2655 102 357
2656 3762 314
2657 4261 339
2658 0 -1
2659 4484 375
2660 0 -1
2661 611 182
2662 4823 243
2663 1875 354
2664 2130 311
2665 179 334
2666 2097 382
2667 2041 229
2668 3777 301
2669 2400 243
2670 5310 137
2671 962 325
2672 2894 392
2673 5840 292
2674 4378 239
2675 2795 362
2676 3489 376
2677 1986 225
2678 530 244
2679 3966 392
2680 140 459
2681 4523 389
2682 3417 563
2683 346 284
2684 1212 275
2685 2325 380
2686 3839 284
2687 1022 270
2688 2255 211
2689 5947 297
2690 1548 348
2691 2797 390
2692 836 434
2693 2711 308
2694 6130 374
2695 4966 497
2696 4302 341
2697 1922 312
2698 5604 334
2699 281 401
2700 5554 236
2701 1708 292
2702 3800 343
2703 0 -1
2704 5829 263
2705 5460 352
2706 5168 390
2707 0 -1
2708 1970 311
2709 5552 348
2710 0 -1
2711 3450 286
2712 1476 288
2713 2962 196
2714 423 263
2715 4804 331
2716 5639 295
2717 2193 44
2718 4359 393
2719 3114 203
2720 293 360
2721 0 -1
2722 1255 300
2723 6256 387
2724 3833 278
2725 3172 288
2726 3638 389
2727 370 344
2728 2744 372
2729 2414 234
2730 2174 340
2731 246 426
2732 4458 344
2733 5631 303
2734 1499 432
2735 4629 229
2736 3932 166
2737 4874 294
2738 3537 334
2739 5969 363
2740 3499 352
2741 4837 237
2742 3361 502
2743 3817 360
2744 108 264
2745 5628 395
2746 4486 306
2747 248 342
2748 284 301
2749 4543 407
2750 152 621
2751 1969 265
2752 3707 343
2753 2505 332
2754 6332 272
2755 1567 409
2756 3487 334
2757 5771 313
2758 1045 385
2759 5696 288
2760 5127 396
2761 563 335
2762 3510 304
2763 4059 252
2764 6413 239
2765 2967 473
2766 2305 306
2767 3600 415
2768 3272 328
2769 2945 396
2770 4063 321
2771 6086 321
2772 2085 293
2773 6540 459
2774 3072 358
2775 6235 307
2776 172 332
2777 3837 313
2778 3310 291
2779 887 365
2780 406 334
2781 1395 393
2782 47 752
2783 3078 263
2784 4495 266
2785 3232 241
2786 3027 332
2787 6480 213
2788 4014 291
2789 4100 321
2790 3811 324
2791 827 215
2792 1767 288
2793 5518 385
2794 3818 288
2795 3558 299
2796 163 256
2797 2238 279
2798 1397 407
2799 2605 336
2800 4794 357
2801 845 350
2802 2449 314
2803 4787 250
2804 5939 287
2805 2741 311
2806 1960 370
2807 0 -1
2808 5708 311
2809 1739 269
2810 3932 200
2811 853 388
2812 4943 276
2813 2916 282
2814 2963 307
2815 34 228
2816 1983 358
2817 8 266
2818 5423 437
2819 2905 201
2820 5204 280
2821 0 -1
2822 228 432
2823 2614 285
2824 2882 273
2825 0 -1
2826 314 197
2827 1353 283
2828 3440 375
2829 1968 300
2830 4650 349
2831 5058 350
2832 3352 386
2833 1540 312
2834 2562 289
2835 3976 403
2836 2156 321
2837 665 318
2838 5418 290
2839 6424 330
2840 6407 422
2841 959 375
2842 4389 417
2843 1663 326
2844 2796 275
2845 696 317
2846 4344 439
2847 1612 381
2848 213 345
2849 0 -1
2850 0 -1
2851 3412 277
2852 1226 257
2853 5345 241
2854 5903 515
2855 5533 341
2856 4655 256
2857 6456 262
2858 1377 376
2859 5217 162
2860 198 395
2861 5135 150
2862 2057 311
2863 5630 319
2864 2785 244
2865 2741 315
2866 3783 274
2867 4403 428
2868 1553 417
2869 5090 629
2870 781 307
2871 1449 324
2872 1108 351
2873 750 265
2874 1472 364
2875 0 -1
2876 4288 269
2877 1291 388
2878 4753 237
2879 6300 415
2880 3698 176
2881 3393 294
2882 6044 272
2883 5481 128
2884 6457 296
2885 6008 415
2886 4759 272
2887 897 323
2888 208 310
2889 3609 228
2890 240 255
2891 4249 334
2892 3995 409
2893 462 578
2894 2768 351
2895 1096 273
2896 5981 298
2897 2426 354
2898 4051 415
2899 832 220
2900 3322 293
2901 5295 319
2902 1251 283
2903 4394 393
2904 5908 266
2905 3188 201
2906 4901 198
2907 2775 324
2908 1092 350
2909 2649 267
2910 4878 355
2911 4448 229
2912 468 280
2913 0 -1
2914 2633 336
2915 469 252
2916 755 245
2917 321 316
2918 2483 413
2919 3812 512
2920 6078 358
2921 373 242
2922 0 -1
2923 5509 332
2924 748 315
2925 5913 367
2926 1311 330
2927 0 -1
2928 3999 302
2929 4588 329
2930 5314 265
2931 1608 292
2932 5484 373
2933 2815 305
2934 353 442
2935 4231 281
2936 6497 472
2937 5664 185
2938 4758 462
2939 1974 275
2940 2719 237
2941 6039 208
2942 6264 311
2943 3913 309
2944 5045 183
2945 4269 351
2946 4406 349
2947 6113 353
2948 3560 490
2949 2915 294
2950 760 345
2951 4011 352
2952 2514 293
2953 5871 288
2954 4678 342
2955 4980 358
2956 1355 289
2957 5451 386
2958 3022 309
2959 2282 427
2960 4804 350
2961 5233 360
2962 2880 192
2963 4605 227
2964 5675 319
2965 2959 454
2966 5907 326
2967 3491 353
2968 6416 418
2969 6378 405
2970 0 -1
2971 2171 310
2972 2081 295
2973 4802 319
2974 5972 290
2975 3081 281
2976 4698 334
2977 3244 356
2978 108 298
2979 934 345
2980 1447 346
2981 4599 386
2982 2464 441
2983 5694 296
2984 0 -1
2985 1561 133
2986 2612 289
2987 4176 504
2988 5843 341
2989 3661 152
2990 1189 371
2991 5075 339
2992 3473 352
2993 5418 295
2994 5691 347
2995 220 247
2996 2861 180
2997 2092 398
2998 2829 378
2999 0 -1
3000 374 260
3001 3097 270
3002 1573 568
3003 2939 389
3004 1302 65
3005 6225 313
3006 4356 349
3007 96 363
3008 1094 386
3009 3876 271
3010 123 275
3011 0 -1
3012 350 345
3013 2645 289
3014 1713 418
3015 1624 440
3016 3287 176
3017 4232 307
3018 291 346
3019 1320 121
3020 4227 193
3021 4862 324
3022 3939 269
3023 1433 416
3024 3778 396
3025 359 167
3026 0 -1
3027 5260 311
3028 0 -1
3029 1144 304
3030 2056 338
3031 5481 150
3032 3316 397
3033 5127 443
3034 4247 292
3035 0 -1
3036 4941 502
3037 4145 344
3038 1936 299
3039 5453 362
3040 2906 198
3041 2652 271
3042 4457 233
3043 4561 233
3044 346 310
3045 1226 245
3046 5775 357
3047 5779 370
3048 497 415
3049 4155 303
3050 5120 247
3051 3778 409
3052 0 -1
3053 5636 322
3054 0 -1
3055 2267 292
3056 4633 315
3057 4626 404
3058 1616 517
3059 2729 305
3060 3527 442
3061 2996 293
3062 5651 314
3063 808 384
3064 4510 359
3065 0 -1
3066 6240 326
3067 3170 411
3068 559 259
3069 1172 344
3070 5582 406
3071 5400 357
3072 2924 316
3073 2817 377
3074 4950 445
3075 3493 313
3076 2744 270
3077 3818 304
3078 2467 247
3079 100 226
3080 3046 391
3081 3480 275
3082 0 -1
3083 672 407
3084 3042 260
3085 2790 380
3086 2188 229
3087 2609 305
3088 2364 356
3089 0 -1
3090 621 346
3091 3286 347
3092 4525 329
3093 2853 319
3094 1809 274
3095 5554 254
3096 4806 287
3097 1082 201
3098 2383 184
3099 3255 322
3100 4391 206
3101 5308 245
3102 1186 239
3103 480 321
3104 0 -1
3105 1833 359
3106 637 280
3107 4723 419
3108 2862 337
3109 1976 240
3110 0 -1
3111 0 -1
3112 6336 317
3113 5614 180
3114 784 175
3115 940 226
3116 2584 310
3117 3488 419
3118 663 265
3119 5399 328
3120 5245 295
3121 3255 361
3122 4943 202
3123 3439 495
3124 0 -1
3125 3679 332
3126 5856 393
3127 0 -1
3128 1743 423
3129 4691 424
3130 0 -1
3131 3142 343
3132 2447 290
3133 3586 316
3134 6205 178
3135 1732 319
3136 4083 349
3137 1711 281
3138 5678 372
3139 443 340
3140 1603 368
3141 57 317
3142 263 317
3143 0 -1
3144 1464 307
3145 2855 363
3146 487 209
3147 0 -1
3148 3768 304
3149 5348 322
3150 3686 309
3151 5519 372
3152 3551 357
3153 2889 300
3154 3922 330
3155 4866 289
3156 6404 332
3157 3094 290
3158 84 422
3159 690 285
3160 3347 440
3161 1808 430
3162 0 -1
3163 5944 398
3164 5691 404
3165 1161 430
3166 2897 393
3167 5726 343
3168 0 -1
3169 3959 284
3170 1360 346
3171 1196 271
3172 631 180
3173 3524 393
3174 4897 434
3175 3890 256
3176 4595 310
3177 3561 446
3178 1229 460
3179 1387 180
3180 5788 240
3181 2475 363
3182 5952 316
3183 784 191
3184 5561 396
3185 530 218
3186 5495 319
3187 6451 366
3188 2055 189
3189 1957 321
3190 5059 261
3191 0 -1
3192 3593 214
3193 4802 322
3194 2055 187
3195 1188 467
3196 3593 239
3197 1687 379
3198 5421 373
3199 0 -1
3200 3329 279
3201 1021 120
3202 4829 338
3203 3647 425
3204 5350 304
3205 965 390
3206 0 -1
3207 174 421
3208 1341 203
3209 3135 320
3210 598 367
3211 4913 260
3212 6538 448
3213 4955 336
3214 1363 327
3215 4561 276
3216 4988 249
3217 0 -1
3218 6134 531
3219 6225 256
3220 440 371
3221 5067 307
3222 4948 416
3223 4670 332
3224 4846 317
3225 5075 326
3226 3106 281
3227 2645 300
3228 3395 220
3229 4411 431
3230 5554 218
3231 3673 357
3232 1212 230
3233 680 257
3234 1212 244
3235 4015 364
3236 60 283
3237 2360 549
3238 144 260
3239 5932 338
3240 4694 364
3241 0 -1
3242 1165 397
3243 1122 167
3244 1446 324
3245 5857 393
3246 0 -1
3247 4361 366
3248 2159 341
3249 3132 362
3250 4572 275
3251 4300 271
3252 1415 272
3253 1862 431
3254 5304 198
3255 75 274
3256 5809 292
3257 5122 350
3258 3480 293
3259 2873 274
3260 2716 371
3261 3115 277
3262 24 221
3263 2193 121
3264 4238 359
3265 2039 282
3266 3395 264
3267 485 333
3268 37 318
3269 6563 431
3270 2065 474
3271 0 -1
3272 3875 273
3273 4163 285
3274 413 160
3275 5321 269
3276 2199 323
3277 239 419
3278 2447 364
3279 3851 324
3280 4974 303
3281 2386 347
3282 3667 237
3283 553 237
3284 0 -1
3285 2167 195
3286 3055 337
3287 5310 164
3288 1283 338
3289 3545 519
3290 1560 308
3291 3617 336
3292 2537 389
3293 5093 325
3294 5773 389
3295 5737 162
3296 5811 691
3297 3266 294
3298 4652 262
3299 4004 321
3300 6301 308
3301 1104 361
3302 3437 148
3303 3982 383
3304 0 -1
3305 4578 269
3306 5399 336
3307 1167 355
3308 5935 391
3309 5512 359
3310 5064 241
3311 1133 318
3312 5297 139
3313 1204 436
3314 910 352
3315 832 238
3316 1214 320
3317 3412 232
3318 391 519
3319 395 351
3320 2317 393
3321 3097 281
3322 2995 256
3323 1659 420
3324 4800 404
3325 5490 238
3326 1810 460
3327 1429 322
3328 3186 322
3329 5314 279
3330 5327 423
3331 4433 279
3332 3694 406
3333 873 278
3334 1674 332
3335 3463 401
3336 4179 360
3337 1613 324
3338 4920 340
3339 314 275
3340 2655 421
3341 672 378
3342 2864 348
3343 6041 265
3344 5566 328
3345 83 316
3346 4114 384
3347 4125 364
3348 4126 293
3349 2041 204
3350 4493 326
3351 6531 166
3352 1206 266
3353 0 -1
3354 127 275
3355 2549 316
3356 6086 294
3357 6441 273
3358 4834 251
3359 0 -1
3360 4767 248
3361 5968 389
3362 2063 375
3363 952 335
3364 4450 299
3365 94 416
3366 6043 341
3367 6227 434
3368 613 372
3369 5741 253
3370 6139 398
3371 1976 289
3372 4116 282
3373 0 -1
3374 962 314
3375 5805 380
3376 6036 331
3377 5558 445
3378 1970 379
3379 4728 462
3380 1277 153
3381 1461 350
3382 2704 333
3383 6439 330
3384 4979 308
3385 4019 399
3386 2185 341
3387 4293 313
3388 413 257
3389 1355 290
3390 2700 287
3391 241 257
3392 0 -1
3393 1278 178
3394 624 371
3395 6561 186
3396 2238 343
3397 151 333
3398 1837 263
3399 4428 406
3400 5883 240
3401 4154 388
3402 1024 295
3403 6342 284
3404 5100 323
3405 1651 253
3406 5484 353
3407 517 266
3408 0 -1
3409 399 329
3410 487 247
3411 4785 385
3412 3134 232
3413 429 336
3414 3684 215
3415 3922 353
3416 3263 142
3417 116 452
3418 6470 227
3419 1873 303
3420 6206 381
3421 0 -1
3422 4974 290
3423 5098 198
3424 1864 326
3425 2736 269
3426 6039 213
3427 2640 419
3428 0 -1
3429 3761 291
3430 395 325
3431 4827 313
3432 5530 355
3433 179 278
3434 4651 212
3435 3989 390
3436 2146 258
3437 5732 128
3438 5277 225
3439 4980 417
3440 5745 320
3441 1469 316
3442 2866 294
3443 3384 377
3444 5371 555
3445 1313 352
3446 1299 260
3447 686 350
3448 5683 325
3449 5059 268
3450 557 271
3451 648 379
3452 5411 285
3453 6015 298
3454 3426 264
3455 4776 317
3456 3565 447
3457 4971 283
3458 4475 403
3459 4798 244
3460 5201 457
3461 328 269
3462 5840 345
3463 3550 386
3464 6594 190
3465 0 -1
3466 2266 376
3467 5868 327
3468 1622 189
3469 2236 289
3470 3631 307
3471 5614 218
3472 2516 302
3473 4256 311
3474 4727 314
3475 4173 277
3476 2788 401
3477 2357 353
3478 1912 280
3479 2643 405
3480 821 206
3481 3928 361
3482 1238 316
3483 4256 303
3484 4748 333
3485 0 -1
3486 4682 273
3487 642 282
3488 5559 383
3489 2435 320
3490 5577 277
3491 2704 330
3492 6467 321
3493 1168 312
3494 6253 331
3495 2914 419
3496 2274 265
3497 5259 243
3498 5142 371
3499 2627 284
3500 6099 559
3501 3096 337
3502 4540 344
3503 4704 327
3504 5071 292
3505 1196 255
3506 83 296
3507 4335 331
3508 541 346
3509 1888 381
3510 587 217
3511 619 244
3512 784 254
3513 4384 371
3514 1605 351
3515 2827 302
3516 3550 339
3517 1744 289
3518 3464 241
3519 3395 292
3520 2332 239
3521 3771 274
3522 1972 374
3523 0 -1
3524 3236 301
3525 625 321
3526 4104 312
3527 5055 410
3528 5545 351
3529 221 444
3530 2795 324
3531 6131 424
3532 1480 421
3533 1387 182
3534 5871 327
3535 6001 341
3536 533 351
3537 1076 313
3538 0 -1
3539 6345 255
3540 2856 277
3541 2620 71
3542 2870 377
3543 41 341
3544 1267 320
3545 2634 454
3546 4444 249
3547 2481 385
3548 4101 292
3549 5310 157
3550 5899 294
3551 2039 283
3552 1557 443
3553 6448 358
3554 615 163
3555 0 -1
3556 342 367
3557 1875 338
3558 4916 291
3559 0 -1
3560 41 373
3561 5248 331
3562 1887 338
3563 5671 324
3564 365 369
3565 2342 409
3566 4622 433
3567 30 338
3568 6435 262
3569 2612 267
3570 5980 307
3571 2170 403
3572 2934 488
3573 5059 295
3574 2305 376
3575 1968 262
3576 5227 371
3577 4220 388
3578 4837 289
3579 2566 315
3580 1825 172
3581 5347 304
3582 4741 319
3583 1589 326
3584 6138 355
3585 3486 351
3586 4509 259
3587 2436 357
3588 6018 364
3589 2099 385
3590 5337 408
3591 2737 379
3592 375 312
3593 1278 202
3594 4978 322
3595 4071 324
3596 4482 208
3597 5073 295
3598 5001 336
3599 0 -1
3600 2958 313
3601 1237 424
3602 4280 179
3603 3418 229
3604 4492 389
3605 5433 339
3606 1857 416
3607 5410 257
3608 1102 339
3609 913 222
3610 1622 179
3611 4314 336
3612 3486 375
3613 1837 312
3614 937 391
3615 5665 283
3616 6594 151
3617 4839 299
3618 5701 301
3619 621 362
3620 2566 342
3621 2485 297
3622 0 -1
3623 3956 353
3624 5661 331
3625 470 371
3626 5908 344
3627 4384 353
3628 2722 329
3629 15 276
3630 1404 222
3631 2240 257
3632 3005 379
3633 5845 434
3634 3627 366
3635 279 351
3636 6151 388
3637 856 438
3638 4304 353
3639 5935 364
3640 1041 295
3641 848 331
3642 0 -1
3643 4489 208
3644 5645 663
3645 0 -1
3646 1629 419
3647 5395 309
3648 0 -1
3649 5504 416
3650 1281 413
3651 5400 291
3652 1926 220
3653 5438 310
3654 6531 184
3655 1700 273
3656 3088 440
3657 5202 299
3658 275 318
3659 125 296
3660 1296 375
3661 1341 149
3662 2418 255
3663 1792 258
3664 5307 447
3665 0 -1
3666 1027 328
3667 1448 199
3668 663 214
3669 1241 345
3670 4318 343
3671 1744 292
3672 3507 410
3673 1678 266
3674 1191 360
3675 1598 395
3676 5738 272
3677 5992 365
3678 0 -1
3679 1976 231
3680 1435 462
3681 2079 347
3682 5226 315
3683 1459 229
3684 913 200
3685 3188 268
3686 1142 242
3687 1102 365
3688 2204 429
3689 0 -1
3690 4295 350
3691 2162 288
3692 2171 248
3693 5582 323
3694 5724 324
3695 963 343
3696 1082 252
3697 2657 360
3698 2859 170
3699 693 308
3700 786 381
3701 1186 252
3702 0 -1
3703 916 336
3704 2477 366
3705 0 -1
3706 1970 354
3707 1337 318
3708 3917 320
3709 2137 275
3710 0 -1
3711 0 -1
3712 1966 301
3713 1837 237
3714 0 -1
3715 5212 342
3716 3479 417
3717 669 312
3718 3818 366
3719 3081 291
3720 1147 310
3721 4279 258
3722 3663 320
3723 4411 361
3724 0 -1
3725 1096 260
3726 5852 224
3727 1321 496
3728 2349 296
3729 4584 388
3730 1086 426
3731 3963 315
3732 1614 356
3733 3922 371
3734 43 440
3735 2853 311
3736 4552 239
3737 3985 237
3738 1403 417
3739 0 -1
3740 5176 505
3741 1561 246
3742 4828 369
3743 1530 343
3744 903 446
3745 2635 341
3746 4418 245
3747 1781 358
3748 2310 93
3749 5031 399
3750 875 352
3751 991 384
3752 3995 355
3753 159 520
3754 5006 364
3755 4384 277
3756 2290 346
3757 914 423
3758 6552 474
3759 6561 267
3760 3949 352
3761 5655 222
3762 3520 308
3763 3225 415
3764 2157 385
3765 4021 314
3766 5487 295
3767 99 291
3768 3643 228
3769 1192 290
3770 5333 342
3771 4611 232
3772 2233 275
3773 123 240
3774 3795 272
3775 4384 302
3776 5266 341
3777 5065 295
3778 6458 381
3779 4596 319
3780 6437 406
3781 575 276
3782 5611 398
3783 5597 207
3784 5847 274
3785 0 -1
3786 2563 420
3787 0 -1
3788 899 454
3789 4389 329
3790 172 303
3791 4660 399
3792 3146 293
3793 1355 321
3794 6399 287
3795 4135 248
3796 5245 360
3797 784 182
3798 1214 312
3799 4190 227
3800 5674 335
3801 6459 240
3802 5745 288
3803 3953 247
3804 307 412
3805 5676 439
3806 5655 212
3807 34 275
3808 168 487
3809 942 363
3810 682 528
3811 2478 267
3812 303 470
3813 4517 296
3814 5736 274
3815 5504 386
3816 2084 336
3817 4377 325
3818 4859 271
3819 69 439
3820 1456 355
3821 3524 401
3822 5490 225
3823 6253 280
3824 2084 355
3825 0 -1
3826 5906 345
3827 0 -1
3828 297 322
3829 6157 350
3830 3593 316
3831 845 331
3832 3615 283
3833 2719 265
3834 5485 431
3835 1680 379
3836 3979 391
3837 3325 281
3838 1196 274
3839 6391 239
3840 1646 255
3841 5400 338
3842 4746 362
3843 536 323
3844 2309 294
3845 2131 268
3846 2449 243
3847 5191 380
3848 4720 372
3849 4440 377
3850 727 235
3851 3097 320
3852 8 333
3853 3549 249
3854 0 -1
3855 6136 195
3856 2270 305
3857 1169 407
3858 5597 241
3859 0 -1
3860 838 401
3861 202 396
3862 1186 183
3863 5055 353
3864 404 382
3865 1572 250
3866 2331 352
3867 5138 317
3868 2424 486
3869 2252 423
3870 4462 343
3871 580 349
3872 1307 406
3873 4672 280
3874 2942 345
3875 6108 206
3876 6417 258
3877 5935 353
3878 1446 333
3879 1055 254
3880 2756 375
3881 3403 316
3882 0 -1
3883 109 288
3884 4110 314
3885 6486 507
3886 6286 452
3887 3372 379
3888 690 193
3889 2549 310
3890 326 253
3891 1092 312
3892 2012 387
3893 3986 289
3894 1448 221
3895 0 -1
3896 5526 394
3897 588 355
3898 63 327
3899 6553 368
3900 1298 254
3901 2974 311
3902 1288 231
3903 6173 448
3904 1174 329
3905 5060 318
3906 2521 387
3907 4500 342
3908 5671 327
3909 5604 314
3910 3916 405
3911 4710 324
3912 4458 340
3913 4833 267
3914 5144 219
3915 1988 325
3916 1663 314
3917 4703 256
3918 4794 356
3919 268 331
3920 1341 188
3921 3154 393
3922 5560 326
3923 1951 392
3924 1708 363
3925 1098 226
3926 2048 417
3927 4505 241
3928 2133 270
3929 4063 313
3930 6174 401
3931 1175 454
3932 4448 156
3933 1445 392
3934 667 295
3935 5720 422
3936 4164 268
3937 267 260
3938 5759 308
3939 1199 240
3940 0 -1
3941 5772 241
3942 4544 251
3943 1739 298
3944 0 -1
3945 5193 319
3946 1373 263
3947 718 315
3948 1271 375
3949 5854 335
3950 2923 334
3951 2358 287
3952 383 467
3953 5280 170
3954 5979 228
3955 4398 305
3956 1727 299
3957 1884 281
3958 6461 374
3959 5815 226
3960 3624 362
3961 0 -1
3962 1815 226
3963 3219 292
3964 798 366
3965 2318 423
3966 1062 281
3967 5138 332
3968 6271 322
3969 2496 373
3970 1545 473
3971 6239 345
3972 1129 348
3973 2531 241
3974 3890 296
3975 6512 311
3976 1311 343
3977 3929 354
3978 265 359
3979 1548 289
3980 4934 306
3981 4988 288
3982 3833 283
3983 0 -1
3984 985 467
3985 3464 235
3986 5514 281
3987 0 -1
3988 3005 401
3989 3286 358
3990 2580 329
3991 1981 439
3992 2605 384
3993 1288 232
3994 268 354
3995 3049 316
3996 156 235
3997 6358 190
3998 1013 189
3999 5447 211
4000 4768 404
4001 206 344
4002 3420 390
4003 5195 225
4004 2649 274
4005 5979 209
4006 3985 243
4007 715 277
4008 725 251
4009 2370 455
4010 2690 365
4011 1594 305
4012 2332 269
4013 3813 369
4014 578 275
4015 5043 300
4016 3024 428
4017 4191 259
4018 3926 457
4019 5234 296
4020 0 -1
4021 2754 307
4022 5408 282
4023 1353 320
4024 539 220
4025 6117 270
4026 0 -1
4027 2024 425
4028 3551 308
4029 3980 344
4030 3475 292
4031 4406 328
4032 181 274
4033 885 267
4034 3454 371
4035 3900 346
4036 4319 501
4037 1655 378
4038 3806 331
4039 998 401
4040 423 305
4041 0 -1
4042 2873 295
4043 562 148
4044 2456 247
4045 4198 457
4046 2937 242
4047 557 332
4048 3287 247
4049 3378 432
4050 5247 283
4051 4138 350
4052 0 -1
4053 3675 478
4054 3912 418
4055 0 -1
4056 3365 461
4057 864 354
4058 3568 301
4059 3295 245
4060 4246 352
4061 0 -1
4062 5850 278
4063 849 283
4064 135 332
4065 4110 304
4066 3233 296
4067 0 -1
4068 767 190
4069 3007 367
4070 1452 318
4071 3114 280
4072 0 -1
4073 4427 579
4074 2072 373
4075 5471 314
4076 2064 294
4077 4266 414
4078 4777 220
4079 4526 305
4080 5097 223
4081 0 -1
4082 5990 313
4083 2294 314
4084 6278 237
4085 103 349
4086 1343 349
4087 5086 329
4088 4100 324
4089 4279 281
4090 1833 322
4091 6548 359
4092 0 -1
4093 28 348
4094 1966 295
4095 6172 198
4096 3101 312
4097 5019 253
4098 2456 294
4099 5889 389
4100 2613 254
4101 3020 208
4102 3951 334
4103 2026 249
4104 6348 284
4105 2233 306
4106 4398 360
4107 3262 284
4108 383 455
4109 3916 356
4110 3894 221
4111 254 195
4112 3568 300
4113 6068 303
4114 3190 272
4115 1361 341
4116 5997 267
4117 0 -1
4118 617 296
4119 621 399
4120 4288 277
4121 2650 313
4122 5694 312
4123 6470 227
4124 5583 371
4125 3150 356
4126 4803 265
4127 4923 384
4128 3310 278
4129 0 -1
4130 5246 355
4131 3342 451
4132 4338 341
4133 3283 237
4134 1059 340
4135 4960 180
4136 2909 287
4137 1783 390
4138 6502 319
4139 6550 348
4140 2906 243
4141 2529 321
4142 3461 307
4143 5807 272
4144 0 -1
4145 2975 281
4146 1804 329
4147 3208 278
4148 4088 331
4149 3451 402
4150 5277 236
4151 1877 229
4152 4323 392
4153 761 309
4154 1094 325
4155 5807 240
4156 5644 530
4157 2269 452
4158 351 257
4159 4169 320
4160 2895 327
4161 2454 572
4162 0 -1
4163 4943 184
4164 3238 268
4165 6553 447
4166 1180 340
4167 1098 214
4168 5531 332
4169 2446 282
4170 6422 390
4171 3123 603
4172 1298 234
4173 1222 261
4174 5752 398
4175 2618 359
4176 2648 385
4177 3403 357
4178 1782 409
4179 3661 264
4180 0 -1
4181 6172 277
4182 1158 289
4183 0 -1
4184 395 330
4185 1025 348
4186 1940 337
4187 4118 393
4188 0 -1
4189 4095 208
4190 3862 212
4191 3875 214
4192 5870 228
4193 1449 350
4194 4179 275
4195 2528 313
4196 5484 339
4197 3496 337
4198 4877 344
4199 1699 376
4200 5064 275
4201 4655 239
4202 2940 249
4203 707 357
4204 1054 370
4205 2241 435
4206 5333 350
4207 6283 334
4208 719 338
4209 4429 298
4210 6163 307
4211 5310 192
4212 3855 286
4213 5651 279
4214 5259 290
4215 0 -1
4216 6506 293
4217 2162 296
4218 4084 252
4219 1476 305
4220 5225 357
4221 1720 373
4222 3508 459
4223 5817 338
4224 4960 220
4225 1614 326
4226 6145 256
4227 5236 172
4228 866 335
4229 596 362
4230 5001 318
4231 4978 231
4232 2864 257
4233 4874 235
4234 5340 306
4235 3019 178
4236 3506 350
4237 4130 394
4238 6597 268
4239 5851 417
4240 6510 334
4241 629 231
4242 2636 471
4243 4619 338
4244 5159 244
4245 1985 267
4246 3655 278
4247 3737 237
4248 6495 340
4249 2778 292
4250 4185 437
4251 283 286
4252 1278 150
4253 0 -1
4254 3208 251
4255 665 303
4256 4172 277
4257 6014 282
4258 6083 324
4259 4440 303
4260 0 -1
4261 781 266
4262 4338 295
4263 4140 337
4264 2888 342
4265 2195 365
4266 5223 351
4267 0 -1
4268 4509 256
4269 6590 285
4270 4511 271
4271 3515 326
4272 3981 404
4273 1163 274
4274 0 -1
4275 6120 384
4276 2988 396
4277 3256 398
4278 2254 315
4279 2041 224
4280 2391 134
4281 4235 236
4282 6595 395
4283 5856 311
4284 5845 441
4285 4588 265
4286 2405 367
4287 5999 335
4288 1825 174
4289 6508 335
4290 1253 333
4291 2963 230
4292 2524 400
4293 1822 266
4294 2162 344
4295 6258 282
4296 0 -1
4297 2238 313
4298 2077 295
4299 4059 335
4300 2637 248
4301 0 -1
4302 3259 332
4303 4237 412
4304 3282 324
4305 5596 300
4306 5117 357
4307 5954 263
4308 0 -1
4309 5827 352
4310 6108 258
4311 2787 255
4312 913 208
4313 0 -1
4314 2857 282
4315 1469 293
4316 1677 376
4317 724 414
4318 934 303
4319 2483 491
4320 1191 339
4321 3137 291
4322 6395 407
4323 6209 340
4324 0 -1
4325 1486 423
4326 27 363
4327 1712 313
4328 3486 295
4329 2719 286
4330 45 382
4331 945 236
4332 5171 217
4333 4799 341
4334 1815 324
4335 2859 281
4336 5258 366
4337 3655 313
4338 5934 285
4339 3851 321
4340 5975 344
4341 1055 301
4342 143 416
4343 5726 345
4344 1594 368
4345 2146 350
4346 2993 303
4347 144 292
4348 4489 243
4349 1254 505
4350 5283 293
4351 264 290
4352 6280 372
4353 4391 149
4354 2417 325
4355 2518 375
4356 4767 280
4357 384 423
4358 3839 312
4359 2175 353
4360 3062 331
4361 5566 346
4362 6172 212
4363 4978 234
4364 1922 322
4365 3464 266
4366 4266 370
4367 0 -1
4368 5082 275
4369 3189 345
4370 0 -1
4371 5452 204
4372 0 -1
4373 5496 341
4374 6527 399
4375 615 82
4376 2878 330
4377 4420 293
4378 2106 184
4379 4298 319
4380 3792 356
4381 1826 478
4382 37 409
4383 4587 278
4384 1969 256
4385 163 314
4386 2974 313
4387 1420 311
4388 5319 584
4389 4619 327
4390 2117 283
4391 2620 86
4392 4293 311
4393 4576 392
4394 5834 281
4395 870 461
4396 6314 739
4397 323 348
4398 2568 305
4399 875 297
4400 5433 370
4401 0 -1
4402 772 386
4403 1519 373
4404 2582 425
4405 4455 403
4406 3387 325
4407 0 -1
4408 3243 282
4409 6037 372
4410 5846 400
4411 3490 320
4412 3397 396
4413 1727 243
4414 1610 283
4415 5358 421
4416 3078 263
4417 2455 271
4418 5019 235
4419 3230 296
4420 2081 290
4421 2841 412
4422 1656 334
4423 0 -1
4424 1168 323
4425 2335 314
4426 3357 340
4427 5472 488
4428 116 372
4429 1026 283
4430 2924 364
4431 2786 355
4432 6141 282
4433 1869 272
4434 456 444
4435 6052 312
4436 4842 231
4437 1637 338
4438 384 412
4439 413 226
4440 1242 285
4441 2357 375
4442 751 347
4443 0 -1
4444 806 226
4445 390 402
4446 3343 373
4447 527 369
4448 2383 137
4449 2309 331
4450 3230 255
4451 4950 498
4452 4837 241
4453 6405 394
4454 2567 280
4455 88 349
4456 240 300
4457 2489 214
4458 4251 328
4459 3900 316
4460 744 228
4461 3441 400
4462 854 284
4463 1228 472
4464 1727 296
4465 0 -1
4466 3766 395
4467 4289 360
4468 3660 385
4469 5078 485
4470 0 -1
4471 4539 398
4472 2716 371
4473 2498 250
4474 6160 447
4475 4704 370
4476 1664 344
4477 2905 319
4478 486 322
4479 1335 376
4480 1776 267
4481 155 388
4482 6022 203
4483 3695 371
4484 5013 311
4485 5306 346
4486 1778 196
4487 1528 420
4488 3486 327
4489 1778 178
4490 0 -1
4491 466 228
4492 5189 367
4493 2941 277
4494 2307 347
4495 3351 230
4496 5419 461
4497 0 -1
4498 468 298
4499 3722 404
4500 2687 324
4501 1383 359
4502 3169 343
4503 0 -1
4504 6039 287
4505 2989 222
4506 3251 310
4507 4902 358
4508 4069 408
4509 3134 244
4510 6052 350
4511 4189 242
4512 692 368
4513 4800 440
4514 3154 346
4515 403 331
4516 5998 320
4517 5355 267
4518 3098 277
4519 4894 288
4520 766 293
4521 4414 303
4522 6051 343
4523 4937 378
4524 2377 400
4525 5882 291
4526 2133 240
4527 2853 349
4528 4561 209
4529 4989 319
4530 5704 491
4531 0 -1
4532 3001 300
4533 1053 291
4534 1860 293
4535 6002 297
4536 1448 223
4537 4323 353
4538 6307 256
4539 1262 394
4540 2558 282
4541 334 438
4542 2158 451
4543 3055 357
4544 3437 196
4545 3894 259
4546 2375 374
4547 122 348
4548 4538 349
4549 4958 332
4550 1856 534
4551 187 222
4552 5019 211
4553 4700 201
4554 1536 343
4555 1464 345
4556 34 332
4557 0 -1
4558 3694 337
4559 0 -1
4560 344 274
4561 1978 208
4562 2712 315
4563 166 333
4564 5106 336
4565 2063 421
4566 5277 199
4567 0 -1
4568 4314 346
4569 4871 461
4570 3437 210
4571 2441 379
4572 539 261
4573 2874 443
4574 1803 360
4575 0 -1
4576 2343 283
4577 6064 328
4578 2310 151
4579 3879 325
4580 413 188
4581 4594 292
4582 6067 249
4583 4201 279
4584 1893 361
4585 4574 368
4586 1699 445
4587 2274 255
4588 4505 243
4589 6022 211
4590 3839 279
4591 3016 190
4592 0 -1
4593 4655 320
4594 3696 284
4595 767 190
4596 3855 292
4597 5842 261
4598 3691 394
4599 941 304
4600 5139 276
4601 343 479
4602 5591 193
4603 2016 428
4604 5547 360
4605 3748 141
4606 1251 374
4607 1340 532
4608 4487 533
4609 2890 255
4610 5138 323
4611 2937 227
4612 5593 582
4613 652 428
4614 2649 297
4615 5414 419
4616 2228 440
4617 0 -1
4618 4564 374
4619 44 299
4620 784 162
4621 530 225
4622 5234 318
4623 0 -1
4624 4146 334
4625 3263 133
4626 2929 376
4627 2271 392
4628 3933 511
4629 3661 173
4630 5677 303
4631 5375 346
4632 1497 357
4633 3999 291
4634 3144 355
4635 5226 307
4636 0 -1
4637 2823 367
4638 1311 367
4639 5652 316
4640 3418 250
4641 744 264
4642 0 -1
4643 2296 308
4644 0 -1
4645 2549 279
4646 284 318
4647 1082 218
4648 4670 362
4649 3905 348
4650 4098 315
4651 226 188
4652 1897 262
4653 2668 307
4654 0 -1
4655 1353 237
4656 3655 323
4657 2353 331
4658 6048 319
4659 0 -1
4660 1015 367
4661 706 209
4662 6597 316
4663 3315 345
4664 5717 262
4665 1511 338
4666 2595 345
4667 2761 407
4668 1692 295
4669 4003 243
4670 1479 275
4671 848 237
4672 6014 278
4673 146 341
4674 587 326
4675 3397 347
4676 0 -1
4677 0 -1
4678 264 329
4679 2632 391
4680 3234 339
4681 3247 388
4682 274 182
4683 2341 419
4684 5788 267
4685 5597 135
4686 1614 353
4687 5044 195
4688 205 409
4689 5669 295
4690 4999 253
4691 6354 420
4692 6068 244
4693 1220 309
4694 2361 253
4695 5365 229
4696 519 324
4697 2146 274
4698 1940 323
4699 2687 291
4700 2138 180
4701 2293 211
4702 3595 427
4703 2880 195
4704 3621 305
4705 5524 266
4706 3672 499
4707 2805 368
4708 5234 318
4709 5908 312
4710 3274 242
4711 1590 412
4712 0 -1
4713 2809 344
4714 5629 452
4715 83 298
4716 5717 324
4717 3942 266
4718 2160 272
4719 2237 268
4720 4066 332
4721 5587 409
4722 744 222
4723 2741 328
4724 6162 254
4725 113 382
4726 937 334
4727 5687 313
4728 5687 342
4729 0 -1
4730 6399 272
4731 2534 433
4732 4705 297
4733 3073 410
4734 6571 354
4735 6341 378
4736 877 301
4737 2293 290
4738 1585 303
4739 1731 336
4740 2057 310
4741 2661 258
4742 1276 309
4743 4803 335
4744 3066 354
4745 5065 284
4746 2392 356
4747 4128 373
4748 840 214
4749 0 -1
4750 5979 260
4751 3173 437
4752 2820 299
4753 1122 154
4754 6090 281
4755 3558 336
4756 1527 337
4757 690 259
4758 2694 378
4759 3480 211
4760 3220 399
4761 1517 446
4762 2550 387
4763 5879 397
4764 0 -1
4765 5829 239
4766 6577 341
4767 5410 239
4768 4297 338
4769 2924 372
4770 3131 367
4771 6390 322
4772 5405 433
4773 2240 314
4774 5172 522
4775 5310 221
4776 2008 278
4777 6196 201
4778 1446 374
4779 0 -1
4780 2498 263
4781 6393 281
4782 1381 385
4783 6479 451
4784 3520 356
4785 554 357
4786 3892 481
4787 6447 240
4788 6332 262
4789 2102 391
4790 6319 210
4791 3419 350
4792 5311 425
4793 1992 339
4794 2973 331
4795 2357 390
4796 4389 336
4797 4224 266
4798 1288 225
4799 5218 252
4800 5347 341
4801 744 295
4802 3999 251
4803 3295 232
4804 4104 301
4805 0 -1
4806 4874 193
4807 5895 466
4808 0 -1
4809 5842 281
4810 5982 380
4811 0 -1
4812 4006 332
4813 0 -1
4814 2043 399
4815 0 -1
4816 4730 298
4817 3243 281
4818 4692 285
4819 1674 407
4820 3027 354
4821 4265 409
4822 3097 315
4823 622 220
4824 5489 340
4825 6091 313
4826 1564 441
4827 3122 312
4828 5718 345
4829 109 313
4830 350 348
4831 4787 295
4832 4665 383
4833 2414 199
4834 2455 216
4835 1742 284
4836 765 379
4837 4235 224
4838 5120 275
4839 5932 284
4840 654 397
4841 3515 386
4842 6532 172
4843 1576 421
4844 1849 401
4845 3294 476
4846 3607 273
4847 2024 392
4848 4051 435
4849 1729 309
4850 0 -1
4851 3925 285
4852 2796 348
4853 3190 297
4854 2626 367
4855 485 357
4856 3183 252
4857 6588 363
4858 4363 249
4859 2188 262
4860 0 -1
4861 0 -1
4862 1519 298
4863 3228 264
4864 4597 340
4865 0 -1
4866 1540 224
4867 5362 237
4868 4553 232
4869 1895 295
4870 3677 460
4871 2354 378
4872 4213 354
4873 2962 200
4874 821 186
4875 4723 380
4876 5072 340
4877 5003 300
4878 1830 295
4879 2185 373
4880 3397 418
4881 6581 340
4882 1207 360
4883 5120 320
4884 0 -1
4885 2866 308
4886 6232 386
4887 4118 310
4888 2227 338
4889 4878 335
4890 5974 560
4891 6493 412
4892 133 389
4893 3743 359
4894 1295 187
4895 733 459
4896 2676 380
4897 594 358
4898 0 -1
4899 4413 333
4900 3819 496
4901 5144 187
4902 1205 335
4903 788 425
4904 3300 313
4905 689 375
4906 3515 353
4907 5810 186
4908 0 -1
4909 1996 258
4910 6165 132
4911 1202 303
4912 1923 349
4913 2138 199
4914 3713 255
4915 4775 262
4916 3616 239
4917 6509 344
4918 2079 302
4919 20 380
4920 6053 281
4921 5213 287
4922 2155 348
4923 5552 340
4924 3349 253
4925 5245 272
4926 1082 231
4927 6417 287
4928 1773 320
4929 6179 325
4930 0 -1
4931 2714 292
4932 579 459
4933 6403 343
4934 1877 258
4935 3221 335
4936 3471 241
4937 918 327
4938 3121 442
4939 5318 299
4940 759 386
4941 1828 408
4942 639 377
4943 1341 178
4944 5902 393
4945 937 341
4946 686 369
4947 0 -1
4948 3954 320
4949 1488 331
4950 4854 431
4951 0 -1
4952 97 345
4953 4787 289
4954 4823 279
4955 6172 267
4956 5112 232
4957 2612 337
4958 1041 286
4959 3586 271
4960 1926 175
4961 6001 333
4962 4839 338
4963 5086 229
4964 865 261
4965 4373 356
4966 1891 415
4967 4460 265
4968 2484 240
4969 3819 535
4970 2738 346
4971 2039 275
4972 6212 239
4973 5600 333
4974 5677 227
4975 2116 398
4976 0 -1
4977 1815 217
4978 4589 223
4979 4024 286
4980 3455 336
4981 5596 264
4982 0 -1
4983 5383 321
4984 4248 370
4985 4158 298
4986 4841 393
4987 4609 277
4988 4211 222
4989 1827 293
4990 5340 349
4991 449 405
4992 5833 322
4993 1837 278
4994 4371 252
4995 6146 460
4996 6527 334
4997 0 -1
4998 537 445
4999 5597 163
5000 5264 395
5001 771 314
5002 2705 430
5003 385 209
5004 1923 343
5005 6349 312
5006 1044 314
5007 4992 360
5008 1883 307
5009 299 379
5010 1981 411
5011 2802 403
5012 5843 326
5013 101 266
5014 4933 378
5015 2924 323
5016 3976 357
5017 3418 338
5018 5845 508
5019 1289 154
5020 2859 195
5021 0 -1
5022 2142 334
5023 490 419
5024 0 -1
5025 4100 289
5026 0 -1
5027 5272 377
5028 3445 366
5029 4203 379
5030 0 -1
5031 5430 336
5032 0 -1
5033 3797 251
5034 5718 253
5035 343 435
5036 629 304
5037 938 230
5038 0 -1
5039 966 282
5040 4963 310
5041 2378 389
5042 0 -1
5043 4293 300
5044 6192 116
5045 784 180
5046 3777 312
5047 2640 363
5048 3429 335
5049 1363 284
5050 611 227
5051 2179 309
5052 4189 280
5053 303 464
5054 3691 317
5055 2930 323
5056 0 -1
5057 70 275
5058 1884 285
5059 4353 183
5060 1296 310
5061 5835 398
5062 132 363
5063 3317 252
5064 2237 233
5065 3312 176
5066 6009 466
5067 6446 293
5068 5194 359
5069 6024 370
5070 5211 420
5071 6505 201
5072 3096 293
5073 219 287
5074 1082 182
5075 5037 287
5076 4960 179
5077 1983 327
5078 4667 480
5079 5802 346
5080 832 311
5081 1344 407
5082 5065 245
5083 1792 258
5084 5878 278
5085 587 277
5086 3201 221
5087 1644 369
5088 5428 280
5089 1183 317
5090 1894 519
5091 1008 380
5092 34 260
5093 1969 240
5094 2044 384
5095 6270 365
5096 3601 516
5097 5314 223
5098 6531 188
5099 5716 399
5100 5636 280
5101 3774 281
5102 4873 227
5103 3814 279
5104 146 318
5105 5744 341
5106 2524 328
5107 3736 244
5108 6162 323
5109 2409 332
5110 520 379
5111 2237 265
5112 3423 206
5113 5338 268
5114 4263 397
5115 3578 357
5116 5211 350
5117 561 351
5118 6538 365
5119 5479 237
5120 4591 234
5121 1272 379
5122 2176 324
5123 1227 355
5124 2529 249
5125 1017 397
5126 5527 345
5127 3659 369
5128 2673 296
5129 5769 354
5130 6547 362
5131 2106 198
5132 5183 444
5133 187 203
5134 159 494
5135 6531 141
5136 155 461
5137 15 243
5138 6594 259
5139 2989 211
5140 5926 330
5141 2455 247
5142 5084 310
5143 2862 413
5144 6192 168
5145 1139 290
5146 6450 416
5147 1120 493
5148 2136 446
5149 6477 313
5150 3068 265
5151 5597 155
5152 4713 450
5153 3368 399
5154 2231 283
5155 3401 502
5156 1792 278
5157 3348 327
5158 132 388
5159 2052 221
5160 1547 278
5161 5851 329
5162 2926 352
5163 2035 309
5164 1961 403
5165 3986 332
5166 4695 251
5167 6218 439
5168 3995 331
5169 4019 360
5170 2691 413
5171 5964 138
5172 1148 454
5173 2193 101
5174 5126 366
5175 1056 371
5176 594 408
5177 2669 270
5178 5789 394
5179 4604 387
5180 3396 456
5181 5048 372
5182 4833 265
5183 2143 442
5184 1367 357
5185 3315 330
5186 723 258
5187 4689 349
5188 4988 244
5189 1541 282
5190 4635 321
5191 232 329
5192 5450 356
5193 4994 307
5194 6517 356
5195 3914 223
5196 3858 293
5197 0 -1
5198 1776 287
5199 3092 401
5200 2704 365
5201 1447 416
5202 5748 261
5203 3674 423
5204 744 261
5205 0 -1
5206 4279 245
5207 403 396
5208 5309 313
5209 3492 338
5210 5114 441
5211 5510 301
5212 2146 266
5213 5141 275
5214 3425 300
5215 4179 296
5216 1306 335
5217 677 144
5218 3783 207
5219 3894 315
5220 4540 324
5221 5888 334
5222 2556 367
5223 288 242
5224 486 287
5225 2878 240
5226 2045 286
5227 2272 342
5228 71 318
5229 6551 336
5230 0 -1
5231 530 230
5232 3911 337
5233 3020 305
5234 5321 283
5235 3904 443
5236 5597 164
5237 3483 331
5238 1708 286
5239 2693 341
5240 6264 316
5241 5188 289
5242 2763 267
5243 6005 310
5244 3467 330
5245 6108 255
5246 1158 354
5247 3998 242
5248 6297 263
5249 4337 370
5250 5812 352
5251 5524 315
5252 2662 296
5253 5115 376
5254 4365 383
5255 3281 371
5256 219 317
5257 4078 246
5258 881 343
5259 2120 217
5260 3019 216
5261 5093 317
5262 812 290
5263 5531 310
5264 4834 279
5265 0 -1
5266 832 298
5267 246 314
5268 6141 249
5269 3113 235
5270 3776 369
5271 4635 365
5272 2882 333
5273 217 401
5274 133 336
5275 1409 316
5276 0 -1
5277 5910 127
5278 0 -1
5279 4546 409
5280 4391 145
5281 4795 407
5282 4973 410
5283 4629 279
5284 5630 270
5285 5332 342
5286 4521 350
5287 3349 227
5288 1449 271
5289 1389 316
5290 3114 206
5291 1858 349
5292 5733 426
5293 5621 393
5294 41 395
5295 963 314
5296 5200 409
5297 1295 124
5298 5179 496
5299 5194 455
5300 1737 328
5301 4262 301
5302 1068 329
5303 5239 365
5304 314 179
5305 2590 321
5306 5736 341
5307 550 337
5308 5914 234
5309 3261 309
5310 6549 115
5311 1840 400
5312 2141 213
5313 4321 327
5314 329 164
5315 2914 337
5316 1792 295
5317 671 448
5318 6505 260
5319 5282 520
5320 4999 247
5321 2815 256
5322 2944 221
5323 359 181
5324 1837 220
5325 503 339
5326 3368 472
5327 3190 324
5328 3211 315
5329 4506 352
5330 4994 257
5331 6162 247
5332 6064 319
5333 3213 341
5334 622 262
5335 504 462
5336 5914 254
5337 953 373
5338 6164 234
5339 3673 286
5340 804 304
5341 2826 245
5342 2156 352
5343 4422 349
5344 0 -1
5345 5741 241
5346 4068 194
5347 4123 288
5348 2759 322
5349 5582 356
5350 344 297
5351 5561 395
5352 5800 357
5353 3370 462
5354 1758 436
5355 6319 243
5356 2078 320
5357 0 -1
5358 6403 325
5359 5671 317
5360 941 299
5361 1783 373
5362 274 194
5363 6345 321
5364 4562 389
5365 2414 223
5366 4511 275
5367 3337 432
5368 6466 332
5369 523 281
5370 0 -1
5371 5896 468
5372 3760 361
5373 3525 355
5374 3295 190
5375 312 325
5376 5004 434
5377 45 402
5378 1096 310
5379 3567 343
5380 5329 455
5381 6449 352
5382 5661 278
5383 2716 310
5384 2477 415
5385 2253 428
5386 1629 353
5387 460 395
5388 6392 379
5389 6513 402
5390 1170 396
5391 4436 298
5392 3692 297
5393 1884 313
5394 5897 384
5395 6022 229
5396 0 -1
5397 204 353
5398 656 317
5399 1191 326
5400 5745 281
5401 1684 366
5402 5454 426
5403 6485 358
5404 2359 369
5405 2047 355
5406 3631 312
5407 3832 393
5408 2677 257
5409 3736 254
5410 1666 217
5411 6590 225
5412 5514 323
5413 206 408
5414 1401 366
5415 0 -1
5416 5112 237
5417 288 321
5418 2667 258
5419 5401 369
5420 1926 240
5421 6550 319
5422 3504 349
5423 2114 386
5424 1163 272
5425 4744 470
5426 863 399
5427 3134 241
5428 2996 189
5429 5070 507
5430 4697 277
5431 4213 307
5432 515 303
5433 2810 297
5434 0 -1
5435 0 -1
5436 1865 357
5437 3585 409
5438 3954 243
5439 5572 402
5440 1812 215
5441 1792 375
5442 0 -1
5443 569 326
5444 2235 465
5445 5103 299
5446 2764 295
5447 2383 117
5448 3876 366
5449 2627 304
5450 1181 287
5451 5992 311
5452 274 150
5453 4024 256
5454 2748 415
5455 369 342
5456 0 -1
5457 1634 382
5458 1994 346
5459 135 309
5460 927 340
5461 0 -1
5462 232 318
5463 3265 300
5464 0 -1
5465 4314 377
5466 2916 340
5467 0 -1
5468 6204 331
5469 2238 300
5470 4413 267
5471 2810 266
5472 1721 382
5473 6026 329
5474 2553 398
5475 511 510
5476 4678 360
5477 5857 342
5478 2953 359
5479 1352 203
5480 0 -1
5481 677 102
5482 4653 315
5483 5048 351
5484 5186 267
5485 1572 315
5486 0 -1
5487 123 242
5488 4916 323
5489 3389 333
5490 1278 214
5491 1321 471
5492 4862 377
5493 6590 222
5494 4776 323
5495 4436 235
5496 5701 271
5497 1023 403
5498 2236 293
5499 5345 310
5500 0 -1
5501 3899 379
5502 532 330
5503 2131 303
5504 5223 313
5505 703 285
5506 24 241
5507 6003 352
5508 3215 365
5509 100 235
5510 4444 267
5511 1306 335
5512 2361 261
5513 5888 440
5514 2301 218
5515 625 372
5516 834 317
5517 3569 272
5518 1083 319
5519 1051 367
5520 3746 346
5521 4032 291
5522 0 -1
5523 1342 289
5524 5748 266
5525 6549 35
5526 1853 337
5527 3261 309
5528 2012 390
5529 2726 398
5530 85 321
5531 4722 249
5532 1656 347
5533 5264 301
5534 755 282
5535 2722 397
5536 3007 373
5537 6505 271
5538 0 -1
5539 1726 410
5540 1667 322
5541 3479 411
5542 4720 444
5543 2120 238
5544 6585 385
5545 4473 299
5546 2421 327
5547 1094 313
5548 0 -1
5549 2738 360
5550 845 300
5551 0 -1
5552 5972 294
5553 5228 364
5554 6532 142
5555 4140 335
5556 4978 339
5557 5383 345
5558 689 386
5559 3737 331
5560 5870 251
5561 5398 345
5562 5693 395
5563 5856 360
5564 5741 192
5565 0 -1
5566 1909 324
5567 3806 260
5568 4248 369
5569 0 -1
5570 4912 397
5571 2764 307
5572 458 301
5573 2286 238
5574 0 -1
5575 2359 317
5576 6473 368
5577 2941 212
5578 910 401
5579 2366 332
5580 1167 354
5581 1156 500
5582 5649 291
5583 4722 324
5584 1251 293
5585 498 290
5586 2856 267
5587 6317 390
5588 4300 331
5589 5567 317
5590 2180 469
5591 3004 94
5592 0 -1
5593 2287 463
5594 1052 355
5595 2434 328
5596 5677 207
5597 5173 122
5598 3619 397
5599 2279 352
5600 4498 310
5601 4196 404
5602 5195 291
5603 0 -1
5604 5837 292
5605 984 481
5606 1901 391
5607 1584 292
5608 3140 453
5609 464 403
5610 1271 403
5611 1283 343
5612 2670 239
5613 2618 324
5614 4605 165
5615 1447 330
5616 5893 254
5617 4444 316
5618 966 336
5619 4482 301
5620 1645 275
5621 554 340
5622 0 -1
5623 4906 371
5624 2684 288
5625 0 -1
5626 0 -1
5627 5104 349
5628 199 335
5629 2711 348
5630 575 233
5631 2324 294
5632 262 397
5633 3469 366
5634 2211 374
5635 233 414
5636 2117 266
5637 3954 277
5638 1497 379
5639 3042 286
5640 4042 341
5641 1003 446
5642 2791 328
5643 5272 424
5644 2518 463
5645 6371 552
5646 5384 465
5647 1487 327
5648 0 -1
5649 744 198
5650 229 276
5651 1199 206
5652 3459 268
5653 4164 293
5654 3079 316
5655 4280 184
5656 5113 282
5657 3903 477
5658 2351 332
5659 0 -1
5660 0 -1
5661 6192 224
5662 550 360
5663 2062 402
5664 6192 121
5665 3388 270
5666 3096 288
5667 290 332
5668 6067 268
5669 97 271
5670 5313 361
5671 854 300
5672 4797 337
5673 2822 514
5674 3369 296
5675 4462 307
5676 921 324
5677 1278 196
5678 18 292
5679 2099 387
5680 3492 335
5681 2268 289
5682 0 -1
5683 6444 319
5684 6221 413
5685 605 443
5686 6556 275
5687 3684 298
5688 3020 229
5689 3109 270
5690 5326 574
5691 892 326
5692 5873 334
5693 4867 301
5694 6181 275
5695 57 306
5696 4916 255
5697 2793 409
5698 3307 384
5699 2713 253
5700 6479 363
5701 5614 242
5702 421 358
5703 1525 317
5704 2732 402
5705 4552 240
5706 6236 266
5707 697 273
5708 5198 288
5709 662 395
5710 2412 310
5711 2162 300
5712 1293 361
5713 1310 325
5714 4340 445
5715 2983 316
5716 4661 317
5717 2332 243
5718 3025 237
5719 876 464
5720 2506 390
5721 0 -1
5722 387 435
5723 5498 340
5724 5498 306
5725 1175 395
5726 3221 322
5727 533 410
5728 2541 440
5729 2323 302
5730 2592 591
5731 5664 226
5732 5597 124
5733 3594 369
5734 1351 321
5735 900 419
5736 6278 272
5737 6192 125
5738 550 270
5739 0 -1
5740 2690 400
5741 3016 185
5742 3698 254
5743 136 204
5744 6155 323
5745 3661 249
5746 1737 337
5747 0 -1
5748 690 234
5749 3741 260
5750 2293 199
5751 715 292
5752 4166 363
5753 0 -1
5754 4255 336
5755 5171 232
5756 4658 381
5757 6204 400
5758 2901 384
5759 695 288
5760 6532 161
5761 6348 268
5762 4672 381
5763 2633 294
5764 2154 281
5765 1360 297
5766 3585 358
5767 843 392
5768 3305 271
5769 4992 345
5770 5586 281
5771 5312 288
5772 100 230
5773 6148 325
5774 5749 373
5775 1646 321
5776 44 289
5777 2988 345
5778 1224 324
5779 1388 368
5780 5998 328
5781 4095 297
5782 4333 384
5783 4126 265
5784 4194 322
5785 1861 217
5786 5287 292
5787 1870 473
5788 2700 237
5789 3496 380
5790 3093 367
5791 5801 366
5792 2386 387
5793 4305 419
5794 6051 368
5795 2769 482
5796 2770 398
5797 2052 215
5798 3173 434
5799 1657 325
5800 245 332
5801 5126 350
5802 561 307
5803 2530 374
5804 4116 308
5805 6102 329
5806 2985 178
5807 2989 156
5808 301 180
5809 326 248
5810 5144 174
5811 2468 629
5812 6309 340
5813 3322 305
5814 5106 351
5815 6119 146
5816 2058 427
5817 771 290
5818 1663 397
5819 3449 269
5820 5694 285
5821 848 254
5822 0 -1
5823 3913 278
5824 5553 429
5825 1572 241
5826 6559 361
5827 4224 307
5828 5040 314
5829 5731 233
5830 3226 311
5831 1360 319
5832 1465 453
5833 530 253
5834 5365 227
5835 2085 351
5836 71 312
5837 1077 276
5838 3459 340
5839 4086 379
5840 3698 225
5841 1276 295
5842 1926 170
5843 1709 289
5844 5073 315
5845 3972 431
5846 3441 345
5847 2153 248
5848 5150 326
5849 0 -1
5850 3850 261
5851 4839 315
5852 2041 220
5853 1787 343
5854 970 303
5855 3686 303
5856 2602 277
5857 5619 337
5858 3033 502
5859 3459 326
5860 3492 400
5861 3506 296
5862 784 176
5863 2125 346
5864 2074 367
5865 6173 415
5866 3000 374
5867 6284 467
5868 5651 273
5869 4804 385
5870 4252 185
5871 4095 235
5872 5165 448
5873 683 285
5874 0 -1
5875 1464 264
5876 5835 367
5877 4719 318
5878 2094 258
5879 6333 395
5880 6544 394
5881 812 292
5882 854 273
5883 5395 239
5884 565 340
5885 2593 279
5886 5262 329
5887 3957 379
5888 1276 323
5889 3315 328
5890 6368 301
5891 220 218
5892 2264 292
5893 1459 238
5894 0 -1
5895 3809 390
5896 5356 382
5897 5521 306
5898 648 303
5899 2372 226
5900 1833 404
5901 2949 387
5902 570 347
5903 6012 403
5904 1348 375
5905 2448 284
5906 4255 327
5907 3452 318
5908 3661 259
5909 1070 405
5910 2717 113
5911 748 319
5912 28 342
5913 691 295
5914 3932 227
5915 6573 385
5916 271 330
5917 2805 404
5918 0 -1
5919 5881 304
5920 4335 307
5921 6538 399
5922 326 228
5923 559 258
5924 2094 263
5925 4887 352
5926 297 240
5927 4960 223
5928 3402 376
5929 6523 346
5930 302 397
5931 4665 424
5932 2864 254
5933 3325 330
5934 1426 247
5935 1413 310
5936 4285 334
5937 879 412
5938 1276 318
5939 5577 285
5940 5701 346
5941 1169 416
5942 4562 371
5943 0 -1
5944 6460 341
5945 4403 391
5946 3668 306
5947 715 284
5948 1435 418
5949 3767 350
5950 1260 311
5951 3077 356
5952 1353 270
5953 3504 348
5954 3698 258
5955 2556 453
5956 3707 344
5957 1680 356
5958 0 -1
5959 3310 318
5960 2410 296
5961 0 -1
5962 1269 341
5963 0 -1
5964 5910 128
5965 3355 425
5966 2350 293
5967 3611 384
5968 3407 318
5969 5989 287
5970 5107 286
5971 4410 413
5972 2396 255
5973 6252 336
5974 2228 537
5975 3183 304
5976 4069 463
5977 2208 330
5978 5033 303
5979 2286 204
5980 1646 226
5981 3533 271
5982 6029 331
5983 0 -1
5984 1692 306
5985 0 -1
5986 0 -1
5987 0 -1
5988 0 -1
5989 100 177
5990 466 282
5991 2444 363
5992 1052 308
5993 3101 321
5994 4109 381
5995 2756 334
5996 3585 373
5997 970 237
5998 4040 313
5999 1779 303
6000 175 356
6001 2159 273
6002 60 255
6003 5919 318
6004 4814 403
6005 1408 260
6006 3946 320
6007 1276 255
6008 3094 376
6009 1694 396
6010 70 349
6011 2255 307
6012 4291 285
6013 1812 278
6014 6349 267
6015 4261 293
6016 5102 266
6017 4460 240
6018 3227 362
6019 1827 271
6020 1267 310
6021 1927 370
6022 413 202
6023 2815 293
6024 1372 300
6025 2813 394
6026 3708 321
6027 4119 436
6028 440 416
6029 3661 247
6030 3712 330
6031 4185 390
6032 734 337
6033 5604 349
6034 1795 306
6035 3658 321
6036 1729 308
6037 4244 311
6038 0 -1
6039 6358 187
6040 3322 260
6041 2414 245
6042 721 343
6043 5669 288
6044 6446 193
6045 2602 211
6046 0 -1
6047 2481 342
6048 3425 298
6049 5886 382
6050 4195 337
6051 6019 273
6052 4581 310
6053 263 279
6054 2926 351
6055 1360 397
6056 301 136
6057 0 -1
6058 1495 399
6059 2261 336
6060 639 425
6061 1780 334
6062 666 391
6063 283 320
6064 5218 289
6065 4393 405
6066 864 342
6067 6358 248
6068 3228 242
6069 4281 301
6070 4385 314
6071 5019 163
6072 6580 303
6073 1585 378
6074 3986 286
6075 6512 311
6076 6239 342
6077 0 -1
6078 6395 345
6079 2786 438
6080 5834 346
6081 5416 290
6082 3975 321
6083 663 212
6084 1427 414
6085 0 -1
6086 5808 223
6087 4669 267
6088 2775 370
6089 787 350
6090 6447 267
6091 1572 236
6092 0 -1
6093 1787 353
6094 1536 368
6095 5453 284
6096 86 257
6097 531 406
6098 3022 338
6099 836 469
6100 5923 321
6101 5772 261
6102 4803 323
6103 4315 313
6104 4703 304
6105 2771 381
6106 4767 296
6107 2785 330
6108 6205 194
6109 66 422
6110 1444 292
6111 2642 387
6112 6058 412
6113 4572 326
6114 1148 404
6115 5662 396
6116 2792 379
6117 3894 223
6118 2516 354
6119 2620 47
6120 5665 300
6121 1336 393
6122 0 -1
6123 2035 342
6124 0 -1
6125 3322 258
6126 1073 440
6127 5552 405
6128 5028 442
6129 4252 154
6130 3459 289
6131 4103 313
6132 5959 417
6133 1439 330
6134 1400 530
6135 0 -1
6136 2859 191
6137 6255 290
6138 3839 259
6139 2812 290
6140 3772 287
6141 604 229
6142 5027 475
6143 4343 348
6144 5707 293
6145 3188 234
6146 494 429
6147 3581 402
6148 4701 226
6149 4101 210
6150 1966 301
6151 2302 332
6152 5115 374
6153 3958 376
6154 0 -1
6155 3510 302
6156 0 -1
6157 516 309
6158 4400 381
6159 4331 310
6160 1782 361
6161 1039 348
6162 3855 240
6163 4684 298
6164 5065 194
6165 5910 126
6166 1893 385
6167 5186 358
6168 660 384
6169 3681 384
6170 5589 435
6171 1693 384
6172 1387 173
6173 2114 337
6174 4217 311
6175 2602 231
6176 5229 367
6177 2800 397
6178 5810 253
6179 1358 314
6180 4907 247
6181 1115 199
6182 0 -1
6183 2772 340
6184 2896 299
6185 616 401
6186 881 372
6187 3637 440
6188 768 327
6189 3234 314
6190 5499 345
6191 1349 441
6192 359 110
6193 2400 303
6194 4265 423
6195 987 454
6196 2106 151
6197 2827 332
6198 0 -1
6199 2915 299
6200 1531 394
6201 3515 323
6202 1026 289
6203 6422 337
6204 5240 328
6205 3437 171
6206 470 261
6207 3437 132
6208 5465 396
6209 3692 331
6210 0 -1
6211 4889 362
6212 315 226
6213 4480 273
6214 5907 407
6215 2448 314
6216 162 507
6217 3898 333
6218 5904 429
6219 3450 337
6220 0 -1
6221 1170 351
6222 4241 294
6223 6045 276
6224 3695 364
6225 4191 221
6226 5859 336
6227 2146 354
6228 1385 284
6229 4661 329
6230 2775 307
6231 294 325
6232 3226 284
6233 421 334
6234 0 -1
6235 1244 295
6236 3888 262
6237 2930 344
6238 0 -1
6239 2160 298
6240 5596 298
6241 4492 377
6242 5952 318
6243 4651 251
6244 3750 374
6245 6228 346
6246 4743 375
6247 5221 375
6248 72 340
6249 6346 317
6250 3283 296
6251 4777 314
6252 3134 272
6253 4994 266
6254 2795 319
6255 2719 228
6256 5799 332
6257 6597 270
6258 8 243
6259 3677 385
6260 4457 270
6261 2016 383
6262 6296 296
6263 0 -1
6264 6193 303
6265 181 255
6266 2829 371
6267 3845 270
6268 431 325
6269 2566 332
6270 1996 258
6271 4224 320
6272 2648 309
6273 638 331
6274 3251 316
6275 0 -1
6276 1500 322
6277 6242 387
6278 2300 181
6279 3021 400
6280 6562 275
6281 4149 491
6282 2356 294
6283 1448 254
6284 247 416
6285 1961 406
6286 3506 364
6287 5133 281
6288 2902 304
6289 4687 272
6290 5681 331
6291 5817 332
6292 0 -1
6293 3076 389
6294 6454 302
6295 4578 210
6296 4874 232
6297 844 199
6298 3394 403
6299 2361 284
6300 5588 362
6301 4570 211
6302 3510 309
6303 196 358
6304 927 409
6305 5731 321
6306 0 -1
6307 5074 231
6308 0 -1
6309 8 314
6310 2656 335
6311 1824 345
6312 1098 207
6313 857 426
6314 3644 717
6315 5395 319
6316 4935 368
6317 999 330
6318 6545 295
6319 4591 209
6320 4194 363
6321 777 348
6322 4321 383
6323 6307 305
6324 5499 310
6325 2652 286
6326 5932 324
6327 4295 398
6328 2915 287
6329 6488 194
6330 2528 345
6331 5635 476
6332 5217 206
6333 4007 361
6334 4252 161
6335 1404 243
6336 2645 294
6337 3188 267
6338 0 -1
6339 4526 313
6340 1431 372
6341 4307 331
6342 4378 222
6343 6125 318
6344 1794 372
6345 2167 255
6346 6181 224
6347 4491 244
6348 4280 211
6349 767 212
6350 1054 363
6351 5810 272
6352 794 359
6353 110 256
6354 410 335
6355 362 441
6356 1781 405
6357 0 -1
6358 1278 182
6359 2188 173
6360 2400 240
6361 3440 329
6362 5823 324
6363 5382 359
6364 2115 404
6365 1071 368
6366 5033 340
6367 263 289
6368 4371 253
6369 696 302
6370 0 -1
6371 4000 524
6372 5260 268
6373 2886 277
6374 4360 382
6375 3449 307
6376 4302 437
6377 6542 357
6378 4834 306
6379 3525 340
6380 1045 328
6381 0 -1
6382 2735 319
6383 5063 294
6384 1186 268
6385 5111 356
6386 1830 303
6387 5109 400
6388 4798 328
6389 5681 351
6390 6225 321
6391 2106 215
6392 2103 328
6393 4553 213
6394 3344 347
6395 6557 312
6396 485 301
6397 6578 520
6398 5407 491
6399 2489 167
6400 0 -1
6401 969 455
6402 3671 325
6403 5034 324
6404 4095 304
6405 4600 350
6406 3398 330
6407 3928 324
6408 1550 321
6409 4719 352
6410 2700 249
6411 4707 387
6412 4194 364
6413 3437 219
6414 0 -1
6415 0 -1
6416 2440 352
6417 3380 229
6418 0 -1
6419 2741 240
6420 4582 367
6421 6589 373
6422 769 307
6423 0 -1
6424 5034 314
6425 0 -1
6426 4700 294
6427 418 311
6428 0 -1
6429 6108 231
6430 1601 379
6431 4580 260
6432 1060 427
6433 1705 381
6434 2686 343
6435 2306 238
6436 4728 406
6437 3621 339
6438 1405 418
6439 2316 266
6440 1442 356
6441 113 273
6442 2372 285
6443 6511 381
6444 6429 277
6445 3190 311
6446 3554 190
6447 3549 174
6448 5820 343
6449 548 326
6450 4838 298
6451 1462 270
6452 3364 305
6453 0 -1
6454 3696 291
6455 2565 391
6456 5323 220
6457 1825 185
6458 2640 356
6459 6056 188
6460 5802 322
6461 3078 294
6462 5107 312
6463 4519 304
6464 4226 375
6465 2834 402
6466 4452 322
6467 4022 314
6468 4996 349
6469 2872 455
6470 6207 173
6471 4833 270
6472 0 -1
6473 2566 353
6474 6475 349
6475 4955 307
6476 4994 320
6477 563 310
6478 2620 101
6479 1457 344
6480 1974 212
6481 2640 400
6482 1408 237
6483 3418 305
6484 5927 228
6485 2417 331
6486 2266 422
6487 925 366
6488 6478 173
6489 589 404
6490 3625 404
6491 6551 310
6492 3546 280
6493 4182 310
6494 1658 386
6495 1142 318
6496 3265 325
6497 6584 413
6498 1667 364
6499 3207 431
6500 2985 134
6501 5768 355
6502 1796 297
6503 6265 306
6504 3449 279
6505 1952 164
6506 2567 238
6507 6242 330
6508 557 289
6509 924 319
6510 371 321
6511 161 292
6512 4748 214
6513 2809 348
6514 0 -1
6515 4887 353
6516 5085 371
6517 1352 255
6518 3632 390
6519 4993 323
6520 5369 361
6521 4938 532
6522 857 401
6523 1670 259
6524 5256 331
6525 759 363
6526 2391 230
6527 5304 296
6528 2529 257
6529 3797 268
6530 2752 389
6531 4391 120
6532 359 140
6533 3783 321
6534 3921 425
6535 1968 234
6536 3343 369
6537 3109 300
6538 4597 341
6539 5524 333
6540 3673 379
6541 1358 299
6542 1108 290
6543 3494 334
6544 3336 388
6545 2864 244
6546 2944 267
6547 3034 306
6548 1537 330
6549 2193 7
6550 4190 254
6551 3254 266
6552 3681 433
6553 6231 368
6554 889 370
6555 5700 372
6556 3418 254
6557 2168 295
6558 5627 439
6559 3607 322
6560 5952 345
6561 6531 177
6562 3799 240
6563 4437 350
6564 2772 335
6565 6390 373
6566 5776 376
6567 2805 313
6568 3943 326
6569 2446 296
6570 4867 355
6571 657 258
6572 1629 378
6573 6222 360
6574 255 358
6575 2724 346
6576 1242 306
6577 2701 316
6578 5623 490
6579 4385 361
6580 3662 260
6581 4192 325
6582 0 -1
6583 0 -1
6584 3120 306
6585 1343 325
6586 3496 284
6587 4701 286
6588 877 348
6589 268 309
6590 5428 200
6591 4283 316
6592 1357 405
6593 0 -1
6594 4391 141
6595 2103 319
6596 5100 313
6597 644 252
6598 3045 326
6599 3898 427
6600 18 339
