16
1 0 -1
2 3470 656
3 0 -1
4 6032 513
5 5624 538
6 0 -1
7 2732 512
8 378 366
9 3923 332
10 3773 410
11 6527 512
12 0 -1
13 1569 437
14 2711 399
15 4420 397
16 16 0
17 2568 366
18 6346 525
19 5431 557
20 83 493
21 45 414
22 5484 451
23 1293 565
24 5161 400
25 151 574
26 4645 556
27 5499 474
28 5025 532
29 4855 488
30 3486 488
31 0 -1
32 116 464
33 5737 481
34 1486 450
35 3484 537
36 2248 501
37 5244 444
38 5902 464
39 4330 464
40 3846 446
41 3369 509
42 2019 464
43 558 536
44 1206 467
45 1283 411
46 134 574
47 1617 812
48 790 546
49 3776 631
50 3169 572
51 3112 494
52 855 566
53 2271 562
54 2433 416
55 3324 557
56 849 447
57 4190 393
58 0 -1
59 1504 552
60 6165 426
61 3728 421
62 2317 501
63 293 466
64 4824 662
65 1562 531
66 1518 446
67 5642 533
68 0 -1
69 3382 632
70 942 378
71 906 504
72 3943 455
73 4828 623
74 5050 418
75 4233 488
76 6051 510
77 5142 546
78 410 561
79 309 396
80 4228 524
81 3922 540
82 5839 474
83 101 436
84 2074 533
85 5001 436
86 2358 405
87 4286 373
88 2935 474
89 5345 539
90 20 503
91 227 623
92 0 -1
93 2110 480
94 1782 598
95 311 559
96 3850 493
97 3520 396
98 1126 543
99 6196 320
100 3416 430
101 2064 435
102 4115 490
103 142 447
104 2593 466
105 4525 446
106 1292 491
107 5962 444
108 4614 524
109 924 492
110 3960 346
111 4445 414
112 1259 564
113 5487 423
114 2851 414
115 2537 513
116 1035 459
117 939 594
118 786 510
119 4672 403
120 3289 796
121 3867 531
122 4339 500
123 99 362
124 0 -1
125 6136 513
126 4100 496
127 1353 531
128 1016 340
129 5545 555
130 1436 589
131 4231 365
132 3617 371
133 3117 437
134 880 556
135 1253 485
136 6091 508
137 337 523
138 0 -1
139 3453 411
140 2701 509
141 1000 493
142 4261 424
143 5953 404
144 2843 427
145 2453 390
146 3013 543
147 3003 522
148 2279 441
149 5062 506
150 521 603
151 6410 483
152 528 642
153 2019 460
154 5218 482
155 5998 573
156 1277 512
157 0 -1
158 3469 435
159 4421 545
160 2375 421
161 1968 456
162 1900 516
163 6179 504
164 5680 571
165 0 -1
166 2602 596
167 832 467
168 4970 440
169 3344 432
170 1054 420
171 0 -1
172 849 421
173 3080 552
174 4548 541
175 4084 630
176 1059 522
177 3570 604
178 3798 449
179 3946 420
180 6137 540
181 3862 408
182 4258 541
183 6488 502
184 3136 552
185 4076 546
186 418 530
187 6334 340
188 6361 490
189 2756 524
190 0 -1
191 1933 495
192 6503 528
193 5361 571
194 5482 499
195 0 -1
196 5671 446
197 1323 630
198 6041 468
199 2248 480
200 1522 555
201 3771 562
202 5799 594
203 2941 437
204 4257 531
205 284 490
206 1705 437
207 3414 527
208 4526 529
209 6266 561
210 3676 523
211 907 490
212 0 -1
213 6526 473
214 6566 470
215 443 470
216 1704 529
217 3677 536
218 3897 572
219 2859 516
220 5591 519
221 5163 407
222 4360 500
223 5224 509
224 0 -1
225 0 -1
226 1302 613
227 4125 518
228 2043 451
229 2174 386
230 6106 461
231 5330 491
232 2567 437
233 2494 587
234 3256 552
235 6099 747
236 3801 501
237 0 -1
238 4060 511
239 1849 423
240 1788 400
241 1283 461
242 0 -1
243 6179 476
244 1307 442
245 5612 475
246 842 491
247 2259 462
248 776 473
249 870 583
250 1338 512
251 2053 634
252 1923 544
253 0 -1
254 615 522
255 6189 556
256 2485 544
257 4046 535
258 3244 464
259 0 -1
260 3699 478
261 467 619
262 5633 472
263 2244 397
264 1884 506
265 4127 522
266 279 604
267 6014 528
268 4621 477
269 1809 552
270 3415 569
271 3932 569
272 1056 626
273 3181 610
274 359 506
275 5440 454
276 1307 426
277 0 -1
278 337 490
279 6233 511
280 5321 535
281 925 522
282 1878 177
283 5888 395
284 1289 394
285 5697 669
286 1508 502
287 0 -1
288 3822 388
289 683 463
290 93 496
291 2803 306
292 4920 459
293 4964 429
294 6488 484
295 0 -1
296 1667 550
297 1784 446
298 5768 386
299 6048 498
300 3367 670
301 1959 489
302 5101 438
303 2532 512
304 461 611
305 4915 511
306 4294 575
307 5971 403
308 2137 515
309 3960 333
310 0 -1
311 4179 531
312 3009 308
313 2778 681
314 3661 410
315 5059 496
316 40 454
317 6528 526
318 3050 537
319 0 -1
320 6055 644
321 482 506
322 2606 450
323 5696 499
324 5061 622
325 4668 448
326 5323 389
327 3121 669
328 5225 485
329 4178 532
330 0 -1
331 5438 469
332 1088 591
333 3411 587
334 6449 500
335 2752 471
336 4224 485
337 5262 432
338 418 475
339 1149 458
340 5716 446
341 2582 591
342 5417 491
343 5570 591
344 738 380
345 4964 383
346 2653 411
347 6086 462
348 3707 492
349 2016 547
350 6236 471
351 530 382
352 5209 539
353 3467 563
354 2839 543
355 4762 562
356 982 590
357 309 345
358 0 -1
359 685 440
360 2852 531
361 6050 529
362 308 596
363 6168 537
364 6015 462
365 5473 510
366 1935 551
367 1070 374
368 4173 579
369 6243 375
370 1172 498
371 1970 518
372 959 501
373 1392 451
374 2677 404
375 3202 444
376 2766 509
377 3176 477
378 1469 296
379 4793 504
380 0 -1
381 1740 476
382 1413 547
383 664 549
384 3840 426
385 4300 468
386 5077 552
387 5681 558
388 374 495
389 312 361
390 1439 534
391 684 534
392 0 -1
393 2343 540
394 769 592
395 4133 434
396 5343 479
397 984 579
398 5086 455
399 2653 445
400 0 -1
401 4441 483
402 1619 540
403 1114 584
404 2057 508
405 5798 577
406 3682 586
407 340 472
408 4231 372
409 6373 489
410 3947 458
411 6363 558
412 3204 438
413 301 540
414 3764 595
415 1885 360
416 4480 434
417 3636 505
418 1603 450
419 5036 483
420 3347 533
421 2681 366
422 5528 419
423 5287 504
424 5888 454
425 6008 558
426 3118 477
427 4384 553
428 1253 579
429 2246 481
430 569 583
431 3926 511
432 749 459
433 4259 475
434 1918 504
435 1972 389
436 1247 455
437 4984 364
438 3288 474
439 2858 662
440 1722 407
441 4164 610
442 1530 541
443 5577 458
444 4924 558
445 23 594
446 39 475
447 1447 485
448 4937 486
449 2425 492
450 4940 591
451 0 -1
452 1960 502
453 766 578
454 1743 544
455 5837 474
456 1732 436
457 4804 526
458 1940 484
459 5196 539
460 1224 479
461 4190 503
462 1647 602
463 5363 517
464 4671 509
465 2111 484
466 2133 469
467 2018 535
468 2907 443
469 3086 523
470 97 408
471 3224 312
472 807 565
473 6273 506
474 2757 545
475 3807 556
476 6580 484
477 3292 457
478 41 539
479 3382 529
480 5678 567
481 6368 745
482 5005 498
483 583 554
484 4770 558
485 2168 355
486 2408 441
487 2376 394
488 1945 547
489 2716 475
490 5544 521
491 1427 454
492 4828 604
493 164 606
494 5839 505
495 654 576
496 2208 459
497 4695 520
498 706 415
499 0 -1
500 1267 471
501 0 -1
502 4448 552
503 3255 536
504 6463 587
505 456 478
506 5020 442
507 3809 462
508 4998 672
509 474 641
510 4044 434
511 4847 569
512 4153 432
513 4944 514
514 2110 376
515 1875 525
516 79 414
517 6129 308
518 3407 431
519 3175 497
520 2003 495
521 3571 601
522 2738 428
523 2261 469
524 2787 468
525 0 -1
526 1583 471
527 2472 519
528 3323 625
529 1933 463
530 4685 382
531 4597 561
532 93 494
533 4491 598
534 0 -1
535 2796 541
536 946 499
537 3766 476
538 2693 514
539 473 511
540 3603 526
541 5975 540
542 5904 583
543 1916 528
544 3149 560
545 6594 556
546 3765 459
547 6365 503
548 2870 482
549 0 -1
550 487 453
551 5135 549
552 749 447
553 6186 505
554 3196 507
555 3412 472
556 667 495
557 1235 475
558 1386 531
559 5275 562
560 0 -1
561 3050 474
562 3201 251
563 2930 461
564 3655 442
565 2338 457
566 4074 569
567 4315 367
568 114 451
569 5512 548
570 4869 415
571 0 -1
572 1536 537
573 1797 787
574 2031 473
575 4536 403
576 3880 570
577 4800 591
578 6349 462
579 3226 368
580 3171 485
581 1960 547
582 447 572
583 6369 552
584 5919 459
585 144 542
586 2893 820
587 4700 478
588 1409 505
589 630 530
590 3200 290
591 1160 590
592 1153 612
593 513 518
594 1007 519
595 4420 497
596 4406 612
597 1589 437
598 6064 514
599 126 498
600 0 -1
601 5140 543
602 1847 446
603 2843 354
604 1878 249
605 178 465
606 1786 590
607 2965 662
608 5754 419
609 5430 483
610 0 -1
611 4910 390
612 5838 510
613 5378 610
614 2506 510
615 1756 437
616 5825 542
617 3360 475
618 0 -1
619 2944 489
620 4756 517
621 4399 574
622 3990 367
623 0 -1
624 5438 471
625 1377 536
626 3189 476
627 6161 594
628 2724 402
629 85 457
630 3784 412
631 2286 317
632 5243 550
633 2847 617
634 4816 615
635 1889 564
636 4698 541
637 2376 375
638 1560 438
639 3537 383
640 5632 528
641 4486 473
642 3603 445
643 2465 526
644 2138 484
645 0 -1
646 2217 531
647 574 474
648 5063 497
649 0 -1
650 6309 474
651 682 591
652 321 605
653 1466 535
654 4164 546
655 0 -1
656 1927 332
657 5236 473
658 6221 592
659 2425 549
660 1584 459
661 5462 562
662 298 462
663 5768 444
664 4393 510
665 6523 540
666 6014 482
667 3234 466
668 2194 529
669 2233 429
670 2449 426
671 6254 519
672 5751 538
673 6032 577
674 6230 491
675 674 541
676 1980 444
677 794 466
678 5808 431
679 6289 512
680 1974 516
681 401 502
682 2048 499
683 2174 398
684 5528 429
685 4963 411
686 1271 498
687 3366 572
688 4760 589
689 4493 529
690 2489 471
691 5989 475
692 496 530
693 4984 401
694 3512 348
695 1831 516
696 4095 492
697 2944 484
698 4097 425
699 6216 528
700 839 489
701 914 548
702 4436 457
703 3019 596
704 4346 395
705 3891 437
706 3201 298
707 2640 588
708 4222 725
709 3106 399
710 724 663
711 4136 530
712 2576 579
713 288 428
714 4581 587
715 3243 482
716 5231 472
717 6229 541
718 408 408
719 5269 458
720 0 -1
721 6372 570
722 5455 473
723 4226 435
724 361 574
725 302 492
726 5499 467
727 937 394
728 4352 583
729 3290 554
730 2140 487
731 114 467
732 140 512
733 4554 575
734 1755 500
735 5875 499
736 2101 541
737 5657 648
738 5187 334
739 4798 479
740 3487 483
741 1007 450
742 2814 580
743 6232 400
744 6500 488
745 6003 521
746 3690 502
747 2696 503
748 5093 564
749 1313 403
750 4348 439
751 1293 517
752 1553 463
753 1136 636
754 5167 613
755 999 414
756 3532 586
757 2430 430
758 5896 535
759 3407 456
760 704 431
761 6069 505
762 1889 647
763 1385 523
764 1002 476
765 3643 458
766 1052 471
767 5768 337
768 5145 482
769 4853 480
770 3137 460
771 3939 394
772 5337 597
773 2694 531
774 3215 528
775 6464 600
776 2735 444
777 3055 504
778 2035 476
779 1426 501
780 4994 512
781 3393 403
782 4094 566
783 2756 563
784 565 466
785 5258 582
786 325 502
787 5671 487
788 6270 451
789 0 -1
790 262 531
791 1288 495
792 971 561
793 5649 435
794 4958 409
795 2862 455
796 1597 629
797 6365 583
798 1160 503
799 4529 399
800 1999 505
801 3307 614
802 4806 448
803 0 -1
804 3109 508
805 345 384
806 1295 573
807 2267 497
808 1986 473
809 3965 674
810 0 -1
811 852 736
812 706 375
813 3649 527
814 3154 551
815 0 -1
816 1584 489
817 6243 475
818 476 576
819 0 -1
820 0 -1
821 2883 535
822 4442 533
823 923 551
824 641 520
825 4663 553
826 4222 667
827 6123 482
828 5586 566
829 3083 683
830 4928 504
831 1103 591
832 812 394
833 3030 496
834 3013 443
835 6218 551
836 558 537
837 6314 967
838 4985 560
839 5302 441
840 4254 514
841 1363 594
842 5834 486
843 1235 465
844 2803 258
845 6265 452
846 954 504
847 937 456
848 1404 404
849 6334 344
850 2706 516
851 5081 545
852 2320 636
853 4878 503
854 3459 413
855 5577 471
856 1574 541
857 2841 544
858 999 383
859 5936 543
860 4259 529
861 2668 485
862 0 -1
863 4159 405
864 568 481
865 3315 371
866 4473 522
867 668 545
868 6482 469
869 4342 496
870 5499 515
871 6113 585
872 0 -1
873 4834 551
874 351 401
875 3208 520
876 3198 562
877 2785 492
878 6311 573
879 4876 555
880 1985 468
881 6296 611
882 2422 638
883 0 -1
884 6180 546
885 1526 600
886 5754 423
887 312 405
888 6224 646
889 5670 572
890 1712 562
891 1268 591
892 5286 510
893 6574 557
894 924 510
895 3361 549
896 5738 570
897 3410 505
898 5598 572
899 1781 600
900 1383 484
901 4600 509
902 3530 501
903 88 566
904 5950 525
905 5716 450
906 1551 472
907 3747 468
908 3632 663
909 1317 528
910 4670 539
911 2042 519
912 1077 362
913 2316 442
914 2444 460
915 3855 490
916 1368 486
917 3512 384
918 1822 613
919 4963 468
920 4512 569
921 4914 606
922 2466 547
923 3866 457
924 378 413
925 1880 482
926 3901 410
927 5321 564
928 352 621
929 4608 822
930 4787 591
931 76 540
932 5556 519
933 5409 492
934 2529 456
935 0 -1
936 6194 550
937 2681 375
938 5173 489
939 968 543
940 4391 532
941 5596 373
942 1343 368
943 247 510
944 4062 508
945 2106 359
946 6480 477
947 524 476
948 0 -1
949 3508 541
950 2147 500
951 4173 561
952 4167 533
953 3737 491
954 4923 393
955 2947 560
956 3809 488
957 2205 537
958 6072 434
959 4963 451
960 4523 525
961 0 -1
962 2986 495
963 4457 439
964 0 -1
965 1877 582
966 6503 513
967 3901 482
968 5190 543
969 1140 614
970 337 443
971 4310 496
972 864 506
973 5588 546
974 5097 533
975 5290 578
976 507 477
977 2899 447
978 0 -1
979 2378 532
980 4879 559
981 0 -1
982 114 472
983 2694 520
984 2290 529
985 770 528
986 5263 608
987 564 489
988 4679 522
989 4889 564
990 4107 496
991 1972 378
992 0 -1
993 0 -1
994 968 611
995 5338 512
996 2439 511
997 5373 325
998 1038 440
999 3204 375
1000 2891 424
1001 42 573
1002 4068 409
1003 3244 475
1004 4655 551
1005 2091 545
1006 583 594
1007 132 424
1008 41 559
1009 505 563
1010 0 -1
1011 0 -1
1012 3123 583
1013 2434 401
1014 3277 585
1015 4522 511
1016 5268 301
1017 2122 487
1018 302 554
1019 2353 597
1020 4548 556
1021 1622 482
1022 5151 423
1023 214 478
1024 4178 521
1025 4383 527
1026 2106 372
1027 4133 478
1028 1893 494
1029 1413 504
1030 3969 544
1031 2464 606
1032 2112 448
1033 4821 597
1034 1246 625
1035 3458 376
1036 5011 568
1037 5123 650
1038 4328 437
1039 5139 459
1040 5039 531
1041 2081 645
1042 4756 530
1043 5169 580
1044 5531 607
1045 5619 605
1046 230 581
1047 0 -1
1048 489 497
1049 5129 485
1050 2127 604
1051 4291 535
1052 72 466
1053 4200 478
1054 3917 388
1055 1974 550
1056 1509 618
1057 4105 494
1058 522 442
1059 561 482
1060 3808 549
1061 4521 500
1062 3917 390
1063 4244 501
1064 3327 524
1065 3288 464
1066 5462 571
1067 0 -1
1068 4920 379
1069 4903 599
1070 6297 360
1071 5163 471
1072 4510 470
1073 3273 520
1074 176 600
1075 2655 560
1076 132 430
1077 5131 348
1078 2365 523
1079 2002 553
1080 723 527
1081 101 523
1082 5266 521
1083 6049 524
1084 1101 516
1085 0 -1
1086 2696 480
1087 0 -1
1088 4416 534
1089 0 -1
1090 3520 406
1091 0 -1
1092 2681 402
1093 4693 566
1094 373 513
1095 4322 521
1096 3180 492
1097 6591 494
1098 4264 572
1099 154 552
1100 3544 594
1101 6199 497
1102 6527 487
1103 709 489
1104 1731 542
1105 2053 658
1106 23 565
1107 0 -1
1108 5316 495
1109 4515 606
1110 4361 493
1111 3091 535
1112 4912 568
1113 1289 331
1114 3228 554
1115 3437 417
1116 0 -1
1117 2325 377
1118 4942 527
1119 3929 165
1120 5062 471
1121 977 514
1122 2843 359
1123 3154 507
1124 5305 495
1125 3811 486
1126 2434 501
1127 506 552
1128 1313 397
1129 1709 588
1130 4109 386
1131 3087 490
1132 3096 566
1133 4422 442
1134 5308 601
1135 3561 463
1136 4336 539
1137 0 -1
1138 2941 452
1139 4420 428
1140 1583 588
1141 1472 507
1142 3533 484
1143 3608 541
1144 1218 539
1145 4429 486
1146 0 -1
1147 2673 528
1148 3277 535
1149 4422 428
1150 963 555
1151 5207 774
1152 4899 536
1153 4510 513
1154 2856 456
1155 5716 517
1156 4336 599
1157 0 -1
1158 5997 477
1159 1783 497
1160 5949 496
1161 3356 468
1162 5736 618
1163 4109 420
1164 2417 576
1165 85 493
1166 822 556
1167 2444 469
1168 5847 417
1169 2063 627
1170 5327 542
1171 5525 557
1172 4044 430
1173 4967 361
1174 5699 534
1175 1885 453
1176 473 553
1177 2799 509
1178 4767 503
1179 1344 563
1180 4314 473
1181 4685 489
1182 2095 501
1183 236 531
1184 2990 578
1185 4339 489
1186 4753 417
1187 704 405
1188 275 522
1189 3258 415
1190 3158 641
1191 2349 450
1192 1582 449
1193 6555 528
1194 1251 522
1195 2174 458
1196 3522 453
1197 4904 500
1198 1325 585
1199 5001 489
1200 1045 628
1201 1848 528
1202 1288 434
1203 4667 649
1204 4294 545
1205 3231 611
1206 1393 424
1207 6225 452
1208 4426 461
1209 4560 463
1210 6461 538
1211 2120 557
1212 1267 430
1213 5214 518
1214 2683 432
1215 950 598
1216 3926 607
1217 3527 700
1218 609 534
1219 6530 585
1220 3540 471
1221 407 515
1222 167 476
1223 6366 545
1224 3022 427
1225 945 447
1226 5650 422
1227 2904 594
1228 4385 507
1229 3247 461
1230 6078 469
1231 0 -1
1232 3521 541
1233 0 -1
1234 5934 475
1235 221 454
1236 2791 452
1237 3475 555
1238 4218 514
1239 1856 590
1240 2530 429
1241 6174 498
1242 3295 515
1243 6439 566
1244 2349 338
1245 0 -1
1246 4316 598
1247 3192 393
1248 5709 565
1249 4057 543
1250 5545 511
1251 83 489
1252 2556 615
1253 4591 480
1254 3003 516
1255 590 401
1256 6371 780
1257 2279 496
1258 4476 492
1259 4342 484
1260 2890 427
1261 2403 450
1262 6509 511
1263 5053 570
1264 1713 502
1265 2183 513
1266 2580 580
1267 4252 387
1268 5766 549
1269 2148 399
1270 3302 416
1271 1284 474
1272 5956 477
1273 1254 520
1274 2880 526
1275 782 633
1276 2803 305
1277 1527 454
1278 5268 279
1279 6121 614
1280 2769 539
1281 1724 505
1282 1655 704
1283 485 405
1284 1447 458
1285 3764 598
1286 1509 634
1287 2731 668
1288 4560 410
1289 1278 290
1290 1174 570
1291 4368 614
1292 2784 480
1293 4488 501
1294 5877 560
1295 3822 493
1296 2688 506
1297 0 -1
1298 6531 512
1299 1897 484
1300 1713 482
1301 4719 504
1302 2193 521
1303 2295 519
1304 389 398
1305 0 -1
1306 2853 525
1307 3773 426
1308 4762 535
1309 5605 690
1310 4291 484
1311 6444 516
1312 947 492
1313 6471 381
1314 4246 396
1315 581 642
1316 0 -1
1317 3503 510
1318 5632 604
1319 2791 538
1320 3486 480
1321 5884 528
1322 5366 486
1323 186 567
1324 0 -1
1325 2767 494
1326 2480 559
1327 6305 466
1328 5735 596
1329 3651 495
1330 1805 548
1331 2312 521
1332 0 -1
1333 160 515
1334 90 511
1335 1395 405
1336 114 531
1337 6110 497
1338 3782 497
1339 1228 612
1340 741 491
1341 912 367
1342 2739 503
1343 2369 335
1344 2890 500
1345 5627 530
1346 6508 511
1347 6547 493
1348 5681 455
1349 3534 610
1350 3561 390
1351 6006 435
1352 5277 579
1353 3794 476
1354 5561 457
1355 5755 496
1356 2016 534
1357 3119 481
1358 5187 410
1359 0 -1
1360 2238 477
1361 1343 443
1362 3640 695
1363 1131 500
1364 682 538
1365 2981 567
1366 3445 479
1367 3088 594
1368 4226 459
1369 5956 578
1370 1083 534
1371 1537 561
1372 2921 478
1373 812 381
1374 4631 483
1375 4939 545
1376 0 -1
1377 3774 512
1378 0 -1
1379 6402 598
1380 0 -1
1381 416 491
1382 5232 577
1383 1351 471
1384 6021 395
1385 470 423
1386 1731 476
1387 3541 532
1388 886 435
1389 6305 533
1390 4444 604
1391 4283 494
1392 2377 356
1393 3561 395
1394 1064 625
1395 312 345
1396 5360 517
1397 4980 482
1398 1885 420
1399 3939 441
1400 2186 598
1401 1293 511
1402 1066 572
1403 2342 510
1404 3862 387
1405 1683 584
1406 4606 663
1407 5716 544
1408 5161 377
1409 2221 453
1410 6297 287
1411 0 -1
1412 1932 455
1413 2172 431
1414 0 -1
1415 1762 399
1416 6361 493
1417 443 506
1418 5632 533
1419 3862 469
1420 3118 447
1421 947 586
1422 0 -1
1423 5352 521
1424 4035 502
1425 4763 360
1426 849 385
1427 1933 440
1428 2645 463
1429 4063 406
1430 4780 528
1431 2152 619
1432 5050 416
1433 715 560
1434 506 507
1435 5348 587
1436 3629 506
1437 3386 567
1438 0 -1
1439 4760 515
1440 2770 450
1441 884 570
1442 236 576
1443 142 442
1444 2339 537
1445 6333 389
1446 5575 385
1447 1313 412
1448 3953 532
1449 4286 376
1450 1987 547
1451 3169 523
1452 5140 486
1453 4862 460
1454 4778 467
1455 0 -1
1456 2338 369
1457 3115 569
1458 2794 471
1459 4700 446
1460 2005 547
1461 834 478
1462 709 449
1463 3200 381
1464 1739 485
1465 3675 575
1466 5586 517
1467 3027 702
1468 726 472
1469 2552 262
1470 5106 609
1471 6547 535
1472 3044 487
1473 562 254
1474 1850 538
1475 158 508
1476 5531 555
1477 1857 595
1478 4660 554
1479 6470 506
1480 5848 490
1481 187 349
1482 1559 502
1483 4153 531
1484 1937 646
1485 0 -1
1486 2683 441
1487 6537 515
1488 3208 516
1489 4896 658
1490 1877 574
1491 4391 483
1492 0 -1
1493 0 -1
1494 0 -1
1495 3005 529
1496 1369 612
1497 4924 551
1498 2208 414
1499 4522 534
1500 1525 633
1501 3148 532
1502 1428 518
1503 3226 306
1504 85 487
1505 2325 363
1506 2170 553
1507 3876 377
1508 6342 382
1509 6512 591
1510 3091 548
1511 6255 559
1512 5494 479
1513 6459 503
1514 480 633
1515 5366 514
1516 6213 466
1517 4852 551
1518 3502 357
1519 2146 427
1520 0 -1
1521 4974 488
1522 5764 515
1523 0 -1
1524 2518 592
1525 3602 531
1526 5445 513
1527 1260 431
1528 4329 604
1529 2168 409
1530 3691 485
1531 5057 398
1532 4088 528
1533 6010 554
1534 1276 345
1535 3432 565
1536 6379 507
1537 4153 516
1538 2690 533
1539 1071 513
1540 6393 454
1541 4914 522
1542 3809 506
1543 2433 394
1544 5999 494
1545 3950 605
1546 0 -1
1547 1026 390
1548 74 440
1549 4855 525
1550 886 435
1551 5131 433
1552 5156 465
1553 858 439
1554 4042 408
1555 0 -1
1556 2065 488
1557 3800 641
1558 5570 663
1559 3347 474
1560 2645 417
1561 374 419
1562 5521 502
1563 2406 528
1564 3890 504
1565 0 -1
1566 6492 540
1567 4187 584
1568 0 -1
1569 2677 381
1570 3152 536
1571 4549 501
1572 4737 560
1573 356 616
1574 865 439
1575 4633 637
1576 4182 503
1577 4412 655
1578 3022 379
1579 0 -1
1580 4152 541
1581 2635 601
1582 4986 421
1583 5615 468
1584 4429 413
1585 1531 457
1586 1860 499
1587 6174 500
1588 3614 604
1589 3458 373
1590 3344 472
1591 2315 475
1592 1917 434
1593 589 611
1594 2172 455
1595 640 561
1596 2657 580
1597 1601 529
1598 3927 465
1599 6467 536
1600 1740 486
1601 3315 424
1602 1833 552
1603 2344 431
1604 3662 424
1605 6144 519
1606 2535 532
1607 4980 483
1608 4482 530
1609 5989 431
1610 4331 376
1611 0 -1
1612 77 548
1613 4633 558
1614 3643 471
1615 2793 624
1616 1223 628
1617 130 692
1618 5291 559
1619 2480 488
1620 5331 559
1621 468 534
1622 1459 457
1623 3798 525
1624 2425 487
1625 1746 535
1626 2570 572
1627 5881 468
1628 2261 502
1629 3063 506
1630 5351 487
1631 6537 576
1632 1423 626
1633 5870 405
1634 6162 593
1635 3916 407
1636 1446 448
1637 603 429
1638 2730 479
1639 2115 630
1640 1518 360
1641 4795 496
1642 2729 500
1643 5225 515
1644 5100 572
1645 4994 522
1646 4159 473
1647 6076 530
1648 2055 429
1649 0 -1
1650 458 573
1651 4974 383
1652 5225 509
1653 5526 503
1654 846 575
1655 1059 601
1656 4686 331
1657 784 560
1658 2649 429
1659 1781 500
1660 2784 498
1661 793 442
1662 2090 551
1663 5397 288
1664 4033 414
1665 66 523
1666 6561 481
1667 5738 502
1668 3783 505
1669 2774 609
1670 3351 486
1671 0 -1
1672 1941 586
1673 65 540
1674 375 486
1675 1582 463
1676 3403 458
1677 3838 426
1678 4803 473
1679 4624 559
1680 3317 564
1681 4251 444
1682 1807 520
1683 352 539
1684 3038 523
1685 2851 413
1686 5490 452
1687 2772 497
1688 474 632
1689 0 -1
1690 491 515
1691 6598 529
1692 4505 405
1693 1559 516
1694 5088 566
1695 1130 437
1696 1238 608
1697 6526 546
1698 244 513
1699 2112 498
1700 4489 430
1701 5525 563
1702 795 567
1703 1236 546
1704 4631 489
1705 2434 408
1706 942 441
1707 6014 455
1708 3196 402
1709 3511 526
1710 1007 444
1711 1002 501
1712 6212 503
1713 2309 451
1714 2711 462
1715 5783 454
1716 0 -1
1717 0 -1
1718 5777 543
1719 6066 548
1720 6367 467
1721 3475 522
1722 4346 397
1723 2824 602
1724 5163 464
1725 699 528
1726 3068 527
1727 3596 468
1728 4481 576
1729 1481 461
1730 709 501
1731 5163 430
1732 6072 413
1733 4479 469
1734 1925 581
1735 0 -1
1736 954 460
1737 6110 497
1738 6346 515
1739 1860 481
1740 2377 395
1741 3799 439
1742 3292 536
1743 5001 527
1744 2562 435
1745 2971 448
1746 4263 477
1747 0 -1
1748 3598 440
1749 5301 475
1750 2694 531
1751 175 641
1752 3918 560
1753 0 -1
1754 482 509
1755 3982 406
1756 3862 410
1757 5135 510
1758 2056 712
1759 2106 383
1760 3838 411
1761 2082 561
1762 5398 374
1763 4224 482
1764 1601 496
1765 0 -1
1766 1272 592
1767 905 490
1768 3981 520
1769 4450 622
1770 2474 453
1771 0 -1
1772 0 -1
1773 2439 489
1774 2921 500
1775 137 614
1776 1408 405
1777 6495 594
1778 5369 322
1779 1206 460
1780 3731 500
1781 2142 500
1782 1724 557
1783 4128 449
1784 4031 420
1785 1068 437
1786 4778 551
1787 3459 409
1788 1518 360
1789 1534 419
1790 2316 508
1791 1662 584
1792 3194 409
1793 1350 470
1794 5823 484
1795 3736 454
1796 2141 573
1797 4036 751
1798 0 -1
1799 0 -1
1800 0 -1
1801 0 -1
1802 2615 505
1803 6168 514
1804 3087 431
1805 5841 433
1806 6297 337
1807 3611 412
1808 698 490
1809 4790 480
1810 5967 469
1811 108 580
1812 5494 475
1813 4394 492
1814 4150 452
1815 4894 531
1816 3049 576
1817 4942 525
1818 2063 625
1819 1908 529
1820 0 -1
1821 5695 534
1822 5065 554
1823 628 475
1824 4098 527
1825 24 475
1826 4499 558
1827 685 415
1828 713 482
1829 4760 478
1830 3325 396
1831 5162 487
1832 0 -1
1833 2336 466
1834 3265 507
1835 4966 563
1836 5544 512
1837 738 427
1838 312 394
1839 3293 688
1840 5166 462
1841 5367 707
1842 5208 521
1843 6232 373
1844 0 -1
1845 3978 558
1846 5115 522
1847 2412 393
1848 5934 451
1849 2608 409
1850 5324 502
1851 3600 435
1852 5953 507
1853 614 520
1854 3764 507
1855 2873 422
1856 1647 578
1857 1333 578
1858 5999 459
1859 5209 535
1860 3299 473
1861 1278 371
1862 5946 595
1863 828 618
1864 5159 485
1865 2889 577
1866 11 629
1867 2259 447
1868 1131 526
1869 1885 355
1870 5397 301
1871 3876 305
1872 5109 562
1873 3701 505
1874 3064 516
1875 3232 515
1876 0 -1
1877 5045 483
1878 1119 170
1879 4386 393
1880 3728 428
1881 0 -1
1882 6427 469
1883 4741 503
1884 6329 421
1885 4315 347
1886 0 -1
1887 5095 473
1888 102 535
1889 3343 556
1890 3594 599
1891 2045 594
1892 3817 505
1893 3768 476
1894 4499 662
1895 2753 486
1896 6247 495
1897 6531 449
1898 2820 446
1899 0 -1
1900 1847 404
1901 4068 454
1902 1153 552
1903 3659 591
1904 2048 497
1905 1173 414
1906 0 -1
1907 799 425
1908 2328 445
1909 6103 342
1910 1035 438
1911 6374 572
1912 4837 588
1913 0 -1
1914 3007 568
1915 2004 521
1916 5905 449
1917 2325 362
1918 293 458
1919 4917 542
1920 636 615
1921 5774 632
1922 1708 425
1923 4022 530
1924 2255 503
1925 3853 478
1926 359 517
1927 3329 318
1928 678 489
1929 309 408
1930 5897 458
1931 3669 468
1932 4715 433
1933 6575 419
1934 3432 549
1935 5984 494
1936 6492 449
1937 4857 641
1938 3414 491
1939 1016 339
1940 4173 472
1941 2236 500
1942 323 534
1943 2436 420
1944 6047 498
1945 3356 469
1946 5385 721
1947 2568 464
1948 2194 450
1949 6467 552
1950 2746 576
1951 2552 229
1952 4910 397
1953 2295 440
1954 4782 546
1955 5542 744
1956 603 434
1957 6136 479
1958 0 -1
1959 3762 487
1960 3526 500
1961 3384 485
1962 5289 636
1963 4970 458
1964 6399 517
1965 0 -1
1966 6482 471
1967 0 -1
1968 4591 451
1969 2231 486
1970 1023 509
1971 5793 669
1972 4686 343
1973 0 -1
1974 460 480
1975 3214 575
1976 1897 513
1977 6103 391
1978 567 384
1979 6043 489
1980 415 384
1981 436 513
1982 0 -1
1983 1372 531
1984 0 -1
1985 1481 364
1986 5596 368
1987 1368 478
1988 3188 460
1989 2890 528
1990 6375 591
1991 4150 503
1992 1789 523
1993 0 -1
1994 5960 488
1995 4750 424
1996 3596 455
1997 2507 524
1998 4441 476
1999 1000 429
2000 6394 435
2001 0 -1
2002 4727 442
2003 485 426
2004 465 485
2005 6396 484
2006 0 -1
2007 5935 557
2008 1732 418
2009 5611 494
2010 3767 476
2011 0 -1
2012 3773 453
2013 2863 436
2014 1598 575
2015 5528 423
2016 1713 476
2017 1111 558
2018 1288 480
2019 3817 427
2020 5541 679
2021 5417 565
2022 5965 611
2023 871 638
2024 5079 582
2025 487 456
2026 5133 445
2027 1756 463
2028 0 -1
2029 1293 520
2030 0 -1
2031 4004 374
2032 2673 526
2033 6492 504
2034 4471 550
2035 2993 382
2036 0 -1
2037 1304 485
2038 0 -1
2039 5649 429
2040 5530 534
2041 5911 550
2042 1898 460
2043 456 438
2044 2843 396
2045 34 521
2046 4796 561
2047 2838 566
2048 1393 442
2049 0 -1
2050 2417 564
2051 3797 575
2052 2787 394
2053 686 575
2054 723 546
2055 6129 320
2056 4874 617
2057 2667 440
2058 4416 528
2059 3974 484
2060 4798 500
2061 5979 459
2062 4246 427
2063 3589 573
2064 1255 435
2065 3522 427
2066 5734 502
2067 4885 481
2068 5438 491
2069 5247 479
2070 3628 555
2071 2745 618
2072 3413 595
2073 6031 475
2074 4564 529
2075 5126 708
2076 0 -1
2077 2921 485
2078 3400 462
2079 5463 495
2080 5410 585
2081 5760 563
2082 4221 529
2083 4285 515
2084 3149 501
2085 4191 421
2086 6194 541
2087 634 669
2088 5817 473
2089 1323 639
2090 80 550
2091 4193 525
2092 3513 637
2093 3814 451
2094 523 485
2095 5470 486
2096 0 -1
2097 421 426
2098 4159 429
2099 54 470
2100 6247 524
2101 158 476
2102 3892 546
2103 5665 483
2104 396 490
2105 2788 593
2106 1473 268
2107 3842 536
2108 3994 702
2109 4812 583
2110 3923 374
2111 5851 413
2112 1651 391
2113 3132 556
2114 1552 474
2115 1294 602
2116 3155 517
2117 4738 548
2118 2070 561
2119 5140 584
2120 2300 513
2121 5401 654
2122 4697 434
2123 6239 536
2124 2685 464
2125 1289 398
2126 5828 484
2127 5516 568
2128 0 -1
2129 848 444
2130 6010 538
2131 5597 422
2132 6013 572
2133 5532 452
2134 6315 557
2135 2940 475
2136 4987 544
2137 4287 475
2138 4273 449
2139 3325 486
2140 4899 478
2141 4408 511
2142 764 482
2143 714 616
2144 3061 490
2145 6250 444
2146 5785 406
2147 3473 464
2148 1469 351
2149 3258 475
2150 4083 510
2151 2636 568
2152 1088 586
2153 3204 412
2154 2274 474
2155 6297 377
2156 865 480
2157 6382 475
2158 4522 562
2159 1505 467
2160 3927 409
2161 4166 521
2162 637 446
2163 1135 501
2164 2784 415
2165 4302 523
2166 2440 525
2167 6475 488
2168 2876 317
2169 0 -1
2170 186 543
2171 3302 462
2172 4226 425
2173 1356 564
2174 738 367
2175 2725 460
2176 4525 415
2177 22 540
2178 640 539
2179 1444 571
2180 3258 454
2181 6244 507
2182 1166 595
2183 316 473
2184 2685 415
2185 1980 418
2186 6021 487
2187 3098 477
2188 3263 431
2189 4428 515
2190 6297 334
2191 5199 543
2192 602 511
2193 3838 494
2194 3018 422
2195 5611 463
2196 6091 606
2197 0 -1
2198 6100 563
2199 6561 585
2200 170 509
2201 4793 503
2202 3088 554
2203 3049 603
2204 4048 637
2205 3311 503
2206 2024 624
2207 1105 663
2208 1278 388
2209 0 -1
2210 2887 534
2211 6039 413
2212 5650 438
2213 3336 705
2214 3912 555
2215 587 490
2216 2290 562
2217 4583 461
2218 0 -1
2219 2863 435
2220 5329 615
2221 3299 449
2222 5886 443
2223 4770 547
2224 4941 661
2225 2180 464
2226 5687 502
2227 2418 473
2228 5104 579
2229 5520 596
2230 0 -1
2231 5705 438
2232 0 -1
2233 848 428
2234 3037 588
2235 5861 609
2236 2906 481
2237 784 514
2238 4426 441
2239 2729 436
2240 3717 483
2241 2176 528
2242 4085 644
2243 1996 493
2244 2325 306
2245 2157 515
2246 2314 425
2247 6110 548
2248 399 453
2249 1405 638
2250 4291 463
2251 0 -1
2252 3502 302
2253 4311 554
2254 4244 493
2255 1884 433
2256 0 -1
2257 3186 593
2258 3794 428
2259 5494 445
2260 6201 604
2261 5755 468
2262 3603 420
2263 0 -1
2264 3554 537
2265 0 -1
2266 2538 543
2267 6435 452
2268 5288 464
2269 5946 602
2270 2465 465
2271 2647 497
2272 3157 417
2273 900 557
2274 6001 465
2275 779 523
2276 1117 434
2277 933 589
2278 0 -1
2279 3188 437
2280 4911 565
2281 1188 580
2282 5745 571
2283 0 -1
2284 0 -1
2285 1468 547
2286 1289 305
2287 5465 568
2288 5962 450
2289 0 -1
2290 3450 483
2291 6451 542
2292 0 -1
2293 938 537
2294 4315 345
2295 3728 433
2296 3840 473
2297 5516 488
2298 2631 545
2299 9 384
2300 1999 436
2301 3862 391
2302 4063 390
2303 0 -1
2304 3629 477
2305 2174 405
2306 605 511
2307 4964 374
2308 2730 529
2309 706 415
2310 1427 440
2311 1831 488
2312 963 472
2313 5830 425
2314 4031 416
2315 550 470
2316 6165 434
2317 2500 450
2318 372 549
2319 1939 379
2320 6030 591
2321 4323 526
2322 425 612
2323 2417 532
2324 5561 455
2325 3224 296
2326 3256 511
2327 6371 722
2328 3833 401
2329 262 588
2330 4004 394
2331 4651 598
2332 4281 472
2333 4445 379
2334 3918 500
2335 14 492
2336 169 455
2337 5494 484
2338 4967 367
2339 2246 480
2340 5906 484
2341 38 467
2342 6106 475
2343 2615 484
2344 421 431
2345 2528 450
2346 5339 578
2347 3993 448
2348 681 595
2349 1870 338
2350 5675 499
2351 4112 520
2352 1536 605
2353 4393 517
2354 1271 501
2355 1235 528
2356 6051 445
2357 4420 448
2358 942 383
2359 3603 432
2360 4474 576
2361 5156 470
2362 5982 522
2363 3208 546
2364 6113 522
2365 4302 470
2366 2140 512
2367 3865 514
2368 6536 601
2369 4686 238
2370 1382 611
2371 4778 549
2372 2629 397
2373 5069 596
2374 4894 536
2375 3194 420
2376 3009 298
2377 2724 325
2378 6219 515
2379 2668 526
2380 601 596
2381 0 -1
2382 5950 536
2383 6595 566
2384 0 -1
2385 3425 568
2386 3005 501
2387 5482 563
2388 6150 530
2389 5074 485
2390 5346 452
2391 5910 576
2392 1714 484
2393 0 -1
2394 2752 473
2395 3482 553
2396 1731 460
2397 1960 593
2398 0 -1
2399 2936 721
2400 1550 526
2401 5700 567
2402 0 -1
2403 6196 359
2404 0 -1
2405 6520 309
2406 5162 507
2407 6243 426
2408 2940 420
2409 4700 543
2410 5257 487
2411 0 -1
2412 1395 349
2413 2819 466
2414 2564 368
2415 0 -1
2416 0 -1
2417 5833 515
2418 865 420
2419 1094 536
2420 6054 592
2421 2337 522
2422 4806 552
2423 1183 555
2424 1036 632
2425 512 448
2426 4600 495
2427 1998 484
2428 3864 559
2429 1707 498
2430 4432 391
2431 4855 517
2432 527 541
2433 6570 360
2434 5138 399
2435 1125 496
2436 1692 420
2437 1557 736
2438 3833 330
2439 3951 450
2440 1741 513
2441 1456 421
2442 5908 578
2443 3985 646
2444 706 382
2445 3925 579
2446 1584 477
2447 517 423
2448 470 415
2449 1985 394
2450 6285 567
2451 4255 479
2452 0 -1
2453 2174 376
2454 1859 616
2455 6031 504
2456 1636 459
2457 1512 573
2458 3395 477
2459 1150 606
2460 4442 487
2461 2578 508
2462 979 610
2463 0 -1
2464 5796 538
2465 1186 465
2466 2131 451
2467 3855 487
2468 3195 660
2469 5361 490
2470 2701 530
2471 0 -1
2472 4980 439
2473 1501 545
2474 2508 410
2475 680 623
2476 5978 517
2477 2656 476
2478 2688 475
2479 5421 497
2480 3087 460
2481 5138 416
2482 4317 657
2483 1368 555
2484 780 512
2485 3233 487
2486 1028 582
2487 1250 611
2488 4949 394
2489 2985 446
2490 4663 505
2491 5178 659
2492 5141 626
2493 0 -1
2494 2465 585
2495 4295 508
2496 3784 515
2497 2352 664
2498 2333 421
2499 0 -1
2500 5984 450
2501 3997 460
2502 383 590
2503 10 444
2504 4939 525
2505 4916 426
2506 5775 484
2507 3099 521
2508 5879 349
2509 5623 585
2510 0 -1
2511 3022 443
2512 98 631
2513 1780 567
2514 34 466
2515 971 558
2516 2915 487
2517 5778 538
2518 2362 546
2519 0 -1
2520 2914 664
2521 5968 505
2522 2259 510
2523 2345 558
2524 465 540
2525 2900 603
2526 3731 463
2527 0 -1
2528 3478 436
2529 2286 386
2530 3600 365
2531 3040 490
2532 1395 411
2533 679 532
2534 983 525
2535 5168 421
2536 412 513
2537 5459 450
2538 3288 434
2539 5806 484
2540 3779 486
2541 3288 533
2542 3032 602
2543 108 549
2544 0 -1
2545 3098 463
2546 539 624
2547 705 489
2548 6330 495
2549 2774 559
2550 5932 506
2551 0 -1
2552 3977 166
2553 5300 551
2554 3520 476
2555 2693 446
2556 1226 526
2557 1445 474
2558 6360 578
2559 5072 507
2560 4034 543
2561 4663 515
2562 3837 435
2563 2340 586
2564 2951 342
2565 5211 557
2566 2279 441
2567 110 372
2568 4763 361
2569 628 486
2570 6344 518
2571 754 640
2572 9 338
2573 4390 656
2574 2860 661
2575 3072 602
2576 3179 469
2577 5143 495
2578 5762 475
2579 3151 623
2580 3673 493
2581 1893 497
2582 5351 526
2583 6412 706
2584 4498 485
2585 2187 563
2586 1813 528
2587 2921 515
2588 3873 382
2589 1594 504
2590 105 466
2591 889 623
2592 3604 646
2593 4346 400
2594 3360 511
2595 1114 569
2596 5002 729
2597 440 444
2598 0 -1
2599 0 -1
2600 6227 527
2601 3247 429
2602 2295 508
2603 2871 446
2604 0 -1
2605 3116 476
2606 3583 433
2607 6551 532
2608 5163 402
2609 44 494
2610 3112 493
2611 507 485
2612 4803 481
2613 4657 483
2614 4925 477
2615 3663 441
2616 746 568
2617 2088 513
2618 5163 449
2619 0 -1
2620 3366 511
2621 6020 509
2622 2539 532
2623 0 -1
2624 0 -1
2625 4924 481
2626 483 578
2627 678 531
2628 4014 538
2629 4078 376
2630 3247 479
2631 2227 535
2632 1740 469
2633 1253 525
2634 398 538
2635 2112 485
2636 902 518
2637 3751 497
2638 999 436
2639 4408 503
2640 383 580
2641 793 532
2642 2744 537
2643 2353 583
2644 1327 502
2645 4252 348
2646 5348 575
2647 1635 494
2648 2081 674
2649 5020 369
2650 1692 503
2651 0 -1
2652 2989 484
2653 5131 385
2654 6349 458
2655 4488 490
2656 3762 468
2657 4261 493
2658 0 -1
2659 4484 535
2660 0 -1
2661 611 428
2662 4823 424
2663 1875 576
2664 2130 541
2665 179 508
2666 2097 469
2667 5256 432
2668 5028 432
2669 2400 556
2670 5310 475
2671 962 513
2672 2894 573
2673 5840 515
2674 4378 368
2675 2795 516
2676 3489 614
2677 1986 379
2678 530 482
2679 3966 522
2680 140 613
2681 1885 361
2682 3417 666
2683 346 413
2684 1212 497
2685 2325 375
2686 3839 413
2687 1022 508
2688 4420 433
2689 5947 428
2690 3022 458
2691 5501 528
2692 836 607
2693 2711 395
2694 6130 517
2695 216 608
2696 4302 454
2697 1922 466
2698 5604 463
2699 281 538
2700 4726 485
2701 1708 446
2702 3800 557
2703 0 -1
2704 3842 528
2705 6265 550
2706 5168 461
2707 0 -1
2708 1970 539
2709 5552 401
2710 0 -1
2711 4841 373
2712 1476 581
2713 2962 480
2714 845 497
2715 4804 439
2716 5639 472
2717 2193 534
2718 4359 584
2719 3114 530
2720 293 457
2721 0 -1
2722 1255 509
2723 1849 496
2724 3833 306
2725 3172 442
2726 5221 454
2727 370 502
2728 6060 529
2729 2414 421
2730 2174 454
2731 4905 589
2732 3639 469
2733 575 503
2734 1499 588
2735 3331 373
2736 5716 509
2737 4874 605
2738 3537 394
2739 4970 434
2740 3499 498
2741 3497 549
2742 3361 656
2743 3817 458
2744 1446 467
2745 5628 544
2746 4486 464
2747 248 529
2748 6235 422
2749 4543 533
2750 152 754
2751 1969 531
2752 3707 462
2753 2505 486
2754 6486 621
2755 5402 547
2756 6026 482
2757 5771 474
2758 2319 478
2759 5696 442
2760 5127 584
2761 563 520
2762 3510 567
2763 4059 482
2764 3603 432
2765 2967 606
2766 2305 420
2767 3600 420
2768 3272 509
2769 1706 525
2770 4063 411
2771 6086 475
2772 2085 467
2773 6540 655
2774 3072 527
2775 6235 394
2776 172 486
2777 3837 467
2778 3310 565
2779 887 434
2780 2562 509
2781 1395 462
2782 47 912
2783 3078 505
2784 4495 400
2785 3232 463
2786 106 546
2787 6480 393
2788 4014 482
2789 1804 487
2790 3811 496
2791 2412 446
2792 5256 503
2793 4350 563
2794 4984 437
2795 3558 453
2796 163 519
2797 2238 470
2798 54 532
2799 2605 499
2800 4794 527
2801 845 528
2802 2319 454
2803 4686 238
2804 5939 441
2805 391 580
2806 1960 570
2807 0 -1
2808 5708 449
2809 1739 501
2810 5491 504
2811 381 501
2812 3795 490
2813 2916 456
2814 5757 522
2815 34 462
2816 1983 574
2817 8 413
2818 5423 591
2819 2905 355
2820 1446 420
2821 0 -1
2822 228 538
2823 2614 481
2824 3556 541
2825 0 -1
2826 314 441
2827 1353 539
2828 3440 509
2829 4755 484
2830 4650 574
2831 5058 576
2832 3352 545
2833 5445 525
2834 2562 443
2835 3976 600
2836 1230 483
2837 4768 584
2838 5418 490
2839 6424 500
2840 3639 532
2841 959 504
2842 4389 609
2843 1663 311
2844 2796 538
2845 997 401
2846 4344 593
2847 1612 568
2848 213 567
2849 0 -1
2850 0 -1
2851 1656 378
2852 1226 443
2853 5345 430
2854 5903 673
2855 5533 551
2856 670 445
2857 1244 396
2858 1377 584
2859 5922 447
2860 198 582
2861 5135 452
2862 6103 380
2863 5630 432
2864 2785 466
2865 5623 605
2866 3783 512
2867 4403 582
2868 1553 528
2869 5090 782
2870 781 461
2871 1449 437
2872 1108 577
2873 2252 378
2874 1472 493
2875 0 -1
2876 1878 282
2877 5054 600
2878 4753 471
2879 6300 560
2880 3698 460
2881 369 417
2882 5431 557
2883 5481 494
2884 537 495
2885 6008 535
2886 4314 529
2887 897 533
2888 39 516
2889 3609 474
2890 240 418
2891 5754 416
2892 3995 480
2893 462 718
2894 2768 532
2895 1096 522
2896 5981 453
2897 2337 547
2898 4051 553
2899 832 408
2900 3322 583
2901 5295 514
2902 1251 492
2903 4394 573
2904 5908 510
2905 3188 355
2906 4457 449
2907 3990 407
2908 1092 461
2909 2649 419
2910 4878 509
2911 294 493
2912 468 465
2913 0 -1
2914 2633 596
2915 1392 447
2916 755 419
2917 3009 383
2918 2483 583
2919 3812 587
2920 3923 275
2921 373 458
2922 0 -1
2923 5266 545
2924 880 484
2925 5913 551
2926 1311 527
2927 0 -1
2928 3999 600
2929 4588 469
2930 5552 450
2931 1002 472
2932 5484 551
2933 339 516
2934 353 648
2935 4231 387
2936 6497 668
2937 2836 544
2938 4758 605
2939 3909 468
2940 15 415
2941 6039 362
2942 6264 553
2943 3913 459
2944 2233 432
2945 4269 630
2946 6543 607
2947 6113 528
2948 3560 615
2949 2915 489
2950 760 447
2951 4011 319
2952 2514 527
2953 4480 470
2954 116 499
2955 4980 416
2956 1355 512
2957 5451 541
2958 1951 314
2959 3277 597
2960 4804 458
2961 1128 495
2962 2880 476
2963 4605 603
2964 5675 451
2965 6481 578
2966 5544 519
2967 2174 486
2968 6416 596
2969 543 636
2970 0 -1
2971 799 442
2972 6485 502
2973 1931 491
2974 5972 343
2975 8 457
2976 5944 523
2977 3244 418
2978 108 561
2979 934 499
2980 1447 434
2981 4599 540
2982 2464 549
2983 5694 534
2984 0 -1
2985 1561 426
2986 4869 477
2987 3033 712
2988 4042 509
2989 3661 396
2990 1189 470
2991 5680 568
2992 3473 499
2993 4672 368
2994 3553 518
2995 3416 537
2996 3549 459
2997 2092 664
2998 2295 514
2999 0 -1
3000 374 414
3001 3760 485
3002 1573 721
3003 674 501
3004 435 434
3005 6225 487
3006 4356 531
3007 96 525
3008 5563 355
3009 3876 295
3010 123 404
3011 0 -1
3012 350 536
3013 2645 443
3014 1335 510
3015 1624 554
3016 1700 436
3017 5398 463
3018 291 334
3019 1320 486
3020 4227 431
3021 4862 478
3022 3939 373
3023 1433 650
3024 3778 561
3025 705 474
3026 0 -1
3027 5260 590
3028 0 -1
3029 3774 464
3030 3869 418
3031 2406 511
3032 2099 516
3033 5127 631
3034 4247 471
3035 0 -1
3036 4941 656
3037 4145 520
3038 1936 467
3039 5453 601
3040 2906 449
3041 2652 515
3042 4377 417
3043 4561 427
3044 346 439
3045 1226 431
3046 5775 503
3047 5779 444
3048 5787 467
3049 4155 547
3050 5120 434
3051 3778 574
3052 0 -1
3053 2219 503
3054 0 -1
3055 2267 482
3056 1399 490
3057 4626 544
3058 1616 700
3059 2729 492
3060 3527 627
3061 2003 471
3062 143 508
3063 2681 473
3064 4510 478
3065 0 -1
3066 6240 480
3067 3170 602
3068 905 459
3069 3202 412
3070 5582 489
3071 5400 601
3072 2924 485
3073 2817 524
3074 4950 656
3075 5532 429
3076 2744 473
3077 3818 521
3078 2467 489
3079 2588 474
3080 3046 537
3081 6047 565
3082 0 -1
3083 672 641
3084 3042 444
3085 4031 461
3086 2188 506
3087 61 423
3088 2364 531
3089 0 -1
3090 4660 553
3091 4727 520
3092 4525 443
3093 647 505
3094 17 394
3095 5869 498
3096 3768 461
3097 1699 534
3098 5979 375
3099 1755 444
3100 5949 475
3101 647 577
3102 6335 432
3103 480 570
3104 0 -1
3105 510 529
3106 637 389
3107 4723 639
3108 2862 406
3109 998 449
3110 0 -1
3111 0 -1
3112 6336 471
3113 6380 502
3114 784 502
3115 2210 546
3116 3573 473
3117 5373 432
3118 5629 437
3119 5399 460
3120 5245 491
3121 3255 575
3122 4943 446
3123 3439 553
3124 0 -1
3125 3907 502
3126 5856 646
3127 0 -1
3128 1743 527
3129 4691 533
3130 0 -1
3131 3142 470
3132 2447 444
3133 3586 537
3134 6205 416
3135 1732 425
3136 4083 500
3137 4763 417
3138 816 563
3139 443 494
3140 1603 520
3141 57 495
3142 263 444
3143 0 -1
3144 1464 539
3145 2855 573
3146 487 419
3147 0 -1
3148 3768 462
3149 5348 476
3150 3686 542
3151 1828 548
3152 3551 514
3153 1947 481
3154 3922 484
3155 3118 476
3156 6404 483
3157 3094 410
3158 4807 571
3159 690 578
3160 3347 546
3161 1808 584
3162 0 -1
3163 5944 473
3164 5691 666
3165 1161 584
3166 3375 523
3167 5726 572
3168 0 -1
3169 2990 484
3170 1360 537
3171 1196 470
3172 631 334
3173 54 481
3174 4897 623
3175 3890 439
3176 4595 464
3177 3561 505
3178 1229 514
3179 5470 435
3180 5788 489
3181 951 579
3182 2535 494
3183 784 518
3184 5561 424
3185 530 456
3186 5495 483
3187 5001 487
3188 2055 343
3189 805 452
3190 5059 556
3191 0 -1
3192 3593 368
3193 3300 531
3194 2055 341
3195 1188 616
3196 3593 393
3197 1687 553
3198 5421 551
3199 0 -1
3200 3329 287
3201 2552 249
3202 1117 404
3203 3647 576
3204 5350 367
3205 3877 572
3206 0 -1
3207 174 609
3208 1341 447
3209 3135 426
3210 598 530
3211 4913 485
3212 6538 706
3213 4955 524
3214 1363 545
3215 4561 470
3216 5013 472
3217 0 -1
3218 6134 627
3219 6225 430
3220 440 444
3221 5067 536
3222 4948 570
3223 4670 570
3224 2369 279
3225 2195 527
3226 282 296
3227 2645 454
3228 3395 492
3229 4411 585
3230 5554 592
3231 388 551
3232 1212 452
3233 3175 466
3234 1212 466
3235 4796 543
3236 60 529
3237 1752 672
3238 144 486
3239 5932 560
3240 3273 585
3241 0 -1
3242 1165 559
3243 1122 401
3244 1446 386
3245 3677 569
3246 0 -1
3247 4361 420
3248 6246 311
3249 39 490
3250 4572 571
3251 4300 458
3252 1415 406
3253 1862 672
3254 5304 442
3255 75 488
3256 5809 475
3257 5122 443
3258 5818 392
3259 2873 387
3260 2647 504
3261 3115 597
3262 24 425
3263 408 398
3264 4238 565
3265 2039 439
3266 3395 536
3267 485 413
3268 37 471
3269 6563 557
3270 2065 546
3271 0 -1
3272 5821 454
3273 2794 483
3274 413 561
3275 5321 503
3276 1017 534
3277 239 518
3278 2447 518
3279 4718 485
3280 1463 396
3281 2386 521
3282 4588 439
3283 5191 531
3284 0 -1
3285 3338 437
3286 3055 527
3287 5686 491
3288 1283 434
3289 3545 684
3290 1560 462
3291 3617 370
3292 1917 422
3293 5093 588
3294 1826 562
3295 1350 446
3296 5811 840
3297 4760 516
3298 2552 283
3299 4004 402
3300 3804 459
3301 1104 566
3302 3437 386
3303 3982 411
3304 0 -1
3305 6324 544
3306 5399 468
3307 1167 500
3308 5935 531
3309 5949 479
3310 900 515
3311 1823 476
3312 4629 442
3313 1204 586
3314 6216 584
3315 3617 341
3316 1214 449
3317 3412 470
3318 391 550
3319 395 522
3320 2317 562
3321 5330 561
3322 2995 546
3323 6244 553
3324 3309 538
3325 5490 392
3326 1810 575
3327 1429 449
3328 3186 486
3329 1951 287
3330 5222 610
3331 4433 366
3332 3694 533
3333 1453 539
3334 1674 509
3335 3463 546
3336 4179 604
3337 926 481
3338 312 426
3339 314 519
3340 2655 554
3341 672 612
3342 676 493
3343 1113 442
3344 3876 362
3345 83 525
3346 4114 537
3347 4125 470
3348 4126 479
3349 2041 556
3350 2015 425
3351 4331 449
3352 1206 425
3353 0 -1
3354 1312 520
3355 4127 536
3356 6086 448
3357 6441 354
3358 5114 553
3359 0 -1
3360 4767 430
3361 5968 543
3362 2063 601
3363 952 563
3364 4450 555
3365 94 630
3366 6043 495
3367 6227 588
3368 1690 575
3369 5615 467
3370 6139 612
3371 5679 532
3372 4116 508
3373 0 -1
3374 962 502
3375 3117 467
3376 6036 485
3377 6394 501
3378 2594 599
3379 4728 618
3380 3436 462
3381 1461 504
3382 6402 526
3383 6439 576
3384 5380 469
3385 668 583
3386 2185 489
3387 780 593
3388 5754 463
3389 1355 513
3390 2700 536
3391 6230 422
3392 0 -1
3393 1278 332
3394 624 525
3395 2148 458
3396 5094 468
3397 151 501
3398 3044 452
3399 2433 417
3400 5883 433
3401 4154 566
3402 1646 571
3403 4672 413
3404 5100 586
3405 1651 407
3406 5484 531
3407 517 420
3408 0 -1
3409 399 458
3410 487 457
3411 4785 583
3412 3134 470
3413 5611 486
3414 3684 428
3415 3922 507
3416 3263 419
3417 116 555
3418 6470 465
3419 1873 537
3420 6206 535
3421 0 -1
3422 4974 444
3423 5098 500
3424 1864 506
3425 3598 456
3426 6039 367
3427 3377 531
3428 0 -1
3429 3761 501
3430 395 496
3431 4827 541
3432 5530 505
3433 179 452
3434 5836 493
3435 3989 534
3436 2146 412
3437 5732 366
3438 4417 419
3439 4980 475
3440 298 454
3441 1469 288
3442 3573 487
3443 3384 538
3444 5371 689
3445 1313 389
3446 5630 394
3447 686 525
3448 5683 522
3449 4044 457
3450 5532 431
3451 2150 605
3452 5070 543
3453 5846 339
3454 3426 418
3455 4776 481
3456 3309 592
3457 4971 440
3458 1870 354
3459 5561 387
3460 5201 545
3461 2802 458
3462 5840 568
3463 3550 531
3464 6594 537
3465 0 -1
3466 2266 568
3467 5868 533
3468 5268 374
3469 3960 329
3470 3631 540
3471 3454 423
3472 2516 513
3473 3583 458
3474 4727 436
3475 4173 483
3476 2788 592
3477 2357 451
3478 738 418
3479 2643 627
3480 3584 558
3481 3928 569
3482 1238 544
3483 4256 529
3484 1531 483
3485 0 -1
3486 2951 383
3487 642 465
3488 5559 586
3489 1222 558
3490 5577 431
3491 3119 484
3492 6467 475
3493 1168 478
3494 1226 530
3495 2253 640
3496 4418 443
3497 4629 510
3498 5142 558
3499 3669 430
3500 6099 732
3501 3096 511
3502 3923 269
3503 6349 481
3504 5071 538
3505 1196 454
3506 83 505
3507 4643 574
3508 2122 527
3509 5203 570
3510 587 480
3511 619 493
3512 2376 327
3513 4384 637
3514 1605 524
3515 2827 558
3516 3550 484
3517 3878 441
3518 2319 465
3519 4076 513
3520 3106 393
3521 3771 496
3522 1972 348
3523 0 -1
3524 3236 547
3525 1445 451
3526 4104 420
3527 5055 595
3528 5545 511
3529 221 526
3530 2795 478
3531 6131 659
3532 1480 573
3533 5677 453
3534 1638 503
3535 5095 495
3536 1072 543
3537 309 373
3538 0 -1
3539 6345 557
3540 2856 466
3541 1526 529
3542 4747 501
3543 3209 493
3544 1267 474
3545 2634 619
3546 4478 482
3547 2481 504
3548 4101 530
3549 3291 405
3550 5899 439
3551 2039 440
3552 1557 657
3553 5906 481
3554 3649 485
3555 0 -1
3556 4042 494
3557 4025 523
3558 4916 445
3559 0 -1
3560 2730 498
3561 5248 390
3562 1887 496
3563 5671 467
3564 4624 525
3565 2342 555
3566 4622 667
3567 2062 501
3568 6435 452
3569 2612 483
3570 5980 557
3571 2170 557
3572 2934 694
3573 3867 437
3574 2305 490
3575 1968 522
3576 5227 491
3577 4220 522
3578 2177 569
3579 2739 466
3580 1825 480
3581 5347 542
3582 2715 460
3583 1589 426
3584 6138 484
3585 3486 461
3586 4509 480
3587 2436 516
3588 6430 517
3589 2099 478
3590 5337 611
3591 3676 593
3592 375 449
3593 1278 356
3594 5267 592
3595 4071 518
3596 2453 437
3597 4478 488
3598 5001 440
3599 0 -1
3600 2958 318
3601 414 602
3602 2345 497
3603 749 412
3604 605 537
3605 5433 558
3606 1857 587
3607 5424 501
3608 1102 530
3609 913 468
3610 1473 328
3611 4011 311
3612 3486 485
3613 2012 542
3614 937 491
3615 5665 489
3616 1664 457
3617 4839 333
3618 5701 509
3619 5413 541
3620 2566 496
3621 2485 506
3622 0 -1
3623 119 503
3624 5013 504
3625 470 525
3626 5908 588
3627 3759 603
3628 2722 538
3629 15 436
3630 1404 400
3631 3000 490
3632 3005 553
3633 2104 504
3634 3627 616
3635 3075 481
3636 6151 478
3637 856 611
3638 4631 485
3639 2190 447
3640 2462 657
3641 848 509
3642 0 -1
3643 4489 366
3644 5645 854
3645 0 -1
3646 1629 576
3647 3087 460
3648 0 -1
3649 5335 479
3650 1281 537
3651 907 491
3652 1926 594
3653 5438 464
3654 6531 486
3655 3267 428
3656 3088 615
3657 5202 440
3658 275 467
3659 1017 519
3660 1296 597
3661 1341 393
3662 3441 361
3663 1792 412
3664 1725 611
3665 0 -1
3666 507 475
3667 4136 484
3668 663 455
3669 590 363
3670 4318 497
3671 1744 484
3672 3507 653
3673 5681 462
3674 1191 492
3675 1598 535
3676 5738 482
3677 5992 520
3678 0 -1
3679 674 513
3680 1435 694
3681 2340 584
3682 5226 576
3683 1459 492
3684 6482 413
3685 3188 422
3686 1240 475
3687 1102 556
3688 2204 756
3689 0 -1
3690 4295 497
3691 2162 470
3692 5248 391
3693 5582 406
3694 5724 451
3695 963 540
3696 3650 544
3697 2657 514
3698 2184 454
3699 693 402
3700 786 567
3701 1186 486
3702 0 -1
3703 916 490
3704 2477 520
3705 0 -1
3706 5114 508
3707 6006 437
3708 3917 450
3709 2137 511
3710 0 -1
3711 0 -1
3712 1966 507
3713 1837 471
3714 0 -1
3715 5094 473
3716 3479 639
3717 5438 472
3718 3818 583
3719 787 487
3720 1335 461
3721 2505 428
3722 3663 474
3723 4411 515
3724 0 -1
3725 1445 486
3726 5852 370
3727 1321 625
3728 2349 383
3729 1259 519
3730 1086 562
3731 3841 423
3732 6078 506
3733 3922 525
3734 43 613
3735 2853 500
3736 4552 393
3737 2538 440
3738 1403 579
3739 0 -1
3740 5176 694
3741 5563 386
3742 4828 560
3743 1530 525
3744 903 676
3745 2635 495
3746 4418 399
3747 2681 448
3748 2310 469
3749 5031 553
3750 4275 466
3751 991 457
3752 3995 426
3753 159 649
3754 2790 602
3755 4229 489
3756 2290 506
3757 914 566
3758 6552 711
3759 4060 493
3760 3949 448
3761 1927 432
3762 3520 462
3763 3225 616
3764 6060 504
3765 2438 421
3766 5487 424
3767 99 420
3768 3643 386
3769 1192 464
3770 1145 512
3771 6213 454
3772 2233 453
3773 123 369
3774 3795 431
3775 4384 568
3776 5266 516
3777 5065 598
3778 1698 546
3779 1972 422
3780 6437 615
3781 575 473
3782 5611 494
3783 5597 445
3784 3022 401
3785 0 -1
3786 2747 636
3787 0 -1
3788 899 627
3789 4389 521
3790 172 457
3791 6442 502
3792 3146 503
3793 1355 544
3794 2711 379
3795 2784 407
3796 5245 556
3797 3188 462
3798 1214 441
3799 4190 405
3800 5674 549
3801 374 450
3802 5745 532
3803 792 573
3804 307 452
3805 5302 538
3806 6064 479
3807 34 509
3808 168 547
3809 942 415
3810 682 609
3811 3022 439
3812 303 545
3813 2376 374
3814 2629 439
3815 1272 511
3816 3530 500
3817 4377 423
3818 4859 488
3819 69 632
3820 1456 459
3821 850 562
3822 5490 379
3823 86 462
3824 2084 554
3825 0 -1
3826 5906 422
3827 0 -1
3828 297 538
3829 2845 435
3830 3593 470
3831 845 509
3832 3615 489
3833 2876 293
3834 5485 547
3835 1680 617
3836 3979 552
3837 3325 435
3838 5633 408
3839 6391 368
3840 2958 369
3841 3960 409
3842 4746 520
3843 6139 556
3844 2309 423
3845 2131 506
3846 2449 397
3847 5191 555
3848 4720 581
3849 4440 543
3850 727 397
3851 3097 653
3852 8 480
3853 639 415
3854 0 -1
3855 6136 437
3856 2270 539
3857 1169 659
3858 5597 479
3859 0 -1
3860 6402 610
3861 1388 522
3862 5397 361
3863 5055 538
3864 3752 465
3865 3267 438
3866 1917 364
3867 5138 436
3868 2424 690
3869 2252 348
3870 4462 486
3871 153 548
3872 1307 545
3873 4672 296
3874 4504 504
3875 6108 444
3876 5397 282
3877 3163 492
3878 1446 395
3879 1055 575
3880 2756 523
3881 3403 445
3882 0 -1
3883 2554 515
3884 299 540
3885 6486 665
3886 4485 635
3887 3372 605
3888 4736 476
3889 382 592
3890 326 436
3891 1092 423
3892 2012 516
3893 3986 467
3894 1448 568
3895 0 -1
3896 5526 529
3897 6595 564
3898 3048 515
3899 6553 585
3900 6336 478
3901 2974 364
3902 1288 417
3903 6173 602
3904 3386 574
3905 1869 412
3906 2521 541
3907 2685 435
3908 5671 470
3909 5604 443
3910 3916 390
3911 1001 633
3912 4458 496
3913 639 417
3914 2964 509
3915 1988 479
3916 1663 299
3917 2299 386
3918 3357 467
3919 3075 468
3920 1341 432
3921 3154 547
3922 5560 480
3923 1951 262
3924 2588 446
3925 2894 544
3926 2048 498
3927 4505 381
3928 2183 478
3929 16 119
3930 6174 583
3931 1175 568
3932 4448 505
3933 1445 429
3934 667 517
3935 2685 460
3936 2279 467
3937 5199 482
3938 5437 519
3939 5563 344
3940 0 -1
3941 1759 437
3942 4544 489
3943 1917 404
3944 0 -1
3945 5913 518
3946 1373 392
3947 718 421
3948 5057 497
3949 2168 431
3950 3260 532
3951 2358 403
3952 383 584
3953 5280 517
3954 5979 382
3955 4398 371
3956 1727 528
3957 1884 507
3958 3647 541
3959 2187 513
3960 282 297
3961 0 -1
3962 2252 306
3963 105 453
3964 798 549
3965 2318 664
3966 1062 411
3967 5138 451
3968 3779 427
3969 2496 516
3970 1545 671
3971 6239 485
3972 674 538
3973 2531 492
3974 3890 479
3975 3558 525
3976 1311 540
3977 3929 160
3978 265 557
3979 1548 450
3980 4934 385
3981 1000 509
3982 3833 311
3983 0 -1
3984 985 603
3985 3891 531
3986 5514 459
3987 0 -1
3988 3005 575
3989 307 502
3990 6520 313
3991 1981 593
3992 2605 547
3993 1871 330
3994 268 592
3995 5532 387
3996 5928 457
3997 6358 344
3998 3280 403
3999 2304 509
4000 4768 595
4001 206 463
4002 3420 544
4003 5195 515
4004 3833 355
4005 5979 363
4006 6107 520
4007 2857 470
4008 725 492
4009 2370 611
4010 2690 475
4011 4686 272
4012 5837 429
4013 3813 447
4014 578 466
4015 6344 485
4016 3024 593
4017 4191 433
4018 3926 538
4019 5234 530
4020 0 -1
4021 2754 656
4022 5408 436
4023 1353 576
4024 1543 459
4025 6117 450
4026 0 -1
4027 2024 645
4028 3551 465
4029 3980 423
4030 3475 498
4031 2803 352
4032 6053 446
4033 6007 391
4034 3454 525
4035 6365 481
4036 4319 671
4037 6224 567
4038 1269 484
4039 998 512
4040 423 565
4041 0 -1
4042 2873 408
4043 562 277
4044 694 405
4045 4198 709
4046 2820 466
4047 557 542
4048 3287 574
4049 1336 647
4050 5247 497
4051 1933 488
4052 0 -1
4053 3675 618
4054 3912 574
4055 0 -1
4056 5081 559
4057 1461 522
4058 3568 491
4059 389 475
4060 4246 445
4061 0 -1
4062 5850 440
4063 6232 373
4064 1429 459
4065 276 477
4066 3233 505
4067 0 -1
4068 767 344
4069 3007 529
4070 1452 492
4071 2042 474
4072 0 -1
4073 4427 737
4074 1838 462
4075 6550 529
4076 2064 503
4077 4266 568
4078 4777 349
4079 4204 520
4080 4192 499
4081 0 -1
4082 13 502
4083 2294 465
4084 6278 533
4085 103 542
4086 1343 401
4087 5086 458
4088 6060 489
4089 4279 629
4090 1833 495
4091 6548 588
4092 0 -1
4093 28 549
4094 1966 501
4095 1408 455
4096 5409 486
4097 5019 407
4098 2456 519
4099 5889 492
4100 2613 495
4101 3020 446
4102 3951 450
4103 2026 484
4104 4109 392
4105 2233 484
4106 4398 426
4107 3262 488
4108 383 572
4109 3916 341
4110 3894 568
4111 5108 532
4112 3568 490
4113 6067 506
4114 3993 425
4115 1361 478
4116 5997 493
4117 0 -1
4118 617 478
4119 5258 625
4120 54 499
4121 2650 558
4122 5694 550
4123 6470 465
4124 5694 610
4125 1879 462
4126 3013 451
4127 4923 437
4128 3224 373
4129 0 -1
4130 5246 581
4131 3342 596
4132 4338 495
4133 3995 408
4134 3547 538
4135 4214 515
4136 2909 439
4137 1783 485
4138 702 533
4139 6550 526
4140 2906 494
4141 61 448
4142 6475 491
4143 5807 516
4144 0 -1
4145 2975 457
4146 1804 447
4147 3208 522
4148 4088 496
4149 4350 568
4150 1427 447
4151 1877 483
4152 4323 535
4153 3731 423
4154 1260 503
4155 5807 484
4156 5644 716
4157 2269 693
4158 351 495
4159 291 385
4160 2895 576
4161 2454 726
4162 0 -1
4163 4943 428
4164 3238 494
4165 3347 568
4166 2871 515
4167 2729 442
4168 5996 536
4169 3093 526
4170 6018 577
4171 3123 661
4172 1298 536
4173 6575 467
4174 5752 573
4175 2618 485
4176 3627 721
4177 3403 486
4178 3924 510
4179 3661 508
4180 0 -1
4181 3244 457
4182 1601 439
4183 0 -1
4184 395 501
4185 813 580
4186 1940 543
4187 4118 575
4188 0 -1
4189 4457 448
4190 3862 390
4191 2568 388
4192 5870 382
4193 1449 463
4194 4179 519
4195 2528 451
4196 5484 517
4197 3496 515
4198 4877 596
4199 1699 530
4200 1427 463
4201 4655 495
4202 1870 338
4203 3307 519
4204 1054 500
4205 6530 568
4206 2098 513
4207 6283 681
4208 1003 480
4209 4429 427
4210 5268 384
4211 1681 473
4212 3855 528
4213 5651 590
4214 6559 497
4215 0 -1
4216 6506 473
4217 2162 478
4218 42 480
4219 1028 514
4220 5470 491
4221 1720 500
4222 3508 640
4223 5817 442
4224 3288 452
4225 1614 484
4226 6145 410
4227 5236 410
4228 342 504
4229 3357 447
4230 5001 422
4231 2190 337
4232 5708 444
4233 678 449
4234 5340 517
4235 4379 525
4236 3506 559
4237 4130 620
4238 1686 474
4239 5851 451
4240 6043 500
4241 629 461
4242 2636 625
4243 4619 530
4244 5159 424
4245 1985 421
4246 309 371
4247 849 416
4248 6495 594
4249 2778 566
4250 1007 543
4251 283 442
4252 1278 304
4253 0 -1
4254 3208 495
4255 3669 380
4256 713 503
4257 6014 436
4258 787 489
4259 5897 417
4260 0 -1
4261 781 420
4262 4338 449
4263 704 429
4264 5580 520
4265 2195 469
4266 5223 505
4267 0 -1
4268 4509 477
4269 6590 564
4270 4511 511
4271 2705 564
4272 3981 625
4273 1163 437
4274 0 -1
4275 942 459
4276 2988 564
4277 3256 581
4278 2254 503
4279 6166 572
4280 4732 505
4281 5840 470
4282 3163 477
4283 5595 473
4284 5845 540
4285 4588 405
4286 2405 356
4287 5999 431
4288 1825 482
4289 6100 525
4290 5530 516
4291 5448 455
4292 1285 599
4293 1822 569
4294 5576 494
4295 6258 429
4296 0 -1
4297 2238 504
4298 1600 489
4299 420 546
4300 1007 435
4301 0 -1
4302 3259 445
4303 4237 638
4304 3282 526
4305 5596 454
4306 3399 484
4307 5954 448
4308 0 -1
4309 5827 584
4310 4893 466
4311 2787 435
4312 6393 452
4313 0 -1
4314 2857 416
4315 1469 265
4316 1677 510
4317 724 645
4318 934 457
4319 2483 661
4320 1191 471
4321 3137 427
4322 6395 487
4323 6209 483
4324 0 -1
4325 1486 552
4326 27 515
4327 1712 569
4328 3486 405
4329 1638 549
4330 2313 444
4331 945 365
4332 5839 468
4333 4799 551
4334 3849 585
4335 1794 537
4336 1999 491
4337 3655 468
4338 5934 439
4339 5379 482
4340 3141 530
4341 1055 622
4342 143 472
4343 823 569
4344 1594 522
4345 2146 504
4346 2993 376
4347 144 518
4348 4489 401
4349 1254 617
4350 6291 452
4351 4209 439
4352 6280 550
4353 4391 496
4354 4521 513
4355 4499 557
4356 4767 462
4357 384 537
4358 3839 441
4359 2175 544
4360 206 478
4361 5566 400
4362 1117 487
4363 4978 530
4364 1922 476
4365 2618 567
4366 4266 524
4367 0 -1
4368 4725 555
4369 3189 476
4370 0 -1
4371 5452 578
4372 0 -1
4373 5496 549
4374 2638 477
4375 615 443
4376 2878 564
4377 4420 391
4378 2106 313
4379 153 511
4380 1356 562
4381 1826 631
4382 37 562
4383 2140 527
4384 1969 522
4385 275 466
4386 2974 366
4387 1420 483
4388 5319 769
4389 4619 519
4390 2093 554
4391 1578 433
4392 4796 514
4393 522 456
4394 5834 461
4395 870 613
4396 6314 930
4397 323 502
4398 2568 371
4399 3595 535
4400 5433 589
4401 0 -1
4402 3142 526
4403 1519 527
4404 2582 552
4405 6216 551
4406 3387 605
4407 0 -1
4408 4068 461
4409 2568 463
4410 5846 372
4411 3490 474
4412 3397 564
4413 1806 357
4414 1610 412
4415 115 613
4416 5468 469
4417 5899 416
4418 5019 389
4419 2082 573
4420 6557 388
4421 2841 541
4422 1656 394
4423 0 -1
4424 1168 489
4425 2335 545
4426 3357 421
4427 5472 646
4428 116 475
4429 1026 412
4430 2924 533
4431 2786 569
4432 6141 308
4433 1869 359
4434 456 550
4435 6052 546
4436 3441 395
4437 1637 464
4438 384 526
4439 5917 624
4440 4520 451
4441 2357 473
4442 6233 459
4443 0 -1
4444 2632 532
4445 6246 319
4446 2521 538
4447 1677 545
4448 6413 486
4449 2309 460
4450 3220 511
4451 4950 709
4452 4837 588
4453 6405 493
4454 2567 460
4455 1399 508
4456 240 463
4457 631 411
4458 4251 484
4459 485 398
4460 744 521
4461 3441 372
4462 854 427
4463 1228 624
4464 1727 525
4465 0 -1
4466 169 464
4467 4289 550
4468 3660 607
4469 5078 670
4470 0 -1
4471 4539 545
4472 2716 548
4473 2498 475
4474 6160 537
4475 4704 539
4476 1664 468
4477 1871 412
4478 2474 452
4479 1335 445
4480 1776 411
4481 6218 573
4482 215 476
4483 3695 568
4484 5013 471
4485 6123 519
4486 1778 354
4487 1528 683
4488 3486 437
4489 1778 336
4490 0 -1
4491 466 492
4492 5189 564
4493 2941 431
4494 2307 441
4495 4742 364
4496 5419 629
4497 0 -1
4498 468 483
4499 1636 557
4500 5139 532
4501 307 421
4502 3169 543
4503 0 -1
4504 6039 441
4505 3617 362
4506 3251 497
4507 5113 534
4508 4932 484
4509 914 465
4510 2917 469
4511 4189 482
4512 692 555
4513 4800 603
4514 3154 500
4515 1086 514
4516 5998 548
4517 5355 527
4518 3098 468
4519 2548 521
4520 2724 410
4521 4414 432
4522 6051 499
4523 4937 489
4524 2377 428
4525 5967 405
4526 2133 504
4527 2853 538
4528 4561 403
4529 1870 313
4530 5704 616
4531 0 -1
4532 3001 515
4533 1053 504
4534 3774 485
4535 5438 454
4536 2349 398
4537 4323 496
4538 6307 483
4539 1262 541
4540 2558 595
4541 334 618
4542 2158 619
4543 5094 483
4544 3437 434
4545 3894 606
4546 2375 528
4547 122 509
4548 5700 537
4549 4958 441
4550 1856 674
4551 187 376
4552 5019 365
4553 4700 464
4554 1536 522
4555 5496 554
4556 3303 530
4557 0 -1
4558 3694 464
4559 0 -1
4560 344 388
4561 1978 402
4562 2712 608
4563 4122 585
4564 6362 496
4565 1405 636
4566 6335 506
4567 0 -1
4568 5613 475
4569 4871 642
4570 3437 448
4571 2441 519
4572 539 557
4573 2874 572
4574 1803 533
4575 0 -1
4576 2343 486
4577 6064 483
4578 5001 443
4579 3879 646
4580 6448 496
4581 4594 526
4582 6067 403
4583 2325 408
4584 1893 519
4585 4574 541
4586 1699 599
4587 2274 515
4588 4505 383
4589 6022 507
4590 3839 408
4591 3016 450
4592 0 -1
4593 4655 576
4594 5838 518
4595 767 344
4596 4689 471
4597 5543 519
4598 3691 576
4599 941 458
4600 5139 477
4601 343 643
4602 5591 562
4603 2016 591
4604 2347 481
4605 3748 517
4606 1251 583
4607 1340 586
4608 4487 796
4609 2890 418
4610 5138 442
4611 2937 586
4612 5593 716
4613 652 631
4614 2649 449
4615 681 539
4616 2228 597
4617 0 -1
4618 3267 494
4619 44 491
4620 784 489
4621 530 463
4622 5234 552
4623 0 -1
4624 4146 452
4625 3263 410
4626 2929 516
4627 2271 591
4628 3933 548
4629 3661 417
4630 5677 457
4631 5375 415
4632 1497 584
4633 147 540
4634 375 508
4635 3839 476
4636 0 -1
4637 2823 563
4638 4922 463
4639 5652 459
4640 179 437
4641 744 557
4642 0 -1
4643 2296 531
4644 0 -1
4645 6061 501
4646 284 472
4647 72 549
4648 4670 600
4649 3905 442
4650 4098 540
4651 4913 496
4652 1583 481
4653 2668 438
4654 0 -1
4655 1353 493
4656 3655 478
4657 5762 420
4658 3202 476
4659 0 -1
4660 1015 523
4661 706 338
4662 6597 591
4663 3315 448
4664 5717 496
4665 1371 615
4666 2595 617
4667 2761 592
4668 1692 435
4669 4003 533
4670 1479 513
4671 848 415
4672 4743 294
4673 146 569
4674 1560 481
4675 3397 515
4676 0 -1
4677 0 -1
4678 264 555
4679 2632 498
4680 5953 492
4681 3247 442
4682 274 556
4683 2341 511
4684 5788 516
4685 5597 373
4686 6246 234
4687 3583 478
4688 205 563
4689 5669 449
4690 4999 491
4691 6354 529
4692 106 511
4693 1220 498
4694 2361 481
4695 5365 409
4696 519 507
4697 2146 428
4698 1940 529
4699 2687 529
4700 1267 443
4701 3048 505
4702 3595 621
4703 2880 479
4704 5137 474
4705 1939 425
4706 3672 742
4707 1783 488
4708 5234 552
4709 5908 556
4710 4956 605
4711 1590 502
4712 0 -1
4713 2809 576
4714 5629 539
4715 70 421
4716 2008 537
4717 3942 504
4718 2160 412
4719 2612 491
4720 4066 541
4721 5587 472
4722 744 515
4723 2002 548
4724 6162 493
4725 113 539
4726 937 434
4727 169 435
4728 5687 498
4729 0 -1
4730 6399 565
4731 2534 576
4732 4705 456
4733 6434 552
4734 6571 592
4735 6341 563
4736 3292 440
4737 5572 517
4738 1585 487
4739 1731 509
4740 2057 513
4741 771 457
4742 1276 363
4743 2552 186
4744 5303 469
4745 5065 587
4746 2392 514
4747 4128 468
4748 4818 503
4749 0 -1
4750 5979 414
4751 3173 525
4752 2820 439
4753 1122 388
4754 3325 455
4755 2808 484
4756 4855 481
4757 279 550
4758 2694 521
4759 3480 563
4760 3220 472
4761 1517 615
4762 2313 506
4763 5879 321
4764 0 -1
4765 3227 510
4766 6577 495
4767 5086 421
4768 4297 529
4769 2924 541
4770 3131 494
4771 1733 470
4772 5405 736
4773 4356 557
4774 5172 690
4775 4239 504
4776 2008 442
4777 6196 330
4778 1446 436
4779 0 -1
4780 1304 465
4781 6393 511
4782 1381 529
4783 5867 596
4784 3520 510
4785 554 555
4786 3892 610
4787 6447 488
4788 5288 451
4789 2102 647
4790 6319 470
4791 3417 574
4792 5311 607
4793 1972 435
4794 2578 501
4795 2357 488
4796 2309 478
4797 4224 498
4798 1288 411
4799 3838 462
4800 4193 504
4801 744 588
4802 2301 508
4803 1425 448
4804 4104 409
4805 0 -1
4806 4231 436
4807 5895 518
4808 0 -1
4809 5842 583
4810 5982 566
4811 0 -1
4812 4364 504
4813 0 -1
4814 2043 505
4815 0 -1
4816 726 532
4817 3243 515
4818 4744 477
4819 2770 506
4820 3027 633
4821 4265 513
4822 3893 536
4823 622 401
4824 5489 563
4825 6258 508
4826 2577 580
4827 2752 540
4828 5302 536
4829 109 551
4830 6433 495
4831 4787 543
4832 2124 553
4833 2414 386
4834 2455 527
4835 1729 532
4836 765 537
4837 4235 571
4838 5120 462
4839 5397 318
4840 654 623
4841 5563 365
4842 6532 546
4843 1576 571
4844 1849 500
4845 3294 649
4846 3607 517
4847 1823 541
4848 4051 573
4849 1729 463
4850 0 -1
4851 222 564
4852 4520 517
4853 5086 457
4854 1679 578
4855 485 437
4856 3442 510
4857 1532 553
4858 2511 463
4859 6291 479
4860 0 -1
4861 0 -1
4862 1519 452
4863 3228 536
4864 6587 536
4865 0 -1
4866 1540 454
4867 5362 550
4868 3486 439
4869 5566 387
4870 3677 615
4871 2354 559
4872 4650 621
4873 2962 484
4874 6080 497
4875 4723 600
4876 5072 514
4877 5003 552
4878 1830 449
4879 2185 521
4880 3397 586
4881 6581 494
4882 1207 534
4883 5120 507
4884 0 -1
4885 1000 428
4886 6232 401
4887 4118 492
4888 2227 511
4889 4878 489
4890 5974 717
4891 6493 562
4892 133 532
4893 6575 402
4894 3830 501
4895 733 638
4896 2100 616
4897 594 547
4898 0 -1
4899 4413 447
4900 3819 689
4901 906 474
4902 1966 578
4903 788 528
4904 3300 464
4905 689 529
4906 3515 609
4907 4247 459
4908 0 -1
4909 1996 487
4910 6165 378
4911 1202 489
4912 1923 561
4913 2160 424
4914 3713 489
4915 1207 469
4916 3008 393
4917 6509 491
4918 2079 541
4919 5803 483
4920 2508 373
4921 5213 582
4922 2155 407
4923 5552 393
4924 6444 480
4925 5245 468
4926 3915 597
4927 107 506
4928 1773 498
4929 6179 460
4930 0 -1
4931 4576 515
4932 579 474
4933 6403 552
4934 6141 337
4935 3221 564
4936 6580 407
4937 4726 438
4938 3121 656
4939 5318 431
4940 759 540
4941 1828 562
4942 639 437
4943 1341 422
4944 5902 485
4945 937 441
4946 686 544
4947 0 -1
4948 3954 474
4949 5846 357
4950 4854 642
4951 0 -1
4952 97 499
4953 4787 537
4954 4823 460
4955 5640 455
4956 5112 534
4957 2612 553
4958 1885 395
4959 3586 492
4960 1926 549
4961 6001 510
4962 4839 372
4963 5086 358
4964 2843 355
4965 4373 564
4966 6179 552
4967 2920 304
4968 6351 456
4969 3819 728
4970 2738 406
4971 2039 432
4972 6212 495
4973 5600 518
4974 5677 381
4975 1313 478
4976 0 -1
4977 1815 531
4978 4589 519
4979 4024 525
4980 1035 394
4981 5596 418
4982 0 -1
4983 5383 498
4984 4686 337
4985 4158 536
4986 4841 372
4987 4609 440
4988 4211 503
4989 1827 486
4990 3542 559
4991 449 537
4992 5695 553
4993 1837 512
4994 3811 491
4995 6146 577
4996 6527 525
4997 0 -1
4998 537 574
4999 5597 401
5000 5264 605
5001 771 418
5002 2705 628
5003 4005 461
5004 1923 555
5005 6349 466
5006 1044 607
5007 582 576
5008 1883 506
5009 309 383
5010 1064 555
5011 2802 543
5012 743 497
5013 942 426
5014 4933 587
5015 2924 492
5016 3976 554
5017 3418 576
5018 5845 607
5019 1289 308
5020 562 347
5021 0 -1
5022 2142 488
5023 5916 510
5024 0 -1
5025 805 490
5026 0 -1
5027 5272 569
5028 3445 403
5029 4203 541
5030 0 -1
5031 5430 490
5032 0 -1
5033 1507 434
5034 3135 462
5035 343 599
5036 5817 432
5037 938 582
5038 0 -1
5039 1807 475
5040 4963 439
5041 2378 549
5042 0 -1
5043 4293 603
5044 6192 489
5045 2564 434
5046 3327 533
5047 2640 604
5048 507 506
5049 1363 502
5050 5566 388
5051 3445 485
5052 5158 465
5053 303 539
5054 3691 499
5055 2930 508
5056 0 -1
5057 70 391
5058 1884 511
5059 781 478
5060 1296 532
5061 5835 572
5062 132 405
5063 3317 490
5064 3219 520
5065 3312 479
5066 6009 682
5067 5335 522
5068 5194 553
5069 6024 535
5070 4479 527
5071 4798 447
5072 3096 467
5073 219 572
5074 3550 443
5075 4102 552
5076 1676 514
5077 3128 539
5078 4667 665
5079 139 508
5080 5888 440
5081 298 493
5082 5666 533
5083 1792 412
5084 5878 522
5085 4307 515
5086 3201 350
5087 412 449
5088 83 536
5089 1183 537
5090 1894 672
5091 1008 594
5092 34 494
5093 2426 503
5094 2044 435
5095 6270 468
5096 3601 694
5097 6226 515
5098 6531 490
5099 5716 528
5100 1564 543
5101 1656 402
5102 4873 511
5103 3814 444
5104 2870 475
5105 5744 526
5106 3703 534
5107 3736 398
5108 4442 518
5109 4471 557
5110 520 525
5111 5725 578
5112 3423 508
5113 498 422
5114 4263 489
5115 526 521
5116 6008 511
5117 561 590
5118 6538 623
5119 1147 543
5120 6086 421
5121 1272 498
5122 5754 417
5123 1227 599
5124 2529 403
5125 1017 564
5126 5527 602
5127 2308 557
5128 2019 501
5129 421 474
5130 6547 541
5131 2106 327
5132 5183 678
5133 187 357
5134 159 623
5135 6531 443
5136 1132 674
5137 15 403
5138 603 378
5139 6442 412
5140 5926 464
5141 3211 542
5142 4182 497
5143 2862 482
5144 4189 465
5145 1139 435
5146 6450 603
5147 1120 549
5148 5846 419
5149 6477 498
5150 567 417
5151 5597 393
5152 4009 670
5153 3368 602
5154 2231 549
5155 3401 680
5156 1792 432
5157 3348 513
5158 132 430
5159 2052 401
5160 5967 405
5161 5851 363
5162 2588 486
5163 2035 382
5164 1961 564
5165 4674 495
5166 4695 431
5167 6218 552
5168 3995 402
5169 2387 567
5170 2691 551
5171 5964 509
5172 1148 622
5173 1446 453
5174 215 583
5175 1056 660
5176 594 597
5177 4307 465
5178 5789 572
5179 4604 508
5180 3396 581
5181 5048 543
5182 4833 452
5183 2143 676
5184 1367 640
5185 3315 433
5186 723 436
5187 1951 334
5188 4988 525
5189 630 479
5190 4635 490
5191 4653 504
5192 390 592
5193 1904 535
5194 5954 550
5195 3914 513
5196 3858 531
5197 0 -1
5198 1776 431
5199 5895 482
5200 2704 630
5201 1447 504
5202 1384 402
5203 3674 555
5204 3044 494
5205 0 -1
5206 5494 439
5207 403 668
5208 5309 517
5209 3492 492
5210 5114 533
5211 3949 483
5212 2146 420
5213 5141 570
5214 3425 487
5215 54 439
5216 1306 565
5217 526 503
5218 3783 445
5219 3894 662
5220 4510 500
5221 5888 388
5222 2556 553
5223 288 396
5224 486 465
5225 2878 474
5226 943 547
5227 2272 462
5228 71 513
5229 3567 561
5230 0 -1
5231 530 468
5232 87 473
5233 2621 520
5234 5321 517
5235 3529 545
5236 5597 402
5237 3483 557
5238 1708 440
5239 2693 428
5240 1547 496
5241 5188 570
5242 107 486
5243 6005 432
5244 3009 388
5245 945 451
5246 1158 580
5247 3998 456
5248 6297 322
5249 4337 525
5250 5812 499
5251 4505 478
5252 1503 312
5253 2532 450
5254 1549 549
5255 3281 545
5256 6580 431
5257 4078 375
5258 1360 553
5259 2120 570
5260 5679 495
5261 760 542
5262 485 386
5263 1224 523
5264 3131 489
5265 0 -1
5266 1708 473
5267 246 494
5268 6141 275
5269 133 437
5270 3776 544
5271 4635 534
5272 5700 525
5273 6127 571
5274 133 479
5275 3398 525
5276 0 -1
5277 5910 570
5278 0 -1
5279 3633 526
5280 4391 492
5281 4795 505
5282 4973 595
5283 4629 523
5284 5630 383
5285 5332 497
5286 4521 479
5287 4987 487
5288 1449 384
5289 2198 601
5290 3114 533
5291 1858 467
5292 449 580
5293 5621 591
5294 41 609
5295 4825 509
5296 3690 571
5297 4466 483
5298 5179 617
5299 5194 649
5300 1737 509
5301 4262 455
5302 1068 421
5303 5239 452
5304 314 423
5305 2590 479
5306 255 594
5307 550 547
5308 4332 572
5309 2359 513
5310 4916 453
5311 1840 582
5312 5268 374
5313 4321 463
5314 3486 500
5315 3189 535
5316 1792 449
5317 671 602
5318 3022 392
5319 5282 705
5320 4954 467
5321 2815 490
5322 1543 454
5323 5808 364
5324 1837 454
5325 503 553
5326 3368 675
5327 3823 529
5328 1629 510
5329 2344 531
5330 3438 490
5331 6162 486
5332 6064 474
5333 3213 529
5334 622 443
5335 309 442
5336 2428 564
5337 953 576
5338 6164 424
5339 3673 482
5340 804 515
5341 4064 481
5342 2156 525
5343 4422 409
5344 0 -1
5345 1708 430
5346 4068 348
5347 4123 526
5348 2759 476
5349 5582 439
5350 1070 360
5351 5561 423
5352 5800 490
5353 3370 676
5354 1758 747
5355 6319 503
5356 2078 513
5357 0 -1
5358 6403 534
5359 5671 460
5360 941 453
5361 1783 468
5362 1416 507
5363 2307 423
5364 4562 682
5365 3459 403
5366 6589 483
5367 3337 589
5368 6466 508
5369 3977 203
5370 0 -1
5371 5896 602
5372 3760 457
5373 5563 321
5374 3295 474
5375 312 394
5376 5004 646
5377 45 498
5378 1096 559
5379 1187 463
5380 5787 461
5381 6449 495
5382 2858 645
5383 2716 487
5384 2477 569
5385 216 618
5386 1629 510
5387 460 499
5388 5403 518
5389 4919 581
5390 814 600
5391 4436 462
5392 3692 440
5393 1884 539
5394 5897 493
5395 3866 422
5396 0 -1
5397 1878 266
5398 656 345
5399 1191 458
5400 5745 525
5401 1684 534
5402 5454 547
5403 6485 480
5404 2359 552
5405 2047 658
5406 61 519
5407 3832 599
5408 2677 411
5409 3736 408
5410 1666 519
5411 6590 504
5412 3457 490
5413 206 527
5414 1401 539
5415 0 -1
5416 5112 539
5417 4869 470
5418 3490 458
5419 5401 537
5420 5903 569
5421 6550 497
5422 3504 595
5423 2114 540
5424 1163 435
5425 4744 585
5426 863 511
5427 298 430
5428 2996 468
5429 5070 614
5430 4697 431
5431 316 556
5432 5859 471
5433 1512 516
5434 0 -1
5435 0 -1
5436 845 557
5437 1463 449
5438 3954 397
5439 4258 571
5440 4763 364
5441 1792 529
5442 0 -1
5443 1416 552
5444 2235 674
5445 2629 451
5446 2764 488
5447 6157 509
5448 3876 390
5449 5600 548
5450 1181 525
5451 5992 466
5452 274 524
5453 4024 495
5454 2748 536
5455 369 446
5456 0 -1
5457 1634 677
5458 1994 516
5459 4886 439
5460 3865 548
5461 0 -1
5462 232 498
5463 3265 457
5464 0 -1
5465 4314 511
5466 2916 514
5467 0 -1
5468 6204 437
5469 2238 491
5470 4413 381
5471 6386 559
5472 614 540
5473 6026 459
5474 2553 579
5475 511 659
5476 6023 520
5477 2180 494
5478 2953 541
5479 5546 644
5480 0 -1
5481 677 468
5482 4653 446
5483 5048 522
5484 5186 445
5485 5122 431
5486 0 -1
5487 123 371
5488 4916 477
5489 3389 556
5490 1278 368
5491 87 483
5492 4862 531
5493 6590 501
5494 1070 390
5495 4436 399
5496 5701 479
5497 1023 552
5498 2236 544
5499 5202 462
5500 0 -1
5501 5161 439
5502 532 513
5503 1564 511
5504 5223 467
5505 1646 546
5506 1035 415
5507 6003 481
5508 3215 559
5509 100 512
5510 4314 470
5511 419 527
5512 2361 489
5513 5888 494
5514 2301 396
5515 3061 570
5516 834 471
5517 3569 488
5518 5459 524
5519 1051 592
5520 3746 500
5521 4032 463
5522 0 -1
5523 6011 556
5524 5748 557
5525 1627 494
5526 178 472
5527 2785 566
5528 2843 394
5529 2726 463
5530 5549 471
5531 4722 542
5532 291 364
5533 5264 511
5534 755 456
5535 6109 538
5536 5938 465
5537 6505 517
5538 0 -1
5539 1726 610
5540 1667 532
5541 3479 633
5542 4720 653
5543 6337 463
5544 6585 437
5545 5445 459
5546 2421 572
5547 5613 485
5548 0 -1
5549 2738 420
5550 845 478
5551 0 -1
5552 5972 347
5553 5228 559
5554 6532 516
5555 4140 586
5556 6163 507
5557 5383 522
5558 2845 510
5559 3737 534
5560 5870 405
5561 5398 373
5562 607 700
5563 6520 307
5564 5741 452
5565 0 -1
5566 1909 378
5567 5244 465
5568 4248 623
5569 0 -1
5570 1538 561
5571 2764 500
5572 5477 502
5573 2286 392
5574 0 -1
5575 3669 379
5576 1335 444
5577 2941 366
5578 1852 621
5579 3778 583
5580 1167 499
5581 1156 677
5582 3357 374
5583 4201 597
5584 1251 502
5585 498 419
5586 2856 456
5587 6317 453
5588 5766 476
5589 5567 522
5590 2180 568
5591 3004 463
5592 0 -1
5593 2287 597
5594 1052 530
5595 2434 447
5596 5677 361
5597 1122 360
5598 5454 544
5599 3669 467
5600 4498 495
5601 4196 582
5602 5195 581
5603 0 -1
5604 5837 421
5605 3547 623
5606 1901 545
5607 1584 421
5608 3140 605
5609 464 581
5610 1271 578
5611 1283 439
5612 4750 440
5613 5999 426
5614 2225 498
5615 1447 418
5616 5893 479
5617 1603 527
5618 966 600
5619 6560 547
5620 6043 477
5621 554 538
5622 0 -1
5623 4345 563
5624 2684 510
5625 0 -1
5626 0 -1
5627 5104 506
5628 3809 484
5629 2711 435
5630 4315 346
5631 2324 497
5632 262 506
5633 3469 406
5634 2211 528
5635 233 648
5636 2117 553
5637 3954 431
5638 2584 590
5639 2813 463
5640 4042 454
5641 1003 508
5642 5463 511
5643 5303 528
5644 2518 649
5645 6371 743
5646 5384 619
5647 1095 586
5648 0 -1
5649 1276 355
5650 229 390
5651 1199 517
5652 3459 411
5653 4164 519
5654 6487 545
5655 4280 555
5656 5113 436
5657 3903 631
5658 2351 522
5659 0 -1
5660 0 -1
5661 6192 597
5662 443 549
5663 2062 495
5664 6192 494
5665 3388 476
5666 3096 462
5667 290 515
5668 6067 422
5669 97 425
5670 5313 497
5671 854 443
5672 4797 569
5673 2822 620
5674 3369 510
5675 3966 439
5676 921 626
5677 1278 350
5678 18 530
5679 1313 425
5680 3492 489
5681 5916 453
5682 0 -1
5683 6444 516
5684 6221 618
5685 605 579
5686 6556 491
5687 170 454
5688 3020 467
5689 3765 467
5690 5326 777
5691 892 588
5692 5873 482
5693 4867 614
5694 6181 513
5695 57 484
5696 4916 409
5697 2793 587
5698 794 515
5699 4776 515
5700 2977 518
5701 3837 450
5702 421 445
5703 1833 549
5704 2732 527
5705 4552 394
5706 6236 457
5707 2689 485
5708 6557 426
5709 662 551
5710 2412 379
5711 2162 482
5712 1293 534
5713 2312 539
5714 4340 631
5715 4568 520
5716 4661 446
5717 2332 477
5718 3025 544
5719 876 642
5720 2506 536
5721 0 -1
5722 387 599
5723 5498 591
5724 3075 433
5725 1175 509
5726 3221 551
5727 533 674
5728 2541 603
5729 4086 508
5730 2592 739
5731 355 563
5732 5597 362
5733 1228 533
5734 1351 445
5735 900 565
5736 4030 555
5737 5916 413
5738 550 480
5739 0 -1
5740 2690 510
5741 3016 445
5742 3698 538
5743 229 479
5744 6155 508
5745 3661 493
5746 1737 518
5747 0 -1
5748 1023 525
5749 3741 400
5750 3155 530
5751 715 526
5752 4166 538
5753 0 -1
5754 4255 413
5755 1462 455
5756 4658 538
5757 6204 506
5758 2901 579
5759 695 520
5760 6532 535
5761 6348 492
5762 4672 397
5763 900 525
5764 2336 495
5765 839 449
5766 3585 468
5767 718 504
5768 6007 335
5769 4992 576
5770 5586 470
5771 5312 449
5772 100 507
5773 6148 583
5774 5749 513
5775 6245 467
5776 44 481
5777 2988 513
5778 1224 428
5779 1398 442
5780 5121 529
5781 1710 535
5782 5403 564
5783 4126 451
5784 6098 547
5785 1861 371
5786 5287 552
5787 1870 386
5788 2700 486
5789 3496 558
5790 3093 553
5791 4130 621
5792 2386 561
5793 4305 573
5794 6051 524
5795 2769 611
5796 2770 488
5797 2052 395
5798 3173 522
5799 3499 487
5800 2258 465
5801 5126 607
5802 3674 512
5803 2530 379
5804 4116 534
5805 6102 529
5806 5304 435
5807 2989 400
5808 4378 334
5809 326 431
5810 5144 471
5811 2468 778
5812 6309 487
5813 5162 568
5814 1972 386
5815 3021 498
5816 2058 633
5817 771 394
5818 1663 382
5819 3449 458
5820 5694 523
5821 848 432
5822 0 -1
5823 3913 428
5824 4755 589
5825 5588 482
5826 6559 511
5827 4224 539
5828 5040 443
5829 5731 570
5830 3226 326
5831 168 450
5832 1465 593
5833 530 491
5834 5365 407
5835 2085 525
5836 5803 454
5837 1077 405
5838 3459 483
5839 4529 390
5840 2905 448
5841 1276 349
5842 3265 472
5843 1709 538
5844 846 540
5845 6519 530
5846 3441 317
5847 2153 414
5848 5150 478
5849 0 -1
5850 3850 423
5851 4839 349
5852 6391 366
5853 1787 486
5854 970 529
5855 959 530
5856 2743 530
5857 5619 583
5858 3033 690
5859 3459 469
5860 3492 554
5861 3506 505
5862 2845 479
5863 2125 500
5864 2074 571
5865 6173 569
5866 3000 528
5867 6284 562
5868 1519 479
5869 4804 493
5870 4252 339
5871 1000 454
5872 5165 611
5873 683 433
5874 0 -1
5875 1658 484
5876 5835 541
5877 3457 528
5878 6335 502
5879 6333 319
5880 6544 539
5881 812 421
5882 854 416
5883 5395 432
5884 565 469
5885 1244 424
5886 5262 425
5887 3957 605
5888 1276 377
5889 3315 431
5890 189 528
5891 1108 523
5892 2264 614
5893 5338 463
5894 0 -1
5895 3809 442
5896 6202 516
5897 3512 415
5898 1803 533
5899 567 371
5900 6128 576
5901 2949 582
5902 570 439
5903 4656 561
5904 2535 488
5905 3826 436
5906 4255 404
5907 3452 576
5908 3661 503
5909 1070 464
5910 4344 556
5911 2172 489
5912 28 543
5913 691 479
5914 3932 576
5915 5641 526
5916 749 408
5917 2163 592
5918 0 -1
5919 5881 433
5920 4335 563
5921 6538 657
5922 326 411
5923 1744 518
5924 2094 546
5925 4887 534
5926 2338 374
5927 3699 491
5928 4970 452
5929 1293 584
5930 302 552
5931 4665 701
5932 2864 476
5933 3325 484
5934 1426 401
5935 1755 450
5936 4285 474
5937 3778 594
5938 1276 372
5939 5577 439
5940 5701 554
5941 3024 644
5942 4562 664
5943 0 -1
5944 6460 416
5945 4403 545
5946 3668 547
5947 5350 415
5948 1435 650
5949 3030 453
5950 1260 474
5951 3077 573
5952 6344 497
5953 4841 404
5954 2601 443
5955 2556 639
5956 3707 463
5957 4996 555
5958 0 -1
5959 1998 510
5960 2993 466
5961 0 -1
5962 1269 430
5963 0 -1
5964 3413 499
5965 4762 610
5966 2350 549
5967 3611 359
5968 3407 472
5969 5989 471
5970 5107 440
5971 4410 385
5972 1951 308
5973 6252 574
5974 2228 694
5975 5160 519
5976 4069 625
5977 2208 484
5978 5033 486
5979 2286 358
5980 1646 476
5981 3840 426
5982 6029 517
5983 0 -1
5984 1692 446
5985 0 -1
5986 0 -1
5987 0 -1
5988 0 -1
5989 1871 361
5990 6157 513
5991 2444 492
5992 1664 463
5993 6353 508
5994 4109 366
5995 2756 482
5996 3585 483
5997 970 463
5998 1220 541
5999 4962 399
6000 175 652
6001 5316 450
6002 60 501
6003 5919 447
6004 4814 509
6005 6520 382
6006 3344 388
6007 1276 309
6008 3094 496
6009 5740 612
6010 70 465
6011 2255 533
6012 4291 510
6013 1446 483
6014 6349 421
6015 4261 447
6016 5102 550
6017 4460 533
6018 3227 516
6019 5575 427
6020 6158 440
6021 1927 388
6022 443 498
6023 2184 447
6024 2000 465
6025 2813 568
6026 3708 451
6027 4119 662
6028 440 489
6029 2097 433
6030 3712 536
6031 5575 472
6032 6078 504
6033 5604 478
6034 1795 460
6035 3658 470
6036 1729 462
6037 4244 491
6038 0 -1
6039 6358 341
6040 4214 548
6041 2414 432
6042 721 582
6043 5669 442
6044 6446 515
6045 4323 514
6046 0 -1
6047 2481 461
6048 3425 485
6049 5886 478
6050 4195 475
6051 6019 429
6052 4581 544
6053 263 406
6054 2926 548
6055 1360 588
6056 301 537
6057 0 -1
6058 5087 561
6059 2261 559
6060 639 485
6061 5140 495
6062 4146 516
6063 283 476
6064 4418 444
6065 4393 469
6066 4504 514
6067 6358 402
6068 3228 514
6069 1685 434
6070 4385 466
6071 5019 317
6072 6580 409
6073 1585 562
6074 3986 464
6075 6512 600
6076 6239 482
6077 0 -1
6078 6395 425
6079 2786 652
6080 5262 451
6081 2189 543
6082 1264 519
6083 663 453
6084 1427 542
6085 0 -1
6086 5808 377
6087 107 520
6088 2775 457
6089 787 493
6090 6447 515
6091 2099 502
6092 0 -1
6093 1787 496
6094 1956 502
6095 5453 523
6096 86 434
6097 3165 601
6098 3022 442
6099 836 642
6100 2156 504
6101 5772 538
6102 2994 523
6103 4315 285
6104 4703 588
6105 2771 535
6106 4459 442
6107 3694 483
6108 6205 432
6109 66 527
6110 5836 473
6111 1947 526
6112 6058 574
6113 5256 501
6114 216 557
6115 5662 585
6116 2792 594
6117 5470 403
6118 2516 565
6119 2620 517
6120 5665 506
6121 1336 569
6122 0 -1
6123 2035 415
6124 0 -1
6125 3322 548
6126 1073 638
6127 5552 458
6128 5028 479
6129 4252 308
6130 3459 432
6131 4103 548
6132 5959 609
6133 1439 522
6134 1400 626
6135 0 -1
6136 4263 433
6137 1321 533
6138 3839 388
6139 2812 504
6140 3772 465
6141 604 255
6142 5027 667
6143 4743 238
6144 2690 466
6145 3188 388
6146 494 546
6147 3581 640
6148 2314 484
6149 4101 448
6150 839 450
6151 2302 422
6152 5115 538
6153 4721 517
6154 0 -1
6155 4062 487
6156 0 -1
6157 516 471
6158 2194 432
6159 4331 439
6160 4942 451
6161 5156 513
6162 3596 479
6163 2572 394
6164 70 384
6165 1505 372
6166 2804 542
6167 5186 536
6168 660 513
6169 3681 621
6170 3277 578
6171 1693 546
6172 4528 454
6173 2114 491
6174 4217 493
6175 2305 436
6176 6303 553
6177 2800 567
6178 5810 550
6179 1358 449
6180 3841 480
6181 1115 437
6182 0 -1
6183 4663 465
6184 2896 454
6185 3770 598
6186 2295 502
6187 3637 613
6188 1424 502
6189 3234 536
6190 1745 491
6191 1349 617
6192 1559 483
6193 4083 545
6194 4265 527
6195 1437 608
6196 2106 280
6197 2827 588
6198 0 -1
6199 2915 494
6200 1531 510
6201 5477 540
6202 1026 418
6203 6098 519
6204 5302 434
6205 3437 409
6206 470 415
6207 3437 370
6208 5465 530
6209 3692 474
6210 0 -1
6211 4889 516
6212 4351 482
6213 4480 417
6214 433 593
6215 2448 468
6216 5148 518
6217 3898 521
6218 5904 542
6219 3450 497
6220 0 -1
6221 1170 556
6222 4017 471
6223 6045 579
6224 4691 529
6225 4191 395
6226 5859 479
6227 2146 508
6228 1385 438
6229 4661 458
6230 2775 394
6231 2715 542
6232 3226 299
6233 421 421
6234 0 -1
6235 1244 382
6236 5935 453
6237 2930 529
6238 0 -1
6239 2160 438
6240 5596 452
6241 4223 486
6242 5952 545
6243 3018 355
6244 3750 488
6245 5398 441
6246 4743 226
6247 5221 429
6248 72 515
6249 6346 555
6250 3329 362
6251 3522 406
6252 3134 510
6253 4994 505
6254 2795 473
6255 3826 542
6256 5799 494
6257 6597 545
6258 8 390
6259 3677 540
6260 4457 467
6261 2016 546
6262 6466 556
6263 0 -1
6264 6193 545
6265 181 433
6266 2829 555
6267 3153 484
6268 134 562
6269 2739 465
6270 5187 361
6271 2767 511
6272 5786 571
6273 638 485
6274 3251 503
6275 0 -1
6276 5880 581
6277 6242 614
6278 663 477
6279 3021 554
6280 6562 453
6281 4149 657
6282 2356 450
6283 1448 601
6284 839 511
6285 1961 567
6286 3506 573
6287 2724 387
6288 160 485
6289 3044 457
6290 5681 495
6291 5817 436
6292 0 -1
6293 3076 592
6294 6454 584
6295 4578 502
6296 5529 515
6297 844 258
6298 3394 557
6299 2361 512
6300 5588 507
6301 4570 449
6302 2319 499
6303 196 501
6304 927 643
6305 2935 446
6306 0 -1
6307 2693 458
6308 0 -1
6309 8 461
6310 2656 489
6311 1824 570
6312 2650 559
6313 857 657
6314 3644 908
6315 5395 512
6316 1396 567
6317 999 393
6318 6545 517
6319 4591 469
6320 6106 511
6321 777 563
6322 4321 519
6323 6307 532
6324 5499 462
6325 5972 381
6326 5932 546
6327 4295 545
6328 5455 468
6329 5817 420
6330 3561 446
6331 1947 544
6332 5217 565
6333 1119 285
6334 4252 315
6335 1404 421
6336 2645 448
6337 3188 421
6338 0 -1
6339 3995 494
6340 620 591
6341 4307 516
6342 4378 351
6343 2808 464
6344 3299 467
6345 2167 557
6346 6181 462
6347 2547 498
6348 3752 435
6349 767 366
6350 1054 493
6351 1806 407
6352 794 468
6353 110 436
6354 6163 444
6355 2277 645
6356 1781 559
6357 0 -1
6358 1278 336
6359 2188 450
6360 2400 553
6361 3440 463
6362 5823 474
6363 6565 520
6364 2115 650
6365 1071 478
6366 5033 523
6367 263 416
6368 4371 627
6369 4577 513
6370 0 -1
6371 4000 715
6372 111 507
6373 639 448
6374 4360 529
6375 3449 496
6376 4302 550
6377 3356 553
6378 1097 557
6379 3525 470
6380 6023 486
6381 0 -1
6382 2735 463
6383 4937 529
6384 1186 502
6385 5111 669
6386 1830 457
6387 5109 625
6388 4798 514
6389 1175 499
6390 6225 495
6391 2106 344
6392 1325 517
6393 1113 443
6394 3344 381
6395 6557 392
6396 485 381
6397 6578 712
6398 5407 697
6399 2489 460
6400 0 -1
6401 969 647
6402 3671 517
6403 5034 533
6404 1879 455
6405 6519 449
6406 3398 519
6407 3928 532
6408 1550 543
6409 4719 575
6410 3960 417
6411 4707 507
6412 4194 608
6413 5754 453
6414 0 -1
6415 0 -1
6416 2440 530
6417 3380 538
6418 0 -1
6419 2741 552
6420 4582 521
6421 6589 542
6422 769 502
6423 0 -1
6424 3813 484
6425 0 -1
6426 3193 538
6427 418 463
6428 0 -1
6429 6108 469
6430 1601 482
6431 4580 568
6432 1060 573
6433 6557 482
6434 2686 472
6435 5582 428
6436 4728 562
6437 3621 548
6438 1405 626
6439 2316 512
6440 3666 566
6441 2325 354
6442 2588 385
6443 5777 623
6444 5649 474
6445 3898 596
6446 3554 512
6447 3549 422
6448 1384 487
6449 2709 469
6450 4838 485
6451 1462 456
6452 1068 478
6453 0 -1
6454 1223 573
6455 4306 528
6456 5323 403
6457 1825 493
6458 1454 584
6459 4537 500
6460 1871 397
6461 2500 517
6462 5107 466
6463 4519 537
6464 4226 529
6465 2834 556
6466 900 498
6467 4022 468
6468 6158 502
6469 2872 681
6470 6207 411
6471 6143 279
6472 0 -1
6473 2566 507
6474 6475 418
6475 1534 376
6476 1102 523
6477 563 495
6478 622 457
6479 4134 549
6480 4495 392
6481 4255 481
6482 1408 381
6483 1760 517
6484 5927 496
6485 3204 453
6486 4849 580
6487 925 503
6488 4255 416
6489 589 531
6490 3625 558
6491 6551 554
6492 6251 448
6493 4182 460
6494 1658 538
6495 668 572
6496 3265 482
6497 6584 609
6498 1667 574
6499 3207 619
6500 2985 427
6501 5768 419
6502 1796 620
6503 6265 484
6504 3449 468
6505 1952 410
6506 2567 418
6507 526 473
6508 557 499
6509 924 466
6510 371 549
6511 161 552
6512 4748 503
6513 2809 580
6514 0 -1
6515 4887 535
6516 5085 609
6517 4828 641
6518 3632 564
6519 4445 421
6520 5369 283
6521 4938 746
6522 5663 571
6523 4114 529
6524 5256 445
6525 759 517
6526 2764 452
6527 1283 487
6528 2529 411
6529 3797 548
6530 2752 508
6531 5107 422
6532 359 514
6533 5413 542
6534 3921 579
6535 1968 494
6536 3343 546
6537 3109 509
6538 4597 599
6539 5454 619
6540 3673 575
6541 1358 434
6542 1108 516
6543 3494 533
6544 3708 533
6545 2864 466
6546 2944 516
6547 3034 485
6548 1537 559
6549 2193 497
6550 4190 432
6551 3254 510
6552 3681 670
6553 6231 585
6554 4479 522
6555 5700 527
6556 1908 470
6557 2168 375
6558 5627 596
6559 2015 472
6560 3342 508
6561 6531 479
6562 3799 418
6563 4437 476
6564 2772 509
6565 6160 490
6566 757 467
6567 2966 560
6568 3943 432
6569 2467 538
6570 4686 260
6571 657 496
6572 1629 535
6573 119 510
6574 2149 523
6575 2724 374
6576 3717 509
6577 2701 470
6578 5623 682
6579 432 500
6580 3662 366
6581 4192 479
6582 0 -1
6583 0 -1
6584 3120 502
6585 1343 377
6586 3496 462
6587 2813 466
6588 877 570
6589 5650 478
6590 5428 479
6591 4283 478
6592 1357 537
6593 0 -1
6594 4391 488
6595 2103 525
6596 5100 576
6597 336 527
6598 3045 512
6599 3898 615
6600 18 577
