9
1 0 -1
2 3470 500
3 0 -1
4 6032 464
5 5624 399
6 0 -1
7 2732 467
8 3556 345
9 9 0
10 3773 296
11 6527 481
12 0 -1
13 2441 324
14 2711 372
15 4420 258
16 1402 403
17 6475 239
18 6346 382
19 5431 422
20 3615 327
21 4310 393
22 5484 355
23 1293 373
24 2859 384
25 151 534
26 4645 382
27 5499 338
28 5025 448
29 3989 465
30 3881 511
31 0 -1
32 116 295
33 5737 407
34 1645 365
35 3484 480
36 783 302
37 4818 323
38 5902 345
39 2153 287
40 3846 365
41 3369 435
42 2019 325
43 6525 313
44 4291 425
45 1283 390
46 134 493
47 1617 621
48 790 301
49 4119 435
50 3169 493
51 3112 363
52 855 412
53 2095 369
54 3342 450
55 3324 389
56 4057 332
57 4190 385
58 0 -1
59 1504 421
60 6165 422
61 2535 419
62 2225 287
63 2359 382
64 4824 494
65 1562 375
66 1518 365
67 5642 418
68 0 -1
69 3382 539
70 1732 321
71 906 422
72 3826 404
73 4828 502
74 426 314
75 4233 350
76 6051 435
77 5142 388
78 410 426
79 132 415
80 4228 430
81 2805 504
82 1108 404
83 101 426
84 2074 426
85 4959 305
86 6301 220
87 4286 394
88 2935 328
89 5345 441
90 20 337
91 227 530
92 0 -1
93 4281 415
94 1782 413
95 311 480
96 3850 451
97 3520 360
98 1126 475
99 6196 289
100 4719 342
101 2064 425
102 4115 420
103 4544 349
104 2593 397
105 4525 394
106 5880 256
107 5962 355
108 5195 219
109 6020 432
110 6389 404
111 5925 463
112 3034 488
113 2085 167
114 3773 334
115 2537 465
116 1311 290
117 939 282
118 5333 296
119 4447 475
120 3289 582
121 3867 515
122 4339 324
123 99 331
124 0 -1
125 2800 418
126 4100 392
127 5959 422
128 3546 338
129 2273 388
130 48 398
131 5783 291
132 6591 345
133 6529 305
134 880 475
135 1253 374
136 6091 305
137 337 495
138 0 -1
139 3453 466
140 2701 411
141 2157 289
142 4261 370
143 5507 427
144 1488 407
145 5763 400
146 4125 489
147 5016 366
148 2669 362
149 129 432
150 521 468
151 6410 443
152 528 586
153 4042 231
154 5218 386
155 5998 436
156 1277 431
157 0 -1
158 3497 319
159 4421 514
160 1932 407
161 1968 345
162 1900 423
163 2308 392
164 1850 417
165 0 -1
166 2602 498
167 832 398
168 2988 368
169 3344 419
170 1054 88
171 0 -1
172 4318 272
173 3080 438
174 4548 415
175 4084 485
176 1059 450
177 1156 477
178 3798 367
179 3946 359
180 6137 389
181 4693 346
182 4258 414
183 4728 232
184 3594 403
185 3472 413
186 6061 395
187 6334 412
188 230 373
189 2756 192
190 0 -1
191 1933 330
192 6503 466
193 5361 428
194 5482 425
195 0 -1
196 5671 384
197 1323 495
198 6041 438
199 3641 383
200 5744 389
201 3771 465
202 4185 411
203 2941 283
204 4257 416
205 284 562
206 1705 364
207 3414 440
208 2979 370
209 4990 377
210 3676 401
211 6278 377
212 0 -1
213 4028 324
214 6566 341
215 443 316
216 1704 501
217 3677 346
218 3897 387
219 1249 346
220 5591 489
221 5163 333
222 2095 372
223 6100 312
224 0 -1
225 0 -1
226 1302 536
227 4125 425
228 2043 307
229 4405 356
230 6106 311
231 5330 281
232 4537 248
233 2397 379
234 3256 491
235 6099 558
236 3801 318
237 0 -1
238 3034 417
239 1849 349
240 1788 319
241 4544 318
242 0 -1
243 18 433
244 1307 328
245 5755 380
246 842 258
247 2259 229
248 776 211
249 870 447
250 1338 491
251 2053 486
252 1086 335
253 0 -1
254 615 303
255 6189 348
256 2485 411
257 4046 441
258 3244 457
259 0 -1
260 3699 471
261 467 399
262 3972 466
263 2244 393
264 1530 494
265 5259 362
266 2692 474
267 274 312
268 5428 417
269 1809 441
270 407 384
271 3932 430
272 1056 466
273 3181 470
274 6350 268
275 5440 383
276 1307 312
277 0 -1
278 5281 424
279 6233 420
280 5321 408
281 925 446
282 1878 361
283 1805 383
284 1289 466
285 5697 421
286 1508 471
287 0 -1
288 3822 324
289 4289 383
290 93 431
291 2803 414
292 4920 338
293 200 448
294 665 442
295 0 -1
296 1667 428
297 1784 340
298 5768 386
299 6048 292
300 3367 736
301 1959 314
302 4671 322
303 3641 476
304 461 459
305 4915 238
306 871 519
307 3620 415
308 4873 371
309 6570 468
310 0 -1
311 2846 452
312 1125 290
313 2778 421
314 5468 326
315 5059 457
316 40 373
317 6137 396
318 2066 373
319 0 -1
320 6055 424
321 482 377
322 2261 351
323 5267 302
324 5061 349
325 4668 401
326 5323 344
327 3121 457
328 5225 368
329 6176 329
330 0 -1
331 5438 525
332 1088 470
333 3456 493
334 6449 395
335 498 279
336 4224 320
337 5262 404
338 418 384
339 1149 240
340 5716 381
341 2582 262
342 1659 421
343 5570 371
344 4585 331
345 4640 299
346 4126 329
347 548 268
348 347 326
349 2016 463
350 1201 428
351 530 361
352 2547 413
353 3467 417
354 2839 382
355 4762 397
356 982 341
357 5805 348
358 0 -1
359 1185 360
360 2852 417
361 6050 428
362 308 452
363 6168 506
364 2613 404
365 5473 178
366 1935 482
367 1070 141
368 3556 349
369 5153 467
370 1172 381
371 1970 335
372 3476 448
373 491 312
374 5533 353
375 5577 307
376 2766 412
377 3176 427
378 3661 362
379 4793 387
380 0 -1
381 1740 463
382 911 471
383 664 531
384 3840 448
385 4300 338
386 5077 417
387 2346 377
388 3938 419
389 312 343
390 1439 356
391 684 411
392 0 -1
393 2343 396
394 769 561
395 4133 373
396 5343 261
397 4340 364
398 5086 424
399 2653 407
400 0 -1
401 4441 344
402 1454 430
403 1114 459
404 5556 253
405 5798 469
406 3682 353
407 998 284
408 3189 369
409 6373 370
410 4123 323
411 6363 342
412 3204 205
413 301 365
414 3764 358
415 1885 358
416 4480 430
417 653 359
418 1603 359
419 5036 454
420 4650 408
421 630 275
422 5528 296
423 3936 383
424 5469 360
425 6008 431
426 4079 275
427 1974 514
428 6257 425
429 3496 363
430 569 482
431 680 328
432 749 385
433 4259 351
434 4263 478
435 1972 359
436 5384 481
437 1660 429
438 4983 324
439 2858 548
440 1722 380
441 3851 559
442 1530 469
443 5577 304
444 4924 456
445 23 402
446 39 298
447 1447 411
448 4937 364
449 5880 212
450 4940 314
451 0 -1
452 1960 266
453 766 499
454 739 432
455 2591 418
456 1732 292
457 4804 290
458 1940 353
459 4082 336
460 1224 393
461 2895 351
462 1647 532
463 4670 460
464 4671 370
465 2111 389
466 2133 378
467 489 315
468 2907 360
469 6584 407
470 5533 361
471 3224 404
472 807 385
473 3595 312
474 467 356
475 3807 395
476 6580 340
477 456 391
478 41 465
479 3509 364
480 4553 366
481 6368 507
482 3311 369
483 583 303
484 4770 554
485 5368 349
486 2408 302
487 2376 381
488 1945 511
489 2716 242
490 5544 455
491 1427 289
492 1803 366
493 164 452
494 5839 449
495 654 291
496 5288 357
497 4695 458
498 6354 167
499 0 -1
500 1267 405
501 0 -1
502 4448 413
503 3255 324
504 6463 417
505 456 334
506 4104 247
507 3809 409
508 4998 622
509 474 452
510 4044 317
511 4847 481
512 4153 225
513 1249 385
514 2110 356
515 1875 459
516 79 433
517 6129 380
518 5157 422
519 3301 425
520 2003 459
521 3571 466
522 2738 415
523 2261 287
524 2496 337
525 0 -1
526 1583 380
527 4135 415
528 3323 569
529 1933 298
530 4685 361
531 4597 427
532 93 429
533 4491 507
534 0 -1
535 6596 404
536 946 388
537 3766 426
538 2693 487
539 473 317
540 6409 393
541 5975 396
542 5904 424
543 4539 426
544 3149 407
545 6594 453
546 5795 482
547 6365 421
548 5259 256
549 0 -1
550 2311 331
551 5135 395
552 3070 315
553 6186 407
554 2539 482
555 4039 257
556 667 330
557 5102 383
558 1997 342
559 4431 384
560 0 -1
561 3050 402
562 3201 220
563 2930 409
564 3655 338
565 3846 401
566 3101 399
567 4315 365
568 114 371
569 2962 447
570 4869 366
571 0 -1
572 2831 411
573 1797 559
574 6188 389
575 4577 355
576 3880 238
577 4800 394
578 944 303
579 3226 369
580 5340 346
581 1960 311
582 447 498
583 6369 301
584 2813 321
585 1258 374
586 2893 750
587 4700 337
588 1409 363
589 630 336
590 3200 283
591 5757 485
592 1153 443
593 5689 330
594 4446 394
595 4420 358
596 4406 396
597 3633 339
598 6064 389
599 126 394
600 0 -1
601 5140 436
602 1847 353
603 2783 433
604 3493 349
605 178 383
606 6518 411
607 2965 607
608 4240 379
609 2823 281
610 0 -1
611 4910 386
612 191 381
613 5378 415
614 2506 385
615 5166 218
616 5825 454
617 3360 440
618 0 -1
619 2944 350
620 3431 421
621 4399 345
622 3990 385
623 0 -1
624 6535 498
625 1442 410
626 3189 392
627 6161 517
628 2724 389
629 85 326
630 3784 218
631 2286 389
632 5243 391
633 2847 459
634 4816 430
635 1889 396
636 4698 410
637 2376 362
638 5835 334
639 3537 429
640 5632 327
641 5516 297
642 3603 357
643 4627 384
644 2138 332
645 0 -1
646 6211 418
647 2157 236
648 6350 204
649 0 -1
650 6309 417
651 682 538
652 321 476
653 1466 353
654 4404 261
655 0 -1
656 1927 342
657 5236 452
658 2484 377
659 2425 342
660 1584 428
661 5462 373
662 2409 428
663 6489 344
664 1179 492
665 6523 341
666 6014 478
667 6058 301
668 2210 469
669 2233 290
670 2334 338
671 6254 445
672 5751 400
673 230 429
674 6230 404
675 3434 373
676 1980 386
677 794 351
678 5227 293
679 6289 430
680 2926 271
681 401 363
682 2048 446
683 6559 321
684 5528 306
685 4963 380
686 1271 350
687 4186 455
688 4760 562
689 3443 342
690 2489 369
691 151 457
692 2373 377
693 3261 492
694 3512 335
695 1831 316
696 4095 414
697 2944 345
698 4097 418
699 6216 551
700 839 368
701 914 456
702 2614 379
703 3019 478
704 4346 368
705 3891 310
706 3201 267
707 141 403
708 4222 544
709 3106 386
710 724 562
711 4136 499
712 2576 493
713 288 364
714 4581 460
715 4193 344
716 3379 367
717 6229 468
718 1548 368
719 5269 326
720 0 -1
721 2642 351
722 5455 447
723 6177 349
724 361 473
725 323 348
726 5259 282
727 937 352
728 246 362
729 6016 444
730 1018 411
731 2427 363
732 140 414
733 4554 457
734 4235 413
735 1628 380
736 2101 425
737 5657 552
738 2223 440
739 4032 337
740 6459 335
741 1007 424
742 2814 459
743 6232 401
744 6500 420
745 6003 460
746 3690 481
747 2756 231
748 5546 450
749 1313 329
750 5534 253
751 1293 325
752 1553 230
753 1136 541
754 5167 454
755 999 181
756 3532 443
757 5332 301
758 3898 416
759 4204 179
760 1292 397
761 4270 424
762 1889 479
763 1836 454
764 1002 426
765 5115 382
766 2236 392
767 5768 337
768 4424 339
769 4853 449
770 1258 381
771 3939 388
772 3650 432
773 2694 450
774 1925 406
775 6464 551
776 2735 182
777 3055 324
778 2035 402
779 1715 386
780 4994 296
781 2739 364
782 4094 509
783 2756 231
784 413 365
785 5258 402
786 52 425
787 3498 407
788 6270 309
789 0 -1
790 2747 286
791 1288 390
792 971 448
793 2351 384
794 2642 294
795 6231 336
796 1597 546
797 6365 501
798 1160 479
799 4405 445
800 1999 437
801 3307 533
802 4806 429
803 0 -1
804 3109 239
805 345 300
806 1295 509
807 2267 317
808 2543 284
809 3965 503
810 0 -1
811 852 554
812 4671 314
813 3649 463
814 3154 526
815 0 -1
816 1584 458
817 6243 576
818 476 432
819 0 -1
820 0 -1
821 2083 400
822 4442 402
823 923 479
824 641 344
825 4663 558
826 4222 486
827 1602 390
828 5493 452
829 3083 545
830 4928 333
831 1103 424
832 4482 325
833 4830 425
834 5656 252
835 6218 392
836 558 348
837 6314 770
838 4985 274
839 5302 320
840 4254 382
841 1144 406
842 2756 253
843 1235 391
844 2027 315
845 6265 390
846 510 435
847 937 414
848 2350 265
849 6580 254
850 3892 402
851 6548 404
852 2320 454
853 6416 337
854 3459 351
855 5577 317
856 1574 377
857 2364 463
858 999 150
859 3231 366
860 4259 405
861 1333 344
862 0 -1
863 4159 346
864 3556 315
865 5428 346
866 4473 372
867 668 485
868 4544 374
869 5995 262
870 5499 379
871 6113 441
872 0 -1
873 4834 377
874 2561 353
875 3208 388
876 3198 451
877 2785 349
878 6311 389
879 4876 431
880 1985 387
881 6296 506
882 3365 479
883 0 -1
884 4048 443
885 4627 380
886 113 272
887 312 387
888 6224 314
889 1757 466
890 1712 437
891 2306 400
892 5286 396
893 6574 406
894 1709 449
895 1339 507
896 5738 448
897 423 441
898 5598 448
899 1890 483
900 1383 279
901 265 376
902 3530 427
903 88 420
904 5950 389
905 5716 385
906 1209 390
907 537 432
908 3632 390
909 1317 356
910 4670 396
911 2042 425
912 1077 331
913 2316 438
914 6492 368
915 3394 394
916 1368 404
917 3512 371
918 1822 437
919 4963 437
920 4512 416
921 4914 445
922 2225 360
923 406 385
924 378 479
925 5545 406
926 3901 317
927 5321 437
928 1205 438
929 47 723
930 4787 463
931 76 465
932 5556 187
933 5409 433
934 4204 239
935 0 -1
936 6194 476
937 968 333
938 5173 429
939 968 231
940 5530 440
941 5085 343
942 1343 315
943 247 277
944 2926 287
945 2106 328
946 1040 366
947 524 345
948 0 -1
949 3508 360
950 2147 328
951 4173 430
952 3592 417
953 3737 404
954 4923 348
955 2947 416
956 3809 435
957 2205 330
958 6072 290
959 856 420
960 4523 403
961 0 -1
962 2986 318
963 4457 433
964 0 -1
965 4871 452
966 6465 390
967 3121 374
968 5473 231
969 3634 514
970 1249 403
971 4310 383
972 864 340
973 3950 358
974 5097 382
975 5290 477
976 39 365
977 2899 378
978 0 -1
979 2378 432
980 6102 412
981 0 -1
982 6390 223
983 2694 439
984 2290 429
985 770 449
986 5263 522
987 3394 373
988 5868 436
989 4889 412
990 5069 310
991 1972 348
992 0 -1
993 0 -1
994 968 299
995 5338 316
996 2439 340
997 5373 246
998 2002 171
999 3204 142
1000 2891 356
1001 42 434
1002 3300 359
1003 3244 468
1004 4655 444
1005 2091 348
1006 583 343
1007 132 398
1008 908 421
1009 5383 340
1010 0 -1
1011 0 -1
1012 1734 519
1013 677 366
1014 1608 489
1015 2002 219
1016 1462 306
1017 2122 373
1018 1183 379
1019 2353 440
1020 4548 430
1021 1622 341
1022 5151 375
1023 6544 295
1024 1299 395
1025 4383 451
1026 2106 341
1027 3399 335
1028 1893 456
1029 486 406
1030 3969 302
1031 2464 433
1032 2112 404
1033 4821 523
1034 1246 492
1035 3458 455
1036 5011 413
1037 5123 422
1038 2605 421
1039 5139 457
1040 783 284
1041 2081 565
1042 4756 468
1043 4990 370
1044 910 476
1045 5619 459
1046 230 431
1047 0 -1
1048 489 264
1049 5129 394
1050 2127 413
1051 2267 378
1052 72 415
1053 4200 304
1054 3917 56
1055 1974 464
1056 1509 458
1057 4105 355
1058 522 429
1059 561 410
1060 5174 466
1061 4814 385
1062 3917 58
1063 3316 402
1064 3327 454
1065 3209 298
1066 5462 382
1067 0 -1
1068 4920 258
1069 1538 412
1070 5675 127
1071 5182 389
1072 4510 457
1073 5546 357
1074 176 528
1075 2655 467
1076 132 404
1077 5131 317
1078 2365 433
1079 2002 255
1080 2756 230
1081 101 513
1082 5447 358
1083 1442 402
1084 305 324
1085 0 -1
1086 5494 265
1087 0 -1
1088 4416 413
1089 0 -1
1090 3520 370
1091 0 -1
1092 3693 275
1093 4693 365
1094 4830 348
1095 589 420
1096 3180 297
1097 6591 326
1098 4264 423
1099 154 456
1100 3544 528
1101 1053 350
1102 2886 403
1103 3670 322
1104 4158 289
1105 2053 510
1106 23 373
1107 0 -1
1108 2117 326
1109 4515 391
1110 4361 488
1111 3091 209
1112 4912 405
1113 1289 403
1114 3228 429
1115 3437 274
1116 0 -1
1117 2325 373
1118 4809 491
1119 3929 349
1120 5062 445
1121 6233 439
1122 912 338
1123 3154 482
1124 5305 369
1125 3091 230
1126 1896 433
1127 506 357
1128 4397 320
1129 1709 449
1130 3802 399
1131 4913 394
1132 3096 442
1133 4422 224
1134 5308 473
1135 914 409
1136 4336 444
1137 0 -1
1138 2941 298
1139 4420 289
1140 1583 497
1141 2175 351
1142 458 374
1143 1826 409
1144 1218 337
1145 2642 376
1146 0 -1
1147 3650 369
1148 299 348
1149 4422 210
1150 963 549
1151 5207 649
1152 4899 518
1153 6476 344
1154 2926 268
1155 5716 452
1156 621 445
1157 0 -1
1158 5997 413
1159 1783 416
1160 5795 472
1161 3356 432
1162 5736 449
1163 4281 375
1164 2417 460
1165 85 362
1166 822 425
1167 3871 388
1168 5847 184
1169 5693 511
1170 5327 357
1171 5258 430
1172 4044 313
1173 4236 429
1174 5699 390
1175 6269 333
1176 473 359
1177 2799 415
1178 4767 468
1179 1344 474
1180 4362 407
1181 1144 368
1182 2095 271
1183 236 348
1184 2990 500
1185 4339 313
1186 4753 353
1187 704 378
1188 275 451
1189 3258 539
1190 3158 579
1191 1669 430
1192 1582 428
1193 6555 402
1194 4989 410
1195 5647 369
1196 62 360
1197 4904 341
1198 349 508
1199 3953 391
1200 1315 432
1201 1848 388
1202 1288 329
1203 4667 517
1204 4294 518
1205 3231 405
1206 865 413
1207 6225 179
1208 4426 281
1209 5761 346
1210 6114 393
1211 2120 408
1212 1267 364
1213 5214 389
1214 2683 350
1215 950 426
1216 3926 554
1217 3527 648
1218 609 332
1219 3860 370
1220 3213 334
1221 407 327
1222 167 407
1223 6366 493
1224 4090 341
1225 2833 388
1226 2259 308
1227 261 401
1228 609 399
1229 3247 456
1230 2761 437
1231 0 -1
1232 3521 423
1233 0 -1
1234 5934 335
1235 221 380
1236 2791 384
1237 3475 424
1238 1347 364
1239 1856 448
1240 2530 453
1241 780 345
1242 3295 403
1243 3897 427
1244 3259 367
1245 0 -1
1246 4316 465
1247 3192 425
1248 5709 527
1249 6363 341
1250 1483 353
1251 2296 440
1252 2556 501
1253 4591 369
1254 3003 418
1255 2839 391
1256 6371 583
1257 4791 390
1258 4476 302
1259 3235 505
1260 2890 346
1261 2403 419
1262 6509 484
1263 5053 534
1264 1713 418
1265 2183 407
1266 2580 372
1267 2111 321
1268 174 462
1269 937 368
1270 3302 273
1271 5330 326
1272 3063 368
1273 1103 388
1274 2880 379
1275 782 576
1276 3251 411
1277 1527 373
1278 301 351
1279 6121 499
1280 2769 326
1281 1724 320
1282 1655 632
1283 6240 384
1284 1447 384
1285 3764 361
1286 1509 474
1287 2731 452
1288 1827 305
1289 1278 362
1290 1942 387
1291 4368 358
1292 2784 395
1293 6231 309
1294 5877 334
1295 3822 429
1296 2688 240
1297 0 -1
1298 6531 406
1299 3208 355
1300 1713 398
1301 4719 299
1302 2193 444
1303 2295 421
1304 3085 358
1305 0 -1
1306 2853 394
1307 3773 312
1308 4762 370
1309 5605 613
1310 4291 409
1311 4723 253
1312 947 361
1313 2297 307
1314 4246 354
1315 581 406
1316 0 -1
1317 2425 338
1318 5632 403
1319 1822 415
1320 1622 362
1321 5884 435
1322 5366 456
1323 186 432
1324 0 -1
1325 1719 534
1326 1405 387
1327 6305 320
1328 5735 391
1329 3651 431
1330 1805 435
1331 4471 473
1332 0 -1
1333 4691 265
1334 90 345
1335 1395 387
1336 4554 416
1337 6188 389
1338 3782 476
1339 1228 504
1340 741 465
1341 912 336
1342 1525 333
1343 17 282
1344 5031 411
1345 5627 387
1346 6508 419
1347 3595 335
1348 2689 245
1349 3534 585
1350 5259 278
1351 6006 422
1352 5277 347
1353 1968 369
1354 3092 419
1355 5755 328
1356 2016 450
1357 3119 461
1358 3721 407
1359 0 -1
1360 2238 297
1361 1343 390
1362 3640 595
1363 1131 404
1364 2868 333
1365 2981 408
1366 3445 405
1367 3088 449
1368 5127 377
1369 5644 491
1370 1083 412
1371 1537 354
1372 2921 339
1373 812 320
1374 4631 465
1375 3387 458
1376 0 -1
1377 3774 427
1378 0 -1
1379 6402 505
1380 0 -1
1381 416 487
1382 5232 418
1383 2813 266
1384 6021 405
1385 470 376
1386 1731 402
1387 3541 377
1388 886 284
1389 6305 387
1390 4444 484
1391 4283 446
1392 2377 343
1393 4527 424
1394 1064 555
1395 312 327
1396 5360 434
1397 4980 444
1398 1885 418
1399 3939 435
1400 1920 485
1401 1293 319
1402 1066 383
1403 2342 360
1404 3862 379
1405 1683 377
1406 4606 614
1407 1166 457
1408 2986 373
1409 4640 311
1410 6297 344
1411 0 -1
1412 5403 320
1413 2172 382
1414 0 -1
1415 4024 367
1416 6361 450
1417 443 352
1418 5632 332
1419 3862 461
1420 3118 366
1421 947 455
1422 0 -1
1423 5352 468
1424 5433 352
1425 5686 405
1426 849 295
1427 1933 275
1428 6445 519
1429 3183 350
1430 4780 302
1431 2152 498
1432 154 398
1433 715 422
1434 506 312
1435 504 418
1436 3629 367
1437 3386 500
1438 0 -1
1439 4249 337
1440 2770 424
1441 884 467
1442 236 393
1443 142 388
1444 2339 390
1445 3647 422
1446 5575 378
1447 1313 338
1448 3953 398
1449 4286 397
1450 1402 432
1451 3169 444
1452 5140 379
1453 4862 427
1454 2017 330
1455 0 -1
1456 2886 370
1457 3115 434
1458 4727 257
1459 4700 305
1460 2005 283
1461 834 287
1462 489 281
1463 2147 331
1464 5761 366
1465 3675 438
1466 6048 335
1467 3027 556
1468 3914 272
1469 2069 345
1470 5106 469
1471 721 367
1472 3044 405
1473 562 223
1474 1850 337
1475 158 392
1476 5531 453
1477 1857 345
1478 4660 262
1479 6470 363
1480 5848 347
1481 648 268
1482 1559 409
1483 5060 323
1484 1937 470
1485 0 -1
1486 2683 359
1487 6537 246
1488 3208 384
1489 4896 418
1490 1877 503
1491 4887 385
1492 0 -1
1493 0 -1
1494 0 -1
1495 3005 256
1496 1369 525
1497 4924 449
1498 280 436
1499 4522 459
1500 1525 420
1501 5681 454
1502 1428 574
1503 3226 307
1504 85 356
1505 2325 359
1506 5154 408
1507 3784 325
1508 6342 351
1509 6512 431
1510 3091 222
1511 6255 449
1512 5494 246
1513 6459 218
1514 480 432
1515 5366 484
1516 3285 425
1517 4852 482
1518 6436 276
1519 909 404
1520 0 -1
1521 4974 444
1522 5764 386
1523 0 -1
1524 2518 402
1525 4249 318
1526 5447 358
1527 1260 350
1528 4329 545
1529 2372 396
1530 4292 413
1531 5057 341
1532 4088 423
1533 6010 478
1534 3037 445
1535 3432 446
1536 2864 407
1537 4153 309
1538 4875 313
1539 5761 297
1540 6393 272
1541 5601 280
1542 524 410
1543 6133 412
1544 5999 409
1545 3950 416
1546 0 -1
1547 1026 359
1548 4318 323
1549 370 472
1550 886 284
1551 5131 402
1552 2059 380
1553 858 206
1554 4042 147
1555 0 -1
1556 2065 379
1557 3800 466
1558 5570 443
1559 3347 381
1560 6412 456
1561 5447 351
1562 5521 346
1563 2406 328
1564 3890 459
1565 0 -1
1566 6492 423
1567 4187 469
1568 0 -1
1569 2677 361
1570 3152 294
1571 4549 447
1572 4737 406
1573 356 367
1574 5338 275
1575 4633 481
1576 5085 452
1577 4412 421
1578 3022 373
1579 0 -1
1580 4721 354
1581 2635 508
1582 5698 400
1583 3969 377
1584 4429 382
1585 1208 291
1586 1860 415
1587 5703 423
1588 26 435
1589 213 346
1590 6256 411
1591 2315 353
1592 1917 430
1593 589 417
1594 6434 304
1595 6058 327
1596 90 442
1597 5007 446
1598 3927 509
1599 6467 466
1600 3677 426
1601 3315 440
1602 1833 318
1603 2344 340
1604 5880 244
1605 6144 325
1606 2535 467
1607 4980 445
1608 4482 376
1609 4990 308
1610 4331 345
1611 0 -1
1612 77 390
1613 4633 402
1614 3643 443
1615 2793 376
1616 1223 576
1617 130 501
1618 6293 384
1619 2480 381
1620 5331 449
1621 468 451
1622 1459 316
1623 3798 443
1624 2425 280
1625 1746 447
1626 2570 503
1627 5238 398
1628 2261 320
1629 3063 382
1630 5351 368
1631 6537 307
1632 4292 414
1633 5870 474
1634 6162 483
1635 6073 401
1636 6564 264
1637 4150 349
1638 2730 501
1639 2115 404
1640 1518 279
1641 1104 304
1642 2729 440
1643 5225 398
1644 5100 366
1645 4994 306
1646 4159 414
1647 6076 460
1648 3693 308
1649 0 -1
1650 458 442
1651 4974 339
1652 5225 392
1653 5526 421
1654 846 506
1655 1059 529
1656 3020 417
1657 784 459
1658 4273 315
1659 1983 393
1660 2784 413
1661 793 391
1662 2090 457
1663 2334 412
1664 449 224
1665 66 442
1666 6561 326
1667 5738 380
1668 3783 409
1669 2774 368
1670 4955 274
1671 0 -1
1672 1941 436
1673 65 384
1674 375 349
1675 1582 442
1676 3420 326
1677 1427 308
1678 2543 245
1679 5077 448
1680 3317 421
1681 807 380
1682 2374 430
1683 4723 332
1684 3038 406
1685 2851 365
1686 5490 465
1687 3966 183
1688 474 443
1689 0 -1
1690 491 350
1691 2157 288
1692 2873 382
1693 1153 377
1694 5116 405
1695 1130 450
1696 1238 458
1697 3815 447
1698 244 399
1699 2112 454
1700 4368 323
1701 1941 418
1702 795 448
1703 1236 478
1704 2291 461
1705 141 335
1706 942 388
1707 6014 451
1708 3493 304
1709 3511 387
1710 4285 359
1711 1002 451
1712 2644 378
1713 2309 367
1714 2711 435
1715 5783 279
1716 0 -1
1717 0 -1
1718 5777 282
1719 6066 415
1720 6367 463
1721 3475 391
1722 4346 370
1723 2824 341
1724 6100 279
1725 1719 474
1726 3068 462
1727 3596 358
1728 4481 417
1729 1481 380
1730 709 488
1731 5163 356
1732 6072 269
1733 4479 441
1734 1925 425
1735 0 -1
1736 954 415
1737 5010 407
1738 4172 365
1739 794 370
1740 2377 382
1741 3799 421
1742 3292 493
1743 5001 435
1744 3510 365
1745 2971 411
1746 5764 389
1747 0 -1
1748 3598 348
1749 5301 335
1750 2812 416
1751 175 496
1752 3918 359
1753 0 -1
1754 482 380
1755 6133 374
1756 3862 402
1757 5135 356
1758 2056 625
1759 2106 352
1760 1350 317
1761 2082 424
1762 470 376
1763 4224 317
1764 246 281
1765 0 -1
1766 270 472
1767 4254 364
1768 2085 250
1769 4450 561
1770 6063 437
1771 0 -1
1772 0 -1
1773 2439 318
1774 2921 361
1775 137 586
1776 1408 401
1777 6495 463
1778 5057 376
1779 6518 312
1780 3731 293
1781 2142 450
1782 1724 372
1783 4128 368
1784 4873 314
1785 1068 316
1786 1405 443
1787 3459 347
1788 1518 279
1789 960 443
1790 1194 459
1791 4814 481
1792 1097 332
1793 1350 358
1794 5189 372
1795 2135 374
1796 2141 481
1797 4036 523
1798 0 -1
1799 0 -1
1800 0 -1
1801 0 -1
1802 2615 407
1803 3880 248
1804 3087 388
1805 2441 320
1806 2986 319
1807 206 439
1808 698 483
1809 4790 369
1810 4610 423
1811 108 275
1812 5494 242
1813 4394 430
1814 4150 287
1815 3363 492
1816 5180 489
1817 1691 303
1818 2063 520
1819 1908 510
1820 0 -1
1821 5191 399
1822 4172 378
1823 401 414
1824 4098 343
1825 5447 392
1826 4499 374
1827 3005 303
1828 713 418
1829 2759 360
1830 2689 244
1831 5162 287
1832 0 -1
1833 5923 232
1834 6390 311
1835 4966 560
1836 354 406
1837 136 306
1838 312 376
1839 3293 609
1840 5166 162
1841 5367 614
1842 5208 433
1843 6232 374
1844 0 -1
1845 3978 398
1846 3419 346
1847 982 300
1848 5934 311
1849 2608 335
1850 5324 301
1851 1628 432
1852 1715 342
1853 614 395
1854 3764 270
1855 2873 359
1856 2565 436
1857 1333 328
1858 5999 374
1859 3374 406
1860 2590 389
1861 1278 443
1862 2918 405
1863 828 504
1864 5802 446
1865 2889 479
1866 4425 449
1867 2259 214
1868 4857 385
1869 1885 353
1870 5397 473
1871 1715 289
1872 5915 402
1873 752 291
1874 1892 394
1875 3232 449
1876 0 -1
1877 2845 412
1878 1119 354
1879 4386 300
1880 1197 381
1881 0 -1
1882 6427 378
1883 2752 452
1884 6329 415
1885 4315 345
1886 0 -1
1887 5095 331
1888 4003 276
1889 3343 388
1890 3594 366
1891 2045 504
1892 1960 349
1893 1618 438
1894 4499 478
1895 2753 342
1896 5128 392
1897 6531 343
1898 2820 352
1899 0 -1
1900 1847 311
1901 1106 415
1902 1153 383
1903 3659 477
1904 3969 286
1905 4094 465
1906 0 -1
1907 4780 288
1908 2328 426
1909 6103 340
1910 6321 461
1911 922 470
1912 4837 359
1913 0 -1
1914 3007 515
1915 2004 415
1916 5905 378
1917 2325 358
1918 3473 453
1919 1852 408
1920 5333 375
1921 5774 617
1922 1708 327
1923 2563 367
1924 2255 362
1925 3755 322
1926 359 437
1927 2111 328
1928 678 351
1929 1845 400
1930 5897 365
1931 3605 370
1932 1439 374
1933 834 254
1934 4002 333
1935 3369 425
1936 6492 332
1937 4857 465
1938 3414 404
1939 2986 327
1940 4173 341
1941 2236 350
1942 323 337
1943 2436 298
1944 2783 444
1945 3356 433
1946 5385 658
1947 2568 523
1948 2194 448
1949 6467 482
1950 2746 538
1951 2759 360
1952 4910 393
1953 2295 342
1954 4782 499
1955 5542 611
1956 603 513
1957 3010 331
1958 0 -1
1959 1960 312
1960 3526 264
1961 3384 347
1962 5289 392
1963 5447 400
1964 1111 296
1965 0 -1
1966 3287 414
1967 0 -1
1968 4591 340
1969 2231 463
1970 1023 326
1971 5793 635
1972 5639 313
1973 0 -1
1974 460 394
1975 3214 479
1976 1468 334
1977 6103 389
1978 567 382
1979 6043 453
1980 6580 326
1981 3545 407
1982 0 -1
1983 1372 392
1984 0 -1
1985 1481 283
1986 5596 348
1987 1368 396
1988 3188 528
1989 4050 444
1990 495 340
1991 4150 338
1992 2267 345
1993 0 -1
1994 2335 407
1995 4750 389
1996 3596 345
1997 2507 333
1998 4441 337
1999 1000 361
2000 6394 363
2001 0 -1
2002 4727 144
2003 1651 390
2004 4364 379
2005 3708 220
2006 0 -1
2007 5606 413
2008 1732 274
2009 5611 473
2010 1460 373
2011 0 -1
2012 5890 277
2013 2863 434
2014 5651 390
2015 5528 300
2016 1713 392
2017 1111 232
2018 1288 375
2019 3817 288
2020 5541 522
2021 4319 465
2022 5965 445
2023 871 494
2024 5079 423
2025 3075 304
2026 4620 380
2027 3616 306
2028 0 -1
2029 1293 328
2030 0 -1
2031 3496 399
2032 3305 430
2033 5377 326
2034 4471 412
2035 2790 308
2036 0 -1
2037 1304 445
2038 0 -1
2039 181 402
2040 5530 415
2041 5044 477
2042 1898 366
2043 456 294
2044 2453 481
2045 864 431
2046 1500 442
2047 4006 366
2048 3697 389
2049 0 -1
2050 2417 448
2051 3797 445
2052 1029 445
2053 686 427
2054 5627 424
2055 2455 388
2056 4874 530
2057 2667 296
2058 4416 407
2059 3974 359
2060 4798 395
2061 3371 462
2062 4246 385
2063 1739 468
2064 1255 425
2065 684 318
2066 5734 283
2067 4649 405
2068 1401 352
2069 3535 283
2070 3628 475
2071 285 472
2072 539 431
2073 6031 380
2074 4564 422
2075 5126 565
2076 0 -1
2077 2921 346
2078 3400 411
2079 5463 380
2080 5410 430
2081 5760 483
2082 6474 392
2083 6403 335
2084 3149 348
2085 4191 148
2086 3578 458
2087 634 484
2088 6066 429
2089 1323 504
2090 80 456
2091 4193 328
2092 3513 614
2093 1834 361
2094 523 303
2095 2276 256
2096 0 -1
2097 421 335
2098 4159 370
2099 3958 463
2100 6247 549
2101 158 360
2102 3892 370
2103 5665 298
2104 396 272
2105 6054 353
2106 1473 237
2107 547 472
2108 3994 588
2109 4812 471
2110 2027 354
2111 4793 318
2112 1651 347
2113 3132 514
2114 4896 378
2115 1294 376
2116 3155 378
2117 4738 318
2118 6455 459
2119 5140 477
2120 2382 364
2121 5401 537
2122 4697 320
2123 6239 466
2124 2685 460
2125 3514 337
2126 5828 453
2127 5516 377
2128 0 -1
2129 848 305
2130 2634 407
2131 1333 363
2132 3281 368
2133 1299 361
2134 4071 333
2135 2940 336
2136 4098 388
2137 4287 390
2138 4273 297
2139 3325 432
2140 4112 410
2141 821 419
2142 764 432
2143 714 489
2144 1912 368
2145 3044 367
2146 2625 472
2147 4404 292
2148 1469 434
2149 4093 537
2150 577 414
2151 348 415
2152 1088 465
2153 3204 179
2154 3595 299
2155 6005 295
2156 1293 392
2157 6382 213
2158 4522 487
2159 855 392
2160 2098 399
2161 4166 525
2162 3968 387
2163 1135 447
2164 2784 330
2165 4302 460
2166 2440 304
2167 6475 346
2168 1209 350
2169 0 -1
2170 186 408
2171 3302 319
2172 4226 376
2173 4516 479
2174 3436 389
2175 2725 267
2176 4525 363
2177 22 444
2178 640 338
2179 1444 424
2180 3258 578
2181 6058 329
2182 6588 430
2183 1936 367
2184 4994 301
2185 2593 351
2186 355 429
2187 3229 533
2188 4118 427
2189 4428 275
2190 6297 391
2191 5255 371
2192 602 418
2193 3838 417
2194 1959 420
2195 3638 389
2196 6091 403
2197 0 -1
2198 6100 319
2199 6561 430
2200 170 177
2201 4793 386
2202 5792 354
2203 3049 527
2204 4048 459
2205 3311 296
2206 2024 465
2207 1105 515
2208 1278 460
2209 0 -1
2210 3543 399
2211 1867 275
2212 5650 408
2213 3336 674
2214 3836 516
2215 587 349
2216 2290 462
2217 2748 392
2218 0 -1
2219 4499 374
2220 5329 493
2221 4147 409
2222 5886 408
2223 3889 368
2224 4941 366
2225 108 244
2226 5687 170
2227 1141 358
2228 5104 540
2229 5520 465
2230 0 -1
2231 2602 415
2232 0 -1
2233 848 289
2234 2543 337
2235 2773 531
2236 2906 331
2237 3032 398
2238 4426 261
2239 2806 352
2240 587 354
2241 2176 476
2242 4085 546
2243 5602 275
2244 2325 302
2245 2157 253
2246 2314 465
2247 6110 483
2248 399 415
2249 1405 431
2250 4291 388
2251 0 -1
2252 3502 433
2253 2918 461
2254 1644 427
2255 2580 292
2256 0 -1
2257 3186 476
2258 3794 401
2259 5494 212
2260 6201 495
2261 3880 286
2262 3603 332
2263 0 -1
2264 3554 357
2265 0 -1
2266 4122 446
2267 6435 272
2268 5288 328
2269 5946 470
2270 2465 401
2271 1976 421
2272 2916 242
2273 900 352
2274 1299 378
2275 864 407
2276 5675 174
2277 933 530
2278 0 -1
2279 275 388
2280 4911 460
2281 1544 503
2282 5745 463
2283 0 -1
2284 0 -1
2285 1468 347
2286 1289 377
2287 5465 509
2288 5962 361
2289 0 -1
2290 3450 383
2291 1960 360
2292 0 -1
2293 938 477
2294 2400 300
2295 2431 335
2296 5105 368
2297 5516 297
2298 2631 430
2299 9 52
2300 1622 330
2301 3862 383
2302 4063 364
2303 0 -1
2304 3629 338
2305 4039 348
2306 2536 308
2307 2343 345
2308 5311 302
2309 3141 331
2310 1427 275
2311 1831 288
2312 3756 433
2313 5830 426
2314 4031 456
2315 550 348
2316 6165 430
2317 2500 427
2318 3321 378
2319 1939 367
2320 2760 409
2321 446 358
2322 425 485
2323 2417 416
2324 561 419
2325 232 292
2326 3256 450
2327 6371 525
2328 6584 382
2329 3033 448
2330 5330 320
2331 4651 495
2332 4281 356
2333 4028 279
2334 3918 299
2335 1040 311
2336 169 442
2337 5494 251
2338 20 444
2339 747 333
2340 3282 351
2341 38 348
2342 6106 325
2343 1144 340
2344 421 340
2345 4800 314
2346 5339 353
2347 3170 389
2348 681 456
2349 1684 456
2350 5675 167
2351 4112 340
2352 1536 505
2353 5182 360
2354 1271 353
2355 1145 424
2356 6051 370
2357 4420 309
2358 648 212
2359 3603 344
2360 4474 515
2361 6443 377
2362 6177 332
2363 3208 414
2364 6113 378
2365 2823 380
2366 2140 444
2367 254 312
2368 6536 400
2369 4686 398
2370 1382 452
2371 5516 373
2372 2629 354
2373 5069 294
2374 807 425
2375 3194 461
2376 3009 285
2377 2724 312
2378 6219 415
2379 580 441
2380 3324 466
2381 0 -1
2382 721 356
2383 6595 381
2384 0 -1
2385 4304 399
2386 3005 228
2387 5482 489
2388 6150 409
2389 2351 422
2390 5346 452
2391 5910 395
2392 1714 457
2393 0 -1
2394 6150 376
2395 3482 403
2396 1731 386
2397 1960 357
2398 0 -1
2399 2936 481
2400 1541 285
2401 5700 441
2402 0 -1
2403 6196 328
2404 0 -1
2405 3974 378
2406 5162 307
2407 5375 420
2408 2940 281
2409 4700 402
2410 5082 409
2411 0 -1
2412 1395 331
2413 2819 495
2414 1294 370
2415 0 -1
2416 0 -1
2417 3581 399
2418 805 354
2419 1094 371
2420 6054 329
2421 2337 289
2422 4048 499
2423 341 342
2424 1036 477
2425 512 241
2426 5010 422
2427 1998 345
2428 3864 424
2429 1707 494
2430 845 448
2431 189 225
2432 527 437
2433 6241 407
2434 5138 478
2435 1125 240
2436 3152 298
2437 1557 561
2438 135 378
2439 3951 279
2440 5412 292
2441 3582 235
2442 5908 413
2443 3985 483
2444 706 351
2445 4940 312
2446 1266 395
2447 517 495
2448 470 368
2449 1985 313
2450 6285 429
2451 3515 432
2452 0 -1
2453 2174 398
2454 1859 487
2455 2211 370
2456 1636 275
2457 1512 340
2458 3395 352
2459 5617 509
2460 4442 356
2461 2578 461
2462 979 510
2463 0 -1
2464 6279 365
2465 1186 401
2466 2131 392
2467 3791 355
2468 3195 589
2469 5361 347
2470 3348 398
2471 0 -1
2472 4980 401
2473 4264 448
2474 6536 408
2475 680 378
2476 6285 454
2477 232 320
2478 2688 209
2479 5421 386
2480 3976 353
2481 2706 445
2482 4317 556
2483 5340 327
2484 780 296
2485 3233 354
2486 1028 544
2487 596 424
2488 4949 397
2489 2178 344
2490 5267 315
2491 5178 490
2492 5141 508
2493 0 -1
2494 2465 521
2495 4804 285
2496 2386 273
2497 2352 564
2498 3388 294
2499 0 -1
2500 5984 427
2501 1412 353
2502 117 385
2503 10 330
2504 4939 490
2505 4916 388
2506 6133 359
2507 3099 330
2508 3713 383
2509 5623 493
2510 0 -1
2511 3022 437
2512 98 563
2513 1780 360
2514 34 381
2515 888 402
2516 1960 331
2517 5778 452
2518 2362 356
2519 0 -1
2520 2914 553
2521 5968 540
2522 2259 277
2523 2345 422
2524 147 390
2525 2900 508
2526 3731 256
2527 0 -1
2528 3478 335
2529 6148 403
2530 4442 389
2531 1458 328
2532 1395 393
2533 679 450
2534 983 444
2535 4193 356
2536 412 280
2537 5459 402
2538 347 347
2539 5806 400
2540 2085 229
2541 3766 490
2542 3032 412
2543 108 244
2544 0 -1
2545 2315 348
2546 539 430
2547 705 362
2548 6330 431
2549 2774 318
2550 5932 363
2551 0 -1
2552 3977 350
2553 1749 422
2554 2157 318
2555 838 354
2556 1226 412
2557 5285 350
2558 6360 337
2559 5072 383
2560 4034 458
2561 6048 346
2562 3837 381
2563 2457 360
2564 2951 378
2565 5211 360
2566 2279 392
2567 3454 340
2568 1442 420
2569 1942 349
2570 1693 449
2571 754 481
2572 9 6
2573 4390 442
2574 2860 631
2575 3072 513
2576 1648 383
2577 5901 470
2578 433 428
2579 3151 515
2580 3673 285
2581 1893 459
2582 3708 197
2583 6412 490
2584 4498 400
2585 2187 619
2586 1813 466
2587 2921 376
2588 2477 380
2589 341 312
2590 3388 340
2591 5292 394
2592 3604 501
2593 3902 331
2594 3360 476
2595 1902 426
2596 5002 638
2597 5123 371
2598 0 -1
2599 0 -1
2600 6227 593
2601 3247 424
2602 2295 410
2603 5453 437
2604 0 -1
2605 1221 382
2606 3173 387
2607 2374 425
2608 5163 328
2609 44 452
2610 5452 342
2611 4098 357
2612 4803 276
2613 2880 379
2614 4925 349
2615 1563 343
2616 4664 375
2617 4082 280
2618 5163 375
2619 0 -1
2620 6204 417
2621 6070 408
2622 2539 448
2623 0 -1
2624 0 -1
2625 4924 379
2626 483 327
2627 678 393
2628 4014 379
2629 3951 333
2630 2268 400
2631 2227 420
2632 1740 456
2633 1253 414
2634 3988 324
2635 6511 392
2636 902 444
2637 5410 374
2638 999 203
2639 3514 412
2640 306 533
2641 901 479
2642 2744 292
2643 2353 426
2644 1327 356
2645 4252 420
2646 5348 422
2647 1635 488
2648 2081 594
2649 5020 338
2650 6577 414
2651 0 -1
2652 214 419
2653 1768 347
2654 6349 458
2655 4488 397
2656 3762 432
2657 4944 431
2658 0 -1
2659 4484 482
2660 0 -1
2661 4499 387
2662 4823 401
2663 1632 437
2664 2130 410
2665 5237 391
2666 2097 378
2667 5256 288
2668 5028 358
2669 2400 315
2670 5310 370
2671 2483 334
2672 343 430
2673 5840 462
2674 4378 337
2675 2795 442
2676 3489 372
2677 1986 359
2678 5763 393
2679 3966 190
2680 140 515
2681 1885 359
2682 3417 497
2683 346 331
2684 1212 431
2685 2325 371
2686 3839 382
2687 1022 460
2688 6354 167
2689 5947 195
2690 1548 392
2691 2797 401
2692 1615 396
2693 2711 368
2694 6130 436
2695 216 580
2696 3249 366
2697 1922 368
2698 5604 429
2699 281 462
2700 4935 442
2701 1708 348
2702 3800 382
2703 0 -1
2704 1676 420
2705 5460 459
2706 5168 425
2707 0 -1
2708 1970 356
2709 5552 356
2710 0 -1
2711 3450 346
2712 1476 479
2713 2962 333
2714 4533 356
2715 4804 203
2716 5639 239
2717 3976 306
2718 4359 391
2719 541 407
2720 5859 446
2721 0 -1
2722 5142 429
2723 6256 389
2724 153 293
2725 858 249
2726 5790 376
2727 370 385
2728 2744 330
2729 5279 361
2730 2174 476
2731 246 373
2732 3639 424
2733 5805 430
2734 1499 513
2735 3331 111
2736 3932 376
2737 4874 518
2738 2626 381
2739 5333 295
2740 3499 433
2741 3497 320
2742 3361 691
2743 3817 319
2744 108 222
2745 5628 462
2746 4630 426
2747 248 267
2748 6235 335
2749 4543 413
2750 152 698
2751 4303 479
2752 1327 384
2753 489 342
2754 6166 508
2755 5402 460
2756 6026 150
2757 5771 365
2758 2181 329
2759 5696 289
2760 5127 357
2761 3036 388
2762 3510 426
2763 4968 366
2764 6413 334
2765 2731 446
2766 323 323
2767 2474 505
2768 3272 370
2769 3443 312
2770 4063 385
2771 6086 439
2772 2085 194
2773 6540 447
2774 6177 286
2775 6235 307
2776 172 337
2777 3837 413
2778 3310 305
2779 887 416
2780 406 362
2781 5430 433
2782 47 721
2783 3078 373
2784 3764 315
2785 4669 320
2786 106 311
2787 6480 448
2788 4014 323
2789 1804 444
2790 3811 280
2791 3621 378
2792 5256 359
2793 4350 315
2794 3818 438
2795 3558 379
2796 163 407
2797 2238 290
2798 2565 426
2799 2605 405
2800 4794 331
2801 845 466
2802 2449 387
2803 4507 346
2804 5939 287
2805 2741 394
2806 1960 334
2807 0 -1
2808 4543 392
2809 1739 390
2810 6081 354
2811 853 429
2812 2490 340
2813 2916 223
2814 5757 401
2815 348 335
2816 1983 435
2817 8 392
2818 5423 495
2819 3605 384
2820 1023 326
2821 0 -1
2822 228 394
2823 4424 271
2824 3556 280
2825 0 -1
2826 314 357
2827 2318 391
2828 3440 466
2829 4755 416
2830 4650 340
2831 2513 379
2832 3352 395
2833 4940 359
2834 305 260
2835 3976 337
2836 3569 366
2837 665 389
2838 5418 336
2839 6424 339
2840 6407 453
2841 959 473
2842 4389 552
2843 1663 435
2844 2796 426
2845 997 322
2846 4344 442
2847 1612 410
2848 213 418
2849 0 -1
2850 0 -1
2851 421 330
2852 1226 329
2853 4142 299
2854 5903 501
2855 5533 330
2856 670 357
2857 1676 337
2858 4554 470
2859 191 350
2860 198 552
2861 5135 298
2862 2057 370
2863 5630 430
2864 2785 323
2865 2741 398
2866 3783 416
2867 4403 434
2868 1553 295
2869 5090 598
2870 781 422
2871 6219 458
2872 1108 408
2873 750 315
2874 1472 411
2875 0 -1
2876 1878 466
2877 1291 412
2878 1540 354
2879 2988 357
2880 1768 313
2881 5303 444
2882 6044 414
2883 5481 379
2884 630 335
2885 6008 408
2886 4090 324
2887 6365 454
2888 39 339
2889 3609 376
2890 240 337
2891 4249 348
2892 1959 424
2893 462 648
2894 2768 393
2895 1096 327
2896 2780 457
2897 2337 314
2898 4051 388
2899 832 339
2900 3322 488
2901 203 367
2902 4571 363
2903 1294 445
2904 5908 345
2905 3188 423
2906 4901 299
2907 2775 324
2908 1092 334
2909 2649 388
2910 4878 357
2911 4205 322
2912 468 382
2913 0 -1
2914 2633 485
2915 469 413
2916 755 186
2917 3009 370
2918 2483 355
2919 3812 551
2920 3923 406
2921 373 319
2922 0 -1
2923 5266 447
2924 3587 395
2925 6285 436
2926 1311 264
2927 0 -1
2928 3999 461
2929 4588 340
2930 5010 398
2931 1608 411
2932 1857 329
2933 339 298
2934 353 502
2935 4955 241
2936 6497 428
2937 318 388
2938 4758 503
2939 854 409
2940 15 276
2941 6164 208
2942 6264 383
2943 3913 460
2944 2233 293
2945 4269 499
2946 4406 413
2947 6113 384
2948 3560 630
2949 2915 455
2950 3107 345
2951 4011 355
2952 2514 442
2953 265 391
2954 116 330
2955 4980 378
2956 1355 344
2957 5451 351
2958 3022 407
2959 5670 496
2960 4804 222
2961 1128 418
2962 2880 329
2963 4854 405
2964 5675 119
2965 2959 523
2966 647 308
2967 3491 418
2968 6416 375
2969 1069 451
2970 0 -1
2971 2171 405
2972 6485 269
2973 1931 393
2974 2226 250
2975 3081 389
2976 2469 399
2977 3244 411
2978 108 256
2979 934 282
2980 1447 360
2981 6497 381
2982 2464 376
2983 5694 391
2984 0 -1
2985 1561 358
2986 2612 300
2987 3033 485
2988 4042 248
2989 3661 365
2990 6279 392
2991 5075 373
2992 3473 428
2993 5418 341
2994 5782 420
2995 3074 442
2996 2861 328
2997 2092 641
2998 2295 416
2999 0 -1
3000 374 363
3001 3760 396
3002 1573 472
3003 751 403
3004 435 404
3005 6225 214
3006 4356 496
3007 4789 472
3008 5563 436
3009 3876 282
3010 3457 226
3011 0 -1
3012 350 493
3013 835 422
3014 1713 463
3015 1624 347
3016 3287 325
3017 4232 386
3018 291 442
3019 1320 368
3020 1040 339
3021 4476 376
3022 3939 367
3023 1433 512
3024 3778 447
3025 705 347
3026 0 -1
3027 1221 444
3028 0 -1
3029 4104 272
3030 3869 476
3031 2406 311
3032 106 326
3033 5127 404
3034 1774 370
3035 0 -1
3036 4941 361
3037 6466 352
3038 1936 350
3039 5453 464
3040 2906 299
3041 2880 414
3042 4377 278
3043 1547 422
3044 346 357
3045 1226 317
3046 686 389
3047 365 231
3048 2245 338
3049 4155 471
3050 5120 362
3051 3778 460
3052 0 -1
3053 5636 379
3054 0 -1
3055 2267 302
3056 4289 344
3057 4626 415
3058 1616 648
3059 2729 432
3060 3527 575
3061 2003 435
3062 5651 428
3063 808 349
3064 4510 465
3065 0 -1
3066 6240 391
3067 3170 422
3068 905 394
3069 3202 381
3070 5582 309
3071 5400 493
3072 2924 396
3073 6489 453
3074 4950 439
3075 3493 246
3076 2744 228
3077 614 402
3078 2467 357
3079 100 415
3080 3046 423
3081 1831 383
3082 0 -1
3083 672 503
3084 3042 305
3085 2790 336
3086 608 471
3087 3795 380
3088 751 386
3089 0 -1
3090 4660 261
3091 5687 194
3092 4525 391
3093 647 267
3094 17 267
3095 5869 262
3096 5034 337
3097 1082 426
3098 5979 433
3099 2756 253
3100 1890 371
3101 647 339
3102 680 383
3103 480 369
3104 0 -1
3105 1833 298
3106 637 376
3107 4723 341
3108 2862 396
3109 998 180
3110 0 -1
3111 0 -1
3112 2868 340
3113 5614 293
3114 784 401
3115 2210 411
3116 2584 410
3117 5373 353
3118 32 356
3119 5399 440
3120 5245 363
3121 3255 363
3122 4943 415
3123 3439 515
3124 0 -1
3125 3679 374
3126 445 497
3127 0 -1
3128 1743 435
3129 4691 201
3130 0 -1
3131 3142 466
3132 1723 402
3133 3586 347
3134 6205 273
3135 4727 225
3136 4083 455
3137 1711 459
3138 5678 467
3139 443 340
3140 4875 332
3141 6222 263
3142 263 440
3143 0 -1
3144 1464 420
3145 2855 352
3146 2133 399
3147 0 -1
3148 3768 434
3149 5348 323
3150 3686 470
3151 5519 440
3152 3551 272
3153 3950 370
3154 3327 459
3155 4866 337
3156 6404 390
3157 3094 283
3158 4807 509
3159 690 476
3160 3347 453
3161 543 498
3162 0 -1
3163 5944 438
3164 5691 552
3165 5426 536
3166 2897 353
3167 5726 396
3168 0 -1
3169 3959 405
3170 1360 357
3171 5466 365
3172 1104 289
3173 3524 373
3174 4897 498
3175 3890 394
3176 4595 414
3177 3637 487
3178 1229 509
3179 5516 370
3180 5788 294
3181 2475 439
3182 1249 418
3183 189 262
3184 2134 432
3185 530 435
3186 2354 366
3187 6451 384
3188 2055 411
3189 805 368
3190 5059 517
3191 0 -1
3192 3593 400
3193 3300 372
3194 5135 382
3195 1188 545
3196 3593 425
3197 1687 239
3198 5421 440
3199 0 -1
3200 3951 280
3201 2688 218
3202 4792 373
3203 3647 495
3204 5350 134
3205 5578 461
3206 0 -1
3207 174 483
3208 4214 315
3209 3135 226
3210 598 405
3211 4913 382
3212 6538 572
3213 4955 263
3214 1363 449
3215 4561 468
3216 598 414
3217 0 -1
3218 6134 514
3219 6225 157
3220 440 417
3221 5067 378
3222 4948 569
3223 4670 427
3224 3334 371
3225 5075 360
3226 2373 297
3227 2645 526
3228 3395 367
3229 4411 431
3230 5554 481
3231 3673 345
3232 1212 386
3233 680 333
3234 6211 375
3235 4796 459
3236 60 525
3237 1752 471
3238 144 466
3239 1768 319
3240 4694 380
3241 0 -1
3242 1165 428
3243 1122 380
3244 1446 379
3245 3677 379
3246 0 -1
3247 4361 415
3248 574 453
3249 39 313
3250 4572 377
3251 4300 328
3252 1415 374
3253 1862 482
3254 5304 358
3255 4574 276
3256 3300 414
3257 5122 429
3258 5818 516
3259 2873 324
3260 2716 315
3261 3115 462
3262 4226 390
3263 408 395
3264 4238 469
3265 2039 412
3266 3395 411
3267 6114 395
3268 37 350
3269 6563 405
3270 2065 437
3271 0 -1
3272 5821 315
3273 878 436
3274 1182 381
3275 6305 362
3276 1017 420
3277 239 444
3278 4271 474
3279 4718 475
3280 1463 346
3281 2386 248
3282 449 249
3283 5191 347
3284 0 -1
3285 3338 322
3286 3055 347
3287 1296 313
3288 1283 413
3289 3545 470
3290 1416 473
3291 632 391
3292 1507 379
3293 5093 509
3294 1826 378
3295 1350 334
3296 5811 769
3297 3266 441
3298 2065 331
3299 4004 442
3300 6301 300
3301 1104 313
3302 3437 243
3303 3982 469
3304 0 -1
3305 6324 408
3306 5399 448
3307 1167 419
3308 5935 496
3309 5949 474
3310 5064 255
3311 1133 269
3312 848 335
3313 1204 559
3314 910 447
3315 832 357
3316 839 329
3317 3412 327
3318 391 427
3319 1746 454
3320 2317 539
3321 5330 351
3322 2995 451
3323 1659 497
3324 4800 370
3325 2748 338
3326 3601 419
3327 1959 379
3328 4915 279
3329 1951 418
3330 5222 431
3331 1054 104
3332 3694 350
3333 873 415
3334 2431 273
3335 3463 544
3336 4179 573
3337 926 388
3338 4920 311
3339 5521 403
3340 2655 461
3341 672 474
3342 2864 427
3343 3811 274
3344 3876 349
3345 2774 377
3346 4114 349
3347 4125 377
3348 4126 304
3349 2041 483
3350 2015 302
3351 6531 362
3352 2153 275
3353 0 -1
3354 2933 329
3355 2549 364
3356 6086 412
3357 6441 174
3358 4834 388
3359 0 -1
3360 4767 395
3361 5968 578
3362 540 495
3363 952 447
3364 4450 494
3365 94 445
3366 6043 459
3367 6227 654
3368 1690 410
3369 5615 393
3370 6139 462
3371 1580 356
3372 4116 339
3373 0 -1
3374 962 325
3375 3117 388
3376 6036 404
3377 5558 412
3378 1970 424
3379 4728 286
3380 5571 381
3381 1461 313
3382 6402 433
3383 609 375
3384 1959 331
3385 6176 389
3386 2185 422
3387 780 377
3388 3870 289
3389 1355 345
3390 3641 445
3391 1462 329
3392 0 -1
3393 1278 404
3394 5777 285
3395 6561 333
3396 2238 354
3397 576 267
3398 3044 370
3399 4428 269
3400 5883 382
3401 4154 439
3402 1024 468
3403 6342 382
3404 5100 380
3405 1651 363
3406 5484 435
3407 2365 455
3408 0 -1
3409 2769 346
3410 487 444
3411 4785 558
3412 3134 327
3413 429 413
3414 3684 341
3415 5249 441
3416 3263 416
3417 116 386
3418 6470 322
3419 1873 323
3420 1015 317
3421 0 -1
3422 4974 400
3423 4723 274
3424 1864 467
3425 4723 342
3426 6039 282
3427 3377 442
3428 0 -1
3429 619 439
3430 395 435
3431 4533 420
3432 5530 386
3433 179 391
3434 4204 272
3435 3989 400
3436 1486 378
3437 755 223
3438 4417 417
3439 4980 437
3440 6536 411
3441 1469 371
3442 2866 436
3443 3197 261
3444 5371 658
3445 1313 315
3446 3918 294
3447 5923 296
3448 5683 420
3449 4044 340
3450 6150 331
3451 648 324
3452 3095 381
3453 3156 394
3454 3426 333
3455 4776 337
3456 3565 443
3457 4971 214
3458 4475 433
3459 4798 325
3460 5201 471
3461 328 386
3462 5840 515
3463 3550 529
3464 6594 434
3465 0 -1
3466 2266 471
3467 5868 387
3468 2582 282
3469 2236 390
3470 1360 384
3471 5614 331
3472 2516 357
3473 4256 387
3474 4727 138
3475 4173 352
3476 2788 433
3477 4941 272
3478 5311 317
3479 2643 470
3480 821 437
3481 3928 392
3482 1238 394
3483 4256 379
3484 1531 426
3485 0 -1
3486 4682 409
3487 642 377
3488 5559 474
3489 2435 316
3490 5577 277
3491 870 395
3492 6467 405
3493 1168 245
3494 6253 354
3495 2253 547
3496 4418 318
3497 5259 281
3498 5142 400
3499 397 365
3500 6099 543
3501 3096 387
3502 3923 400
3503 4704 357
3504 5071 433
3505 1196 361
3506 83 495
3507 4643 386
3508 4864 346
3509 1888 339
3510 587 339
3511 619 354
3512 2376 314
3513 4384 614
3514 1605 330
3515 2827 410
3516 990 367
3517 1744 411
3518 5287 447
3519 3395 439
3520 2332 357
3521 2918 378
3522 1972 318
3523 0 -1
3524 1080 281
3525 5756 429
3526 4104 184
3527 5055 543
3528 5545 412
3529 221 452
3530 2795 404
3531 6131 594
3532 1480 430
3533 702 393
3534 5871 478
3535 776 264
3536 2457 410
3537 1076 419
3538 0 -1
3539 2400 336
3540 2408 345
3541 1526 374
3542 4747 420
3543 3209 293
3544 1267 408
3545 2634 405
3546 4478 300
3547 2481 533
3548 4101 438
3549 5310 390
3550 5899 437
3551 2085 198
3552 1557 482
3553 5906 410
3554 615 305
3555 0 -1
3556 4042 233
3557 4025 424
3558 1388 371
3559 0 -1
3560 41 513
3561 5248 447
3562 1887 354
3563 5671 405
3564 365 210
3565 2342 405
3566 4222 530
3567 2062 459
3568 6435 272
3569 2612 278
3570 3251 438
3571 2170 422
3572 2934 548
3573 3867 421
3574 2305 433
3575 1968 411
3576 5227 316
3577 5876 350
3578 4837 407
3579 2739 327
3580 4577 348
3581 5347 399
3582 2715 224
3583 3928 389
3584 4488 439
3585 3486 487
3586 4509 290
3587 2436 394
3588 1477 413
3589 2099 471
3590 5337 524
3591 3676 471
3592 375 312
3593 3445 388
3594 5267 359
3595 4071 289
3596 4482 327
3597 4478 306
3598 5001 348
3599 0 -1
3600 2958 411
3601 414 365
3602 2345 361
3603 3418 324
3604 4492 392
3605 5433 325
3606 1857 337
3607 2245 312
3608 1102 446
3609 700 370
3610 1473 297
3611 4011 347
3612 3486 511
3613 5285 362
3614 937 449
3615 5665 304
3616 1664 267
3617 4839 378
3618 2480 411
3619 621 385
3620 3786 394
3621 2485 373
3622 0 -1
3623 3536 419
3624 5013 451
3625 5358 418
3626 5908 423
3627 3759 524
3628 2722 458
3629 15 297
3630 6072 286
3631 2240 379
3632 3005 280
3633 2104 286
3634 3324 458
3635 3075 298
3636 6151 452
3637 856 447
3638 4304 365
3639 5826 402
3640 2462 557
3641 848 370
3642 0 -1
3643 6226 338
3644 5645 657
3645 0 -1
3646 1629 452
3647 3103 379
3648 0 -1
3649 5335 415
3650 1281 352
3651 5400 427
3652 1926 514
3653 5438 520
3654 2400 328
3655 1700 324
3656 3088 470
3657 5202 407
3658 275 396
3659 1017 405
3660 1296 331
3661 1341 362
3662 3880 217
3663 1792 335
3664 5307 535
3665 0 -1
3666 1027 356
3667 1448 412
3668 5996 351
3669 590 356
3670 4318 280
3671 1744 414
3672 3507 465
3673 1678 254
3674 6537 327
3675 3919 398
3676 5738 360
3677 5992 330
3678 0 -1
3679 5966 273
3680 1435 525
3681 841 446
3682 5226 343
3683 1459 351
3684 6587 326
3685 1551 477
3686 1142 403
3687 1102 472
3688 2204 578
3689 0 -1
3690 4295 476
3691 2162 411
3692 2171 343
3693 5582 226
3694 5724 268
3695 963 534
3696 3650 359
3697 1170 388
3698 2184 340
3699 6543 395
3700 786 490
3701 5306 388
3702 0 -1
3703 593 353
3704 2477 364
3705 0 -1
3706 1970 399
3707 1337 391
3708 3917 118
3709 2137 426
3710 0 -1
3711 0 -1
3712 1966 450
3713 2406 310
3714 0 -1
3715 238 453
3716 3479 482
3717 669 351
3718 3818 516
3719 5220 374
3720 5403 298
3721 2505 390
3722 3663 397
3723 4411 361
3724 0 -1
3725 1096 314
3726 5852 339
3727 1321 532
3728 2952 459
3729 4584 445
3730 1086 347
3731 3963 216
3732 6078 480
3733 4197 453
3734 43 390
3735 2853 369
3736 4692 334
3737 2538 353
3738 1403 429
3739 0 -1
3740 5176 569
3741 5563 467
3742 4828 439
3743 1474 442
3744 903 530
3745 2635 402
3746 4418 274
3747 2681 446
3748 2310 304
3749 5031 433
3750 4275 412
3751 991 427
3752 3849 521
3753 159 618
3754 2790 386
3755 4229 309
3756 2464 386
3757 5031 468
3758 6552 573
3759 6561 414
3760 3949 359
3761 1927 442
3762 3520 426
3763 3225 449
3764 2157 267
3765 2438 469
3766 6054 374
3767 99 389
3768 3643 358
3769 1192 443
3770 5333 269
3771 2234 357
3772 2233 314
3773 367 255
3774 3795 346
3775 4384 545
3776 5266 418
3777 5065 491
3778 1698 432
3779 1972 392
3780 6437 399
3781 575 425
3782 5611 473
3783 5340 349
3784 5847 207
3785 0 -1
3786 2747 374
3787 0 -1
3788 899 510
3789 4262 418
3790 172 308
3791 4660 263
3792 2663 460
3793 1355 376
3794 2711 352
3795 2784 322
3796 5069 263
3797 6587 332
3798 1214 359
3799 2565 387
3800 2888 374
3801 6459 267
3802 368 375
3803 2966 423
3804 5328 417
3805 5302 417
3806 6064 354
3807 5900 348
3808 168 475
3809 942 362
3810 682 556
3811 2478 223
3812 303 509
3813 2376 361
3814 6287 387
3815 5756 393
3816 2084 382
3817 4377 284
3818 2637 421
3819 69 539
3820 1456 460
3821 3524 381
3822 446 315
3823 86 277
3824 2084 401
3825 0 -1
3826 5906 351
3827 0 -1
3828 297 432
3829 2845 356
3830 3593 502
3831 3719 440
3832 3615 304
3833 2261 351
3834 2981 453
3835 1680 474
3836 3979 435
3837 3325 381
3838 4082 331
3839 6391 337
3840 700 391
3841 779 405
3842 4075 485
3843 6139 406
3844 2309 339
3845 3418 408
3846 2449 316
3847 5191 371
3848 4720 448
3849 2739 415
3850 727 355
3851 3097 545
3852 4523 420
3853 639 461
3854 0 -1
3855 6136 383
3856 3633 397
3857 1169 543
3858 3514 434
3859 0 -1
3860 838 353
3861 1388 371
3862 1186 353
3863 504 435
3864 404 330
3865 3267 420
3866 1917 360
3867 6326 420
3868 2424 535
3869 996 406
3870 1687 221
3871 153 319
3872 1307 431
3873 4672 395
3874 2942 417
3875 6108 301
3876 1311 269
3877 3163 457
3878 1446 388
3879 1055 489
3880 2756 191
3881 3403 414
3882 0 -1
3883 2554 357
3884 299 334
3885 6486 584
3886 4485 507
3887 3372 436
3888 5137 373
3889 2549 358
3890 326 391
3891 1092 296
3892 2012 340
3893 3986 359
3894 1448 434
3895 0 -1
3896 5526 447
3897 6595 379
3898 3048 386
3899 6553 349
3900 2778 372
3901 2974 271
3902 1288 312
3903 6173 506
3904 1174 447
3905 5060 274
3906 565 505
3907 2685 431
3908 5671 408
3909 1779 387
3910 3916 514
3911 4710 461
3912 4458 484
3913 4665 418
3914 2964 177
3915 1988 547
3916 1663 423
3917 2299 54
3918 6350 266
3919 3075 285
3920 1341 401
3921 433 440
3922 5317 532
3923 1951 393
3924 1708 419
3925 2894 405
3926 2048 445
3927 3867 425
3928 1208 301
3929 4585 303
3930 6174 524
3931 1175 448
3932 4448 366
3933 2752 439
3934 667 352
3935 5720 403
3936 3823 309
3937 267 396
3938 5759 340
3939 2065 338
3940 0 -1
3941 5746 406
3942 4544 346
3943 1917 400
3944 0 -1
3945 5193 321
3946 1373 331
3947 718 381
3948 1271 402
3949 4905 342
3950 3260 343
3951 2358 232
3952 383 566
3953 3328 383
3954 2691 438
3955 228 328
3956 1727 418
3957 1932 449
3958 3647 460
3959 3113 347
3960 4429 465
3961 0 -1
3962 2252 437
3963 3219 193
3964 2829 522
3965 2318 493
3966 1062 79
3967 1266 424
3968 189 306
3969 2496 274
3970 1545 482
3971 6239 415
3972 674 451
3973 2531 330
3974 4032 354
3975 6512 440
3976 1311 277
3977 3929 344
3978 265 397
3979 1548 333
3980 4934 425
3981 1000 441
3982 3833 369
3983 0 -1
3984 985 524
3985 864 368
3986 5790 351
3987 0 -1
3988 3005 302
3989 3286 368
3990 2580 331
3991 1981 487
3992 285 423
3993 1288 313
3994 3619 478
3995 3049 484
3996 5928 386
3997 6358 284
3998 3280 353
3999 2304 370
4000 3606 398
4001 206 390
4002 3420 326
4003 5195 183
4004 2649 395
4005 2005 282
4006 6107 313
4007 715 373
4008 725 348
4009 2370 452
4010 2690 409
4011 1594 308
4012 2332 387
4013 3813 434
4014 578 307
4015 5043 399
4016 3024 479
4017 4191 160
4018 3926 485
4019 404 321
4020 0 -1
4021 2754 543
4022 5311 366
4023 1308 427
4024 539 322
4025 4904 351
4026 0 -1
4027 2024 486
4028 3551 223
4029 6048 330
4030 4721 344
4031 4406 392
4032 6053 290
4033 885 427
4034 3454 440
4035 6365 399
4036 4319 443
4037 6224 235
4038 1269 453
4039 998 243
4040 423 444
4041 0 -1
4042 6026 147
4043 562 246
4044 2456 288
4045 4198 615
4046 2820 372
4047 1372 445
4048 3287 396
4049 3378 477
4050 5247 408
4051 1933 323
4052 0 -1
4053 3675 481
4054 3912 562
4055 0 -1
4056 3365 490
4057 1461 331
4058 3568 311
4059 568 409
4060 4246 403
4061 0 -1
4062 783 262
4063 849 347
4064 1429 403
4065 276 363
4066 3233 372
4067 0 -1
4068 767 344
4069 3007 476
4070 2351 381
4071 3219 245
4072 0 -1
4073 4427 612
4074 1838 444
4075 6550 418
4076 599 480
4077 4266 504
4078 4777 318
4079 4204 188
4080 5097 364
4081 0 -1
4082 5556 216
4083 2294 420
4084 6278 388
4085 103 444
4086 4627 304
4087 5086 427
4088 5466 384
4089 4279 475
4090 1833 261
4091 6548 381
4092 0 -1
4093 28 465
4094 1966 444
4095 6172 377
4096 3101 406
4097 3149 400
4098 2456 335
4099 5889 253
4100 2613 391
4101 3020 354
4102 3951 279
4103 2026 419
4104 5675 156
4105 2233 345
4106 4398 485
4107 3262 453
4108 383 554
4109 3916 465
4110 3894 434
4111 3091 225
4112 3568 310
4113 6068 403
4114 3870 237
4115 2000 408
4116 1048 324
4117 0 -1
4118 371 363
4119 621 422
4120 2678 464
4121 2650 469
4122 3447 407
4123 6470 322
4124 5694 467
4125 1879 369
4126 4803 276
4127 4923 392
4128 3310 292
4129 0 -1
4130 6272 509
4131 3342 530
4132 4102 326
4133 3283 347
4134 1059 507
4135 4214 305
4136 2909 408
4137 4675 347
4138 702 455
4139 1317 389
4140 2906 344
4141 61 446
4142 5473 196
4143 5327 383
4144 0 -1
4145 2975 389
4146 1888 395
4147 3208 390
4148 4088 391
4149 4350 320
4150 1427 282
4151 1877 412
4152 4323 487
4153 3731 216
4154 1094 376
4155 4058 408
4156 5644 526
4157 2269 561
4158 3129 209
4159 4169 326
4160 2895 381
4161 2454 597
4162 0 -1
4163 4943 397
4164 3238 474
4165 6553 428
4166 1180 519
4167 1202 379
4168 5996 394
4169 3093 288
4170 6422 433
4171 3123 623
4172 153 310
4173 4792 336
4174 387 457
4175 2618 411
4176 3627 642
4177 77 409
4178 1782 438
4179 3661 477
4180 0 -1
4181 973 425
4182 1158 451
4183 0 -1
4184 395 440
4185 5193 379
4186 3524 344
4187 4118 460
4188 0 -1
4189 4095 387
4190 3862 382
4191 9 115
4192 4426 351
4193 3582 266
4194 4179 488
4195 2528 350
4196 5484 421
4197 3496 390
4198 4877 502
4199 2151 481
4200 5064 289
4201 2342 348
4202 2940 288
4203 707 413
4204 1054 168
4205 3129 316
4206 5333 277
4207 6283 547
4208 452 316
4209 4429 396
4210 6163 71
4211 474 363
4212 1727 446
4213 5651 393
4214 6559 287
4215 0 -1
4216 228 356
4217 2162 419
4218 42 341
4219 3171 420
4220 5470 473
4221 1720 496
4222 3508 459
4223 5817 436
4224 2175 287
4225 1614 456
4226 6145 361
4227 5236 389
4228 866 410
4229 3357 267
4230 5001 330
4231 4978 373
4232 2864 336
4233 678 311
4234 5340 248
4235 4379 296
4236 476 426
4237 4130 548
4238 6597 378
4239 5851 496
4240 6510 346
4241 629 330
4242 2636 551
4243 4619 473
4244 5159 431
4245 1985 340
4246 3655 329
4247 849 326
4248 6495 463
4249 2778 306
4250 4185 468
4251 283 430
4252 1278 376
4253 0 -1
4254 3208 363
4255 3669 373
4256 4172 353
4257 4818 321
4258 4338 362
4259 1348 293
4260 0 -1
4261 40 366
4262 4338 309
4263 704 402
4264 2888 371
4265 2195 395
4266 5223 441
4267 0 -1
4268 4509 287
4269 6590 433
4270 2932 419
4271 3515 434
4272 1227 458
4273 5582 285
4274 0 -1
4275 6120 405
4276 2988 303
4277 3256 520
4278 2254 437
4279 6166 418
4280 2391 396
4281 4235 354
4282 6595 416
4283 5856 425
4284 5845 458
4285 4588 276
4286 2879 377
4287 5999 346
4288 1825 399
4289 6100 281
4290 5530 397
4291 1674 380
4292 1285 362
4293 1822 393
4294 2162 467
4295 6258 408
4296 0 -1
4297 2238 324
4298 2077 372
4299 420 421
4300 2129 305
4301 0 -1
4302 3259 382
4303 4957 450
4304 3282 336
4305 5596 434
4306 3399 336
4307 5087 318
4308 0 -1
4309 5827 419
4310 6108 353
4311 3945 352
4312 6393 270
4313 0 -1
4314 2857 357
4315 5494 263
4316 356 377
4317 724 544
4318 934 240
4319 2483 433
4320 1191 451
4321 3137 469
4322 6395 461
4323 6209 435
4324 0 -1
4325 1486 470
4326 27 379
4327 1712 444
4328 2902 398
4329 2719 490
4330 2313 445
4331 945 334
4332 5171 401
4333 4799 474
4334 3849 457
4335 1794 425
4336 5258 396
4337 3655 364
4338 5934 299
4339 5379 306
4340 3141 298
4341 1055 536
4342 143 495
4343 5726 398
4344 1594 371
4345 3355 412
4346 2993 349
4347 1768 344
4348 4489 408
4349 1254 519
4350 3708 204
4351 4209 408
4352 4635 432
4353 4391 436
4354 4521 399
4355 2518 371
4356 4767 427
4357 55 408
4358 3839 410
4359 2175 351
4360 206 405
4361 2502 395
4362 6172 391
4363 6183 337
4364 4105 364
4365 2618 493
4366 472 400
4367 0 -1
4368 4725 299
4369 3189 392
4370 0 -1
4371 5452 340
4372 0 -1
4373 5496 454
4374 2638 244
4375 615 224
4376 2878 447
4377 4420 252
4378 2106 282
4379 153 282
4380 1356 478
4381 1826 447
4382 37 441
4383 4587 451
4384 1969 499
4385 275 395
4386 2974 273
4387 1420 402
4388 5319 632
4389 4619 462
4390 2117 340
4391 4506 373
4392 5533 326
4393 522 443
4394 5834 399
4395 870 477
4396 6314 733
4397 323 305
4398 2568 430
4399 3595 306
4400 5433 356
4401 0 -1
4402 772 441
4403 6107 379
4404 2582 223
4405 4585 331
4406 3387 389
4407 0 -1
4408 4068 461
4409 6037 444
4410 5846 455
4411 3490 320
4412 3397 330
4413 1806 339
4414 2225 298
4415 5358 430
4416 5468 348
4417 5899 414
4418 576 264
4419 2082 436
4420 5602 249
4421 2841 510
4422 5556 176
4423 0 -1
4424 1168 256
4425 2335 364
4426 3357 241
4427 5472 521
4428 747 235
4429 1026 381
4430 2924 444
4431 2786 334
4432 6141 408
4433 1869 357
4434 456 406
4435 6052 419
4436 3441 478
4437 5915 312
4438 384 548
4439 413 452
4440 4520 382
4441 2357 334
4442 751 328
4443 0 -1
4444 2362 412
4445 390 416
4446 3343 382
4447 1677 427
4448 6413 347
4449 2309 376
4450 6567 450
4451 4950 492
4452 4837 359
4453 6405 483
4454 2567 428
4455 88 433
4456 3099 301
4457 2489 405
4458 4251 472
4459 485 392
4460 744 453
4461 3441 455
4462 854 365
4463 1228 516
4464 1727 415
4465 0 -1
4466 169 451
4467 4289 306
4468 3660 341
4469 5078 538
4470 0 -1
4471 4539 407
4472 2716 315
4473 3928 325
4474 6160 476
4475 4704 400
4476 1664 278
4477 1871 396
4478 5585 270
4479 1961 417
4480 1776 407
4481 6218 414
4482 215 322
4483 5856 488
4484 5013 418
4485 5306 391
4486 1847 358
4487 1528 624
4488 558 344
4489 5909 343
4490 0 -1
4491 466 401
4492 5189 370
4493 2941 277
4494 2307 412
4495 3351 426
4496 5419 452
4497 0 -1
4498 3483 398
4499 1636 373
4500 2687 514
4501 1383 300
4502 4431 386
4503 0 -1
4504 6039 356
4505 3617 407
4506 3251 367
4507 5113 286
4508 4932 485
4509 4721 275
4510 2917 456
4511 4189 421
4512 692 402
4513 4800 406
4514 3154 475
4515 1086 299
4516 5998 411
4517 5355 416
4518 6004 385
4519 2548 457
4520 5069 341
4521 4414 318
4522 6051 424
4523 4937 367
4524 2377 415
4525 5882 353
4526 2133 413
4527 2853 407
4528 3720 335
4529 1970 369
4530 5704 571
4531 0 -1
4532 4824 413
4533 1053 330
4534 3774 400
4535 5325 427
4536 1448 436
4537 2002 211
4538 5075 422
4539 2127 403
4540 2558 354
4541 334 513
4542 2158 544
4543 1904 363
4544 3437 291
4545 3894 472
4546 3338 423
4547 122 333
4548 5700 411
4549 513 387
4550 1856 532
4551 6284 400
4552 5019 371
4553 1840 249
4554 552 404
4555 1464 458
4556 34 481
4557 0 -1
4558 3694 281
4559 0 -1
4560 344 339
4561 1978 400
4562 2712 506
4563 4122 442
4564 6293 389
4565 1405 429
4566 5277 410
4567 0 -1
4568 5613 390
4569 4871 494
4570 4003 202
4571 2441 333
4572 539 363
4573 2874 490
4574 1803 267
4575 0 -1
4576 2343 342
4577 776 250
4578 5001 351
4579 3879 560
4580 838 391
4581 4594 399
4582 5689 215
4583 4201 388
4584 851 418
4585 4574 275
4586 1699 555
4587 2274 428
4588 2386 254
4589 6022 353
4590 3839 377
4591 3016 339
4592 0 -1
4593 6416 392
4594 3696 391
4595 5847 294
4596 5512 433
4597 1585 385
4598 3691 517
4599 941 428
4600 5139 475
4601 343 423
4602 5591 532
4603 2016 507
4604 5547 411
4605 3748 352
4606 1251 534
4607 1340 560
4608 4487 737
4609 2890 337
4610 3891 377
4611 2937 430
4612 5593 625
4613 652 502
4614 5572 374
4615 5414 400
4616 1581 545
4617 0 -1
4618 5255 353
4619 4115 434
4620 1814 332
4621 530 442
4622 5234 425
4623 0 -1
4624 4146 400
4625 3263 407
4626 2929 387
4627 2679 268
4628 3933 558
4629 3661 386
4630 5463 371
4631 5375 397
4632 1497 482
4633 147 384
4634 375 371
4635 5226 335
4636 0 -1
4637 2823 353
4638 1311 301
4639 5652 397
4640 5243 279
4641 5172 439
4642 0 -1
4643 4318 343
4644 0 -1
4645 2549 327
4646 6404 468
4647 3928 397
4648 4670 457
4649 3905 304
4650 3796 306
4651 4913 393
4652 1583 390
4653 2668 364
4654 0 -1
4655 1353 386
4656 3655 374
4657 2353 396
4658 6048 300
4659 0 -1
4660 1015 231
4661 706 307
4662 6597 426
4663 4070 453
4664 5717 302
4665 1371 408
4666 2595 474
4667 2761 460
4668 51 388
4669 4003 201
4670 1479 370
4671 848 276
4672 5839 393
4673 146 515
4674 587 448
4675 3397 281
4676 0 -1
4677 0 -1
4678 264 543
4679 5698 439
4680 3234 470
4681 3247 437
4682 274 318
4683 2341 392
4684 5788 321
4685 5597 352
4686 6246 394
4687 3583 441
4688 205 635
4689 5669 413
4690 5421 401
4691 6354 197
4692 106 276
4693 3109 297
4694 5267 269
4695 5365 347
4696 4627 332
4697 4780 314
4698 1940 398
4699 2687 481
4700 2138 302
4701 3048 376
4702 3595 392
4703 2880 332
4704 5137 335
4705 5707 360
4706 3672 554
4707 1783 407
4708 5234 425
4709 5908 391
4710 4956 379
4711 1590 441
4712 0 -1
4713 2809 465
4714 5629 512
4715 70 364
4716 5717 364
4717 6382 246
4718 2160 402
4719 2612 286
4720 4066 408
4721 5587 239
4722 744 447
4723 2002 250
4724 6162 383
4725 113 283
4726 937 392
4727 5687 137
4728 5687 166
4729 0 -1
4730 6399 463
4731 2534 495
4732 4705 391
4733 6434 374
4734 2595 490
4735 48 377
4736 10 357
4737 5572 363
4738 5113 257
4739 1731 435
4740 339 299
4741 771 451
4742 1276 469
4743 4803 346
4744 695 418
4745 2976 480
4746 2392 487
4747 4128 387
4748 4818 343
4749 0 -1
4750 3655 379
4751 3173 417
4752 2820 345
4753 4428 324
4754 5726 400
4755 3558 416
4756 1527 419
4757 4208 430
4758 2554 419
4759 3480 442
4760 3220 445
4761 6443 434
4762 4675 341
4763 5879 419
4764 0 -1
4765 6504 408
4766 6577 397
4767 5410 386
4768 4297 349
4769 3945 434
4770 3131 490
4771 6390 223
4772 5405 536
4773 2240 436
4774 5172 503
4775 5310 454
4776 2008 298
4777 6196 299
4778 1446 429
4779 0 -1
4780 153 239
4781 6393 329
4782 5180 482
4783 5867 430
4784 3520 474
4785 554 530
4786 3892 434
4787 5061 360
4788 5288 315
4789 2102 471
4790 6319 359
4791 3419 370
4792 5311 307
4793 4340 318
4794 2689 305
4795 2357 349
4796 2309 394
4797 4224 333
4798 1288 306
4799 3838 385
4800 4193 307
4801 744 520
4802 3999 410
4803 2916 243
4804 4104 173
4805 0 -1
4806 4874 417
4807 5895 456
4808 0 -1
4809 4719 387
4810 5982 475
4811 0 -1
4812 4364 392
4813 0 -1
4814 2043 361
4815 0 -1
4816 726 347
4817 3243 494
4818 4692 317
4819 1674 447
4820 2616 459
4821 4265 439
4822 3893 428
4823 2962 378
4824 5489 395
4825 6091 376
4826 2577 555
4827 2752 462
4828 5302 415
4829 3151 460
4830 4981 329
4831 4787 415
4832 2589 426
4833 2414 388
4834 1831 353
4835 1729 451
4836 765 461
4837 4235 342
4838 5120 390
4839 5932 363
4840 654 338
4841 5945 411
4842 6483 439
4843 1576 520
4844 1849 426
4845 3294 465
4846 3607 328
4847 2024 453
4848 4051 408
4849 1729 382
4850 0 -1
4851 222 436
4852 4520 448
4853 5086 426
4854 2626 361
4855 485 431
4856 3183 323
4857 6588 377
4858 4399 321
4859 1071 415
4860 0 -1
4861 0 -1
4862 4696 419
4863 3228 411
4864 6587 303
4865 0 -1
4866 1540 272
4867 5362 373
4868 4553 280
4869 2008 338
4870 3677 425
4871 2354 411
4872 4650 387
4873 5835 310
4874 1471 410
4875 4723 302
4876 5072 390
4877 5003 458
4878 1830 297
4879 2185 454
4880 3397 352
4881 6581 447
4882 1207 261
4883 5120 435
4884 0 -1
4885 3755 353
4886 6232 402
4887 4118 377
4888 2227 396
4889 4878 337
4890 5974 678
4891 6493 530
4892 2095 344
4893 6575 389
4894 1295 523
4895 733 520
4896 2676 376
4897 594 422
4898 0 -1
4899 4413 429
4900 3819 596
4901 1125 288
4902 1205 415
4903 788 386
4904 3300 305
4905 689 342
4906 3515 461
4907 5810 365
4908 0 -1
4909 1996 377
4910 6165 374
4911 1202 384
4912 1923 398
4913 2138 321
4914 3713 328
4915 1207 196
4916 3616 355
4917 6509 464
4918 2079 426
4919 20 423
4920 6053 252
4921 577 458
4922 2155 325
4923 5552 348
4924 6444 378
4925 5245 340
4926 1082 456
4927 107 417
4928 1773 327
4929 4537 301
4930 0 -1
4931 4576 371
4932 579 475
4933 6403 352
4934 5140 377
4935 3221 406
4936 6580 263
4937 4792 316
4938 3121 444
4939 5318 396
4940 759 263
4941 6224 267
4942 6042 438
4943 1341 391
4944 5902 366
4945 937 399
4946 686 396
4947 0 -1
4948 1859 473
4949 4400 360
4950 4854 425
4951 0 -1
4952 97 463
4953 4787 409
4954 1149 303
4955 5640 194
4956 5112 308
4957 2612 348
4958 1885 393
4959 3586 302
4960 414 383
4961 3723 391
4962 856 389
4963 5086 327
4964 2385 408
4965 4373 469
4966 6179 549
4967 2920 435
4968 2484 328
4969 3819 635
4970 2738 393
4971 5166 206
4972 1883 460
4973 2800 381
4974 2886 337
4975 1313 404
4976 0 -1
4977 3129 225
4978 4589 365
4979 5368 331
4980 3455 356
4981 2756 238
4982 0 -1
4983 5383 265
4984 505 452
4985 4158 250
4986 4841 418
4987 4609 359
4988 4211 393
4989 1827 374
4990 5340 291
4991 449 257
4992 5695 510
4993 1837 391
4994 3811 275
4995 6146 494
4996 2371 413
4997 0 -1
4998 537 524
4999 2495 371
5000 1066 429
5001 6573 326
5002 2705 537
5003 385 367
5004 1923 392
5005 1194 414
5006 1044 476
5007 4675 364
5008 1883 455
5009 299 360
5010 1280 394
5011 2957 388
5012 5843 436
5013 942 373
5014 4933 387
5015 2924 403
5016 3976 291
5017 3418 433
5018 5845 525
5019 4940 314
5020 562 316
5021 0 -1
5022 2142 438
5023 5916 436
5024 0 -1
5025 805 406
5026 0 -1
5027 5272 443
5028 3445 329
5029 4203 435
5030 0 -1
5031 6320 370
5032 0 -1
5033 1507 382
5034 3135 262
5035 343 379
5036 629 403
5037 938 522
5038 0 -1
5039 966 423
5040 4963 408
5041 2378 449
5042 0 -1
5043 6042 399
5044 5281 395
5045 784 406
5046 3327 463
5047 1874 483
5048 507 453
5049 1301 384
5050 5566 386
5051 3445 411
5052 4748 419
5053 303 503
5054 5722 429
5055 2930 456
5056 0 -1
5057 70 334
5058 1884 505
5059 781 439
5060 1296 266
5061 5835 299
5062 132 379
5063 3317 347
5064 3219 247
5065 3312 372
5066 6009 561
5067 589 364
5068 5194 538
5069 2017 233
5070 5211 405
5071 4798 342
5072 3096 343
5073 219 402
5074 1082 407
5075 5433 321
5076 1676 382
5077 1983 404
5078 4667 533
5079 4002 349
5080 832 430
5081 4571 427
5082 5666 409
5083 153 285
5084 4780 307
5085 6587 336
5086 3201 319
5087 412 216
5088 4539 417
5089 1183 354
5090 1894 488
5091 1008 456
5092 1541 304
5093 6204 424
5094 6575 433
5095 6270 326
5096 3601 457
5097 6226 364
5098 6531 384
5099 4733 451
5100 5636 337
5101 1936 352
5102 4873 337
5103 2057 367
5104 2870 436
5105 5744 348
5106 2524 394
5107 3736 339
5108 4442 387
5109 343 411
5110 520 489
5111 5725 458
5112 3423 282
5113 498 174
5114 4263 462
5115 2972 376
5116 5211 335
5117 561 518
5118 3565 485
5119 1147 384
5120 276 349
5121 1272 389
5122 2362 403
5123 483 371
5124 2529 420
5125 1017 450
5126 5527 459
5127 2308 330
5128 2019 362
5129 421 383
5130 6547 440
5131 2106 296
5132 5183 551
5133 5856 421
5134 159 592
5135 4994 289
5136 1132 550
5137 15 264
5138 603 457
5139 6442 410
5140 4723 357
5141 2455 424
5142 5084 339
5143 2862 472
5144 4703 377
5145 1139 296
5146 6450 483
5147 1120 523
5148 2136 487
5149 3579 380
5150 3068 400
5151 1439 345
5152 4009 511
5153 3368 437
5154 5285 374
5155 3401 553
5156 1792 355
5157 3348 338
5158 132 404
5159 642 408
5160 1547 376
5161 5851 408
5162 2926 286
5163 2035 308
5164 1961 426
5165 3986 402
5166 6026 131
5167 6218 393
5168 6190 366
5169 4019 385
5170 2691 424
5171 5964 322
5172 1148 435
5173 3420 393
5174 215 429
5175 1056 500
5176 594 472
5177 4307 335
5178 397 403
5179 4604 438
5180 3396 467
5181 1691 336
5182 6253 293
5183 2143 549
5184 1367 495
5185 3315 449
5186 4420 340
5187 1951 465
5188 4988 415
5189 630 285
5190 576 279
5191 232 320
5192 390 414
5193 341 309
5194 5954 535
5195 3914 181
5196 5588 462
5197 0 -1
5198 1776 427
5199 5895 420
5200 2704 522
5201 1447 430
5202 5748 369
5203 3674 390
5204 593 399
5205 0 -1
5206 5494 206
5207 403 543
5208 5309 429
5209 3492 422
5210 5114 506
5211 6573 286
5212 5884 416
5213 5141 452
5214 3595 358
5215 54 473
5216 1306 434
5217 1889 391
5218 3783 349
5219 3894 528
5220 3334 304
5221 5160 445
5222 2855 374
5223 288 332
5224 486 326
5225 2878 357
5226 943 314
5227 2272 287
5228 71 431
5229 1221 419
5230 0 -1
5231 62 401
5232 747 314
5233 2621 419
5234 5321 390
5235 3529 471
5236 5597 381
5237 1111 280
5238 1708 342
5239 2693 401
5240 6264 388
5241 5188 460
5242 2763 381
5243 6005 273
5244 3009 375
5245 450 323
5246 1158 516
5247 3183 367
5248 6297 379
5249 4337 421
5250 5812 409
5251 5524 423
5252 1503 313
5253 2311 355
5254 1549 496
5255 3281 272
5256 6580 287
5257 4078 344
5258 1360 373
5259 3914 255
5260 209 394
5261 5093 501
5262 812 358
5263 1224 437
5264 3697 398
5265 0 -1
5266 1708 375
5267 246 261
5268 6141 375
5269 133 305
5270 4214 407
5271 4635 393
5272 5700 399
5273 217 386
5274 133 347
5275 1409 423
5276 0 -1
5277 5792 338
5278 0 -1
5279 3633 308
5280 1615 379
5281 4795 366
5282 4973 458
5283 3682 419
5284 5630 381
5285 5332 300
5286 4521 365
5287 4987 406
5288 1833 248
5289 2198 357
5290 3114 432
5291 1858 382
5292 449 300
5293 43 433
5294 41 535
5295 4825 377
5296 5061 335
5297 4523 371
5298 5179 547
5299 5194 634
5300 1737 419
5301 4262 315
5302 1068 300
5303 5239 425
5304 314 339
5305 2590 353
5306 255 386
5307 550 425
5308 5914 444
5309 2359 425
5310 3149 348
5311 1840 282
5312 3928 377
5313 1892 361
5314 329 369
5315 3189 451
5316 1792 372
5317 671 528
5318 56 357
5319 5282 568
5320 2005 242
5321 2815 363
5322 2944 331
5323 2245 319
5324 1296 253
5325 503 341
5326 3368 510
5327 3823 344
5328 3764 318
5329 4506 409
5330 4994 280
5331 6162 376
5332 3197 277
5333 3213 268
5334 1439 388
5335 3632 378
5336 2428 429
5337 953 489
5338 6164 228
5339 999 257
5340 804 246
5341 4875 304
5342 2156 437
5343 4422 191
5344 0 -1
5345 1708 332
5346 4068 348
5347 4123 383
5348 2759 323
5349 5582 259
5350 1070 127
5351 1149 304
5352 6160 437
5353 3370 526
5354 1758 660
5355 6319 392
5356 2078 462
5357 0 -1
5358 6403 334
5359 5671 398
5360 640 370
5361 1388 325
5362 274 330
5363 2307 394
5364 4562 580
5365 3459 341
5366 6589 453
5367 3337 496
5368 6466 303
5369 523 382
5370 0 -1
5371 5896 571
5372 3760 368
5373 1111 242
5374 3295 362
5375 312 376
5376 5004 483
5377 4804 283
5378 1096 364
5379 1080 287
5380 5787 501
5381 6449 390
5382 2858 531
5383 2716 254
5384 2477 413
5385 2253 555
5386 1629 386
5387 460 413
5388 5403 285
5389 4919 521
5390 1170 416
5391 4436 545
5392 387 380
5393 2981 422
5394 5897 400
5395 6022 371
5396 0 -1
5397 3037 438
5398 656 355
5399 1191 438
5400 5745 417
5401 1684 417
5402 5454 460
5403 6485 247
5404 4905 412
5405 2047 458
5406 3631 434
5407 3832 414
5408 2677 391
5409 3736 349
5410 1666 364
5411 6590 373
5412 3457 264
5413 1328 430
5414 1401 347
5415 0 -1
5416 5112 313
5417 288 411
5418 3490 304
5419 1631 360
5420 5903 397
5421 6550 386
5422 3504 490
5423 2114 444
5424 1163 390
5425 4744 534
5426 863 452
5427 3134 336
5428 2996 337
5429 5070 492
5430 4697 317
5431 4213 421
5432 5859 380
5433 1512 283
5434 0 -1
5435 0 -1
5436 845 495
5437 1463 399
5438 3954 453
5439 4258 444
5440 1812 293
5441 1792 452
5442 0 -1
5443 569 463
5444 2235 596
5445 842 352
5446 2764 390
5447 1079 342
5448 3876 377
5449 5600 461
5450 1181 404
5451 5992 276
5452 274 286
5453 4024 358
5454 2748 449
5455 3838 420
5456 0 -1
5457 1634 567
5458 1994 435
5459 589 391
5460 927 447
5461 0 -1
5462 232 309
5463 6054 342
5464 0 -1
5465 4314 452
5466 2916 281
5467 0 -1
5468 6204 316
5469 2238 311
5470 4413 363
5471 6386 407
5472 614 415
5473 6026 127
5474 118 377
5475 511 571
5476 6023 406
5477 5857 442
5478 2953 462
5479 5546 411
5480 0 -1
5481 677 353
5482 4653 372
5483 3160 459
5484 5186 349
5485 5122 417
5486 0 -1
5487 123 340
5488 4916 439
5489 3389 388
5490 3475 381
5491 87 504
5492 4862 498
5493 6590 370
5494 1070 157
5495 6255 444
5496 5701 384
5497 1023 369
5498 2236 394
5499 3334 326
5500 0 -1
5501 3899 360
5502 532 448
5503 1564 466
5504 5223 403
5505 1646 487
5506 24 429
5507 6003 420
5508 3215 557
5509 100 424
5510 4399 327
5511 1306 434
5512 2361 396
5513 5888 564
5514 4005 318
5515 4698 486
5516 834 280
5517 3569 283
5518 1083 444
5519 1051 435
5520 5311 369
5521 4032 307
5522 0 -1
5523 1342 394
5524 5748 374
5525 5211 381
5526 178 390
5527 2785 423
5528 5556 271
5529 5285 358
5530 85 352
5531 3225 440
5532 291 472
5533 3969 290
5534 755 223
5535 6109 457
5536 1294 425
5537 6505 455
5538 0 -1
5539 1726 545
5540 1667 410
5541 3479 476
5542 4720 520
5543 6337 358
5544 3093 371
5545 5445 360
5546 2421 339
5547 1094 364
5548 0 -1
5549 2738 407
5550 5950 398
5551 0 -1
5552 1125 302
5553 5228 477
5554 2676 405
5555 3033 412
5556 6163 175
5557 5383 289
5558 689 353
5559 949 422
5560 5870 474
5561 5398 383
5562 5693 531
5563 6185 388
5564 5741 341
5565 0 -1
5566 1909 376
5567 3806 402
5568 1066 435
5569 0 -1
5570 1538 341
5571 2273 358
5572 3281 348
5573 3170 395
5574 0 -1
5575 3669 372
5576 1335 426
5577 2941 212
5578 1852 456
5579 3778 469
5580 1167 418
5581 1156 523
5582 3357 194
5583 4201 450
5584 1251 453
5585 498 171
5586 2884 350
5587 6317 220
5588 4300 388
5589 1846 426
5590 2180 692
5591 3004 433
5592 0 -1
5593 2646 506
5594 6564 300
5595 2992 483
5596 3670 341
5597 1122 339
5598 3619 420
5599 2279 457
5600 3621 408
5601 1111 273
5602 5195 249
5603 0 -1
5604 5837 387
5605 984 546
5606 5348 392
5607 4875 320
5608 3140 417
5609 464 442
5610 1271 430
5611 1283 418
5612 4750 405
5613 5999 341
5614 2225 278
5615 1447 344
5616 5893 283
5617 5499 394
5618 966 477
5619 4499 401
5620 1645 424
5621 554 513
5622 0 -1
5623 4345 471
5624 2972 371
5625 0 -1
5626 0 -1
5627 3075 363
5628 199 402
5629 2711 408
5630 4315 344
5631 2324 461
5632 6177 305
5633 1265 434
5634 2211 390
5635 233 440
5636 2117 323
5637 3282 353
5638 1497 504
5639 2813 230
5640 4042 193
5641 1258 420
5642 5463 396
5643 4643 460
5644 2518 459
5645 6371 546
5646 5384 463
5647 1487 337
5648 0 -1
5649 4424 336
5650 229 360
5651 3113 320
5652 3459 349
5653 4164 499
5654 6487 469
5655 4280 446
5656 5113 188
5657 3903 535
5658 2351 342
5659 0 -1
5660 0 -1
5661 6192 504
5662 443 395
5663 2062 453
5664 6192 401
5665 2069 291
5666 3096 338
5667 4206 328
5668 6067 362
5669 97 389
5670 5313 395
5671 854 381
5672 4797 404
5673 2822 476
5674 950 377
5675 3966 107
5676 921 465
5677 1278 422
5678 18 387
5679 1313 351
5680 3492 419
5681 2268 354
5682 0 -1
5683 6444 414
5684 6221 433
5685 605 497
5686 6556 370
5687 170 122
5688 3020 375
5689 3109 210
5690 5326 612
5691 892 474
5692 5873 376
5693 4867 437
5694 6181 370
5695 1095 441
5696 6544 256
5697 2793 339
5698 794 400
5699 4776 371
5700 6479 392
5701 5614 355
5702 421 354
5703 1833 315
5704 2732 482
5705 991 379
5706 2469 403
5707 2689 252
5708 6557 400
5709 4266 513
5710 2412 361
5711 2162 423
5712 1293 342
5713 1310 475
5714 4340 399
5715 1097 398
5716 1097 381
5717 932 283
5718 1170 370
5719 876 531
5720 4205 371
5721 0 -1
5722 387 418
5723 5498 441
5724 3075 250
5725 1175 389
5726 653 375
5727 533 583
5728 2541 560
5729 4086 411
5730 2592 594
5731 355 398
5732 5597 341
5733 3594 406
5734 449 226
5735 900 360
5736 1540 386
5737 5916 339
5738 550 358
5739 0 -1
5740 2690 444
5741 3016 334
5742 3698 424
5743 136 317
5744 6155 330
5745 4478 385
5746 1960 305
5747 0 -1
5748 1023 342
5749 6547 413
5750 3155 391
5751 715 388
5752 6579 498
5753 0 -1
5754 4255 406
5755 1462 287
5756 4658 362
5757 6204 385
5758 2901 432
5759 695 320
5760 6532 455
5761 4537 266
5762 4672 496
5763 900 320
5764 2154 366
5765 1360 308
5766 3585 494
5767 843 438
5768 1125 335
5769 4992 533
5770 5586 364
5771 950 340
5772 3372 412
5773 6148 476
5774 2034 498
5775 6245 466
5776 44 439
5777 2988 252
5778 1224 342
5779 1388 294
5780 5998 419
5781 1104 406
5782 5403 331
5783 4126 276
5784 4194 535
5785 1861 443
5786 5287 471
5787 3601 426
5788 1133 291
5789 3496 433
5790 3093 315
5791 5801 480
5792 2386 288
5793 4034 539
5794 6051 449
5795 2769 398
5796 2770 462
5797 2713 385
5798 3173 414
5799 3770 327
5800 2258 438
5801 5126 464
5802 3674 347
5803 2530 403
5804 4116 365
5805 6102 340
5806 5304 351
5807 2989 369
5808 4378 303
5809 326 386
5810 3580 353
5811 2468 707
5812 1430 397
5813 5162 368
5814 1904 347
5815 3021 396
5816 2058 512
5817 771 388
5818 1663 506
5819 3449 341
5820 5694 380
5821 848 293
5822 0 -1
5823 3913 429
5824 4755 521
5825 5588 394
5826 6559 301
5827 4224 374
5828 5040 412
5829 5731 405
5830 3226 327
5831 1360 330
5832 1465 456
5833 4824 463
5834 5365 345
5835 2085 252
5836 6529 389
5837 5594 371
5838 3459 421
5839 4086 334
5840 3698 395
5841 1276 455
5842 3265 445
5843 1709 399
5844 4467 398
5845 5627 448
5846 3441 400
5847 2153 181
5848 2543 335
5849 0 -1
5850 3850 381
5851 4839 394
5852 6391 335
5853 302 397
5854 970 489
5855 4571 411
5856 2743 391
5857 5619 437
5858 3033 463
5859 1723 378
5860 1461 397
5861 3506 495
5862 2845 400
5863 2125 439
5864 2074 464
5865 6173 473
5866 3000 477
5867 6284 396
5868 5992 333
5869 4804 257
5870 5652 408
5871 1000 386
5872 5165 518
5873 3579 327
5874 0 -1
5875 1658 370
5876 5835 268
5877 3457 302
5878 2094 359
5879 4515 417
5880 6544 207
5881 812 360
5882 6565 335
5883 5395 381
5884 6113 376
5885 2593 360
5886 6150 390
5887 3957 547
5888 6403 447
5889 3966 192
5890 189 196
5891 1108 354
5892 2264 434
5893 5338 267
5894 0 -1
5895 397 380
5896 6202 485
5897 5521 322
5898 648 248
5899 567 369
5900 1833 343
5901 1403 445
5902 1296 320
5903 2786 389
5904 1348 329
5905 3826 365
5906 1133 333
5907 3321 396
5908 2147 338
5909 1070 231
5910 2717 375
5911 3948 429
5912 28 459
5913 4553 369
5914 3932 437
5915 6573 289
5916 749 334
5917 2805 487
5918 0 -1
5919 5881 372
5920 4478 381
5921 6538 523
5922 2522 355
5923 5473 197
5924 2094 364
5925 4887 419
5926 3249 325
5927 4960 431
5928 526 381
5929 1293 392
5930 302 436
5931 4665 494
5932 2864 333
5933 3325 430
5934 2225 261
5935 1413 415
5936 4285 345
5937 3778 480
5938 4635 348
5939 5577 285
5940 4000 425
5941 3024 530
5942 4562 562
5943 0 -1
5944 6460 381
5945 4403 397
5946 2273 415
5947 5350 182
5948 1435 481
5949 3767 448
5950 6485 338
5951 3077 454
5952 2676 396
5953 4841 450
5954 3698 428
5955 2556 525
5956 3707 417
5957 4996 443
5958 0 -1
5959 3310 332
5960 2993 439
5961 0 -1
5962 3720 341
5963 0 -1
5964 1664 312
5965 2507 444
5966 2350 217
5967 3611 395
5968 3407 507
5969 1334 346
5970 5107 381
5971 4410 468
5972 6058 363
5973 6252 431
5974 2228 655
5975 3183 375
5976 1318 502
5977 2208 556
5978 5033 434
5979 3240 416
5980 1646 417
5981 3840 448
5982 6029 426
5983 0 -1
5984 1692 423
5985 0 -1
5986 0 -1
5987 0 -1
5988 0 -1
5989 1871 345
5990 4098 447
5991 2444 461
5992 1664 273
5993 3101 415
5994 6004 438
5995 2756 150
5996 6107 341
5997 1674 399
5998 1220 404
5999 1779 314
6000 175 507
6001 5316 373
6002 2558 390
6003 5919 386
6004 4814 365
6005 5473 223
6006 3344 375
6007 4704 357
6008 3094 369
6009 1694 491
6010 3790 389
6011 2255 392
6012 4291 435
6013 1812 356
6014 2726 417
6015 4261 393
6016 5102 376
6017 4460 465
6018 2956 421
6019 1827 352
6020 6158 364
6021 1927 398
6022 443 344
6023 2184 333
6024 1372 377
6025 2813 335
6026 3708 119
6027 4119 459
6028 440 462
6029 2097 342
6030 2986 415
6031 4892 377
6032 734 455
6033 5220 392
6034 1795 380
6035 3658 399
6036 1729 381
6037 3231 383
6038 0 -1
6039 339 256
6040 4214 338
6041 5697 402
6042 721 363
6043 5669 406
6044 6446 335
6045 2602 454
6046 0 -1
6047 4316 461
6048 396 279
6049 5886 443
6050 4195 374
6051 6019 354
6052 4581 417
6053 5195 250
6054 2926 285
6055 888 368
6056 301 362
6057 0 -1
6058 1495 300
6059 2261 377
6060 639 531
6061 1780 349
6062 4146 464
6063 1195 433
6064 4418 319
6065 4393 456
6066 864 381
6067 6358 342
6068 1474 342
6069 5831 383
6070 1732 355
6071 5019 323
6072 6580 265
6073 1585 396
6074 5403 303
6075 6512 440
6076 6239 412
6077 0 -1
6078 6395 399
6079 2786 417
6080 5262 423
6081 2189 303
6082 1264 435
6083 1805 341
6084 1427 377
6085 0 -1
6086 5746 341
6087 4669 225
6088 2775 370
6089 787 413
6090 6447 500
6091 6573 299
6092 0 -1
6093 1057 431
6094 1536 447
6095 5453 386
6096 86 249
6097 531 530
6098 3022 436
6099 836 453
6100 5923 260
6101 5772 443
6102 4803 334
6103 4315 283
6104 4703 441
6105 5378 442
6106 932 292
6107 2104 276
6108 6205 289
6109 66 446
6110 5836 408
6111 2642 345
6112 6058 313
6113 5256 357
6114 1148 385
6115 5662 431
6116 2792 450
6117 943 316
6118 2516 409
6119 2620 423
6120 5665 321
6121 1336 454
6122 0 -1
6123 2035 341
6124 0 -1
6125 3322 453
6126 1073 475
6127 5552 413
6128 5028 405
6129 4252 380
6130 2940 351
6131 4103 483
6132 5959 431
6133 1439 344
6134 1400 513
6135 0 -1
6136 4816 379
6137 2888 382
6138 3839 357
6139 2812 354
6140 3772 326
6141 604 355
6142 5027 541
6143 2731 391
6144 5707 272
6145 1636 339
6146 1928 463
6147 3581 497
6148 3806 377
6149 4101 356
6150 839 329
6151 2302 396
6152 5115 393
6153 4721 284
6154 0 -1
6155 4062 309
6156 0 -1
6157 516 490
6158 1068 356
6159 4331 408
6160 1782 390
6161 5156 436
6162 3596 369
6163 2572 62
6164 5947 188
6165 1505 368
6166 2804 388
6167 2364 398
6168 660 482
6169 3681 483
6170 3277 504
6171 1693 407
6172 1541 352
6173 2114 395
6174 4217 434
6175 2305 379
6176 1833 329
6177 5880 268
6178 5810 432
6179 1358 446
6180 4907 426
6181 1115 294
6182 0 -1
6183 2772 241
6184 3033 442
6185 3770 355
6186 2295 404
6187 3637 449
6188 1424 352
6189 2308 328
6190 5499 361
6191 2158 587
6192 1559 390
6193 2400 375
6194 4265 453
6195 987 493
6196 2106 249
6197 4957 392
6198 0 -1
6199 2915 460
6200 1272 444
6201 3515 431
6202 1026 387
6203 6422 380
6204 5302 313
6205 3437 266
6206 470 368
6207 3437 227
6208 5465 471
6209 3692 426
6210 0 -1
6211 4889 364
6212 4351 451
6213 4480 413
6214 1402 413
6215 2448 421
6216 162 541
6217 3898 392
6218 5904 383
6219 3450 397
6220 0 -1
6221 1170 371
6222 4017 198
6223 6045 519
6224 4691 197
6225 4191 122
6226 6112 328
6227 2146 574
6228 1385 391
6229 1904 385
6230 2775 307
6231 2715 306
6232 3226 300
6233 421 330
6234 0 -1
6235 2715 295
6236 5935 418
6237 2930 477
6238 0 -1
6239 3540 368
6240 2205 363
6241 4492 380
6242 1924 411
6243 4651 456
6244 3750 434
6245 5838 440
6246 4743 386
6247 659 454
6248 2259 318
6249 6346 412
6250 3847 405
6251 3522 376
6252 3134 367
6253 4994 289
6254 2795 399
6255 2719 432
6256 5799 334
6257 6597 380
6258 8 369
6259 3677 350
6260 5880 280
6261 2016 462
6262 6466 351
6263 0 -1
6264 6193 375
6265 181 371
6266 2829 487
6267 3153 373
6268 431 401
6269 2739 326
6270 498 219
6271 4224 387
6272 6497 459
6273 638 381
6274 3251 373
6275 0 -1
6276 5880 249
6277 6242 480
6278 213 332
6279 1478 335
6280 1271 380
6281 4149 409
6282 2295 364
6283 1448 467
6284 247 345
6285 1961 429
6286 1786 513
6287 3880 277
6288 5900 381
6289 3044 375
6290 5681 396
6291 2954 413
6292 0 -1
6293 3076 347
6294 4840 349
6295 4578 410
6296 5529 410
6297 844 315
6298 3394 317
6299 2361 419
6300 2502 385
6301 4570 203
6302 3510 431
6303 5115 401
6304 927 516
6305 2935 300
6306 0 -1
6307 4858 418
6308 0 -1
6309 5606 404
6310 995 366
6311 1824 386
6312 2650 470
6313 5562 563
6314 3644 711
6315 2243 379
6316 4935 439
6317 999 160
6318 6545 374
6319 4591 358
6320 2638 307
6321 777 383
6322 2699 520
6323 2315 441
6324 5499 326
6325 3394 293
6326 5932 403
6327 4295 524
6328 5996 377
6329 5817 414
6330 2528 382
6331 1005 412
6332 5217 453
6333 6420 425
6334 4252 387
6335 1404 413
6336 5291 401
6337 3197 316
6338 0 -1
6339 3451 372
6340 5751 471
6341 4307 386
6342 4378 320
6343 2808 407
6344 1794 410
6345 2167 415
6346 6181 319
6347 2547 371
6348 2627 406
6349 767 366
6350 1054 161
6351 1806 389
6352 794 353
6353 110 494
6354 6163 112
6355 362 551
6356 1781 509
6357 0 -1
6358 2245 276
6359 2188 446
6360 2400 312
6361 3440 420
6362 4824 434
6363 6565 304
6364 2115 424
6365 1071 396
6366 5033 471
6367 263 412
6368 4371 389
6369 189 262
6370 0 -1
6371 4000 518
6372 356 400
6373 2886 329
6374 4186 443
6375 783 291
6376 4302 487
6377 6542 414
6378 1097 389
6379 3525 448
6380 4206 299
6381 0 -1
6382 2735 201
6383 5063 389
6384 1186 438
6385 5111 549
6386 1830 305
6387 5109 479
6388 4798 409
6389 1175 379
6390 6225 222
6391 2106 313
6392 2103 349
6393 4553 261
6394 4577 309
6395 6557 366
6396 2776 345
6397 6578 522
6398 5407 512
6399 2489 358
6400 0 -1
6401 969 547
6402 585 424
6403 5034 333
6404 1879 362
6405 5293 439
6406 1084 435
6407 3928 355
6408 1550 392
6409 4719 370
6410 5190 377
6411 4707 426
6412 483 392
6413 3437 314
6414 0 -1
6415 0 -1
6416 2440 309
6417 3380 457
6418 0 -1
6419 2741 323
6420 4582 333
6421 5572 451
6422 1468 350
6423 0 -1
6424 5034 323
6425 0 -1
6426 3193 379
6427 418 372
6428 0 -1
6429 6108 326
6430 1601 498
6431 4580 463
6432 1060 490
6433 1705 427
6434 5340 294
6435 5582 248
6436 4728 230
6437 4985 332
6438 1405 419
6439 2466 491
6440 3666 447
6441 113 174
6442 2588 383
6443 5777 362
6444 6429 372
6445 3898 467
6446 3554 332
6447 3549 407
6448 5820 438
6449 548 364
6450 1892 365
6451 1462 288
6452 1068 357
6453 0 -1
6454 1538 374
6455 2565 376
6456 5323 358
6457 1825 410
6458 1454 447
6459 4537 215
6460 5802 362
6461 3078 404
6462 5107 407
6463 6420 367
6464 4226 480
6465 2834 373
6466 900 293
6467 4022 398
6468 6158 426
6469 2872 512
6470 6207 268
6471 5761 338
6472 0 -1
6473 2566 458
6474 6475 276
6475 4955 234
6476 4994 343
6477 1126 437
6478 5097 414
6479 4792 373
6480 1974 447
6481 4255 474
6482 1408 377
6483 3418 400
6484 3576 325
6485 3204 220
6486 4849 499
6487 925 427
6488 4255 409
6489 589 337
6490 3625 451
6491 6551 470
6492 3546 331
6493 5672 428
6494 1658 424
6495 4768 441
6496 3265 455
6497 1631 369
6498 1667 452
6499 3207 493
6500 2985 359
6501 5768 419
6502 1796 528
6503 6265 422
6504 3449 351
6505 5868 348
6506 2567 386
6507 3447 359
6508 557 407
6509 6378 439
6510 5782 333
6511 3556 309
6512 4748 343
6513 2809 469
6514 0 -1
6515 4887 420
6516 5085 430
6517 1352 466
6518 3632 291
6519 4993 436
6520 2333 374
6521 4938 534
6522 5663 529
6523 1670 330
6524 5256 301
6525 759 240
6526 2764 354
6527 5304 456
6528 2529 428
6529 5069 279
6530 4983 380
6531 5790 316
6532 359 434
6533 5413 445
6534 3921 472
6535 1968 383
6536 790 345
6537 3109 240
6538 4597 465
6539 5524 441
6540 3673 367
6541 1358 431
6542 1108 347
6543 3494 357
6544 3708 201
6545 2864 323
6546 2944 377
6547 3034 384
6548 1537 352
6549 2193 420
6550 944 321
6551 3254 426
6552 3681 532
6553 6231 349
6554 4479 494
6555 5700 401
6556 3418 349
6557 6386 349
6558 5627 453
6559 1079 262
6560 1850 410
6561 3582 324
6562 3799 400
6563 4437 324
6564 2772 236
6565 6390 274
6566 757 338
6567 2966 349
6568 3943 428
6569 184 403
6570 4289 368
6571 657 475
6572 1629 411
6573 6222 264
6574 255 372
6575 2724 361
6576 3717 388
6577 2701 372
6578 6438 492
6579 432 426
6580 3662 222
6581 2559 432
6582 0 -1
6583 0 -1
6584 3120 374
6585 1343 324
6586 3496 337
6587 2813 233
6588 4289 362
6589 5650 448
6590 5428 348
6591 3543 310
6592 728 414
6593 0 -1
6594 4140 385
6595 2103 340
6596 5100 370
6597 336 362
6598 3508 390
6599 3898 486
6600 18 434
