17
1 0 -1
2 3470 455
3 0 -1
4 6032 428
5 5624 385
6 0 -1
7 2732 435
8 378 390
9 192 373
10 3773 402
11 6527 471
12 0 -1
13 1569 328
14 329 348
15 1809 285
16 1402 398
17 17 0
18 6346 448
19 1860 382
20 3615 239
21 60 365
22 5484 244
23 1293 426
24 5438 331
25 151 485
26 4645 266
27 5499 278
28 5025 437
29 3989 391
30 3881 446
31 0 -1
32 116 313
33 5737 325
34 1645 348
35 3484 245
36 2248 468
37 4818 363
38 5902 451
39 2153 370
40 3846 337
41 3369 359
42 4247 356
43 558 301
44 4291 329
45 1283 370
46 134 465
47 1617 692
48 790 397
49 4119 413
50 3169 346
51 3112 385
52 855 316
53 1190 392
54 3342 372
55 3324 409
56 4057 324
57 5984 325
58 0 -1
59 1504 386
60 6165 342
61 3728 380
62 2317 350
63 2359 305
64 4824 555
65 3515 379
66 5960 388
67 5642 436
68 0 -1
69 3382 441
70 942 86
71 906 388
72 3826 347
73 4828 458
74 1053 327
75 4233 159
76 6051 305
77 967 361
78 410 317
79 309 342
80 4228 354
81 3922 431
82 5839 223
83 101 308
84 2074 352
85 4959 270
86 2358 113
87 4286 407
88 288 317
89 5345 414
90 20 249
91 227 580
92 0 -1
93 6010 279
94 1782 475
95 4266 406
96 3850 323
97 3520 289
98 1126 485
99 6196 350
100 5871 349
101 2064 307
102 4115 198
103 142 338
104 2593 267
105 4525 283
106 1292 357
107 5962 285
108 5195 336
109 6020 379
110 3960 292
111 5925 322
112 1259 440
113 599 339
114 2851 408
115 2537 462
116 1311 308
117 182 466
118 786 308
119 4672 307
120 3289 736
121 3867 505
122 777 316
123 99 392
124 0 -1
125 6136 390
126 4100 391
127 1353 354
128 1016 344
129 5545 391
130 1436 469
131 5783 226
132 6591 358
133 6529 348
134 880 447
135 1253 304
136 1491 300
137 337 511
138 0 -1
139 3453 415
140 2701 400
141 1000 365
142 4261 315
143 5953 305
144 2993 331
145 2453 337
146 3732 423
147 5016 366
148 2279 332
149 129 435
150 521 504
151 6410 394
152 528 350
153 4123 320
154 5767 453
155 5998 348
156 1277 276
157 0 -1
158 5284 371
159 4421 303
160 1932 174
161 1968 275
162 1900 396
163 6179 389
164 5680 282
165 0 -1
166 2602 490
167 832 302
168 4970 386
169 1227 433
170 1054 343
171 0 -1
172 849 312
173 3080 315
174 4548 413
175 4084 450
176 1059 340
177 3570 486
178 3798 373
179 3946 293
180 1767 351
181 4693 322
182 4258 349
183 6488 372
184 3594 412
185 4619 284
186 3578 449
187 6334 231
188 230 422
189 2756 394
190 0 -1
191 1933 322
192 6093 373
193 5361 451
194 5482 366
195 0 -1
196 5671 254
197 1323 549
198 6041 413
199 6585 200
200 5744 397
201 3771 472
202 5799 435
203 2941 187
204 4290 424
205 284 381
206 1705 410
207 3414 396
208 4526 432
209 6266 434
210 3676 395
211 6278 342
212 0 -1
213 6526 289
214 6566 324
215 443 220
216 1704 451
217 3677 328
218 3897 299
219 1249 349
220 5591 344
221 5163 284
222 2095 399
223 5224 394
224 0 -1
225 0 -1
226 1302 470
227 168 475
228 2043 383
229 2174 333
230 4186 360
231 5330 242
232 2567 381
233 2397 511
234 3256 458
235 6099 512
236 3801 392
237 0 -1
238 4060 353
239 1849 300
240 1788 414
241 1283 420
242 0 -1
243 6179 361
244 1307 218
245 5612 366
246 842 299
247 2259 270
248 776 353
249 870 387
250 1338 471
251 2053 447
252 1086 399
253 0 -1
254 615 411
255 6189 403
256 2485 429
257 4046 397
258 3244 336
259 0 -1
260 3699 411
261 467 384
262 5202 323
263 2244 333
264 1884 393
265 147 407
266 2692 450
267 274 308
268 5428 436
269 1809 340
270 3080 420
271 3932 400
272 1056 454
273 3181 466
274 359 264
275 5440 437
276 1307 202
277 0 -1
278 5281 421
279 2026 405
280 5321 433
281 925 381
282 5485 286
283 1809 287
284 1289 285
285 5697 479
286 4453 456
287 0 -1
288 6244 221
289 683 338
290 93 295
291 2803 322
292 4920 390
293 5711 356
294 6488 354
295 0 -1
296 1667 395
297 6535 326
298 5768 372
299 6048 425
300 3367 561
301 6119 364
302 5101 368
303 3641 514
304 461 366
305 4506 410
306 4294 464
307 3620 408
308 4873 397
309 3960 279
310 0 -1
311 2846 467
312 3009 313
313 2778 488
314 4263 361
315 5059 368
316 40 345
317 6528 417
318 3050 355
319 0 -1
320 6055 419
321 482 324
322 2606 388
323 5267 343
324 5016 380
325 4668 297
326 3214 313
327 3121 340
328 587 422
329 2383 304
330 0 -1
331 5438 360
332 1088 437
333 3411 478
334 3691 395
335 5813 386
336 4224 385
337 5262 420
338 418 444
339 1149 414
340 5716 394
341 2582 479
342 5417 329
343 5570 411
344 1165 345
345 4640 288
346 4126 383
347 548 369
348 2550 392
349 2514 469
350 6236 376
351 6319 338
352 5209 250
353 3467 378
354 2839 313
355 4762 427
356 982 314
357 309 291
358 0 -1
359 685 198
360 2852 458
361 6050 310
362 5864 469
363 6168 326
364 6015 353
365 5473 395
366 1935 400
367 1070 277
368 4173 435
369 1083 366
370 1172 371
371 1970 308
372 959 259
373 491 304
374 2677 295
375 5577 211
376 2766 453
377 3176 455
378 1469 320
379 4793 344
380 0 -1
381 1740 409
382 911 365
383 664 442
384 5025 438
385 5144 312
386 5077 409
387 2346 407
388 3938 378
389 312 366
390 1439 296
391 6432 491
392 0 -1
393 2343 398
394 769 520
395 4133 303
396 5343 435
397 984 399
398 4302 444
399 2653 475
400 0 -1
401 4187 427
402 1619 408
403 1114 384
404 2057 379
405 5798 533
406 3682 394
407 897 342
408 4231 312
409 6377 426
410 4123 214
411 6363 442
412 3204 341
413 301 415
414 3764 493
415 2555 373
416 5899 335
417 261 429
418 1603 419
419 5036 419
420 4650 451
421 2681 335
422 5528 426
423 3936 276
424 5469 315
425 6008 192
426 793 362
427 4384 444
428 6257 392
429 3496 379
430 569 435
431 680 346
432 749 377
433 2838 258
434 4263 382
435 6244 215
436 1247 346
437 4984 380
438 3288 433
439 2858 556
440 1722 284
441 4164 514
442 1530 434
443 5577 208
444 4924 313
445 23 455
446 39 381
447 1447 403
448 4937 316
449 2425 312
450 4940 482
451 0 -1
452 1960 398
453 766 462
454 739 339
455 5837 388
456 1732 368
457 4804 422
458 1940 340
459 5196 328
460 4726 334
461 2895 258
462 1647 543
463 5363 376
464 4671 502
465 4332 268
466 5952 318
467 2018 300
468 2907 383
469 3086 369
470 97 301
471 3224 328
472 807 311
473 3595 341
474 467 341
475 2745 267
476 6580 416
477 456 467
478 41 389
479 3509 331
480 578 427
481 6368 503
482 5005 316
483 4696 405
484 4770 494
485 2168 354
486 2408 329
487 2376 399
488 2461 418
489 2716 366
490 5544 229
491 1427 281
492 1803 421
493 164 317
494 5839 254
495 654 480
496 2208 350
497 4695 328
498 6354 376
499 0 -1
500 1267 318
501 0 -1
502 5957 347
503 3255 207
504 1852 392
505 4219 388
506 4104 379
507 3809 170
508 4998 594
509 474 437
510 5962 316
511 2395 410
512 4153 252
513 1249 388
514 2110 338
515 1875 372
516 79 360
517 6129 199
518 3407 322
519 4196 329
520 2003 394
521 3819 502
522 2738 374
523 940 353
524 4589 278
525 0 -1
526 1583 342
527 4135 422
528 3323 333
529 1933 290
530 4685 368
531 4597 301
532 93 293
533 5068 442
534 0 -1
535 6596 342
536 3322 447
537 3766 398
538 2693 468
539 473 346
540 3603 361
541 5975 556
542 5904 462
543 1916 400
544 3205 437
545 6594 376
546 5795 403
547 6365 380
548 5259 357
549 0 -1
550 2311 349
551 5135 414
552 629 354
553 4448 386
554 3196 398
555 3412 329
556 667 342
557 1235 306
558 1997 296
559 2081 372
560 0 -1
561 3050 292
562 5665 281
563 2930 330
564 3655 264
565 3846 373
566 3101 392
567 4962 342
568 3904 382
569 5512 400
570 4869 402
571 0 -1
572 1536 427
573 1797 607
574 6188 402
575 4580 353
576 3880 440
577 4800 414
578 944 321
579 3226 320
580 4911 271
581 1960 443
582 4995 411
583 6369 443
584 5919 357
585 1258 356
586 2893 761
587 4700 325
588 1409 352
589 630 418
590 3200 162
591 4143 391
592 1153 447
593 513 392
594 4446 373
595 4989 317
596 4406 383
597 1589 375
598 1644 346
599 6288 320
600 0 -1
601 5458 459
602 1847 326
603 4453 384
604 1878 424
605 3227 374
606 1786 400
607 3753 440
608 5754 291
609 2823 364
610 0 -1
611 4910 306
612 35 285
613 5378 440
614 2506 325
615 5166 326
616 5825 469
617 4421 302
618 0 -1
619 2655 279
620 3229 361
621 4399 374
622 4353 353
623 0 -1
624 5438 362
625 1377 457
626 3189 381
627 6161 431
628 5154 381
629 85 291
630 3784 300
631 2286 208
632 850 428
633 2847 432
634 4816 419
635 1889 383
636 4698 335
637 5850 268
638 1560 329
639 3537 329
640 5632 379
641 5516 289
642 3603 280
643 569 403
644 5251 344
645 0 -1
646 2217 395
647 2157 371
648 5063 354
649 0 -1
650 6309 439
651 682 431
652 321 423
653 1466 425
654 4164 450
655 0 -1
656 1927 299
657 5236 459
658 6221 300
659 2425 369
660 5013 248
661 5462 451
662 2409 416
663 2719 379
664 1179 403
665 6523 382
666 176 378
667 3234 313
668 2210 433
669 2233 422
670 2449 317
671 4514 360
672 5751 476
673 230 478
674 6230 405
675 674 455
676 503 300
677 3541 358
678 5227 102
679 6289 459
680 2926 289
681 401 446
682 2048 339
683 2899 273
684 5528 436
685 4963 169
686 1271 311
687 3366 465
688 4760 466
689 4493 279
690 2489 358
691 5989 394
692 2373 328
693 4984 417
694 5409 353
695 1831 334
696 6217 377
697 2944 383
698 4097 316
699 6216 475
700 839 410
701 4760 451
702 2614 397
703 3019 466
704 4346 272
705 2506 311
706 4363 388
707 2640 475
708 4222 579
709 3106 292
710 724 444
711 4136 514
712 2576 400
713 288 261
714 4581 395
715 4193 423
716 5231 420
717 5568 489
718 967 327
719 5269 369
720 0 -1
721 6372 436
722 5554 367
723 959 228
724 361 355
725 2236 322
726 5499 271
727 937 224
728 246 403
729 3290 445
730 2140 345
731 2472 425
732 140 403
733 4554 465
734 1755 408
735 5875 328
736 2101 411
737 5657 500
738 2931 379
739 4798 244
740 4978 313
741 2054 424
742 2323 392
743 6232 352
744 6500 375
745 6003 419
746 3690 426
747 2406 343
748 5093 412
749 1313 321
750 4348 258
751 531 351
752 1553 366
753 1136 496
754 5167 387
755 999 317
756 3532 455
757 5332 284
758 3898 380
759 3407 347
760 704 308
761 4270 407
762 1889 466
763 1836 268
764 1002 454
765 3643 277
766 3305 355
767 1926 315
768 4553 406
769 3086 408
770 1258 363
771 4481 448
772 2080 449
773 2694 339
774 3215 452
775 6464 491
776 1370 324
777 3055 250
778 2035 353
779 1715 321
780 4726 360
781 3393 294
782 4094 458
783 2756 433
784 565 382
785 5258 357
786 4118 300
787 5671 295
788 6270 369
789 0 -1
790 262 382
791 1288 260
792 6217 443
793 2351 310
794 2642 387
795 547 401
796 1597 549
797 6365 460
798 1160 400
799 4529 356
800 1999 377
801 3307 521
802 4988 370
803 0 -1
804 4692 369
805 345 289
806 1295 449
807 2267 243
808 3615 302
809 3965 432
810 0 -1
811 852 615
812 2173 431
813 3649 451
814 3154 359
815 0 -1
816 1584 511
817 6243 491
818 476 508
819 0 -1
820 0 -1
821 2883 407
822 4442 428
823 923 520
824 641 336
825 4663 469
826 4222 521
827 6123 359
828 5586 456
829 3083 621
830 4928 212
831 1103 409
832 4482 229
833 3030 433
834 5656 244
835 6218 325
836 558 302
837 6314 735
838 4985 474
839 217 362
840 4254 316
841 1144 408
842 5834 294
843 1235 296
844 2803 274
845 6265 366
846 510 434
847 937 286
848 1404 397
849 6334 235
850 2706 367
851 5081 317
852 2320 515
853 5347 282
854 3459 221
855 5577 221
856 1574 281
857 2841 302
858 999 286
859 3231 353
860 1537 452
861 1333 347
862 0 -1
863 1114 365
864 5952 306
865 3315 291
866 4473 296
867 668 449
868 4902 456
869 6133 380
870 5499 319
871 6113 467
872 0 -1
873 3051 395
874 351 357
875 3208 495
876 4435 442
877 2785 339
878 6311 282
879 4876 374
880 1985 359
881 6296 476
882 3365 541
883 0 -1
884 5177 415
885 1526 400
886 5754 295
887 312 410
888 881 519
889 5670 389
890 1712 313
891 1268 423
892 1859 312
893 1634 441
894 1709 378
895 3361 440
896 5738 442
897 423 334
898 5598 473
899 879 476
900 1383 291
901 2691 368
902 3530 445
903 5853 379
904 5950 466
905 2625 283
906 1209 356
907 537 404
908 3632 550
909 1750 381
910 4670 411
911 2042 319
912 1077 392
913 2316 358
914 6492 422
915 6120 329
916 1368 306
917 3512 389
918 1822 476
919 4963 226
920 4512 367
921 4914 387
922 4147 425
923 406 426
924 378 437
925 5545 341
926 3901 366
927 5321 462
928 352 332
929 4608 735
930 4787 499
931 76 335
932 3492 258
933 5409 383
934 2529 347
935 0 -1
936 6194 453
937 3937 205
938 5173 361
939 6084 420
940 4391 352
941 5596 264
942 1343 76
943 247 318
944 2926 305
945 2106 389
946 6480 433
947 524 286
948 0 -1
949 3508 395
950 2147 410
951 4173 417
952 3592 321
953 3737 403
954 4923 379
955 2947 442
956 3809 196
957 2205 504
958 6072 366
959 4963 209
960 4523 355
961 0 -1
962 6341 382
963 4457 330
964 0 -1
965 4871 413
966 5772 390
967 3121 257
968 5190 443
969 1140 485
970 1249 406
971 4310 394
972 864 331
973 3950 387
974 5097 341
975 5449 382
976 507 185
977 2899 282
978 0 -1
979 2378 413
980 4879 362
981 0 -1
982 2611 196
983 2694 328
984 6438 349
985 770 431
986 5263 518
987 564 311
988 244 338
989 4889 455
990 5069 353
991 1972 394
992 0 -1
993 0 -1
994 968 511
995 5338 220
996 2439 219
997 5373 289
998 1038 383
999 3204 278
1000 2891 296
1001 42 465
1002 4068 387
1003 3244 347
1004 4655 374
1005 2091 404
1006 583 485
1007 1909 411
1008 41 409
1009 5383 464
1010 0 -1
1011 0 -1
1012 3123 538
1013 677 373
1014 1608 393
1015 4522 306
1016 5558 305
1017 2122 378
1018 1183 453
1019 2353 482
1020 4548 428
1021 1622 329
1022 5151 315
1023 4058 268
1024 1299 389
1025 4383 385
1026 2106 402
1027 4133 347
1028 1893 313
1029 1413 395
1030 3969 432
1031 2464 520
1032 2112 339
1033 4821 500
1034 1246 465
1035 5729 335
1036 5011 395
1037 5123 427
1038 44 380
1039 5139 363
1040 3250 446
1041 2081 403
1042 4756 512
1043 3340 368
1044 5531 437
1045 5619 382
1046 230 480
1047 0 -1
1048 489 388
1049 6180 427
1050 2127 405
1051 2267 304
1052 72 358
1053 4200 305
1054 900 311
1055 1974 405
1056 1509 446
1057 4105 368
1058 522 388
1059 561 300
1060 5174 370
1061 2074 371
1062 3917 396
1063 5969 316
1064 3327 476
1065 2950 301
1066 4938 377
1067 0 -1
1068 4920 310
1069 4903 428
1070 4102 263
1071 5163 348
1072 4510 393
1073 244 300
1074 176 418
1075 2655 272
1076 132 417
1077 5131 378
1078 2365 413
1079 966 480
1080 723 320
1081 101 395
1082 5447 313
1083 6049 265
1084 1101 370
1085 0 -1
1086 2696 329
1087 0 -1
1088 4416 380
1089 0 -1
1090 3520 299
1091 0 -1
1092 3981 324
1093 4693 341
1094 373 366
1095 4322 436
1096 3180 322
1097 6591 339
1098 428 439
1099 372 328
1100 3544 441
1101 1053 351
1102 4652 411
1103 3670 307
1104 1731 419
1105 2053 471
1106 23 426
1107 0 -1
1108 2117 264
1109 4515 455
1110 4361 480
1111 3091 252
1112 6073 297
1113 1289 222
1114 3228 354
1115 3437 403
1116 0 -1
1117 2325 393
1118 4942 473
1119 3929 401
1120 5062 458
1121 977 349
1122 4838 392
1123 3154 315
1124 5305 270
1125 3091 273
1126 1896 443
1127 2500 416
1128 1313 315
1129 1709 378
1130 2372 339
1131 5878 401
1132 3096 385
1133 4422 398
1134 5308 350
1135 5068 408
1136 4336 399
1137 0 -1
1138 2941 202
1139 4420 400
1140 1583 459
1141 2175 435
1142 458 361
1143 3518 429
1144 1218 339
1145 3958 453
1146 0 -1
1147 2673 419
1148 474 405
1149 4422 384
1150 963 446
1151 5207 574
1152 4899 445
1153 52 348
1154 2926 286
1155 5716 465
1156 4336 459
1157 0 -1
1158 5997 317
1159 1918 480
1160 5795 393
1161 3356 442
1162 5736 451
1163 4281 382
1164 2417 351
1165 85 327
1166 822 451
1167 3871 376
1168 5847 267
1169 2063 450
1170 5327 250
1171 5258 385
1172 5451 303
1173 5210 389
1174 5699 408
1175 1354 322
1176 473 388
1177 2799 400
1178 4767 393
1179 1344 385
1180 4314 412
1181 1144 370
1182 2095 298
1183 236 422
1184 2990 352
1185 4339 306
1186 1659 354
1187 704 282
1188 275 505
1189 3258 484
1190 3158 349
1191 2349 409
1192 1582 390
1193 6555 400
1194 4989 280
1195 2174 405
1196 1784 390
1197 4831 450
1198 349 514
1199 3953 345
1200 1045 405
1201 1848 419
1202 1288 199
1203 4667 386
1204 4294 434
1205 3231 392
1206 865 358
1207 6225 384
1208 4071 339
1209 3016 312
1210 6461 387
1211 2120 343
1212 1267 277
1213 5214 375
1214 1686 356
1215 19 450
1216 3926 447
1217 3527 569
1218 3170 334
1219 3860 436
1220 4132 246
1221 2198 332
1222 167 311
1223 6366 530
1224 3022 483
1225 2833 390
1226 2259 349
1227 2323 371
1228 6076 449
1229 3247 448
1230 2761 306
1231 0 -1
1232 3521 357
1233 0 -1
1234 5934 366
1235 854 285
1236 2791 366
1237 3475 411
1238 5828 275
1239 1856 431
1240 2985 408
1241 6174 391
1242 4332 297
1243 3897 339
1244 2349 297
1245 0 -1
1246 4316 438
1247 3192 284
1248 5709 372
1249 4057 344
1250 5545 347
1251 83 361
1252 2556 514
1253 4591 299
1254 3003 408
1255 590 273
1256 6371 548
1257 2279 387
1258 4476 284
1259 3235 360
1260 5169 390
1261 2403 480
1262 6509 408
1263 5053 572
1264 5225 521
1265 835 370
1266 2580 385
1267 2758 234
1268 1370 381
1269 937 240
1270 3302 399
1271 5330 287
1272 3063 386
1273 1103 373
1274 2880 378
1275 782 525
1276 2803 321
1277 359 218
1278 4489 170
1279 6121 323
1280 2769 247
1281 1724 382
1282 1655 522
1283 6240 364
1284 6526 321
1285 3764 496
1286 1509 462
1287 2731 418
1288 1827 175
1289 1278 181
1290 1942 428
1291 4368 441
1292 1334 346
1293 4488 362
1294 680 408
1295 6119 369
1296 2688 382
1297 0 -1
1298 6531 377
1299 1897 349
1300 5853 306
1301 4604 389
1302 2193 378
1303 2295 478
1304 3085 352
1305 0 -1
1306 2853 400
1307 6585 202
1308 4762 400
1309 5605 533
1310 4291 313
1311 6444 271
1312 947 302
1313 2297 299
1314 4246 280
1315 581 538
1316 0 -1
1317 2425 365
1318 5632 455
1319 2791 452
1320 1622 350
1321 5884 418
1322 3004 361
1323 186 486
1324 0 -1
1325 1719 525
1326 1405 305
1327 6305 406
1328 5735 403
1329 3651 431
1330 3002 465
1331 2312 412
1332 0 -1
1333 160 268
1334 90 257
1335 1395 410
1336 4554 424
1337 6188 402
1338 3782 456
1339 1228 554
1340 741 465
1341 5409 342
1342 1525 327
1343 17 43
1344 2023 322
1345 5627 421
1346 6508 342
1347 6547 341
1348 2689 321
1349 3534 525
1350 777 352
1351 3216 242
1352 5277 398
1353 1968 299
1354 3092 308
1355 5755 389
1356 2016 483
1357 3119 431
1358 6073 295
1359 0 -1
1360 2238 252
1361 1343 151
1362 3640 465
1363 2486 409
1364 682 378
1365 2981 458
1366 3445 397
1367 1991 446
1368 5484 279
1369 152 386
1370 1083 275
1371 1537 381
1372 2921 331
1373 4911 254
1374 4631 488
1375 3387 445
1376 0 -1
1377 3774 433
1378 0 -1
1379 6402 407
1380 0 -1
1381 416 392
1382 5232 530
1383 1351 278
1384 6021 362
1385 470 316
1386 1731 353
1387 3541 332
1388 886 307
1389 2177 352
1390 4444 517
1391 4283 467
1392 4133 314
1393 3561 411
1394 3958 485
1395 312 350
1396 5360 408
1397 6174 424
1398 3637 357
1399 5638 458
1400 2186 440
1401 1293 372
1402 1066 378
1403 2342 360
1404 3862 380
1405 1683 295
1406 4606 535
1407 1166 483
1408 2081 365
1409 4640 300
1410 6297 303
1411 0 -1
1412 1932 163
1413 2172 322
1414 0 -1
1415 1762 341
1416 6361 461
1417 443 256
1418 763 373
1419 3862 462
1420 3118 352
1421 947 396
1422 0 -1
1423 1453 434
1424 6168 365
1425 5686 328
1426 849 276
1427 1933 267
1428 2645 354
1429 4063 358
1430 4780 325
1431 2152 410
1432 167 369
1433 5619 360
1434 4363 323
1435 504 393
1436 3629 386
1437 3386 370
1438 0 -1
1439 1773 277
1440 2770 402
1441 884 439
1442 236 467
1443 142 333
1444 2339 338
1445 3647 329
1446 5575 257
1447 1313 330
1448 3953 352
1449 2375 370
1450 1987 367
1451 3169 297
1452 3169 286
1453 4862 340
1454 4778 339
1455 0 -1
1456 2338 358
1457 2130 290
1458 1045 394
1459 4700 293
1460 2005 500
1461 834 279
1462 709 342
1463 3200 253
1464 1739 302
1465 3675 468
1466 5586 407
1467 3027 561
1468 726 276
1469 2069 286
1470 5106 403
1471 6547 383
1472 3044 459
1473 562 284
1474 1850 321
1475 543 434
1476 5531 385
1477 3121 328
1478 4660 349
1479 3845 378
1480 5848 359
1481 187 240
1482 1559 422
1483 4153 351
1484 1937 525
1485 0 -1
1486 1057 400
1487 82 283
1488 1364 445
1489 4896 461
1490 1877 499
1491 4887 244
1492 0 -1
1493 0 -1
1494 0 -1
1495 3005 416
1496 1369 420
1497 4924 306
1498 2208 305
1499 4522 329
1500 1525 414
1501 3148 351
1502 1428 409
1503 3226 258
1504 85 321
1505 5314 290
1506 5154 391
1507 3876 382
1508 173 380
1509 6512 419
1510 3091 265
1511 6255 400
1512 173 341
1513 6429 370
1514 480 493
1515 5366 437
1516 6213 413
1517 4852 464
1518 2560 428
1519 2146 318
1520 0 -1
1521 4974 379
1522 5764 410
1523 0 -1
1524 2518 482
1525 3602 312
1526 5447 313
1527 1260 394
1528 4329 517
1529 2372 275
1530 3691 378
1531 5057 106
1532 4088 474
1533 6010 262
1534 1276 361
1535 3432 411
1536 2864 397
1537 4153 336
1538 2690 493
1539 5761 303
1540 6393 334
1541 4807 294
1542 3809 214
1543 6133 352
1544 5999 415
1545 3950 445
1546 0 -1
1547 1026 420
1548 74 349
1549 370 462
1550 886 307
1551 6267 397
1552 5156 317
1553 858 342
1554 4042 350
1555 0 -1
1556 4248 424
1557 3800 491
1558 5570 483
1559 4931 394
1560 2645 308
1561 5447 306
1562 5521 398
1563 2406 346
1564 3266 405
1565 0 -1
1566 6492 477
1567 4187 328
1568 0 -1
1569 2677 272
1570 3152 485
1571 4549 450
1572 4737 421
1573 356 340
1574 5338 179
1575 4633 457
1576 5518 352
1577 4665 543
1578 685 199
1579 0 -1
1580 4721 490
1581 2635 492
1582 6561 362
1583 2060 339
1584 1668 435
1585 1531 165
1586 1860 316
1587 2625 315
1588 26 319
1589 213 311
1590 4565 399
1591 465 288
1592 1917 450
1593 589 499
1594 2172 346
1595 3548 385
1596 90 354
1597 1601 449
1598 1437 468
1599 6467 427
1600 3677 408
1601 3315 344
1602 1833 461
1603 2344 400
1604 3662 411
1605 6144 401
1606 2535 436
1607 4980 438
1608 4482 280
1609 4255 306
1610 4331 406
1611 0 -1
1612 77 363
1613 4633 378
1614 3643 290
1615 2793 434
1616 1223 613
1617 130 572
1618 6293 460
1619 2480 356
1620 5331 353
1621 980 418
1622 1459 304
1623 3798 449
1624 2425 307
1625 1746 412
1626 2570 490
1627 5881 366
1628 2261 395
1629 3063 400
1630 5351 419
1631 6537 470
1632 4292 452
1633 5870 296
1634 6162 387
1635 6073 275
1636 1446 320
1637 4150 341
1638 2730 426
1639 2115 478
1640 1259 366
1641 4795 354
1642 2729 445
1643 5225 460
1644 5100 304
1645 359 289
1646 3230 355
1647 6076 471
1648 26 266
1649 0 -1
1650 4279 396
1651 4974 274
1652 2117 352
1653 5526 408
1654 846 505
1655 1059 419
1656 5502 337
1657 5297 410
1658 3395 374
1659 4928 305
1660 2784 459
1661 793 317
1662 2090 381
1663 983 357
1664 3484 206
1665 66 465
1666 6561 251
1667 779 347
1668 1996 367
1669 2774 491
1670 3351 357
1671 0 -1
1672 1941 406
1673 65 388
1674 375 253
1675 1582 404
1676 3403 362
1677 1427 300
1678 2543 359
1679 4624 417
1680 3317 421
1681 4115 284
1682 2374 356
1683 352 250
1684 3038 386
1685 2851 407
1686 5490 343
1687 1888 265
1688 474 428
1689 0 -1
1690 491 342
1691 519 385
1692 1836 254
1693 5469 364
1694 5116 215
1695 1130 390
1696 1238 369
1697 6526 362
1698 244 289
1699 2112 389
1700 4489 249
1701 1941 388
1702 795 513
1703 4713 437
1704 4409 411
1705 135 381
1706 942 149
1707 6454 409
1708 3196 293
1709 3511 316
1710 4937 321
1711 6172 466
1712 6212 254
1713 6398 509
1714 2711 416
1715 5783 214
1716 0 -1
1717 0 -1
1718 5777 414
1719 6066 406
1720 6367 403
1721 3475 378
1722 4346 274
1723 2824 462
1724 5163 341
1725 1719 465
1726 3068 360
1727 3596 262
1728 4481 350
1729 1481 352
1730 709 394
1731 5163 307
1732 6072 345
1733 4479 455
1734 1925 492
1735 0 -1
1736 954 446
1737 5010 328
1738 6346 438
1739 1860 298
1740 3405 328
1741 4667 385
1742 4687 395
1743 6245 412
1744 2562 302
1745 2971 405
1746 4263 354
1747 0 -1
1748 3598 382
1749 5301 366
1750 2694 339
1751 175 461
1752 3918 479
1753 0 -1
1754 482 327
1755 6133 314
1756 6236 397
1757 4564 362
1758 2056 595
1759 2106 413
1760 3838 357
1761 2446 436
1762 470 316
1763 4224 382
1764 246 322
1765 0 -1
1766 1272 501
1767 4254 298
1768 3981 332
1769 4450 480
1770 6063 372
1771 0 -1
1772 0 -1
1773 2439 197
1774 2921 353
1775 137 602
1776 1408 393
1777 6495 411
1778 5057 141
1779 1206 394
1780 3731 365
1781 2142 478
1782 1724 434
1783 4128 435
1784 4873 340
1785 1068 368
1786 1405 361
1787 3459 217
1788 2359 374
1789 960 395
1790 1194 329
1791 1662 414
1792 3194 300
1793 1350 432
1794 5823 395
1795 3736 345
1796 2141 488
1797 4036 571
1798 0 -1
1799 0 -1
1800 0 -1
1801 0 -1
1802 2615 396
1803 6168 303
1804 3087 367
1805 563 370
1806 6297 353
1807 490 341
1808 698 381
1809 4790 268
1810 5223 341
1811 108 392
1812 274 296
1813 4394 300
1814 4150 279
1815 3363 396
1816 3049 401
1817 3958 392
1818 2063 448
1819 3158 316
1820 0 -1
1821 2451 459
1822 5065 417
1823 628 454
1824 1533 293
1825 5447 347
1826 4499 430
1827 685 173
1828 713 315
1829 4760 355
1830 3325 287
1831 5162 305
1832 0 -1
1833 4633 375
1834 4650 446
1835 4966 448
1836 5544 220
1837 136 301
1838 312 399
1839 3293 536
1840 5166 270
1841 5367 619
1842 5208 356
1843 6232 325
1844 0 -1
1845 3978 443
1846 5115 393
1847 982 273
1848 5934 342
1849 2608 286
1850 5324 285
1851 6152 504
1852 1715 277
1853 614 335
1854 3764 405
1855 2873 364
1856 2565 419
1857 1333 331
1858 5999 380
1859 5209 246
1860 2590 290
1861 1278 262
1862 2918 453
1863 828 508
1864 5159 415
1865 2889 493
1866 4425 579
1867 2259 255
1868 2343 434
1869 5404 371
1870 5397 476
1871 1715 224
1872 5109 416
1873 3701 418
1874 1892 396
1875 3232 362
1876 0 -1
1877 2114 408
1878 1405 345
1879 4386 361
1880 6080 335
1881 0 -1
1882 6427 411
1883 2752 447
1884 6329 308
1885 4315 371
1886 0 -1
1887 316 367
1888 102 243
1889 3343 375
1890 3594 375
1891 2045 492
1892 4065 351
1893 3768 295
1894 4499 534
1895 2753 430
1896 5128 402
1897 6531 314
1898 3998 246
1899 0 -1
1900 1847 284
1901 29 408
1902 1153 387
1903 3659 482
1904 2048 337
1905 4094 414
1906 0 -1
1907 161 292
1908 2328 443
1909 5906 329
1910 6321 387
1911 2943 486
1912 4837 448
1913 0 -1
1914 3007 398
1915 2004 305
1916 5905 321
1917 2325 378
1918 293 385
1919 1852 343
1920 636 409
1921 5774 594
1922 1708 316
1923 5156 386
1924 354 329
1925 3755 389
1926 359 275
1927 2111 285
1928 678 160
1929 309 354
1930 5897 417
1931 3669 340
1932 4715 141
1933 834 246
1934 3432 395
1935 5984 343
1936 1591 312
1937 4857 520
1938 3414 360
1939 1016 343
1940 4173 328
1941 2236 320
1942 323 378
1943 2436 269
1944 6047 414
1945 1810 438
1946 5385 643
1947 2568 597
1948 2194 466
1949 6467 443
1950 2746 395
1951 2759 457
1952 4910 313
1953 2295 399
1954 4782 447
1955 5542 563
1956 603 464
1957 6136 356
1958 0 -1
1959 3762 380
1960 3526 396
1961 3384 361
1962 5289 388
1963 5447 355
1964 1111 339
1965 0 -1
1966 3287 394
1967 0 -1
1968 4591 270
1969 2231 377
1970 1023 299
1971 5793 560
1972 4686 359
1973 0 -1
1974 460 335
1975 3214 295
1976 1468 338
1977 4306 403
1978 435 308
1979 3484 278
1980 415 397
1981 436 404
1982 0 -1
1983 1372 384
1984 0 -1
1985 1481 255
1986 5596 259
1987 1368 298
1988 3188 351
1989 4050 278
1990 910 513
1991 4150 330
1992 2267 271
1993 0 -1
1994 5960 365
1995 4750 315
1996 5071 247
1997 2507 287
1998 4441 437
1999 1000 301
2000 3647 406
2001 0 -1
2002 4727 399
2003 1651 325
2004 465 269
2005 3708 437
2006 0 -1
2007 5935 462
2008 1732 350
2009 5611 453
2010 1253 349
2011 0 -1
2012 4797 335
2013 2863 460
2014 5651 443
2015 5072 381
2016 4859 425
2017 1111 275
2018 1288 245
2019 3817 386
2020 5541 564
2021 5417 403
2022 5965 399
2023 2322 310
2024 535 445
2025 3075 387
2026 5133 336
2027 3616 288
2028 0 -1
2029 1293 381
2030 0 -1
2031 3496 415
2032 3305 341
2033 6492 441
2034 4471 404
2035 2993 259
2036 0 -1
2037 1304 439
2038 0 -1
2039 181 378
2040 5530 380
2041 5911 293
2042 1898 260
2043 456 370
2044 2453 406
2045 34 419
2046 4796 332
2047 2838 316
2048 3697 282
2049 0 -1
2050 2417 339
2051 3797 466
2052 2787 350
2053 686 388
2054 723 339
2055 6129 211
2056 4874 500
2057 373 311
2058 4416 374
2059 3974 324
2060 4798 265
2061 5979 350
2062 4246 311
2063 1739 396
2064 1255 307
2065 6055 423
2066 5734 309
2067 4885 353
2068 2804 269
2069 5247 224
2070 3628 427
2071 2745 326
2072 539 460
2073 6031 347
2074 4464 348
2075 5126 555
2076 0 -1
2077 2921 338
2078 3400 315
2079 3179 375
2080 5410 355
2081 5760 321
2082 6536 459
2083 6403 352
2084 3372 379
2085 4191 353
2086 3578 413
2087 634 473
2088 6066 420
2089 4699 537
2090 80 380
2091 3235 384
2092 3513 528
2093 3814 287
2094 4473 367
2095 1202 283
2096 0 -1
2097 421 395
2098 1194 325
2099 3958 370
2100 6247 519
2101 2236 346
2102 5731 422
2103 5665 210
2104 396 446
2105 1075 363
2106 1473 298
2107 3842 420
2108 3994 567
2109 4812 474
2110 2027 336
2111 4793 275
2112 1651 282
2113 3132 447
2114 1552 326
2115 1294 450
2116 3155 331
2117 4738 256
2118 2070 433
2119 5140 511
2120 6444 299
2121 5401 517
2122 4697 325
2123 6239 477
2124 2685 480
2125 1289 289
2126 5828 242
2127 5516 369
2128 0 -1
2129 5393 428
2130 6010 246
2131 1333 366
2132 6013 444
2133 1299 355
2134 4071 362
2135 2940 363
2136 4987 424
2137 4698 395
2138 3351 329
2139 3325 377
2140 4112 336
2141 821 426
2142 764 460
2143 714 424
2144 3789 299
2145 3044 421
2146 5785 297
2147 4256 374
2148 1469 375
2149 4093 526
2150 5729 234
2151 348 481
2152 1809 377
2153 6200 262
2154 2274 323
2155 6297 393
2156 6187 399
2157 6382 348
2158 4522 357
2159 855 296
2160 2098 354
2161 4166 467
2162 637 339
2163 1135 446
2164 2784 376
2165 4302 440
2166 2440 398
2167 641 350
2168 1209 316
2169 0 -1
2170 186 462
2171 5871 415
2172 4226 316
2173 4516 391
2174 3436 314
2175 2725 351
2176 4525 252
2177 22 333
2178 640 390
2179 1444 372
2180 1123 417
2181 6244 215
2182 6588 485
2183 1936 347
2184 5794 329
2185 2593 221
2186 3214 329
2187 3098 368
2188 4118 286
2189 4428 364
2190 6297 350
2191 5199 251
2192 602 391
2193 916 351
2194 3018 438
2195 3280 366
2196 6091 506
2197 0 -1
2198 6212 315
2199 6561 355
2200 170 432
2201 4793 343
2202 3088 435
2203 3049 428
2204 4048 439
2205 3311 470
2206 2024 487
2207 1105 476
2208 1278 279
2209 0 -1
2210 2887 363
2211 6039 304
2212 5650 385
2213 3336 680
2214 3836 357
2215 587 337
2216 2290 443
2217 3957 325
2218 0 -1
2219 2297 407
2220 5329 396
2221 4147 335
2222 5886 363
2223 3889 420
2224 4941 494
2225 108 361
2226 5687 425
2227 2418 393
2228 5104 470
2229 5520 487
2230 0 -1
2231 5705 329
2232 0 -1
2233 848 421
2234 3037 432
2235 5861 481
2236 1334 301
2237 784 430
2238 6096 216
2239 2729 381
2240 587 342
2241 2176 365
2242 4085 535
2243 1996 285
2244 2838 242
2245 2157 388
2246 2314 441
2247 6110 457
2248 293 420
2249 1405 349
2250 4291 292
2251 0 -1
2252 3502 463
2253 3570 466
2254 1644 365
2255 2580 305
2256 0 -1
2257 3186 437
2258 3794 382
2259 2838 253
2260 6201 424
2261 5755 361
2262 3603 255
2263 0 -1
2264 5358 380
2265 0 -1
2266 2538 455
2267 6435 198
2268 5558 384
2269 5946 482
2270 2465 402
2271 2647 365
2272 3157 51
2273 900 364
2274 6001 314
2275 779 343
2276 5675 325
2277 933 480
2278 0 -1
2279 3188 328
2280 4911 330
2281 1544 509
2282 5745 530
2283 0 -1
2284 0 -1
2285 1468 351
2286 1289 196
2287 5465 507
2288 5962 291
2289 0 -1
2290 3450 364
2291 2792 415
2292 0 -1
2293 938 409
2294 2400 314
2295 3728 392
2296 5105 376
2297 5516 289
2298 2144 412
2299 9 425
2300 1999 308
2301 4581 346
2302 4914 331
2303 0 -1
2304 3629 357
2305 2174 352
2306 605 420
2307 2343 347
2308 491 363
2309 3141 491
2310 1427 267
2311 1831 306
2312 963 363
2313 5830 377
2314 4031 432
2315 550 366
2316 6165 350
2317 2500 299
2318 372 307
2319 6392 301
2320 2760 470
2321 446 441
2322 425 246
2323 2417 307
2324 561 309
2325 3224 312
2326 3256 417
2327 6371 490
2328 5159 399
2329 262 439
2330 5330 281
2331 4651 527
2332 76 312
2333 4028 328
2334 5736 412
2335 14 441
2336 169 456
2337 1997 298
2338 20 356
2339 2458 281
2340 5906 356
2341 2507 313
2342 2345 325
2343 1144 342
2344 421 400
2345 2528 231
2346 5339 383
2347 3993 301
2348 3448 362
2349 3957 297
2350 5675 318
2351 4112 266
2352 1536 495
2353 5182 402
2354 1271 314
2355 1235 359
2356 6051 240
2357 2214 409
2358 942 91
2359 3603 267
2360 5005 402
2361 5156 322
2362 5982 412
2363 4282 413
2364 6113 404
2365 5672 360
2366 33 366
2367 1591 389
2368 6536 420
2369 4686 254
2370 5872 526
2371 5516 365
2372 2629 233
2373 6008 245
2374 807 351
2375 3194 311
2376 3009 303
2377 2724 401
2378 6219 396
2379 580 366
2380 4021 448
2381 0 -1
2382 721 441
2383 6595 293
2384 0 -1
2385 4304 432
2386 3005 388
2387 5482 430
2388 6150 451
2389 2351 348
2390 5346 430
2391 5910 395
2392 3406 368
2393 0 -1
2394 1412 282
2395 3482 314
2396 1731 337
2397 1960 489
2398 0 -1
2399 2936 631
2400 1541 299
2401 5700 439
2402 0 -1
2403 6196 389
2404 0 -1
2405 3974 343
2406 5162 325
2407 3685 396
2408 2940 308
2409 4700 390
2410 5082 352
2411 0 -1
2412 1112 345
2413 2819 357
2414 1277 313
2415 0 -1
2416 0 -1
2417 3581 290
2418 865 340
2419 3832 294
2420 6054 347
2421 2337 336
2422 4048 479
2423 1183 446
2424 1036 459
2425 512 268
2426 5010 343
2427 6034 417
2428 1983 461
2429 1707 452
2430 845 424
2431 1904 427
2432 2341 406
2433 6570 376
2434 1028 373
2435 1125 283
2436 1692 269
2437 1557 586
2438 135 308
2439 3951 158
2440 4290 386
2441 5669 328
2442 5908 464
2443 3985 474
2444 4886 356
2445 3925 419
2446 3380 350
2447 517 314
2448 470 308
2449 1985 285
2450 3965 441
2451 4255 351
2452 0 -1
2453 2174 323
2454 1859 327
2455 6031 376
2456 1636 331
2457 385 423
2458 3395 277
2459 5617 449
2460 4589 290
2461 2578 368
2462 1588 398
2463 0 -1
2464 6279 452
2465 1186 402
2466 4750 378
2467 3855 364
2468 3195 643
2469 5361 370
2470 2701 421
2471 0 -1
2472 2322 347
2473 1501 364
2474 6536 428
2475 680 396
2476 6285 468
2477 2656 369
2478 2688 351
2479 5421 404
2480 1975 328
2481 2706 332
2482 4317 438
2483 1368 375
2484 5760 340
2485 3233 372
2486 1028 401
2487 596 411
2488 4949 412
2489 2985 333
2490 5267 356
2491 5178 520
2492 5141 382
2493 0 -1
2494 2465 522
2495 4804 417
2496 3784 403
2497 2352 554
2498 3388 195
2499 0 -1
2500 5984 299
2501 1412 196
2502 383 483
2503 10 436
2504 4939 482
2505 4916 370
2506 6133 299
2507 3099 284
2508 3713 401
2509 5623 430
2510 0 -1
2511 3022 499
2512 98 573
2513 2581 425
2514 34 364
2515 971 456
2516 2915 415
2517 5778 433
2518 2362 436
2519 0 -1
2520 2914 483
2521 5968 396
2522 2259 318
2523 2345 339
2524 465 324
2525 2900 502
2526 3731 328
2527 0 -1
2528 4449 217
2529 2286 277
2530 4442 415
2531 3040 371
2532 1395 416
2533 679 479
2534 983 333
2535 5168 325
2536 412 416
2537 5459 399
2538 3085 346
2539 6254 398
2540 3779 413
2541 2271 437
2542 3032 476
2543 5957 358
2544 0 -1
2545 3098 354
2546 539 459
2547 705 363
2548 6330 313
2549 5531 393
2550 5932 353
2551 0 -1
2552 3977 402
2553 5300 382
2554 3520 369
2555 6221 273
2556 3024 425
2557 5285 333
2558 6360 351
2559 5544 219
2560 192 412
2561 4663 431
2562 5984 302
2563 2457 443
2564 2951 358
2565 5211 343
2566 2279 332
2567 3454 316
2568 1442 494
2569 1942 390
2570 1693 436
2571 754 414
2572 9 379
2573 4390 380
2574 2860 606
2575 3072 484
2576 3214 290
2577 2473 415
2578 433 335
2579 3151 441
2580 3673 298
2581 1893 316
2582 3708 414
2583 6412 592
2584 4498 383
2585 2187 454
2586 1813 336
2587 2921 368
2588 3873 286
2589 3576 212
2590 3388 241
2591 889 440
2592 3604 554
2593 3902 201
2594 3360 401
2595 1114 369
2596 5002 643
2597 440 321
2598 0 -1
2599 0 -1
2600 6227 418
2601 2762 415
2602 3019 402
2603 5453 407
2604 0 -1
2605 3116 367
2606 3583 371
2607 6551 266
2608 5163 279
2609 44 356
2610 5452 338
2611 507 193
2612 1588 385
2613 2880 378
2614 4925 367
2615 3663 332
2616 4664 367
2617 4082 454
2618 5163 326
2619 0 -1
2620 1712 317
2621 6020 380
2622 6491 292
2623 0 -1
2624 0 -1
2625 4924 236
2626 4593 412
2627 678 202
2628 4014 397
2629 3951 212
2630 6009 408
2631 2227 455
2632 1740 402
2633 1253 344
2634 1039 478
2635 2112 376
2636 902 462
2637 5410 299
2638 999 339
2639 6055 456
2640 3415 467
2641 793 407
2642 2744 385
2643 2353 468
2644 1327 442
2645 4252 239
2646 5348 519
2647 1635 362
2648 2081 432
2649 5020 353
2650 1692 352
2651 0 -1
2652 214 402
2653 5131 415
2654 2150 278
2655 102 202
2656 3762 361
2657 4261 384
2658 0 -1
2659 4484 243
2660 0 -1
2661 611 344
2662 4823 400
2663 1875 423
2664 2130 249
2665 179 381
2666 2097 438
2667 2041 324
2668 4972 331
2669 2400 329
2670 2146 379
2671 5251 353
2672 2894 413
2673 5840 406
2674 2208 378
2675 896 459
2676 3489 415
2677 1986 270
2678 5763 405
2679 3535 431
2680 140 504
2681 4523 330
2682 3417 515
2683 346 385
2684 1212 344
2685 2325 391
2686 3839 443
2687 1022 400
2688 2255 309
2689 5327 271
2690 1548 418
2691 2797 356
2692 836 372
2693 2711 349
2694 6130 325
2695 4966 519
2696 1170 303
2697 1922 357
2698 5604 377
2699 281 397
2700 4726 315
2701 1708 337
2702 3800 407
2703 0 -1
2704 5829 395
2705 6265 464
2706 5680 312
2707 0 -1
2708 1970 329
2709 5552 387
2710 0 -1
2711 3450 327
2712 1476 411
2713 2962 332
2714 423 295
2715 4804 335
2716 5639 363
2717 3976 306
2718 4359 475
2719 911 379
2720 5859 345
2721 0 -1
2722 1255 381
2723 1849 373
2724 153 382
2725 3172 333
2726 2297 399
2727 370 375
2728 2173 391
2729 2414 366
2730 2174 401
2731 4905 339
2732 4458 392
2733 5631 360
2734 1499 383
2735 3331 366
2736 3932 346
2737 2454 440
2738 3537 340
2739 5969 334
2740 3499 339
2741 3497 421
2742 3361 547
2743 2534 356
2744 777 315
2745 5628 252
2746 4486 283
2747 248 409
2748 5418 323
2749 4543 343
2750 152 462
2751 1969 422
2752 3707 379
2753 2505 430
2754 6166 412
2755 1567 335
2756 3487 352
2757 5771 447
2758 2181 215
2759 5696 386
2760 5127 418
2761 4807 257
2762 3510 414
2763 4059 382
2764 3603 267
2765 2731 412
2766 323 364
2767 3600 506
2768 3272 349
2769 1706 233
2770 4063 363
2771 6086 483
2772 2085 399
2773 6540 460
2774 3072 409
2775 6235 330
2776 172 377
2777 3837 358
2778 3310 372
2779 887 439
2780 2562 376
2781 5430 438
2782 47 792
2783 3078 382
2784 4495 361
2785 3232 310
2786 106 412
2787 6480 349
2788 4014 341
2789 1804 423
2790 3811 422
2791 827 360
2792 1767 334
2793 5518 373
2794 3818 363
2795 3558 397
2796 911 398
2797 2238 245
2798 2565 409
2799 2605 390
2800 4794 387
2801 845 442
2802 2449 359
2803 4686 254
2804 5939 191
2805 2741 495
2806 1960 466
2807 0 -1
2808 4543 322
2809 1739 318
2810 3932 380
2811 853 374
2812 2490 381
2813 2916 359
2814 5757 453
2815 34 360
2816 2473 406
2817 6493 358
2818 5423 443
2819 2905 246
2820 1446 292
2821 0 -1
2822 228 470
2823 4424 354
2824 3556 401
2825 0 -1
2826 314 392
2827 2318 320
2828 3440 486
2829 4755 357
2830 4650 383
2831 2513 444
2832 3352 478
2833 5445 361
2834 2562 310
2835 3976 337
2836 1230 320
2837 4768 352
2838 5418 240
2839 6424 270
2840 2195 436
2841 959 262
2842 4389 330
2843 5998 375
2844 2796 417
2845 3976 347
2846 4344 457
2847 1612 383
2848 213 383
2849 0 -1
2850 0 -1
2851 3412 372
2852 1226 370
2853 5345 305
2854 5903 495
2855 5533 353
2856 4655 335
2857 6456 335
2858 4554 478
2859 1767 298
2860 198 527
2861 5135 317
2862 2057 385
2863 5630 456
2864 2785 313
2865 5623 450
2866 3570 452
2867 4403 453
2868 1553 431
2869 5090 654
2870 781 352
2871 1449 431
2872 1108 346
2873 750 320
2874 4914 388
2875 0 -1
2876 4288 449
2877 4435 444
2878 1540 416
2879 6300 487
2880 3698 312
2881 3393 339
2882 5431 448
2883 2691 366
2884 630 417
2885 6008 169
2886 4090 467
2887 897 362
2888 2727 421
2889 3609 390
2890 240 432
2891 5754 288
2892 3995 454
2893 462 659
2894 2768 372
2895 2885 234
2896 5981 411
2897 2337 361
2898 4051 380
2899 832 243
2900 3322 482
2901 203 271
2902 1251 364
2903 4394 381
2904 294 382
2905 3188 246
2906 4901 330
2907 2775 347
2908 1092 383
2909 2649 403
2910 4878 400
2911 294 363
2912 6343 399
2913 0 -1
2914 2633 415
2915 469 375
2916 755 322
2917 321 337
2918 2483 403
2919 3812 589
2920 6078 353
2921 373 311
2922 0 -1
2923 6115 370
2924 3587 366
2925 6285 450
2926 1311 282
2927 0 -1
2928 671 458
2929 1363 470
2930 5010 319
2931 1608 315
2932 1857 332
2933 2815 437
2934 353 463
2935 4231 327
2936 6497 578
2937 5664 317
2938 4758 413
2939 854 279
2940 15 303
2941 6164 112
2942 6264 397
2943 3913 370
2944 1124 331
2945 4269 469
2946 4406 400
2947 6113 410
2948 3560 554
2949 2915 417
2950 3750 253
2951 4011 335
2952 2514 425
2953 5871 379
2954 116 348
2955 4980 371
2956 1355 405
2957 5451 333
2958 3022 469
2959 5670 415
2960 4804 354
2961 1128 413
2962 2880 328
2963 4605 430
2964 5675 270
2965 2959 442
2966 5544 227
2967 3491 358
2968 6416 469
2969 1069 467
2970 0 -1
2971 799 399
2972 6485 393
2973 1931 363
2974 5545 311
2975 3081 407
2976 4698 334
2977 3244 290
2978 108 373
2979 934 390
2980 1447 352
2981 4599 431
2982 2464 463
2983 5694 414
2984 0 -1
2985 1561 313
2986 2612 409
2987 3033 546
2988 5843 380
2989 3661 371
2990 3492 244
2991 5680 279
2992 3473 411
2993 5418 245
2994 3553 378
2995 220 441
2996 2861 347
2997 2092 555
2998 2829 435
2999 0 -1
3000 374 305
3001 3760 271
3002 1573 445
3003 2939 393
3004 435 260
3005 5189 374
3006 4356 421
3007 96 355
3008 6567 370
3009 3876 300
3010 3457 334
3011 0 -1
3012 350 441
3013 2645 334
3014 1335 515
3015 1624 374
3016 1700 255
3017 4232 321
3018 291 350
3019 1320 356
3020 2040 381
3021 4476 358
3022 386 429
3023 1433 450
3024 3778 337
3025 359 299
3026 0 -1
3027 1221 449
3028 0 -1
3029 1144 347
3030 3869 355
3031 2406 329
3032 641 390
3033 5127 465
3034 1774 362
3035 0 -1
3036 4941 489
3037 6466 364
3038 1936 330
3039 5453 434
3040 2906 330
3041 2880 413
3042 4457 321
3043 4561 351
3044 346 411
3045 1226 358
3046 686 350
3047 5779 319
3048 497 446
3049 4155 372
3050 5120 252
3051 3778 350
3052 0 -1
3053 5636 317
3054 0 -1
3055 2267 228
3056 4633 384
3057 4160 387
3058 1616 685
3059 2729 437
3060 3527 496
3061 2003 370
3062 143 409
3063 808 367
3064 4510 401
3065 0 -1
3066 6240 371
3067 3170 377
3068 905 292
3069 1172 375
3070 4326 397
3071 5400 560
3072 2924 367
3073 2817 469
3074 4950 514
3075 3493 329
3076 2744 321
3077 614 342
3078 2467 366
3079 2588 378
3080 2559 300
3081 1831 401
3082 0 -1
3083 672 579
3084 3042 348
3085 6121 330
3086 6551 352
3087 2609 359
3088 751 412
3089 0 -1
3090 4660 348
3091 956 237
3092 4525 280
3093 851 334
3094 17 28
3095 5554 386
3096 3768 280
3097 1082 381
3098 5979 266
3099 3255 207
3100 4391 373
3101 5308 332
3102 680 401
3103 3255 276
3104 0 -1
3105 510 411
3106 637 282
3107 4723 596
3108 2862 411
3109 5114 361
3110 0 -1
3111 0 -1
3112 6336 362
3113 5853 366
3114 784 418
3115 2210 375
3116 4646 364
3117 5373 396
3118 1633 342
3119 5399 410
3120 5245 401
3121 3255 246
3122 4943 410
3123 3439 508
3124 0 -1
3125 3907 384
3126 5856 528
3127 0 -1
3128 1743 412
3129 4691 410
3130 0 -1
3131 3142 406
3132 2447 335
3133 3467 354
3134 6205 284
3135 1732 357
3136 4083 469
3137 1711 474
3138 686 430
3139 443 244
3140 1603 489
3141 6222 423
3142 263 380
3143 0 -1
3144 1464 356
3145 2855 375
3146 2133 393
3147 0 -1
3148 3768 281
3149 5348 420
3150 3686 457
3151 5519 366
3152 3551 463
3153 3950 399
3154 3957 292
3155 723 290
3156 6404 384
3157 3094 44
3158 4807 279
3159 690 465
3160 3347 514
3161 543 472
3162 0 -1
3163 5944 392
3164 5691 468
3165 5426 555
3166 2897 400
3167 5726 414
3168 0 -1
3169 2990 258
3170 1360 312
3171 1196 407
3172 631 225
3173 54 437
3174 4897 477
3175 4911 361
3176 4595 442
3177 3637 391
3178 1229 501
3179 3948 299
3180 5788 319
3181 951 435
3182 5952 346
3183 784 434
3184 5561 391
3185 530 442
3186 2354 327
3187 5001 429
3188 2055 234
3189 805 357
3190 5059 428
3191 0 -1
3192 3593 259
3193 2809 388
3194 2055 232
3195 1188 599
3196 3593 284
3197 1687 321
3198 5421 458
3199 0 -1
3200 3951 159
3201 1021 355
3202 4829 411
3203 3647 402
3204 5350 270
3205 5578 396
3206 0 -1
3207 174 481
3208 1341 422
3209 3135 358
3210 598 362
3211 4080 368
3212 6538 446
3213 3277 415
3214 3323 265
3215 4561 394
3216 5013 180
3217 0 -1
3218 6134 469
3219 5048 229
3220 440 321
3221 96 378
3222 4948 409
3223 4670 442
3224 2369 295
3225 5075 299
3226 2373 248
3227 2645 345
3228 3395 292
3229 4411 335
3230 5554 350
3231 475 332
3232 1212 299
3233 680 351
3234 1212 313
3235 4796 314
3236 60 445
3237 2360 521
3238 144 390
3239 1768 401
3240 4694 421
3241 0 -1
3242 1165 393
3243 1122 434
3244 1446 258
3245 3677 361
3246 0 -1
3247 4361 407
3248 6246 327
3249 39 396
3250 4572 406
3251 1093 342
3252 1415 348
3253 1862 530
3254 5304 393
3255 75 159
3256 3776 381
3257 5122 315
3258 5818 461
3259 2873 329
3260 2647 372
3261 3115 426
3262 4226 330
3263 408 338
3264 4238 436
3265 2039 388
3266 3395 336
3267 485 412
3268 37 390
3269 6563 432
3270 4469 437
3271 0 -1
3272 5821 294
3273 878 329
3274 1857 406
3275 5321 401
3276 2199 395
3277 239 395
3278 4271 403
3279 4718 416
3280 1463 268
3281 2386 408
3282 4337 316
3283 870 386
3284 0 -1
3285 2167 359
3286 3055 273
3287 5686 293
3288 1283 393
3289 3545 624
3290 1560 353
3291 3214 278
3292 1507 436
3293 5093 436
3294 1826 434
3295 5737 294
3296 5811 823
3297 3266 366
3298 5795 348
3299 1381 395
3300 6301 417
3301 1104 443
3302 1454 369
3303 3982 505
3304 0 -1
3305 6388 319
3306 4674 410
3307 1167 407
3308 5935 436
3309 5949 416
3310 900 322
3311 1133 443
3312 5297 305
3313 1204 475
3314 910 462
3315 832 261
3316 839 371
3317 3412 327
3318 391 507
3319 395 391
3320 2317 411
3321 5330 312
3322 4189 445
3323 6244 261
3324 4800 390
3325 5490 283
3326 1810 447
3327 1429 401
3328 3186 330
3329 5314 403
3330 5327 336
3331 1054 359
3332 3694 433
3333 1453 419
3334 1674 276
3335 3463 439
3336 4179 579
3337 1613 393
3338 4920 363
3339 6219 441
3340 2655 266
3341 672 550
3342 676 349
3343 2191 261
3344 3876 367
3345 83 397
3346 4114 390
3347 4125 438
3348 4126 358
3349 5048 272
3350 4493 230
3351 3380 320
3352 2153 358
3353 0 -1
3354 1312 330
3355 261 407
3356 1134 422
3357 6441 346
3358 5114 362
3359 0 -1
3360 4767 320
3361 5968 434
3362 2063 424
3363 952 351
3364 4450 413
3365 94 507
3366 6043 388
3367 6227 479
3368 1690 402
3369 5741 317
3370 6139 503
3371 1976 416
3372 4116 341
3373 0 -1
3374 962 389
3375 3117 431
3376 1819 327
3377 5558 349
3378 1970 397
3379 4728 492
3380 1277 285
3381 1461 305
3382 6402 335
3383 609 458
3384 4979 345
3385 6176 405
3386 2185 292
3387 1190 364
3388 507 190
3389 1355 406
3390 2700 366
3391 6230 336
3392 0 -1
3393 1278 223
3394 624 416
3395 6561 258
3396 2238 309
3397 151 412
3398 1837 371
3399 4428 358
3400 5883 286
3401 4154 457
3402 1499 440
3403 4672 317
3404 5100 318
3405 4346 293
3406 5484 324
3407 517 311
3408 0 -1
3409 2769 267
3410 1022 412
3411 4785 474
3412 1943 327
3413 429 429
3414 3684 297
3415 5249 367
3416 3263 359
3417 116 404
3418 4645 245
3419 262 392
3420 1015 404
3421 0 -1
3422 4974 335
3423 5098 365
3424 1864 436
3425 3598 398
3426 6039 258
3427 3377 379
3428 0 -1
3429 619 368
3430 395 365
3431 4533 421
3432 5530 351
3433 179 325
3434 5466 392
3435 3989 326
3436 2146 303
3437 5732 352
3438 4417 312
3439 4980 430
3440 6536 431
3441 1469 312
3442 3573 461
3443 3197 343
3444 5371 601
3445 1313 307
3446 2901 371
3447 686 338
3448 5683 277
3449 4044 396
3450 557 312
3451 2150 329
3452 5070 404
3453 6015 343
3454 3426 309
3455 4776 413
3456 3565 443
3457 4971 322
3458 1501 456
3459 4798 195
3460 5201 463
3461 2802 363
3462 5840 459
3463 3550 424
3464 6594 357
3465 0 -1
3466 2266 480
3467 5868 348
3468 1622 424
3469 3960 275
3470 1360 339
3471 2939 309
3472 3539 432
3473 4256 370
3474 4862 365
3475 4173 339
3476 2788 451
3477 4941 400
3478 2073 405
3479 2643 512
3480 821 444
3481 3928 443
3482 1238 305
3483 4256 362
3484 1531 191
3485 0 -1
3486 2951 399
3487 642 300
3488 1791 478
3489 2435 359
3490 5577 181
3491 870 335
3492 3750 186
3493 1168 328
3494 4543 389
3495 2914 498
3496 4418 334
3497 5259 382
3498 5142 423
3499 2627 271
3500 6099 497
3501 3096 330
3502 4540 430
3503 4704 384
3504 2885 249
3505 5483 238
3506 83 377
3507 4335 467
3508 4864 381
3509 1888 306
3510 587 327
3511 619 283
3512 2376 332
3513 4384 528
3514 1605 406
3515 2827 339
3516 3550 377
3517 3878 313
3518 5287 336
3519 4065 330
3520 3106 286
3521 4118 312
3522 1972 364
3523 0 -1
3524 1080 371
3525 1445 391
3526 4104 316
3527 5055 464
3528 5545 347
3529 221 403
3530 2795 422
3531 6131 550
3532 1480 442
3533 5677 344
3534 5871 418
3535 6001 367
3536 533 459
3537 309 319
3538 0 -1
3539 2400 350
3540 2856 356
3541 1526 329
3542 2870 422
3543 41 405
3544 1267 321
3545 2634 559
3546 5821 354
3547 2481 420
3548 2032 354
3549 3291 313
3550 5899 332
3551 2039 389
3552 1557 507
3553 6448 341
3554 3649 409
3555 0 -1
3556 342 354
3557 1875 407
3558 4916 389
3559 0 -1
3560 41 437
3561 5248 406
3562 1887 390
3563 5671 275
3564 4624 383
3565 2342 405
3566 4622 498
3567 2062 385
3568 6435 198
3569 2612 387
3570 5980 439
3571 2170 476
3572 2934 509
3573 3867 411
3574 2305 437
3575 1968 341
3576 5227 125
3577 4220 431
3578 2177 362
3579 2566 360
3580 1825 352
3581 5347 290
3582 857 332
3583 1589 364
3584 4488 393
3585 3486 477
3586 4509 365
3587 2436 365
3588 1477 396
3589 2099 378
3590 5337 523
3591 3676 465
3592 375 216
3593 1278 247
3594 4978 368
3595 4071 318
3596 4482 231
3597 5073 413
3598 5001 382
3599 0 -1
3600 5409 404
3601 1237 486
3602 2345 278
3603 3418 247
3604 4492 445
3605 5433 420
3606 1857 340
3607 5410 329
3608 1102 454
3609 913 384
3610 3469 311
3611 4011 327
3612 3486 501
3613 5285 345
3614 937 321
3615 5665 216
3616 1664 249
3617 967 340
3618 2480 386
3619 621 414
3620 2566 387
3621 2485 391
3622 0 -1
3623 3956 376
3624 5013 212
3625 470 418
3626 5908 474
3627 3759 445
3628 2722 410
3629 5347 316
3630 5202 214
3631 2761 341
3632 3005 440
3633 2104 460
3634 3627 458
3635 3075 381
3636 6151 419
3637 856 351
3638 4304 398
3639 5935 409
3640 1041 427
3641 2360 408
3642 0 -1
3643 4489 185
3644 5645 622
3645 0 -1
3646 4243 337
3647 3103 286
3648 0 -1
3649 5504 403
3650 1281 414
3651 907 427
3652 1926 352
3653 5438 355
3654 2400 342
3655 1700 250
3656 3088 496
3657 5202 244
3658 959 266
3659 1017 410
3660 1296 473
3661 1341 368
3662 2418 348
3663 1792 303
3664 1725 548
3665 0 -1
3666 507 183
3667 1448 366
3668 2062 385
3669 590 235
3670 1361 265
3671 1744 351
3672 3507 546
3673 4738 267
3674 1191 451
3675 2560 428
3676 5738 354
3677 5992 312
3678 0 -1
3679 1976 358
3680 1435 500
3681 5843 389
3682 5226 384
3683 1459 339
3684 5395 282
3685 3188 313
3686 1142 390
3687 1102 480
3688 2204 558
3689 0 -1
3690 4516 421
3691 2162 363
3692 3234 404
3693 3148 377
3694 5724 351
3695 963 431
3696 3650 421
3697 1170 281
3698 2859 306
3699 3647 335
3700 786 365
3701 5306 399
3702 0 -1
3703 916 310
3704 2477 413
3705 0 -1
3706 5114 317
3707 2330 354
3708 1388 335
3709 2137 431
3710 0 -1
3711 0 -1
3712 1966 430
3713 2406 328
3714 0 -1
3715 5212 387
3716 4049 507
3717 5438 363
3718 3818 441
3719 787 295
3720 5403 422
3721 4279 353
3722 3663 365
3723 4411 265
3724 0 -1
3725 1096 339
3726 5852 319
3727 1321 515
3728 2349 342
3729 4584 358
3730 1086 411
3731 3963 288
3732 1614 333
3733 3922 416
3734 43 378
3735 2853 375
3736 4552 284
3737 2538 352
3738 1403 429
3739 0 -1
3740 5176 548
3741 1561 426
3742 4828 395
3743 1530 418
3744 903 489
3745 2635 386
3746 4418 290
3747 2681 417
3748 2310 296
3749 3330 383
3750 4275 174
3751 991 473
3752 3995 400
3753 159 407
3754 5006 487
3755 4229 376
3756 2290 387
3757 5031 479
3758 6552 516
3759 4060 335
3760 3949 234
3761 5655 376
3762 3520 355
3763 3225 388
3764 2157 402
3765 2438 399
3766 3482 346
3767 591 439
3768 3643 205
3769 2745 335
3770 5333 421
3771 4611 364
3772 5620 395
3773 3118 361
3774 4251 352
3775 4384 459
3776 5266 364
3777 5065 461
3778 1698 322
3779 6321 349
3780 6437 397
3781 575 423
3782 5611 453
3783 5597 431
3784 4449 289
3785 0 -1
3786 2747 516
3787 0 -1
3788 899 503
3789 4389 242
3790 172 348
3791 4660 350
3792 2663 446
3793 3330 345
3794 2711 333
3795 2784 368
3796 5069 306
3797 3188 353
3798 1214 365
3799 2565 370
3800 5674 399
3801 374 341
3802 2923 389
3803 2966 342
3804 307 457
3805 5302 469
3806 1373 366
3807 34 407
3808 168 493
3809 942 123
3810 682 449
3811 2478 365
3812 303 547
3813 4517 375
3814 2629 275
3815 5504 373
3816 2084 413
3817 3170 382
3818 2637 346
3819 69 441
3820 1456 448
3821 850 413
3822 5490 270
3823 86 170
3824 2084 432
3825 0 -1
3826 5906 294
3827 0 -1
3828 297 418
3829 2845 381
3830 3593 361
3831 3719 361
3832 3615 216
3833 4069 387
3834 5485 352
3835 1680 474
3836 6200 276
3837 3325 326
3838 5633 354
3839 6391 398
3840 1646 387
3841 779 340
3842 4746 404
3843 6139 447
3844 264 431
3845 3418 331
3846 2449 288
3847 5249 384
3848 4720 466
3849 4440 443
3850 727 227
3851 3097 500
3852 4523 372
3853 639 361
3854 0 -1
3855 6136 314
3856 2270 476
3857 1169 482
3858 5597 465
3859 0 -1
3860 6402 419
3861 1388 394
3862 1186 354
3863 5055 407
3864 3752 439
3865 3267 437
3866 1917 380
3867 6326 410
3868 2424 517
3869 996 285
3870 4462 294
3871 1542 307
3872 1307 321
3873 4672 200
3874 4961 322
3875 6108 312
3876 1311 287
3877 3658 353
3878 1446 267
3879 1055 430
3880 2756 393
3881 3403 349
3882 0 -1
3883 213 395
3884 5167 416
3885 6486 556
3886 4485 512
3887 3372 438
3888 3257 362
3889 382 410
3890 326 360
3891 1092 345
3892 2012 398
3893 3986 361
3894 1448 388
3895 0 -1
3896 5526 434
3897 6595 291
3898 5347 350
3899 2023 402
3900 6336 369
3901 6146 320
3902 1288 182
3903 6173 454
3904 3386 377
3905 5060 416
3906 2521 432
3907 4050 317
3908 5671 278
3909 5604 357
3910 3916 434
3911 4710 516
3912 4458 388
3913 493 328
3914 231 294
3915 1988 370
3916 3154 343
3917 4703 392
3918 4794 386
3919 3075 368
3920 1341 407
3921 433 347
3922 5560 371
3923 1951 490
3924 2588 350
3925 2894 384
3926 2048 338
3927 4505 388
3928 2183 352
3929 4063 355
3930 6174 476
3931 1175 437
3932 4448 336
3933 1445 369
3934 667 364
3935 5720 383
3936 3823 202
3937 5199 190
3938 3286 299
3939 1199 407
3940 0 -1
3941 5772 382
3942 5529 402
3943 1739 347
3944 0 -1
3945 5193 387
3946 1373 265
3947 718 340
3948 5057 205
3949 678 217
3950 2923 372
3951 2358 111
3952 383 477
3953 5280 337
3954 5979 273
3955 228 404
3956 1727 322
3957 1932 216
3958 3647 367
3959 2187 404
3960 3624 243
3961 0 -1
3962 1633 345
3963 3219 265
3964 798 446
3965 2318 422
3966 1062 417
3967 1266 437
3968 3779 354
3969 2496 404
3970 1545 511
3971 6239 426
3972 1129 387
3973 105 334
3974 3386 319
3975 6512 428
3976 1542 277
3977 3929 396
3978 265 442
3979 1548 359
3980 6179 342
3981 4988 321
3982 3833 405
3983 0 -1
3984 985 506
3985 864 359
3986 5514 353
3987 0 -1
3988 3005 462
3989 3286 294
3990 2580 344
3991 1981 484
3992 1300 385
3993 1288 183
3994 2355 457
3995 5532 361
3996 5928 348
3997 6358 235
3998 6008 148
3999 2304 389
4000 4768 363
4001 206 436
4002 3420 413
4003 5195 300
4004 2649 410
4005 5979 254
4006 3985 367
4007 2857 409
4008 507 265
4009 2370 526
4010 2690 435
4011 4686 288
4012 2332 343
4013 3813 448
4014 578 325
4015 353 389
4016 3024 369
4017 1591 322
4018 3926 378
4019 2249 412
4020 0 -1
4021 2754 447
4022 5408 327
4023 1353 399
4024 539 351
4025 6117 359
4026 0 -1
4027 2024 508
4028 3948 272
4029 3980 380
4030 3376 346
4031 2803 368
4032 6053 342
4033 6007 407
4034 3454 416
4035 6365 358
4036 4319 491
4037 1655 436
4038 1269 325
4039 998 455
4040 423 337
4041 0 -1
4042 2873 350
4043 4255 254
4044 2456 344
4045 4198 589
4046 3897 328
4047 557 373
4048 3287 376
4049 3378 450
4050 5247 242
4051 1933 315
4052 0 -1
4053 3675 511
4054 3912 466
4055 0 -1
4056 5081 331
4057 1461 323
4058 3568 237
4059 3132 375
4060 4275 287
4061 0 -1
4062 5850 270
4063 6232 325
4064 911 364
4065 276 253
4066 3233 390
4067 0 -1
4068 767 322
4069 3007 359
4070 1452 292
4071 2042 274
4072 0 -1
4073 4427 552
4074 6028 390
4075 3340 340
4076 2064 375
4077 4266 401
4078 4777 379
4079 4204 398
4080 5097 323
4081 0 -1
4082 5556 390
4083 2294 434
4084 6278 353
4085 103 433
4086 1343 109
4087 5086 523
4088 6060 435
4089 4279 376
4090 1833 404
4091 6548 408
4092 0 -1
4093 28 454
4094 3567 393
4095 6172 391
4096 5409 377
4097 5019 298
4098 2456 391
4099 5889 412
4100 2613 390
4101 1165 373
4102 3951 158
4103 2026 375
4104 6348 288
4105 3386 358
4106 2530 530
4107 3262 393
4108 383 465
4109 3916 385
4110 3894 388
4111 3091 268
4112 3568 236
4113 6068 375
4114 3993 278
4115 1361 186
4116 2664 326
4117 0 -1
4118 1412 222
4119 5258 400
4120 4458 434
4121 2650 407
4122 5694 430
4123 102 213
4124 5583 448
4125 1879 430
4126 5181 330
4127 4923 423
4128 3310 359
4129 0 -1
4130 5246 421
4131 3342 452
4132 4102 205
4133 3418 277
4134 1059 397
4135 4960 312
4136 2909 423
4137 6218 323
4138 702 473
4139 1317 416
4140 2906 375
4141 2529 366
4142 3461 401
4143 5327 276
4144 0 -1
4145 2975 407
4146 3139 305
4147 1370 316
4148 6541 439
4149 3451 352
4150 1427 274
4151 1877 408
4152 4323 491
4153 5483 243
4154 1094 394
4155 185 309
4156 5644 606
4157 2269 573
4158 4669 409
4159 4169 393
4160 2895 288
4161 2454 437
4162 0 -1
4163 4943 392
4164 3238 398
4165 6553 528
4166 5117 461
4167 1202 249
4168 5531 455
4169 3093 355
4170 6422 437
4171 3123 616
4172 153 399
4173 1222 323
4174 5752 469
4175 2618 362
4176 2648 517
4177 77 382
4178 3924 414
4179 3661 483
4180 0 -1
4181 3244 329
4182 1158 355
4183 0 -1
4184 395 370
4185 5193 445
4186 4639 359
4187 4118 319
4188 0 -1
4189 4457 339
4190 3862 383
4191 3875 320
4192 5870 273
4193 4832 345
4194 2870 433
4195 2528 232
4196 5484 310
4197 3496 406
4198 4877 476
4199 1699 421
4200 1427 290
4201 1824 299
4202 2940 315
4203 3307 426
4204 2201 378
4205 2241 427
4206 2098 409
4207 6283 501
4208 1003 352
4209 1856 424
4210 6163 386
4211 6244 225
4212 1727 350
4213 5651 446
4214 2545 402
4215 0 -1
4216 2093 338
4217 2162 371
4218 4084 368
4219 1028 333
4220 5470 400
4221 1720 436
4222 3508 494
4223 619 387
4224 4960 352
4225 1614 303
4226 6145 301
4227 5236 396
4228 866 334
4229 1698 334
4230 1992 358
4231 4978 277
4232 5418 271
4233 678 120
4234 3938 371
4235 4379 385
4236 3506 431
4237 4130 460
4238 6597 345
4239 5851 486
4240 6510 352
4241 629 295
4242 2636 569
4243 4619 251
4244 5159 354
4245 1985 312
4246 3655 255
4247 849 307
4248 6495 411
4249 2778 373
4250 1007 530
4251 283 334
4252 1278 195
4253 0 -1
4254 1451 297
4255 3669 252
4256 713 336
4257 4818 361
4258 787 297
4259 1348 369
4260 0 -1
4261 781 311
4262 4338 340
4263 704 306
4264 5580 427
4265 2195 372
4266 5223 338
4267 0 -1
4268 4509 362
4269 2507 403
4270 4511 402
4271 3515 363
4272 1227 428
4273 4366 349
4274 0 -1
4275 942 167
4276 2988 435
4277 3256 487
4278 2254 375
4279 2041 319
4280 5023 288
4281 5840 361
4282 6595 328
4283 5856 446
4284 5845 480
4285 4588 412
4286 2405 390
4287 5999 352
4288 1825 354
4289 3080 365
4290 5530 362
4291 1674 284
4292 2524 400
4293 1822 432
4294 4038 383
4295 6258 354
4296 0 -1
4297 2191 272
4298 2077 364
4299 420 464
4300 2637 320
4301 0 -1
4302 6324 362
4303 4237 478
4304 354 369
4305 5596 345
4306 6311 327
4307 5954 278
4308 0 -1
4309 1504 435
4310 6108 364
4311 2787 391
4312 6393 332
4313 0 -1
4314 2857 355
4315 1469 289
4316 356 350
4317 724 426
4318 934 348
4319 2483 481
4320 1191 430
4321 3137 484
4322 6395 402
4323 4879 439
4324 0 -1
4325 1486 511
4326 27 319
4327 1712 320
4328 2902 399
4329 2719 462
4330 2313 396
4331 945 395
4332 5839 217
4333 1063 430
4334 3849 485
4335 2859 417
4336 5258 351
4337 3655 290
4338 5934 330
4339 2267 299
4340 3141 458
4341 1055 477
4342 143 373
4343 3719 395
4344 2706 386
4345 2146 395
4346 2993 253
4347 144 422
4348 4489 220
4349 1254 509
4350 3708 421
4351 264 403
4352 6280 438
4353 4391 316
4354 2417 338
4355 4499 429
4356 4767 352
4357 55 428
4358 676 373
4359 2175 435
4360 3062 426
4361 5566 387
4362 1039 396
4363 4978 280
4364 1922 367
4365 3464 433
4366 472 326
4367 0 -1
4368 5082 382
4369 3189 381
4370 0 -1
4371 5452 336
4372 0 -1
4373 5496 440
4374 2638 380
4375 615 332
4376 2878 509
4377 4420 363
4378 1454 342
4379 153 371
4380 3792 509
4381 1826 503
4382 37 481
4383 2140 385
4384 1969 413
4385 275 449
4386 2974 334
4387 1420 388
4388 5319 632
4389 4619 240
4390 2117 278
4391 1578 253
4392 4796 285
4393 522 402
4394 5834 269
4395 870 417
4396 6314 698
4397 323 346
4398 2568 504
4399 3595 335
4400 5433 451
4401 0 -1
4402 772 458
4403 2173 398
4404 2582 440
4405 4585 386
4406 3387 376
4407 0 -1
4408 4068 439
4409 6037 385
4410 5846 390
4411 3490 224
4412 3397 475
4413 1727 266
4414 2225 415
4415 5483 339
4416 3936 315
4417 5899 309
4418 5019 280
4419 3230 428
4420 6557 360
4421 2841 299
4422 5556 350
4423 0 -1
4424 1168 339
4425 2335 494
4426 3357 413
4427 5472 461
4428 116 324
4429 1026 442
4430 3697 362
4431 1227 392
4432 5439 391
4433 1869 375
4434 456 482
4435 6052 354
4436 4842 363
4437 5915 339
4438 384 538
4439 413 502
4440 1242 351
4441 2357 434
4442 751 354
4443 0 -1
4444 2201 445
4445 6246 335
4446 5404 361
4447 1677 419
4448 2383 317
4449 4115 194
4450 6567 369
4451 4950 567
4452 4837 448
4453 6288 347
4454 2567 404
4455 5578 403
4456 3099 255
4457 631 302
4458 4251 376
4459 485 397
4460 744 408
4461 3441 396
4462 854 235
4463 1228 566
4464 1727 319
4465 0 -1
4466 3766 446
4467 4289 390
4468 2046 397
4469 5078 407
4470 0 -1
4471 4539 399
4472 2716 439
4473 2498 249
4474 6160 483
4475 4343 426
4476 1664 260
4477 1871 331
4478 486 388
4479 1961 431
4480 5668 358
4481 6218 347
4482 215 226
4483 3695 459
4484 5013 179
4485 6123 396
4486 1778 173
4487 1528 596
4488 558 298
4489 1778 155
4490 0 -1
4491 466 341
4492 5189 423
4493 2941 181
4494 2307 414
4495 4132 325
4496 5419 492
4497 0 -1
4498 3483 381
4499 1636 429
4500 5139 436
4501 1258 296
4502 3169 317
4503 0 -1
4504 6039 332
4505 3617 369
4506 6187 355
4507 5113 278
4508 4069 400
4509 3134 350
4510 6052 392
4511 4189 373
4512 692 353
4513 4800 426
4514 3154 308
4515 1086 363
4516 5998 323
4517 5355 346
4518 2323 340
4519 2548 339
4520 766 357
4521 4414 435
4522 6051 294
4523 4937 319
4524 2377 504
4525 5882 242
4526 2133 407
4527 2853 413
4528 4561 327
4529 4989 270
4530 5704 539
4531 0 -1
4532 3001 301
4533 1053 331
4534 1860 342
4535 5325 310
4536 2349 357
4537 518 409
4538 5075 361
4539 2127 395
4540 2558 368
4541 334 513
4542 2158 414
4543 3055 293
4544 3437 420
4545 3894 426
4546 2375 419
4547 122 325
4548 5700 409
4549 513 390
4550 1856 515
4551 187 267
4552 5019 256
4553 4700 311
4554 1536 412
4555 1464 394
4556 34 464
4557 0 -1
4558 3694 364
4559 0 -1
4560 344 353
4561 1978 326
4562 2712 438
4563 4122 465
4564 5106 336
4565 1405 347
4566 3369 358
4567 0 -1
4568 5613 376
4569 4871 455
4570 4003 319
4571 2441 426
4572 539 392
4573 2874 467
4574 1803 322
4575 0 -1
4576 2343 344
4577 6064 374
4578 2310 354
4579 3879 501
4580 6448 335
4581 4594 334
4582 6067 294
4583 4201 339
4584 851 331
4585 4574 330
4586 1699 490
4587 2274 364
4588 4505 390
4589 6022 257
4590 1810 429
4591 3016 269
4592 0 -1
4593 4655 399
4594 5838 326
4595 767 322
4596 4689 364
4597 1585 259
4598 3691 469
4599 941 349
4600 5139 381
4601 343 463
4602 5591 387
4603 2016 540
4604 2347 334
4605 3748 344
4606 1251 455
4607 1340 560
4608 4487 709
4609 2890 432
4610 4938 359
4611 2937 359
4612 5593 655
4613 652 449
4614 5572 389
4615 5414 453
4616 2228 488
4617 0 -1
4618 4564 374
4619 4115 212
4620 1814 324
4621 530 449
4622 3067 383
4623 0 -1
4624 4146 310
4625 3263 350
4626 2929 517
4627 2271 459
4628 3933 488
4629 3661 392
4630 5677 348
4631 5375 420
4632 1497 339
4633 2838 360
4634 375 275
4635 5226 376
4636 0 -1
4637 2823 436
4638 1311 319
4639 5652 267
4640 3418 268
4641 744 444
4642 0 -1
4643 2296 434
4644 0 -1
4645 3576 211
4646 284 363
4647 1082 398
4648 4670 472
4649 3905 446
4650 3796 349
4651 4913 425
4652 1583 352
4653 2668 337
4654 0 -1
4655 1353 316
4656 3655 300
4657 5762 324
4658 6048 433
4659 0 -1
4660 1015 318
4661 1888 307
4662 6597 393
4663 4070 364
4664 5717 294
4665 1371 435
4666 2595 417
4667 2761 329
4668 1692 284
4669 4003 318
4670 1479 385
4671 848 408
4672 5839 198
4673 146 449
4674 763 344
4675 3397 426
4676 0 -1
4677 0 -1
4678 264 442
4679 5698 424
4680 5953 393
4681 3247 429
4682 274 314
4683 2341 357
4684 5788 346
4685 5597 359
4686 6246 250
4687 5044 327
4688 205 454
4689 5669 342
4690 2152 415
4691 6354 406
4692 6068 316
4693 1220 273
4694 5267 310
4695 5365 217
4696 519 339
4697 2146 319
4698 1989 323
4699 2687 421
4700 1267 290
4701 2293 435
4702 3595 421
4703 2880 331
4704 5137 362
4705 5524 347
4706 3672 635
4707 1783 474
4708 5234 450
4709 5908 442
4710 1232 434
4711 1590 429
4712 0 -1
4713 2809 393
4714 5629 493
4715 70 129
4716 5717 356
4717 3936 249
4718 6043 343
4719 2612 395
4720 4066 426
4721 5587 375
4722 744 402
4723 2002 505
4724 6162 287
4725 5848 436
4726 937 264
4727 5687 392
4728 4597 372
4729 0 -1
4730 6399 452
4731 2534 384
4732 4705 378
4733 6434 435
4734 2595 433
4735 6341 393
4736 877 370
4737 5572 378
4738 1585 195
4739 1731 386
4740 2057 384
4741 2661 420
4742 1276 379
4743 5116 202
4744 3066 399
4745 2976 415
4746 2392 398
4747 4128 454
4748 840 331
4749 0 -1
4750 3655 305
4751 3173 481
4752 2820 311
4753 4219 341
4754 3325 346
4755 2808 357
4756 1527 463
4757 690 439
4758 2694 329
4759 3480 449
4760 3220 349
4761 6443 522
4762 4903 371
4763 5879 483
4764 0 -1
4765 5829 371
4766 2950 311
4767 5410 311
4768 4297 297
4769 2924 423
4770 3131 430
4771 5812 300
4772 5405 486
4773 2240 424
4774 5172 560
4775 5310 503
4776 2008 374
4777 6196 360
4778 1446 308
4779 0 -1
4780 2498 262
4781 4784 345
4782 1381 430
4783 5867 471
4784 2841 283
4785 554 446
4786 3892 492
4787 6447 396
4788 5288 373
4789 2102 523
4790 2126 258
4791 3417 423
4792 5311 415
4793 1992 275
4794 2578 361
4795 3926 346
4796 4389 249
4797 6010 226
4798 1288 176
4799 3838 408
4800 5347 327
4801 744 475
4802 947 380
4803 3295 364
4804 4104 305
4805 0 -1
4806 4231 376
4807 5895 226
4808 0 -1
4809 5842 413
4810 5982 456
4811 0 -1
4812 4364 395
4813 0 -1
4814 2043 437
4815 0 -1
4816 726 336
4817 1114 447
4818 4692 357
4819 1674 351
4820 2616 451
4821 4265 416
4822 3893 430
4823 2962 377
4824 5489 456
4825 6258 433
4826 2577 500
4827 4080 426
4828 5718 371
4829 3151 386
4830 4981 400
4831 3222 435
4832 2589 326
4833 2414 331
4834 1831 371
4835 1742 416
4836 765 356
4837 4235 431
4838 5120 280
4839 5932 353
4840 654 527
4841 5945 368
4842 6532 304
4843 1576 420
4844 1849 377
4845 3294 521
4846 5484 343
4847 2024 475
4848 4051 400
4849 1729 354
4850 0 -1
4851 2047 392
4852 4713 430
4853 3190 464
4854 1679 436
4855 485 436
4856 758 408
4857 6588 432
4858 4363 295
4859 1071 374
4860 0 -1
4861 0 -1
4862 3068 332
4863 3228 336
4864 4597 338
4865 0 -1
4866 1540 334
4867 5362 369
4868 3666 229
4869 5566 374
4870 3677 407
4871 2354 372
4872 4650 430
4873 2962 336
4874 6080 380
4875 2579 554
4876 5072 333
4877 5003 432
4878 1830 340
4879 2185 324
4880 3397 497
4881 6581 283
4882 1207 466
4883 5120 325
4884 0 -1
4885 1000 300
4886 6232 353
4887 4118 236
4888 2227 431
4889 4878 380
4890 5974 608
4891 6493 421
4892 2095 371
4893 3743 434
4894 3830 392
4895 733 528
4896 2676 419
4897 594 401
4898 0 -1
4899 4413 356
4900 3819 498
4901 5144 319
4902 1205 402
4903 4796 357
4904 3300 422
4905 689 279
4906 3515 390
4907 5810 318
4908 0 -1
4909 1996 279
4910 6165 294
4911 1202 254
4912 1923 417
4913 2138 353
4914 3492 270
4915 1207 401
4916 3616 337
4917 6509 388
4918 2079 421
4919 4421 331
4920 6053 304
4921 5213 338
4922 2155 423
4923 5552 379
4924 6444 235
4925 444 358
4926 1082 411
4927 107 347
4928 1773 206
4929 4738 268
4930 0 -1
4931 2714 324
4932 579 426
4933 4693 352
4934 5140 411
4935 3221 406
4936 85 303
4937 4726 268
4938 3121 327
4939 5318 388
4940 759 431
4941 1828 395
4942 639 383
4943 4948 386
4944 2506 411
4945 937 271
4946 686 357
4947 0 -1
4948 1859 313
4949 5846 375
4950 4854 500
4951 0 -1
4952 97 392
4953 4787 445
4954 4937 361
4955 5640 397
4956 5112 399
4957 2612 457
4958 1041 418
4959 2559 267
4960 1926 307
4961 3723 295
4962 856 293
4963 3094 116
4964 865 354
4965 4373 455
4966 6179 437
4967 2920 382
4968 2484 372
4969 3819 537
4970 2738 352
4971 5166 314
4972 6212 246
4973 5600 381
4974 5677 272
4975 1313 396
4976 0 -1
4977 1815 396
4978 4589 269
4979 6454 323
4980 5998 349
4981 5596 309
4982 0 -1
4983 5383 389
4984 4686 353
4985 4158 450
4986 4841 375
4987 2581 320
4988 4211 255
4989 1827 244
4990 5340 421
4991 449 357
4992 2482 464
4993 4633 383
4994 4371 384
4995 6146 303
4996 2371 405
4997 0 -1
4998 537 496
4999 2664 362
5000 5264 407
5001 3454 360
5002 2705 542
5003 385 341
5004 1923 411
5005 1194 284
5006 1044 437
5007 582 415
5008 1883 450
5009 309 329
5010 1280 315
5011 2957 370
5012 5843 365
5013 942 134
5014 4933 387
5015 2924 374
5016 3976 291
5017 3418 356
5018 5845 547
5019 1289 199
5020 2859 331
5021 0 -1
5022 6052 462
5023 490 232
5024 0 -1
5025 805 395
5026 0 -1
5027 5272 441
5028 3445 321
5029 4203 448
5030 0 -1
5031 5430 381
5032 0 -1
5033 2857 419
5034 5718 279
5035 343 419
5036 629 368
5037 938 454
5038 0 -1
5039 1807 404
5040 4963 197
5041 2378 430
5042 0 -1
5043 4293 466
5044 6192 248
5045 5192 392
5046 3777 478
5047 1874 485
5048 507 214
5049 1363 411
5050 5566 375
5051 2656 386
5052 4748 407
5053 303 541
5054 500 379
5055 2930 377
5056 0 -1
5057 70 99
5058 1884 398
5059 4353 350
5060 1296 408
5061 5835 470
5062 132 392
5063 3317 347
5064 3219 319
5065 3312 342
5066 6009 371
5067 589 446
5068 5194 383
5069 2017 276
5070 5211 388
5071 4798 212
5072 3096 286
5073 219 405
5074 3550 336
5075 4102 260
5076 4960 311
5077 1983 396
5078 4667 402
5079 5802 403
5080 832 334
5081 507 265
5082 5666 352
5083 3092 299
5084 4780 330
5085 4307 345
5086 3171 415
5087 412 352
5088 83 408
5089 1183 428
5090 1894 544
5091 1008 444
5092 1541 318
5093 2426 351
5094 2044 445
5095 6270 386
5096 2987 564
5097 6226 323
5098 6531 355
5099 4187 364
5100 5636 275
5101 1936 332
5102 4873 363
5103 3814 280
5104 2870 366
5105 5744 356
5106 2524 328
5107 3736 289
5108 6162 356
5109 4471 411
5110 520 424
5111 5725 447
5112 3423 373
5113 5338 166
5114 199 298
5115 526 392
5116 6008 145
5117 561 408
5118 6538 363
5119 1147 434
5120 276 239
5121 1542 318
5122 5754 289
5123 1227 376
5124 2529 294
5125 1017 455
5126 5527 449
5127 2308 391
5128 5432 372
5129 421 443
5130 6547 389
5131 2106 357
5132 5183 486
5133 187 248
5134 159 381
5135 6531 308
5136 155 464
5137 15 291
5138 603 408
5139 6442 316
5140 1063 391
5141 3340 298
5142 5084 362
5143 2862 487
5144 6192 300
5145 1139 407
5146 6450 421
5147 1120 536
5148 5846 437
5149 6477 367
5150 3068 298
5151 1439 285
5152 4713 499
5153 3368 429
5154 5285 357
5155 3401 571
5156 2498 284
5157 3348 392
5158 132 417
5159 642 331
5160 5967 421
5161 5851 398
5162 2926 304
5163 2035 259
5164 1961 440
5165 4674 358
5166 4695 239
5167 6218 326
5168 6190 306
5169 2158 389
5170 2691 379
5171 5964 304
5172 1148 492
5173 1446 325
5174 215 333
5175 1056 488
5176 594 451
5177 4307 295
5178 5965 433
5179 4604 361
5180 3396 422
5181 5048 251
5182 4456 335
5183 2143 484
5184 1367 492
5185 3315 353
5186 723 229
5187 4689 396
5188 4988 277
5189 1541 338
5190 4635 390
5191 4653 403
5192 390 354
5193 1904 375
5194 5954 380
5195 3914 298
5196 6348 320
5197 0 -1
5198 1776 419
5199 5895 190
5200 2704 497
5201 1447 422
5202 5828 206
5203 3674 514
5204 289 403
5205 0 -1
5206 2018 292
5207 403 468
5208 5309 352
5209 3492 203
5210 5114 342
5211 3949 269
5212 2146 311
5213 5141 326
5214 352 344
5215 54 395
5216 1306 440
5217 526 374
5218 3783 431
5219 3894 482
5220 3334 307
5221 5888 383
5222 2855 397
5223 288 229
5224 779 350
5225 2878 419
5226 943 355
5227 2272 96
5228 6538 359
5229 6551 314
5230 0 -1
5231 4581 416
5232 747 426
5233 2621 391
5234 5321 415
5235 3529 422
5236 5597 388
5237 1111 323
5238 1708 331
5239 2693 382
5240 6264 402
5241 5188 322
5242 107 327
5243 6005 396
5244 3467 351
5245 6108 361
5246 1158 420
5247 3998 201
5248 6297 338
5249 4337 347
5250 5812 280
5251 490 276
5252 1503 264
5253 2311 373
5254 3863 470
5255 3281 432
5256 3989 354
5257 1651 359
5258 1360 328
5259 2120 356
5260 5679 413
5261 760 419
5262 1075 374
5263 5531 433
5264 3697 291
5265 0 -1
5266 832 321
5267 246 302
5268 6141 450
5269 133 348
5270 3776 392
5271 4635 434
5272 5700 397
5273 217 368
5274 133 390
5275 1409 412
5276 0 -1
5277 5910 389
5278 0 -1
5279 4546 454
5280 4391 312
5281 4795 363
5282 4973 458
5283 3682 460
5284 4796 275
5285 5332 283
5286 4521 482
5287 3349 295
5288 5834 306
5289 2198 353
5290 3114 449
5291 1858 388
5292 449 400
5293 43 421
5294 41 459
5295 963 402
5296 3690 495
5297 6567 290
5298 5179 470
5299 5194 479
5300 1737 340
5301 4262 346
5302 1068 352
5303 5239 406
5304 314 374
5305 2590 254
5306 6167 397
5307 550 443
5308 4332 321
5309 2359 348
5310 4916 397
5311 1840 390
5312 4058 351
5313 1892 363
5314 2838 288
5315 2914 416
5316 4065 313
5317 671 443
5318 56 349
5319 5282 568
5320 4954 368
5321 2815 388
5322 2944 369
5323 2677 312
5324 4115 237
5325 503 224
5326 3368 502
5327 3823 237
5328 1629 404
5329 5023 312
5330 3957 241
5331 6162 280
5332 3948 260
5333 3213 420
5334 1439 328
5335 309 388
5336 5914 434
5337 953 488
5338 6164 132
5339 3673 287
5340 804 376
5341 4064 386
5342 2156 444
5343 4422 365
5344 0 -1
5345 5741 305
5346 4068 326
5347 4123 274
5348 2759 420
5349 5582 418
5350 1070 263
5351 4879 355
5352 1810 413
5353 3370 567
5354 1758 630
5355 6319 322
5356 2078 366
5357 0 -1
5358 6403 351
5359 5671 268
5360 941 344
5361 1388 348
5362 274 326
5363 352 282
5364 4562 512
5365 3459 211
5366 4511 406
5367 3337 501
5368 6466 315
5369 1975 356
5370 0 -1
5371 5896 514
5372 3760 243
5373 1111 285
5374 3295 322
5375 312 399
5376 5004 502
5377 4804 415
5378 1096 389
5379 1187 340
5380 5329 415
5381 3852 415
5382 5661 410
5383 2716 378
5384 6218 428
5385 216 540
5386 1629 404
5387 460 354
5388 6392 312
5389 4919 429
5390 1170 309
5391 4436 430
5392 387 410
5393 1884 426
5394 5897 452
5395 6022 275
5396 0 -1
5397 1878 441
5398 656 312
5399 5881 408
5400 5745 484
5401 1684 397
5402 5454 448
5403 6485 371
5404 4905 349
5405 2047 408
5406 977 394
5407 3832 326
5408 2677 302
5409 3736 299
5410 1666 289
5411 6590 392
5412 3457 372
5413 1328 442
5414 1401 400
5415 0 -1
5416 3646 386
5417 288 308
5418 3490 208
5419 5401 400
5420 1926 372
5421 6550 404
5422 3504 306
5423 2114 392
5424 1163 397
5425 4843 491
5426 863 471
5427 3134 347
5428 2996 356
5429 5070 475
5430 4697 322
5431 316 447
5432 5859 279
5433 1512 378
5434 0 -1
5435 0 -1
5436 845 471
5437 1463 321
5438 3954 288
5439 4258 379
5440 1812 347
5441 1792 420
5442 0 -1
5443 569 416
5444 2235 546
5445 2629 287
5446 2764 323
5447 2383 297
5448 3876 395
5449 2627 291
5450 4639 336
5451 5992 258
5452 274 282
5453 6424 328
5454 2748 437
5455 1750 363
5456 0 -1
5457 1634 471
5458 1994 393
5459 135 388
5460 927 472
5461 0 -1
5462 104 387
5463 6054 360
5464 0 -1
5465 4314 450
5466 3053 347
5467 0 -1
5468 6204 368
5469 2238 266
5470 4413 290
5471 5010 413
5472 614 355
5473 6026 344
5474 118 389
5475 5134 473
5476 6023 434
5477 5857 365
5478 3972 442
5479 5546 458
5480 0 -1
5481 677 360
5482 4462 313
5483 5048 230
5484 5186 238
5485 3809 236
5486 0 -1
5487 123 401
5488 4916 421
5489 3389 449
5490 1278 259
5491 1321 490
5492 4862 411
5493 6590 389
5494 1070 293
5495 4436 367
5496 5701 370
5497 4421 315
5498 2236 364
5499 5202 266
5500 0 -1
5501 4885 380
5502 532 312
5503 1564 412
5504 5223 300
5505 1646 428
5506 1035 374
5507 6003 379
5508 3215 483
5509 2607 316
5510 4399 356
5511 853 398
5512 2361 341
5513 5888 489
5514 4005 290
5515 6538 408
5516 834 272
5517 4516 326
5518 1083 307
5519 1051 361
5520 3746 391
5521 4032 359
5522 0 -1
5523 4522 363
5524 5748 347
5525 5211 364
5526 1853 377
5527 2785 413
5528 2012 401
5529 5285 341
5530 85 317
5531 4143 372
5532 532 338
5533 5264 313
5534 755 359
5535 182 423
5536 3007 365
5537 6505 416
5538 0 -1
5539 1726 443
5540 1667 377
5541 3479 518
5542 3834 472
5543 6337 354
5544 6585 145
5545 5445 295
5546 2421 386
5547 4883 348
5548 0 -1
5549 2738 366
5550 845 392
5551 0 -1
5552 851 333
5553 5228 405
5554 6532 274
5555 528 373
5556 580 349
5557 5383 413
5558 689 290
5559 3737 446
5560 5870 296
5561 5398 340
5562 607 478
5563 4266 433
5564 5741 256
5565 0 -1
5566 1909 365
5567 3806 414
5568 1066 430
5569 0 -1
5570 6093 381
5571 2764 335
5572 458 363
5573 2286 283
5574 0 -1
5575 3669 251
5576 6473 413
5577 2941 116
5578 1852 391
5579 3778 359
5580 1167 406
5581 1156 537
5582 6001 353
5583 4201 401
5584 1251 374
5585 498 380
5586 2856 346
5587 6317 356
5588 4300 403
5589 5567 471
5590 2180 531
5591 3789 288
5592 0 -1
5593 2287 536
5594 290 352
5595 2434 421
5596 5677 252
5597 5173 346
5598 5454 445
5599 3669 339
5600 6491 358
5601 1111 316
5602 5195 366
5603 0 -1
5604 5837 335
5605 984 466
5606 5348 489
5607 1804 436
5608 2118 553
5609 464 574
5610 5010 373
5611 1283 398
5612 4750 331
5613 2618 327
5614 4605 368
5615 1447 336
5616 5893 187
5617 5499 334
5618 966 477
5619 4482 324
5620 2280 344
5621 554 429
5622 0 -1
5623 4906 408
5624 2684 357
5625 0 -1
5626 0 -1
5627 5104 397
5628 3809 192
5629 2711 389
5630 4315 370
5631 2324 351
5632 262 357
5633 3469 352
5634 2211 419
5635 233 572
5636 2117 261
5637 3954 322
5638 1497 361
5639 6242 354
5640 4042 396
5641 1003 380
5642 5463 414
5643 2127 466
5644 2518 539
5645 6371 511
5646 5384 478
5647 1487 374
5648 0 -1
5649 4760 364
5650 229 337
5651 1199 373
5652 3459 219
5653 4164 423
5654 6487 404
5655 4280 338
5656 5113 180
5657 3903 483
5658 2351 268
5659 0 -1
5660 0 -1
5661 6192 356
5662 443 299
5663 2062 379
5664 6192 253
5665 3388 203
5666 3096 281
5667 290 314
5668 6067 313
5669 97 318
5670 2150 314
5671 854 251
5672 4797 297
5673 2822 552
5674 3369 360
5675 4462 258
5676 921 407
5677 1278 241
5678 18 453
5679 1313 343
5680 3492 200
5681 5916 371
5682 0 -1
5683 6444 271
5684 6221 326
5685 4430 468
5686 6556 293
5687 170 377
5688 3020 417
5689 3109 391
5690 5326 604
5691 892 390
5692 5873 357
5693 4867 433
5694 1310 393
5695 57 416
5696 4916 353
5697 2793 397
5698 2158 385
5699 2713 389
5700 2977 390
5701 3837 341
5702 421 414
5703 1525 416
5704 2732 450
5705 4552 285
5706 6236 362
5707 2689 328
5708 6557 398
5709 4995 358
5710 2412 375
5711 5372 324
5712 1293 395
5713 1310 379
5714 4340 559
5715 1721 396
5716 1097 394
5717 3323 275
5718 1170 263
5719 876 522
5720 2506 351
5721 0 -1
5722 387 448
5723 5498 411
5724 3075 333
5725 1175 378
5726 3221 393
5727 533 518
5728 2541 507
5729 4086 216
5730 2592 647
5731 5664 358
5732 5597 348
5733 3594 415
5734 1351 252
5735 900 372
5736 6278 388
5737 6192 257
5738 4664 352
5739 0 -1
5740 2690 470
5741 2150 249
5742 3698 390
5743 136 312
5744 6155 338
5745 6277 452
5746 1737 349
5747 0 -1
5748 1023 315
5749 6547 362
5750 3155 344
5751 3233 464
5752 6579 434
5753 0 -1
5754 4255 285
5755 1462 348
5756 426 458
5757 6204 437
5758 2901 336
5759 695 338
5760 6532 293
5761 6348 272
5762 4672 301
5763 900 332
5764 2154 390
5765 1360 263
5766 3695 465
5767 843 343
5768 3305 321
5769 4992 487
5770 2589 323
5771 950 422
5772 636 371
5773 6148 488
5774 5749 475
5775 6245 336
5776 44 343
5777 2988 384
5778 5558 323
5779 1388 317
5780 5998 331
5781 3587 385
5782 5403 455
5783 3823 211
5784 4194 480
5785 1861 262
5786 5287 360
5787 3601 547
5788 2700 316
5789 3496 449
5790 3093 382
5791 4130 461
5792 6303 415
5793 4305 464
5794 6051 319
5795 2769 319
5796 2770 440
5797 2052 351
5798 3173 478
5799 3499 328
5800 2258 419
5801 5126 454
5802 561 364
5803 3553 416
5804 4116 367
5805 6102 389
5806 2985 358
5807 2159 297
5808 4378 363
5809 326 355
5810 5144 306
5811 2468 761
5812 1542 268
5813 5162 386
5814 5106 351
5815 3021 378
5816 2058 479
5817 771 448
5818 1663 451
5819 3449 397
5820 5694 403
5821 2126 272
5822 0 -1
5823 3913 339
5824 4755 462
5825 5588 409
5826 6559 433
5827 4224 439
5828 5040 201
5829 5731 365
5830 3226 278
5831 1360 285
5832 1465 486
5833 530 477
5834 5365 215
5835 3735 423
5836 71 391
5837 2500 319
5838 3459 291
5839 4086 139
5840 2905 339
5841 1276 365
5842 1926 302
5843 1709 328
5844 5073 433
5845 3972 470
5846 2150 335
5847 2153 264
5848 3001 347
5849 0 -1
5850 3850 253
5851 4839 384
5852 2041 315
5853 1787 294
5854 970 492
5855 959 288
5856 596 412
5857 5619 360
5858 3033 524
5859 3459 277
5860 3492 265
5861 3506 377
5862 784 419
5863 2125 391
5864 2074 390
5865 1533 286
5866 3000 419
5867 6284 437
5868 2625 294
5869 4804 389
5870 4252 230
5871 1000 326
5872 5165 474
5873 683 308
5874 0 -1
5875 1464 313
5876 5835 439
5877 2101 406
5878 1739 351
5879 4515 481
5880 6544 424
5881 4332 319
5882 854 224
5883 5395 285
5884 472 359
5885 2593 230
5886 5683 345
5887 3957 314
5888 4604 372
5889 3315 351
5890 189 398
5891 1108 292
5892 2264 457
5893 5338 171
5894 0 -1
5895 3809 150
5896 5356 428
5897 5521 374
5898 1803 322
5899 2372 264
5900 1833 486
5901 1403 445
5902 570 426
5903 4656 383
5904 6089 367
5905 3826 308
5906 4255 276
5907 3321 357
5908 1750 389
5909 1070 367
5910 2717 375
5911 3948 232
5912 4016 382
5913 691 398
5914 3932 407
5915 5081 316
5916 749 326
5917 2163 537
5918 0 -1
5919 5881 331
5920 4335 443
5921 6538 397
5922 2460 312
5923 4961 343
5924 2094 428
5925 4887 278
5926 297 336
5927 4960 355
5928 526 343
5929 1293 445
5930 302 482
5931 4665 521
5932 2864 323
5933 3325 375
5934 1426 292
5935 1413 355
5936 4285 481
5937 3778 370
5938 1276 388
5939 5577 189
5940 4000 390
5941 3024 420
5942 4562 494
5943 0 -1
5944 6460 335
5945 4421 354
5946 2273 427
5947 5350 318
5948 1435 456
5949 3030 390
5950 1644 415
5951 3077 394
5952 6166 300
5953 3504 305
5954 3666 273
5955 2556 538
5956 3707 380
5957 2280 330
5958 0 -1
5959 4781 385
5960 2993 343
5961 0 -1
5962 1269 271
5963 0 -1
5964 1664 294
5965 2507 398
5966 2350 368
5967 3611 375
5968 3407 363
5969 1334 258
5970 3850 318
5971 4410 403
5972 2396 366
5973 6252 408
5974 2228 585
5975 5160 535
5976 4069 455
5977 2208 375
5978 5033 471
5979 2286 249
5980 1646 358
5981 1995 384
5982 6029 407
5983 0 -1
5984 1692 295
5985 0 -1
5986 0 -1
5987 0 -1
5988 0 -1
5989 1871 280
5990 466 395
5991 2444 466
5992 1664 255
5993 599 393
5994 4109 410
5995 2756 352
5996 6107 414
5997 1674 303
5998 1220 316
5999 4962 320
6000 175 472
6001 2159 299
6002 3596 297
6003 5919 345
6004 4814 441
6005 905 346
6006 3946 322
6007 1276 325
6008 3094 130
6009 1694 301
6010 70 173
6011 2255 405
6012 4291 339
6013 1446 355
6014 6349 399
6015 4261 338
6016 5329 396
6017 4460 420
6018 3227 407
6019 1827 222
6020 1267 311
6021 1927 355
6022 443 248
6023 2184 361
6024 1372 369
6025 2813 471
6026 3708 336
6027 4119 437
6028 440 366
6029 4767 323
6030 3712 459
6031 5575 344
6032 6078 419
6033 5604 392
6034 1795 351
6035 3658 269
6036 1729 353
6037 5882 324
6038 0 -1
6039 6358 232
6040 3322 449
6041 2414 377
6042 721 448
6043 5669 335
6044 588 405
6045 2602 446
6046 0 -1
6047 2481 377
6048 4257 412
6049 5895 219
6050 4195 256
6051 6019 224
6052 4581 352
6053 503 302
6054 2926 303
6055 1360 363
6056 301 412
6057 0 -1
6058 1495 460
6059 2261 452
6060 639 431
6061 1780 421
6062 4146 374
6063 283 368
6064 4418 335
6065 4393 415
6066 864 372
6067 6358 293
6068 3228 314
6069 5831 338
6070 3723 339
6071 5019 208
6072 6580 341
6073 1585 270
6074 3986 358
6075 6512 428
6076 6239 423
6077 0 -1
6078 6395 340
6079 2786 518
6080 5834 334
6081 2189 392
6082 3975 438
6083 663 388
6084 1427 369
6085 0 -1
6086 5746 385
6087 4669 342
6088 3225 376
6089 787 301
6090 6447 423
6091 2099 402
6092 0 -1
6093 1787 304
6094 1536 437
6095 5453 356
6096 86 142
6097 531 404
6098 3022 498
6099 836 407
6100 5923 406
6101 5772 402
6102 2994 383
6103 4315 309
6104 4703 440
6105 5378 467
6106 932 363
6107 5670 349
6108 6205 300
6109 66 469
6110 1444 382
6111 2642 438
6112 6058 473
6113 3519 383
6114 1148 442
6115 5662 335
6116 2792 425
6117 5470 312
6118 6477 479
6119 2620 323
6120 5665 233
6121 5199 278
6122 0 -1
6123 2035 292
6124 0 -1
6125 3322 447
6126 1073 418
6127 5552 444
6128 5028 397
6129 4252 199
6130 3459 240
6131 4103 439
6132 2355 471
6133 1439 284
6134 1400 468
6135 0 -1
6136 4263 310
6137 4130 423
6138 3839 418
6139 2812 395
6140 5432 395
6141 604 430
6142 5027 539
6143 4743 254
6144 5707 348
6145 3188 279
6146 1928 272
6147 3581 388
6148 3806 389
6149 4101 375
6150 839 371
6151 2302 363
6152 5115 409
6153 3958 369
6154 0 -1
6155 4062 317
6156 0 -1
6157 516 417
6158 1068 408
6159 6422 452
6160 4942 397
6161 4766 350
6162 3596 273
6163 4684 377
6164 70 92
6165 2126 288
6166 2804 292
6167 5186 329
6168 660 302
6169 3681 426
6170 3277 455
6171 1693 394
6172 1541 366
6173 2114 343
6174 4217 386
6175 2305 383
6176 5229 345
6177 2800 427
6178 5810 385
6179 1358 334
6180 4907 379
6181 5516 374
6182 0 -1
6183 4663 381
6184 1464 380
6185 1318 504
6186 2295 461
6187 3637 353
6188 1424 365
6189 3234 383
6190 5499 301
6191 2158 457
6192 359 242
6193 2400 389
6194 4265 430
6195 1437 411
6196 2106 310
6197 2827 369
6198 0 -1
6199 532 389
6200 1531 218
6201 3515 360
6202 2361 436
6203 6422 384
6204 5302 365
6205 1827 277
6206 470 308
6207 1170 298
6208 5465 469
6209 3692 487
6210 0 -1
6211 4889 407
6212 1706 233
6213 4480 364
6214 433 376
6215 2448 361
6216 4731 465
6217 3229 346
6218 102 316
6219 3450 378
6220 0 -1
6221 1170 264
6222 4241 358
6223 6432 475
6224 4691 406
6225 4191 327
6226 5859 287
6227 2146 399
6228 1385 331
6229 4661 427
6230 1824 308
6231 1470 406
6232 3226 251
6233 421 390
6234 0 -1
6235 1533 318
6236 5935 358
6237 2930 398
6238 0 -1
6239 3540 379
6240 5596 343
6241 4223 431
6242 5952 348
6243 3018 371
6244 3750 196
6245 5838 310
6246 4743 242
6247 5221 424
6248 2259 359
6249 5887 404
6250 1762 357
6251 537 404
6252 4337 344
6253 4994 398
6254 4832 374
6255 4018 383
6256 5799 335
6257 6597 347
6258 3386 315
6259 3677 332
6260 4457 358
6261 2016 495
6262 6466 363
6263 0 -1
6264 6193 389
6265 181 347
6266 2829 428
6267 3845 333
6268 431 419
6269 2739 365
6270 1996 279
6271 4224 452
6272 5786 379
6273 638 376
6274 3251 387
6275 0 -1
6276 1500 421
6277 6242 417
6278 213 297
6279 1478 422
6280 1271 341
6281 4149 441
6282 2356 245
6283 1448 421
6284 247 386
6285 1961 443
6286 1786 431
6287 5133 326
6288 160 238
6289 4687 404
6290 5681 413
6291 2954 431
6292 0 -1
6293 4931 423
6294 6454 334
6295 5564 328
6296 2068 380
6297 844 274
6298 3394 448
6299 2361 364
6300 5588 434
6301 4570 320
6302 3510 419
6303 196 309
6304 6552 540
6305 2935 386
6306 0 -1
6307 5074 385
6308 0 -1
6309 6155 426
6310 995 270
6311 6440 279
6312 2650 408
6313 857 415
6314 3644 676
6315 5395 365
6316 4935 439
6317 999 296
6318 6545 364
6319 4591 288
6320 96 373
6321 777 309
6322 2699 455
6323 6307 459
6324 5499 266
6325 4715 142
6326 5932 393
6327 4295 470
6328 5455 385
6329 6488 307
6330 2528 264
6331 1005 468
6332 5553 430
6333 1536 462
6334 4252 206
6335 1404 414
6336 2645 339
6337 3188 312
6338 0 -1
6339 3451 377
6340 1431 420
6341 4307 346
6342 4378 380
6343 2808 337
6344 1794 433
6345 2167 419
6346 2418 385
6347 4491 357
6348 2627 215
6349 767 344
6350 4752 401
6351 363 402
6352 1988 429
6353 110 382
6354 410 321
6355 2277 536
6356 1781 537
6357 0 -1
6358 1278 227
6359 2188 305
6360 2400 326
6361 3877 431
6362 5952 363
6363 4403 404
6364 2115 498
6365 1071 355
6366 5033 508
6367 263 352
6368 4371 385
6369 4577 404
6370 0 -1
6371 4000 483
6372 356 373
6373 639 394
6374 4186 458
6375 3449 435
6376 4302 467
6377 6542 352
6378 870 382
6379 3525 410
6380 2117 354
6381 0 -1
6382 122 336
6383 4937 359
6384 5390 390
6385 5111 538
6386 1830 348
6387 5109 479
6388 4798 279
6389 1175 368
6390 3974 417
6391 2106 374
6392 2103 261
6393 4553 323
6394 3344 386
6395 2559 307
6396 485 380
6397 6578 440
6398 5407 424
6399 2489 347
6400 0 -1
6401 969 518
6402 830 326
6403 5034 350
6404 1314 356
6405 5293 427
6406 1737 397
6407 5915 405
6408 1550 415
6409 4719 479
6410 2700 328
6411 3377 444
6412 483 494
6413 5754 325
6414 0 -1
6415 0 -1
6416 2440 403
6417 3380 361
6418 0 -1
6419 5502 392
6420 980 400
6421 5572 466
6422 1468 354
6423 0 -1
6424 4493 254
6425 0 -1
6426 3193 395
6427 6596 405
6428 0 -1
6429 4167 329
6430 1601 402
6431 4580 407
6432 1060 394
6433 6557 454
6434 4760 355
6435 1585 174
6436 4728 436
6437 5167 330
6438 1405 337
6439 2316 428
6440 3666 274
6441 113 346
6442 2588 289
6443 6511 450
6444 160 229
6445 3898 431
6446 3554 436
6447 3549 330
6448 76 326
6449 2709 455
6450 4838 303
6451 1462 349
6452 1560 378
6453 0 -1
6454 3504 323
6455 76 350
6456 4989 293
6457 1825 365
6458 1454 456
6459 4537 413
6460 1871 316
6461 2500 366
6462 4337 335
6463 4519 355
6464 4226 420
6465 3409 373
6466 900 305
6467 4022 359
6468 4996 420
6469 5174 438
6470 5754 325
6471 6143 295
6472 0 -1
6473 2566 398
6474 6475 362
6475 3386 320
6476 1102 447
6477 563 364
6478 5097 373
6479 1457 385
6480 3504 348
6481 4255 353
6482 1408 369
6483 3418 323
6484 3576 134
6485 2417 344
6486 4849 471
6487 925 362
6488 4275 286
6489 589 419
6490 3625 451
6491 6551 288
6492 3546 385
6493 1202 319
6494 1658 483
6495 4768 389
6496 3265 431
6497 6584 519
6498 1667 419
6499 3207 491
6500 2985 314
6501 5768 405
6502 1796 535
6503 6265 398
6504 3449 407
6505 5868 309
6506 2567 362
6507 6050 320
6508 557 330
6509 1915 363
6510 371 339
6511 5617 361
6512 4748 331
6513 2809 397
6514 0 -1
6515 4887 279
6516 5085 439
6517 5449 387
6518 6293 451
6519 4993 428
6520 2333 423
6521 4938 417
6522 857 390
6523 713 371
6524 5256 368
6525 1248 375
6526 2761 268
6527 1283 446
6528 2529 302
6529 5069 322
6530 2752 425
6531 4391 287
6532 359 272
6533 5413 457
6534 3921 379
6535 1968 313
6536 3343 365
6537 2101 403
6538 4597 339
6539 5524 414
6540 3673 380
6541 1358 319
6542 1108 285
6543 3494 392
6544 304 418
6545 2864 313
6546 1124 368
6547 2176 333
6548 1537 379
6549 2193 354
6550 944 339
6551 1836 244
6552 3681 475
6553 6231 449
6554 6462 423
6555 5700 399
6556 3418 272
6557 1586 347
6558 5627 487
6559 3607 394
6560 3342 364
6561 6200 249
6562 3799 383
6563 4437 351
6564 2772 441
6565 6160 436
6566 757 321
6567 2966 268
6568 3760 352
6569 184 412
6570 4686 276
6571 657 482
6572 1629 429
6573 1997 401
6574 255 427
6575 2724 450
6576 4909 329
6577 2701 361
6578 6438 410
6579 2901 362
6580 5211 298
6581 2559 268
6582 0 -1
6583 0 -1
6584 3120 412
6585 1343 85
6586 3496 353
6587 2813 369
6588 877 417
6589 5650 425
6590 5428 367
6591 3624 323
6592 728 455
6593 0 -1
6594 4391 308
6595 2103 252
6596 5100 308
6597 1709 329
6598 3508 425
6599 3898 450
6600 4122 465
