10
1 0 -1
2 3470 551
3 0 -1
4 6032 363
5 5624 370
6 0 -1
7 2732 439
8 378 289
9 192 369
10 10 0
11 6527 320
12 0 -1
13 2441 307
14 329 353
15 1809 289
16 1402 383
17 6475 331
18 6346 310
19 5431 408
20 3615 244
21 45 222
22 5484 323
23 1293 380
24 2859 334
25 151 375
26 4645 363
27 5499 78
28 5025 469
29 3989 468
30 3486 366
31 0 -1
32 116 390
33 5737 414
34 1486 385
35 3484 422
36 2248 409
37 4818 401
38 5902 384
39 4330 306
40 3846 372
41 3369 427
42 4247 297
43 558 255
44 4291 317
45 1283 219
46 134 347
47 1617 626
48 790 432
49 4119 440
50 3169 398
51 3112 421
52 855 304
53 2271 290
54 3342 407
55 3324 460
56 849 350
57 5489 341
58 0 -1
59 1504 341
60 6165 340
61 2535 188
62 2317 368
63 293 334
64 4824 445
65 3515 442
66 5960 369
67 5642 350
68 0 -1
69 3382 398
70 1732 314
71 985 406
72 3943 349
73 6377 548
74 1053 329
75 4233 299
76 6051 283
77 5142 425
78 410 383
79 3598 316
80 4228 285
81 2805 438
82 3863 418
83 101 345
84 2074 340
85 5001 225
86 2358 245
87 4286 418
88 3510 372
89 5345 428
90 20 254
91 227 525
92 0 -1
93 4281 314
94 1782 410
95 311 348
96 3850 213
97 3520 179
98 1126 455
99 6196 314
100 3416 308
101 2064 344
102 4115 349
103 142 365
104 2593 321
105 4525 303
106 1292 362
107 5962 175
108 3221 336
109 924 415
110 6389 413
111 5925 415
112 3034 421
113 2085 381
114 3773 316
115 2537 390
116 1311 385
117 939 295
118 252 287
119 4672 356
120 3289 585
121 3867 447
122 4339 365
123 99 356
124 0 -1
125 6136 248
126 4100 393
127 1353 375
128 1016 296
129 5545 325
130 1436 403
131 4231 293
132 6591 293
133 6529 346
134 4395 329
135 1253 274
136 1491 330
137 337 487
138 0 -1
139 3453 411
140 2701 491
141 4311 424
142 4261 342
143 5953 373
144 2993 319
145 2453 342
146 3013 385
147 3003 431
148 2279 385
149 129 369
150 4541 412
151 6410 284
152 528 505
153 2019 368
154 5218 240
155 5998 350
156 1277 367
157 0 -1
158 456 331
159 4421 507
160 2375 365
161 1968 328
162 1900 474
163 5715 358
164 5680 334
165 0 -1
166 2602 498
167 832 290
168 4970 357
169 3344 372
170 1054 309
171 0 -1
172 849 324
173 3080 325
174 4548 360
175 4084 445
176 1059 351
177 1156 482
178 3798 315
179 4907 351
180 1767 353
181 4693 333
182 4258 369
183 2409 389
184 3594 400
185 4076 401
186 418 389
187 6334 322
188 6361 305
189 2756 413
190 0 -1
191 1933 363
192 6503 369
193 2831 549
194 5482 386
195 0 -1
196 5671 274
197 1323 489
198 6041 394
199 3641 282
200 5744 287
201 3771 478
202 2143 378
203 2941 175
204 4257 346
205 284 472
206 1705 358
207 3414 384
208 4526 403
209 4990 364
210 3676 345
211 6278 337
212 0 -1
213 6526 354
214 6566 379
215 443 208
216 1704 466
217 1451 337
218 3897 304
219 2859 369
220 5591 473
221 5163 272
222 4360 329
223 5224 401
224 0 -1
225 0 -1
226 1302 486
227 4125 420
228 2043 300
229 2174 338
230 4186 356
231 2783 330
232 2567 228
233 2397 463
234 3256 446
235 6099 466
236 4006 393
237 0 -1
238 3034 350
239 1849 288
240 4806 262
241 1283 269
242 0 -1
243 18 361
244 1307 310
245 27 178
246 842 319
247 2259 258
248 5139 356
249 870 187
250 1338 320
251 3498 526
252 1086 267
253 0 -1
254 615 317
255 780 353
256 2485 401
257 4046 378
258 3244 468
259 0 -1
260 3699 352
261 467 453
262 5633 393
263 2244 321
264 1530 349
265 147 472
266 2692 404
267 274 300
268 5428 407
269 1809 344
270 3080 430
271 4452 360
272 1056 436
273 3181 422
274 3012 256
275 5440 429
276 1307 294
277 0 -1
278 337 454
279 6233 370
280 5321 416
281 925 315
282 1878 321
283 1809 291
284 1289 376
285 5697 516
286 1508 446
287 0 -1
288 3822 343
289 683 326
290 93 330
291 2803 408
292 4920 386
293 5711 297
294 665 450
295 0 -1
296 1667 372
297 1784 338
298 5768 201
299 6048 287
300 3367 645
301 1959 272
302 5101 374
303 3641 375
304 461 374
305 4915 409
306 4294 354
307 5971 403
308 4873 369
309 2931 401
310 0 -1
311 2846 320
312 1125 387
313 2778 464
314 3661 236
315 5059 339
316 5738 371
317 6137 374
318 3050 366
319 0 -1
320 6055 506
321 482 321
322 2261 316
323 5267 363
324 5509 444
325 4668 378
326 4226 315
327 3121 480
328 5225 322
329 2383 309
330 0 -1
331 5438 427
332 1088 362
333 3411 448
334 3691 285
335 662 379
336 4224 293
337 5262 396
338 418 334
339 2503 63
340 5970 308
341 2582 483
342 1659 343
343 5570 402
344 1165 300
345 4475 367
346 4126 346
347 548 407
348 2550 334
349 2016 484
350 6236 184
351 530 327
352 5209 302
353 3467 448
354 2839 301
355 4762 432
356 982 392
357 5805 375
358 0 -1
359 1185 401
360 2852 446
361 6050 408
362 308 450
363 6168 455
364 6015 380
365 252 272
366 1935 474
367 1070 312
368 4173 391
369 5153 398
370 1172 392
371 1970 385
372 3476 377
373 1392 318
374 2677 372
375 5577 199
376 311 424
377 3176 292
378 3661 219
379 4793 421
380 0 -1
381 1740 397
382 960 326
383 664 482
384 3840 425
385 5144 356
386 5077 341
387 2346 502
388 1619 358
389 1848 388
390 1439 377
391 6432 479
392 0 -1
393 2343 410
394 769 517
395 4133 212
396 5343 415
397 984 451
398 4302 244
399 2653 427
400 0 -1
401 4441 391
402 1619 307
403 1114 450
404 2057 357
405 5798 534
406 3682 382
407 340 334
408 3189 299
409 6373 350
410 4123 280
411 6363 444
412 3204 359
413 301 323
414 3764 542
415 1885 360
416 5899 405
417 653 354
418 1603 309
419 5036 374
420 3347 435
421 2681 225
422 4658 327
423 5287 366
424 5888 434
425 19 426
426 4488 333
427 1974 345
428 1253 368
429 6016 394
430 569 378
431 680 318
432 4220 380
433 2838 246
434 4263 370
435 6244 370
436 5384 420
437 1660 434
438 3288 282
439 2858 436
440 1722 250
441 4164 502
442 1530 324
443 5577 196
444 4924 476
445 23 409
446 39 317
447 3498 444
448 4937 206
449 2243 382
450 4940 433
451 0 -1
452 1960 437
453 766 291
454 1743 333
455 3608 410
456 1732 285
457 4804 447
458 1940 296
459 1996 342
460 4726 224
461 2895 266
462 1647 439
463 5363 372
464 4671 490
465 2111 423
466 5952 306
467 1451 369
468 553 443
469 3086 425
470 97 191
471 3224 395
472 807 388
473 3595 317
474 467 410
475 2745 376
476 6580 333
477 3292 351
478 41 457
479 3382 295
480 578 338
481 6368 495
482 5005 313
483 583 395
484 4770 482
485 5368 395
486 2408 333
487 3243 363
488 2461 406
489 2716 346
490 3567 497
491 1427 322
492 1803 477
493 164 369
494 2480 328
495 654 468
496 4435 355
497 4695 348
498 6354 372
499 0 -1
500 2696 229
501 0 -1
502 5957 380
503 3255 347
504 6463 404
505 456 327
506 4104 418
507 3765 439
508 4998 654
509 5169 483
510 5962 206
511 2395 482
512 4153 342
513 4944 398
514 2110 308
515 1875 464
516 79 334
517 6129 290
518 3407 273
519 4196 408
520 2547 436
521 3819 459
522 4962 392
523 2261 252
524 4589 266
525 0 -1
526 1583 430
527 188 393
528 3323 488
529 1933 331
530 4685 327
531 4597 461
532 6378 223
533 4491 435
534 0 -1
535 2796 395
536 946 385
537 1292 458
538 2693 483
539 473 322
540 1628 391
541 5975 509
542 5904 287
543 1916 313
544 3205 422
545 6594 347
546 3765 407
547 6365 368
548 5259 395
549 0 -1
550 3316 390
551 5135 385
552 3070 203
553 4448 391
554 3821 368
555 1443 252
556 667 393
557 1235 326
558 1997 250
559 5275 419
560 0 -1
561 3050 303
562 2211 245
563 2930 388
564 3422 300
565 3846 408
566 1158 398
567 4962 330
568 114 353
569 5512 343
570 4869 335
571 0 -1
572 1536 381
573 1797 546
574 6188 404
575 4536 315
576 3880 459
577 4800 480
578 2480 232
579 3226 245
580 3171 319
581 2254 466
582 4995 508
583 6369 393
584 5088 350
585 666 359
586 2893 657
587 4700 343
588 1409 322
589 630 490
590 3200 294
591 4143 457
592 1153 431
593 5689 317
594 4446 361
595 1673 269
596 4406 350
597 1676 408
598 6064 355
599 5651 386
600 0 -1
601 5458 440
602 1847 404
603 2783 300
604 1878 393
605 178 331
606 1786 452
607 2965 573
608 4240 316
609 804 295
610 0 -1
611 4910 304
612 5838 222
613 5378 330
614 2506 283
615 1756 232
616 5825 420
617 3360 312
618 0 -1
619 2944 358
620 3229 349
621 4399 350
622 4353 324
623 0 -1
624 5438 429
625 1377 443
626 3189 322
627 6161 465
628 4554 337
629 85 246
630 3784 372
631 2286 299
632 850 281
633 2847 496
634 4816 219
635 1889 432
636 4698 311
637 5850 158
638 1560 420
639 3537 377
640 1262 392
641 5516 330
642 3603 377
643 569 346
644 2138 338
645 0 -1
646 2217 438
647 574 405
648 5063 215
649 0 -1
650 6309 329
651 682 563
652 321 420
653 1466 348
654 4164 438
655 0 -1
656 1927 283
657 5236 380
658 2484 331
659 4333 392
660 1584 377
661 5462 353
662 298 277
663 5768 259
664 1179 443
665 6523 349
666 6014 297
667 1676 364
668 2210 464
669 2233 410
670 2449 352
671 6254 450
672 5751 442
673 6032 427
674 6230 499
675 3434 383
676 1980 379
677 3541 346
678 5908 335
679 6289 447
680 1974 261
681 401 410
682 2048 471
683 2899 261
684 5528 417
685 4963 373
686 1271 426
687 3366 355
688 4760 432
689 4493 267
690 2489 254
691 151 298
692 2373 418
693 3261 440
694 2296 366
695 241 330
696 4095 359
697 2944 353
698 4097 407
699 6216 495
700 1379 393
701 4760 417
702 2614 426
703 3019 474
704 4346 260
705 2506 269
706 4363 376
707 2640 376
708 4222 618
709 3106 182
710 724 542
711 4136 516
712 2576 447
713 288 383
714 4581 299
715 442 386
716 5231 324
717 2865 420
718 408 335
719 5269 367
720 0 -1
721 2642 468
722 5455 410
723 4226 307
724 361 453
725 2236 327
726 5499 71
727 937 114
728 246 423
729 3290 423
730 2140 384
731 114 369
732 140 494
733 4554 345
734 4235 312
735 1628 345
736 4874 325
737 5657 519
738 5187 286
739 5559 374
740 4978 301
741 1007 372
742 2323 451
743 6232 277
744 6500 271
745 6003 410
746 3690 367
747 2696 220
748 5093 433
749 1313 362
750 4348 337
751 1293 332
752 6559 356
753 1136 536
754 5167 317
755 2985 316
756 3532 446
757 5332 339
758 5896 435
759 3407 298
760 704 296
761 6069 364
762 1889 515
763 1385 306
764 1002 291
765 3643 283
766 3305 184
767 5768 152
768 6420 360
769 4853 405
770 3137 330
771 4481 378
772 5337 405
773 2694 359
774 3215 487
775 6464 472
776 3307 369
777 3055 327
778 2035 341
779 1715 397
780 4726 250
781 6162 321
782 4094 485
783 2756 452
784 413 323
785 5258 397
786 52 317
787 5671 315
788 6270 359
789 0 -1
790 2747 417
791 1288 415
792 6217 431
793 2351 344
794 4958 366
795 2862 370
796 1597 537
797 6365 448
798 1160 448
799 4529 505
800 1999 480
801 3307 431
802 4806 230
803 0 -1
804 3109 226
805 345 368
806 1295 419
807 2267 320
808 3615 307
809 3965 550
810 0 -1
811 852 530
812 2173 433
813 5728 391
814 3154 473
815 0 -1
816 1584 407
817 6243 573
818 476 425
819 0 -1
820 0 -1
821 2883 415
822 4442 392
823 923 430
824 5502 351
825 4663 461
826 4222 560
827 6123 347
828 5493 442
829 3083 587
830 4928 337
831 1103 374
832 4482 217
833 4830 348
834 3013 285
835 6218 255
836 558 256
837 6314 725
838 4985 451
839 5302 368
840 4254 318
841 1363 361
842 5834 314
843 1235 316
844 2027 267
845 6265 293
846 510 324
847 937 176
848 1404 385
849 6580 247
850 2706 220
851 5081 360
852 2320 430
853 5347 348
854 3459 241
855 5577 209
856 1574 403
857 2840 312
858 5821 294
859 3231 435
860 4259 357
861 1333 299
862 0 -1
863 4159 384
864 5952 294
865 3315 279
866 4473 227
867 668 480
868 6482 446
869 6133 461
870 5499 119
871 2391 407
872 0 -1
873 4834 293
874 351 346
875 3208 377
876 4435 346
877 2785 306
878 6311 376
879 4876 295
880 200 295
881 6296 353
882 2422 420
883 0 -1
884 5400 382
885 1526 405
886 5754 425
887 2457 441
888 881 396
889 5670 442
890 1712 392
891 1268 449
892 1859 364
893 1634 385
894 4282 409
895 3361 391
896 5738 392
897 423 424
898 5598 452
899 879 397
900 1383 414
901 4600 378
902 3530 432
903 5853 399
904 766 299
905 5716 333
906 1209 409
907 3747 327
908 3632 596
909 1317 343
910 5993 466
911 2042 295
912 1077 344
913 2316 356
914 2444 359
915 3855 225
916 1368 358
917 3849 339
918 1822 399
919 200 406
920 4512 457
921 4914 439
922 3423 429
923 2846 336
924 378 336
925 5545 275
926 3901 312
927 5321 445
928 352 384
929 4608 711
930 4787 464
931 76 313
932 3492 310
933 985 414
934 1759 356
935 0 -1
936 6194 302
937 10 95
938 5173 430
939 968 244
940 4134 318
941 5596 355
942 1343 407
943 247 306
944 4062 228
945 2106 353
946 6480 363
947 5331 258
948 0 -1
949 3508 434
950 2147 471
951 4173 373
952 3592 309
953 3737 299
954 4923 346
955 2947 409
956 5004 388
957 2205 472
958 6072 283
959 4963 413
960 4523 245
961 0 -1
962 2281 413
963 4457 318
964 0 -1
965 4871 429
966 6503 354
967 3901 384
968 6511 244
969 1140 573
970 1131 335
971 3274 372
972 864 319
973 2563 358
974 5097 311
975 5449 426
976 3422 312
977 2899 270
978 0 -1
979 2378 433
980 4879 416
981 0 -1
982 2611 274
983 2694 348
984 6438 401
985 770 398
986 5263 471
987 564 347
988 4679 409
989 67 430
990 42 351
991 2878 376
992 0 -1
993 0 -1
994 968 312
995 5338 342
996 2439 351
997 704 333
998 1038 318
999 3204 296
1000 2891 399
1001 42 406
1002 4068 224
1003 3244 479
1004 2789 348
1005 2091 399
1006 583 435
1007 132 346
1008 41 477
1009 505 412
1010 0 -1
1011 0 -1
1012 3123 538
1013 2434 347
1014 1608 381
1015 4522 284
1016 1462 257
1017 5472 354
1018 1183 454
1019 2353 436
1020 4548 375
1021 1622 347
1022 5151 368
1023 4058 345
1024 1299 360
1025 4383 375
1026 2106 366
1027 4133 256
1028 1893 319
1029 1413 376
1030 1902 441
1031 2464 441
1032 2112 406
1033 4821 349
1034 1246 524
1035 3458 392
1036 5011 416
1037 5123 476
1038 4328 315
1039 5139 328
1040 3250 422
1041 2081 582
1042 4756 404
1043 4990 357
1044 5531 390
1045 5619 370
1046 230 476
1047 0 -1
1048 489 368
1049 5129 344
1050 2127 446
1051 4291 352
1052 72 360
1053 2250 307
1054 3917 277
1055 1974 295
1056 2487 428
1057 1329 411
1058 522 406
1059 561 311
1060 5174 358
1061 2074 359
1062 3917 279
1063 5969 321
1064 3327 401
1065 3288 272
1066 5462 362
1067 0 -1
1068 4920 306
1069 4903 507
1070 5675 298
1071 5163 336
1072 4510 297
1073 3273 354
1074 176 429
1075 2655 375
1076 132 352
1077 5131 330
1078 2365 240
1079 966 444
1080 4874 325
1081 101 432
1082 5447 318
1083 5004 400
1084 1101 341
1085 0 -1
1086 2696 197
1087 0 -1
1088 4416 305
1089 0 -1
1090 3520 189
1091 0 -1
1092 2681 261
1093 4693 352
1094 4830 271
1095 4993 452
1096 3180 212
1097 6591 274
1098 4264 389
1099 154 310
1100 3544 562
1101 6199 322
1102 6527 295
1103 709 272
1104 1731 407
1105 273 501
1106 23 380
1107 0 -1
1108 5316 366
1109 4515 323
1110 4361 413
1111 3091 306
1112 4912 331
1113 5617 214
1114 3228 420
1115 3437 362
1116 0 -1
1117 709 302
1118 4942 521
1119 3929 326
1120 5062 393
1121 977 337
1122 3618 304
1123 3154 429
1124 5305 352
1125 3091 327
1126 1896 413
1127 2500 486
1128 4397 266
1129 1709 457
1130 27 193
1131 3087 257
1132 3096 306
1133 1416 378
1134 5308 401
1135 914 400
1136 4336 439
1137 0 -1
1138 2941 190
1139 4420 336
1140 1583 547
1141 2175 350
1142 458 317
1143 3608 349
1144 1218 351
1145 3958 394
1146 0 -1
1147 3650 419
1148 299 343
1149 4422 364
1150 963 434
1151 5207 640
1152 4899 433
1153 6476 332
1154 2926 363
1155 5716 400
1156 621 450
1157 0 -1
1158 5997 305
1159 1918 421
1160 5949 441
1161 3356 354
1162 5736 401
1163 4281 274
1164 2417 410
1165 85 282
1166 822 415
1167 4596 286
1168 5847 338
1169 2063 468
1170 5327 382
1171 5258 425
1172 5451 324
1173 4967 398
1174 5699 345
1175 1354 342
1176 473 364
1177 2799 408
1178 2063 427
1179 1344 425
1180 691 320
1181 1144 382
1182 543 367
1183 236 423
1184 2990 404
1185 4339 354
1186 4753 342
1187 704 270
1188 275 497
1189 3258 472
1190 3158 503
1191 3128 321
1192 1582 374
1193 6555 347
1194 1251 371
1195 5647 356
1196 6066 287
1197 4904 407
1198 1325 496
1199 5001 278
1200 1045 393
1201 5082 353
1202 1288 354
1203 4667 573
1204 4294 324
1205 5088 397
1206 865 346
1207 5159 350
1208 4071 315
1209 3016 365
1210 6461 292
1211 2120 441
1212 5451 369
1213 5214 307
1214 1686 298
1215 19 476
1216 3926 579
1217 3527 627
1218 609 346
1219 3860 393
1220 3540 289
1221 407 377
1222 107 267
1223 6366 533
1224 3022 415
1225 2833 342
1226 2259 337
1227 2904 420
1228 6076 345
1229 3247 381
1230 2422 401
1231 0 -1
1232 3521 410
1233 0 -1
1234 5934 378
1235 854 305
1236 2791 354
1237 3475 367
1238 4218 347
1239 1856 427
1240 2985 304
1241 6174 281
1242 3295 377
1243 3897 344
1244 2349 435
1245 0 -1
1246 4316 497
1247 3192 375
1248 5709 380
1249 4057 385
1250 5545 281
1251 2296 338
1252 2556 530
1253 6509 269
1254 3003 425
1255 2839 310
1256 6371 538
1257 2279 440
1258 4476 389
1259 4342 453
1260 2890 289
1261 2878 416
1262 6509 277
1263 5053 433
1264 5225 413
1265 835 300
1266 2580 397
1267 2111 355
1268 174 407
1269 937 130
1270 3302 361
1271 1284 402
1272 3063 351
1273 1103 338
1274 2880 380
1275 782 552
1276 1448 389
1277 1527 309
1278 4489 261
1279 6121 387
1280 2070 417
1281 1724 370
1282 1655 533
1283 1471 213
1284 6526 386
1285 3764 545
1286 1509 464
1287 2731 406
1288 4560 330
1289 1278 272
1290 1174 381
1291 4368 362
1292 1334 351
1293 4488 316
1294 680 380
1295 6119 339
1296 2688 385
1297 0 -1
1298 6531 348
1299 1897 320
1300 5853 326
1301 4604 389
1302 2193 394
1303 3440 385
1304 3085 416
1305 0 -1
1306 2853 410
1307 3773 294
1308 4762 405
1309 5605 459
1310 4291 301
1311 4723 348
1312 947 274
1313 2297 340
1314 4246 353
1315 581 561
1316 0 -1
1317 3503 325
1318 5632 516
1319 1822 377
1320 3486 358
1321 5884 355
1322 2706 275
1323 186 426
1324 0 -1
1325 1719 405
1326 2480 326
1327 6305 394
1328 5735 526
1329 3651 354
1330 1805 418
1331 4471 377
1332 0 -1
1333 6378 220
1334 90 262
1335 4264 419
1336 4554 304
1337 2826 386
1338 3782 305
1339 1228 450
1340 741 413
1341 912 349
1342 1525 356
1343 17 374
1344 2890 362
1345 5627 443
1346 6508 362
1347 6547 325
1348 2689 333
1349 3534 558
1350 4170 252
1351 6006 375
1352 5277 296
1353 1668 320
1354 3092 328
1355 5755 279
1356 2016 471
1357 2009 350
1358 3721 361
1359 0 -1
1360 2789 349
1361 4482 317
1362 3640 488
1363 1131 267
1364 2868 477
1365 2981 395
1366 5800 337
1367 1991 386
1368 4226 331
1369 5956 518
1370 1083 410
1371 1537 471
1372 2921 345
1373 1078 317
1374 4631 504
1375 3387 412
1376 0 -1
1377 4220 419
1378 0 -1
1379 6402 364
1380 0 -1
1381 416 462
1382 5232 407
1383 2813 401
1384 6021 346
1385 470 206
1386 1731 341
1387 3541 320
1388 886 437
1389 2177 431
1390 4444 518
1391 4283 434
1392 4133 223
1393 3561 404
1394 3958 426
1395 1817 379
1396 5360 499
1397 6174 314
1398 1885 420
1399 3939 437
1400 2186 487
1401 1293 326
1402 1066 363
1403 2342 386
1404 3862 368
1405 1683 347
1406 4606 512
1407 5716 427
1408 5161 354
1409 1974 270
1410 6297 296
1411 0 -1
1412 2317 378
1413 2172 303
1414 0 -1
1415 1762 231
1416 6361 308
1417 443 244
1418 252 283
1419 3862 450
1420 3118 331
1421 947 368
1422 0 -1
1423 5352 292
1424 4035 367
1425 3106 265
1426 849 288
1427 1933 308
1428 2645 445
1429 4063 283
1430 4780 347
1431 2152 390
1432 154 252
1433 5619 348
1434 4363 311
1435 504 405
1436 4596 320
1437 3386 424
1438 0 -1
1439 4760 358
1440 2770 287
1441 884 406
1442 5290 452
1443 3888 142
1444 2339 379
1445 3647 270
1446 4058 389
1447 1313 371
1448 3953 323
1449 2681 312
1450 1402 412
1451 2635 299
1452 3169 338
1453 4862 390
1454 2017 427
1455 0 -1
1456 2338 363
1457 3115 382
1458 2794 345
1459 4700 311
1460 2005 504
1461 834 320
1462 709 232
1463 3200 385
1464 1739 384
1465 3675 337
1466 6048 330
1467 3027 588
1468 726 76
1469 2069 262
1470 5106 397
1471 3888 168
1472 3044 422
1473 562 248
1474 1850 423
1475 543 347
1476 5531 338
1477 1857 300
1478 4660 327
1479 3845 449
1480 388 401
1481 648 279
1482 1559 404
1483 5700 363
1484 1937 492
1485 0 -1
1486 2683 376
1487 6537 233
1488 3208 373
1489 4896 450
1490 1877 438
1491 4391 274
1492 0 -1
1493 0 -1
1494 0 -1
1495 3005 462
1496 1152 527
1497 4924 469
1498 2208 396
1499 4522 307
1500 1525 443
1501 2159 349
1502 1428 500
1503 3226 183
1504 85 276
1505 5314 278
1506 2170 412
1507 3876 459
1508 6342 326
1509 6512 421
1510 3091 319
1511 6255 397
1512 173 351
1513 6459 367
1514 480 404
1515 5366 404
1516 3285 387
1517 4852 327
1518 2560 297
1519 909 391
1520 0 -1
1521 4974 470
1522 5764 350
1523 0 -1
1524 2518 451
1525 3602 341
1526 5447 318
1527 4917 286
1528 4329 493
1529 2372 355
1530 3691 268
1531 5057 334
1532 4088 406
1533 6010 416
1534 1276 429
1535 3432 366
1536 6379 351
1537 4153 426
1538 4875 408
1539 5761 347
1540 2481 226
1541 2259 340
1542 524 339
1543 6133 433
1544 3598 314
1545 3950 433
1546 0 -1
1547 1026 384
1548 74 351
1549 370 483
1550 1822 359
1551 5131 415
1552 5156 336
1553 858 350
1554 5913 311
1555 0 -1
1556 4248 457
1557 3800 454
1558 5570 474
1559 3347 376
1560 2645 399
1561 5447 311
1562 5521 426
1563 2406 423
1564 3890 430
1565 0 -1
1566 6492 449
1567 4187 421
1568 0 -1
1569 2677 349
1570 3064 409
1571 4549 454
1572 4737 377
1573 356 418
1574 5338 301
1575 4633 445
1576 4182 407
1577 4412 456
1578 1505 338
1579 0 -1
1580 4721 471
1581 2635 360
1582 5698 346
1583 5615 427
1584 1668 331
1585 1208 325
1586 1860 398
1587 6174 283
1588 3614 324
1589 2126 360
1590 1237 400
1591 2315 372
1592 1917 328
1593 5973 468
1594 6434 291
1595 3548 214
1596 90 359
1597 1601 437
1598 2656 369
1599 6467 299
1600 1740 407
1601 3315 332
1602 1180 435
1603 2344 290
1604 3662 273
1605 6144 413
1606 2535 236
1607 4980 438
1608 4482 268
1609 4990 295
1610 1874 361
1611 0 -1
1612 77 427
1613 4633 366
1614 3643 296
1615 2793 516
1616 1223 616
1617 130 506
1618 650 414
1619 2480 255
1620 5331 297
1621 980 472
1622 1459 322
1623 3798 391
1624 2425 397
1625 1746 400
1626 2570 491
1627 5238 372
1628 2261 285
1629 3063 365
1630 1516 408
1631 6537 294
1632 1423 397
1633 5870 364
1634 6162 331
1635 4594 333
1636 1726 410
1637 4150 322
1638 2730 431
1639 2115 450
1640 1518 300
1641 4795 404
1642 2729 426
1643 5225 352
1644 5647 408
1645 4994 407
1646 3230 432
1647 6076 367
1648 264 353
1649 0 -1
1650 458 385
1651 5860 341
1652 5225 346
1653 5526 366
1654 846 395
1655 1059 430
1656 5502 267
1657 5297 333
1658 4273 321
1659 1781 315
1660 2784 418
1661 793 351
1662 2090 312
1663 6239 345
1664 3484 383
1665 66 446
1666 6561 317
1667 5738 324
1668 3783 263
1669 2774 436
1670 3351 341
1671 0 -1
1672 1941 411
1673 3491 205
1674 375 241
1675 1582 388
1676 3420 327
1677 3838 325
1678 2543 362
1679 4624 326
1680 3317 441
1681 4251 340
1682 2374 433
1683 352 302
1684 3038 425
1685 5904 272
1686 3012 285
1687 5885 366
1688 3552 482
1689 0 -1
1690 491 383
1691 4269 440
1692 4505 335
1693 1153 365
1694 5088 351
1695 1130 244
1696 1238 441
1697 6526 427
1698 244 381
1699 2112 456
1700 4368 327
1701 1941 393
1702 795 482
1703 1236 448
1704 2291 426
1705 4360 329
1706 857 372
1707 6014 270
1708 3196 384
1709 3511 395
1710 4937 211
1711 1002 316
1712 879 333
1713 2309 476
1714 1756 277
1715 5783 290
1716 0 -1
1717 0 -1
1718 5341 391
1719 6066 286
1720 6367 391
1721 3475 334
1722 6511 240
1723 643 449
1724 5163 329
1725 1719 345
1726 3068 410
1727 3596 250
1728 4481 280
1729 1481 391
1730 709 284
1731 5163 295
1732 6072 262
1733 4479 399
1734 3584 460
1735 0 -1
1736 954 413
1737 1420 395
1738 6346 300
1739 1860 380
1740 3405 316
1741 1745 411
1742 3292 430
1743 6245 316
1744 2562 357
1745 2924 374
1746 4263 342
1747 0 -1
1748 3598 229
1749 5301 378
1750 2694 359
1751 175 456
1752 3918 467
1753 0 -1
1754 482 324
1755 3982 390
1756 6236 205
1757 5135 346
1758 2056 426
1759 4170 265
1760 1350 291
1761 2446 481
1762 470 206
1763 4224 290
1764 246 342
1765 0 -1
1766 1272 466
1767 4254 300
1768 4996 338
1769 4450 465
1770 6063 376
1771 0 -1
1772 0 -1
1773 3034 322
1774 2921 367
1775 137 578
1776 1408 382
1777 6495 444
1778 6165 324
1779 1206 382
1780 3731 410
1781 2142 315
1782 3221 369
1783 355 473
1784 4873 312
1785 4912 337
1786 1405 413
1787 3459 237
1788 1518 300
1789 960 285
1790 1194 420
1791 1662 345
1792 1097 280
1793 1350 332
1794 5823 403
1795 1745 389
1796 2141 388
1797 4036 510
1798 0 -1
1799 0 -1
1800 0 -1
1801 0 -1
1802 2615 376
1803 1131 359
1804 3087 198
1805 2441 303
1806 6297 346
1807 4746 340
1808 698 472
1809 4790 272
1810 4610 409
1811 108 392
1812 274 288
1813 4394 320
1814 4150 260
1815 3363 384
1816 3049 397
1817 3958 333
1818 2063 466
1819 3158 470
1820 0 -1
1821 5191 379
1822 5065 340
1823 628 410
1824 1533 447
1825 5447 352
1826 4499 430
1827 6512 341
1828 3214 405
1829 4760 321
1830 3325 318
1831 5162 382
1832 0 -1
1833 4633 363
1834 3265 426
1835 4966 514
1836 354 325
1837 136 331
1838 2483 366
1839 3293 557
1840 5166 259
1841 5367 607
1842 5208 409
1843 6232 250
1844 0 -1
1845 3128 360
1846 5115 291
1847 982 351
1848 5934 354
1849 2608 274
1850 5324 387
1851 1628 397
1852 1715 353
1853 614 293
1854 3764 454
1855 460 308
1856 1647 415
1857 1333 283
1858 5999 368
1859 5209 298
1860 2590 372
1861 4921 346
1862 2918 392
1863 828 494
1864 5159 371
1865 2889 491
1866 11 437
1867 2259 243
1868 1131 293
1869 1885 355
1870 5397 415
1871 4589 271
1872 5109 328
1873 3701 412
1874 3064 343
1875 3232 454
1876 0 -1
1877 5045 347
1878 3078 314
1879 4386 295
1880 6080 355
1881 0 -1
1882 6427 328
1883 4741 392
1884 6329 405
1885 4315 347
1886 0 -1
1887 1730 355
1888 102 394
1889 3343 424
1890 3594 363
1891 2045 478
1892 4254 407
1893 3768 301
1894 4499 534
1895 2963 425
1896 5128 372
1897 6531 285
1898 3998 222
1899 0 -1
1900 1847 362
1901 4068 269
1902 1153 371
1903 3659 345
1904 2048 469
1905 3699 363
1906 0 -1
1907 4780 333
1908 2328 399
1909 6103 342
1910 1035 454
1911 6374 401
1912 4837 258
1913 0 -1
1914 3007 288
1915 2004 381
1916 5905 234
1917 6511 256
1918 293 326
1919 4917 308
1920 636 385
1921 5774 521
1922 1708 407
1923 4022 293
1924 4440 314
1925 3755 408
1926 359 478
1927 2700 269
1928 4126 369
1929 1845 362
1930 5489 371
1931 211 420
1932 4715 369
1933 834 287
1934 4002 334
1935 3369 417
1936 6492 358
1937 4857 487
1938 3414 348
1939 1016 295
1940 4173 284
1941 2236 325
1942 323 398
1943 2436 315
1944 6047 267
1945 3356 355
1946 5385 625
1947 2568 494
1948 2194 406
1949 6467 315
1950 2746 470
1951 2759 385
1952 4910 311
1953 2295 439
1954 4782 446
1955 5542 601
1956 603 380
1957 6136 214
1958 0 -1
1959 3762 270
1960 3526 435
1961 3384 305
1962 5289 519
1963 5447 360
1964 6399 300
1965 0 -1
1966 6482 448
1967 0 -1
1968 281 323
1969 2231 399
1970 1023 376
1971 5793 458
1972 3971 403
1973 0 -1
1974 460 225
1975 3214 342
1976 1468 138
1977 2666 378
1978 567 347
1979 6043 272
1980 6580 319
1981 3545 410
1982 0 -1
1983 1372 398
1984 0 -1
1985 1481 294
1986 5596 350
1987 1368 350
1988 3188 404
1989 4050 254
1990 495 517
1991 5962 270
1992 2267 348
1993 0 -1
1994 5960 346
1995 315 373
1996 3596 237
1997 2507 241
1998 4441 384
1999 1000 404
2000 3647 347
2001 0 -1
2002 4727 333
2003 1651 392
2004 1628 345
2005 3708 441
2006 0 -1
2007 5606 381
2008 1732 267
2009 5611 302
2010 1253 319
2011 0 -1
2012 3773 321
2013 2863 426
2014 5651 376
2015 5072 302
2016 4859 413
2017 1111 329
2018 1288 400
2019 3817 335
2020 5541 518
2021 5417 446
2022 5965 353
2023 871 460
2024 5079 424
2025 3075 391
2026 3078 339
2027 1756 258
2028 0 -1
2029 1293 335
2030 0 -1
2031 4004 358
2032 3305 170
2033 5377 349
2034 4471 316
2035 2993 247
2036 0 -1
2037 1304 503
2038 0 -1
2039 5649 348
2040 5530 335
2041 5911 422
2042 1898 236
2043 456 287
2044 2843 384
2045 5479 405
2046 2666 429
2047 2838 304
2048 3697 414
2049 0 -1
2050 2417 398
2051 3797 479
2052 2787 280
2053 686 503
2054 1436 382
2055 2455 264
2056 4874 331
2057 2667 289
2058 4416 299
2059 85 325
2060 1499 378
2061 2099 312
2062 4246 384
2063 3589 414
2064 1255 344
2065 684 429
2066 751 353
2067 4885 357
2068 2804 257
2069 5247 200
2070 2639 405
2071 2745 435
2072 3413 403
2073 6031 444
2074 4464 336
2075 5126 522
2076 0 -1
2077 2921 352
2078 3400 303
2079 5463 312
2080 2419 398
2081 5760 500
2082 4221 453
2083 6403 384
2084 3372 361
2085 4191 362
2086 6194 293
2087 634 273
2088 6066 300
2089 1323 498
2090 80 311
2091 5419 379
2092 3513 550
2093 2302 343
2094 523 268
2095 5470 383
2096 0 -1
2097 421 285
2098 430 394
2099 3958 311
2100 6247 464
2101 2236 351
2102 3892 306
2103 5665 215
2104 396 426
2105 2788 363
2106 1473 262
2107 3842 351
2108 3994 552
2109 4812 419
2110 2027 306
2111 4793 352
2112 1651 349
2113 3132 538
2114 1552 345
2115 1294 422
2116 3155 332
2117 5308 399
2118 6455 411
2119 5140 516
2120 2300 397
2121 5401 556
2122 4697 327
2123 6239 373
2124 2685 440
2125 1452 375
2126 4302 246
2127 5516 410
2128 0 -1
2129 5393 411
2130 1059 376
2131 1333 318
2132 6013 491
2133 1299 326
2134 4071 338
2135 2940 367
2136 3674 399
2137 4698 371
2138 4273 303
2139 3325 408
2140 4899 375
2141 4408 326
2142 764 297
2143 714 328
2144 1912 267
2145 6250 327
2146 5785 381
2147 4256 435
2148 3647 341
2149 3258 532
2150 5729 392
2151 348 423
2152 1088 357
2153 3204 333
2154 1086 263
2155 6297 386
2156 865 388
2157 6382 397
2158 4522 335
2159 855 284
2160 3927 339
2161 4166 438
2162 637 229
2163 2866 328
2164 2784 335
2165 4302 240
2166 2440 353
2167 5065 275
2168 1209 369
2169 0 -1
2170 186 402
2171 3302 407
2172 4226 297
2173 4516 393
2174 738 319
2175 4069 266
2176 4525 272
2177 22 412
2178 640 403
2179 1241 385
2180 3258 511
2181 6244 370
2182 6588 452
2183 316 390
2184 5794 307
2185 2593 275
2186 3214 376
2187 3229 425
2188 3263 358
2189 4428 264
2190 6297 343
2191 5199 385
2192 4088 402
2193 4 367
2194 1959 378
2195 3280 215
2196 6091 447
2197 0 -1
2198 6212 446
2199 2789 368
2200 170 398
2201 4793 420
2202 6490 391
2203 3049 424
2204 4048 524
2205 3311 438
2206 2024 466
2207 1105 506
2208 1278 370
2209 0 -1
2210 1355 394
2211 6039 151
2212 5650 390
2213 3336 531
2214 3912 451
2215 587 355
2216 797 455
2217 2748 368
2218 0 -1
2219 6268 419
2220 5329 474
2221 3933 332
2222 5356 399
2223 3889 381
2224 1162 456
2225 108 361
2226 5687 376
2227 2418 255
2228 5104 492
2229 5520 562
2230 0 -1
2231 5705 351
2232 0 -1
2233 848 409
2234 2543 454
2235 5861 518
2236 1334 306
2237 784 371
2238 6096 348
2239 2729 362
2240 587 360
2241 2176 385
2242 4085 562
2243 1996 275
2244 2838 230
2245 2157 437
2246 2314 419
2247 6110 449
2248 293 361
2249 1405 401
2250 4291 280
2251 0 -1
2252 3781 414
2253 6018 428
2254 4244 379
2255 4245 308
2256 0 -1
2257 3186 453
2258 3012 315
2259 2838 241
2260 6201 463
2261 5755 251
2262 3603 352
2263 0 -1
2264 5536 366
2265 0 -1
2266 2538 351
2267 6435 275
2268 5558 372
2269 5946 417
2270 2465 390
2271 1976 225
2272 3157 347
2273 4539 427
2274 6001 302
2275 864 386
2276 5675 345
2277 933 511
2278 0 -1
2279 3188 381
2280 4911 485
2281 1544 408
2282 5745 397
2283 0 -1
2284 0 -1
2285 1468 151
2286 1289 287
2287 5465 450
2288 5962 181
2289 0 -1
2290 3450 384
2291 6451 325
2292 0 -1
2293 938 478
2294 4315 345
2295 2822 432
2296 5105 266
2297 5516 330
2298 2631 327
2299 4273 379
2300 4184 320
2301 4581 250
2302 4063 267
2303 0 -1
2304 3629 369
2305 2174 357
2306 605 377
2307 5706 229
2308 5311 399
2309 3141 440
2310 1427 308
2311 1831 383
2312 963 351
2313 5830 302
2314 4031 410
2315 3776 367
2316 6165 348
2317 2467 317
2318 372 425
2319 6392 306
2320 1914 385
2321 446 377
2322 425 480
2323 2417 366
2324 561 320
2325 232 272
2326 3256 405
2327 6371 480
2328 5159 355
2329 3033 464
2330 1634 345
2331 4651 492
2332 4281 255
2333 1652 356
2334 5736 362
2335 14 446
2336 169 395
2337 1997 252
2338 20 361
2339 747 322
2340 3214 415
2341 2507 267
2342 1874 351
2343 1144 354
2344 421 290
2345 2528 329
2346 5339 478
2347 4184 334
2348 3448 466
2349 6056 435
2350 2713 316
2351 1418 300
2352 1536 449
2353 5182 356
2354 5536 330
2355 6361 344
2356 6051 218
2357 4420 356
2358 648 223
2359 3603 364
2360 5005 399
2361 6443 265
2362 5982 381
2363 3208 403
2364 6113 371
2365 4302 187
2366 2140 409
2367 254 326
2368 6536 469
2369 4686 340
2370 1382 441
2371 5516 406
2372 5045 313
2373 5069 335
2374 807 428
2375 3194 364
2376 1099 374
2377 2724 309
2378 6219 416
2379 580 414
2380 4021 436
2381 0 -1
2382 5950 398
2383 6595 298
2384 0 -1
2385 3425 357
2386 3005 434
2387 5482 450
2388 6150 457
2389 2351 382
2390 5346 267
2391 5910 293
2392 1714 299
2393 0 -1
2394 2752 413
2395 3482 386
2396 1731 325
2397 2918 441
2398 0 -1
2399 2936 468
2400 1541 345
2401 5700 386
2402 0 -1
2403 6196 353
2404 0 -1
2405 6268 382
2406 5162 402
2407 3685 449
2408 2940 312
2409 174 362
2410 5082 273
2411 0 -1
2412 1112 379
2413 2819 410
2414 2307 294
2415 0 -1
2416 0 -1
2417 5523 349
2418 3426 202
2419 1094 294
2420 6054 424
2421 2337 290
2422 4806 334
2423 1183 447
2424 1036 480
2425 512 358
2426 4600 364
2427 1998 392
2428 5352 365
2429 1707 313
2430 845 351
2431 189 446
2432 2341 360
2433 6570 462
2434 5138 345
2435 1125 337
2436 3105 315
2437 1557 549
2438 135 278
2439 3951 290
2440 4290 341
2441 5669 218
2442 5908 404
2443 3985 462
2444 4886 281
2445 2227 374
2446 1584 395
2447 517 405
2448 470 198
2449 125 320
2450 6285 387
2451 3515 424
2452 0 -1
2453 2174 328
2454 1859 379
2455 2211 246
2456 3079 389
2457 2087 332
2458 3395 343
2459 5617 249
2460 4589 278
2461 2578 356
2462 1588 403
2463 0 -1
2464 5536 373
2465 1186 390
2466 2131 347
2467 3855 222
2468 3195 635
2469 6523 432
2470 3348 415
2471 0 -1
2472 6569 370
2473 1501 362
2474 1397 424
2475 680 368
2476 6285 412
2477 2656 259
2478 2688 354
2479 5421 327
2480 3087 227
2481 2706 185
2482 4317 536
2483 5340 314
2484 780 250
2485 3233 344
2486 1028 407
2487 596 378
2488 4949 394
2489 2985 229
2490 5267 376
2491 5178 474
2492 5141 384
2493 0 -1
2494 2465 510
2495 4295 373
2496 3784 475
2497 2352 508
2498 4038 217
2499 0 -1
2500 761 369
2501 764 342
2502 117 398
2503 10 34
2504 4939 450
2505 4916 390
2506 5775 257
2507 3099 238
2508 5879 379
2509 1210 394
2510 0 -1
2511 3022 431
2512 98 543
2513 2581 431
2514 34 401
2515 971 434
2516 4757 352
2517 5778 421
2518 2362 405
2519 0 -1
2520 2914 453
2521 5968 347
2522 2259 306
2523 2345 437
2524 147 455
2525 2900 481
2526 3731 373
2527 0 -1
2528 3478 315
2529 2286 368
2530 4442 379
2531 3040 369
2532 1395 445
2533 679 467
2534 983 353
2535 5168 125
2536 412 434
2537 5459 327
2538 3288 242
2539 5806 303
2540 3779 345
2541 2271 297
2542 3032 443
2543 108 361
2544 0 -1
2545 2315 367
2546 539 435
2547 705 321
2548 6330 411
2549 5531 346
2550 5932 295
2551 0 -1
2552 3977 327
2553 5300 449
2554 3520 259
2555 6221 405
2556 1226 441
2557 1445 355
2558 6360 397
2559 5072 247
2560 4034 281
2561 6048 341
2562 3837 357
2563 2457 352
2564 2951 365
2565 5211 385
2566 2279 385
2567 3454 163
2568 4763 391
2569 1942 410
2570 1693 437
2571 754 344
2572 9 375
2573 4390 523
2574 2860 587
2575 3072 429
2576 3214 337
2577 5143 410
2578 433 323
2579 3151 489
2580 4909 310
2581 1893 322
2582 3708 418
2583 6412 532
2584 4708 391
2585 2187 511
2586 1813 356
2587 2921 382
2588 2477 319
2589 1594 340
2590 105 323
2591 889 493
2592 3604 512
2593 3471 255
2594 3360 348
2595 1902 414
2596 5002 570
2597 440 287
2598 0 -1
2599 0 -1
2600 6227 502
2601 3247 349
2602 3019 410
2603 2871 382
2604 0 -1
2605 6555 375
2606 3221 363
2607 249 278
2608 5163 267
2609 44 344
2610 5452 330
2611 4137 271
2612 4803 386
2613 2880 380
2614 4925 396
2615 3663 312
2616 4664 352
2617 2088 340
2618 5163 314
2619 0 -1
2620 3528 287
2621 6070 380
2622 2539 351
2623 0 -1
2624 0 -1
2625 264 378
2626 483 419
2627 1976 246
2628 4014 308
2629 3951 344
2630 3247 399
2631 2227 317
2632 1740 390
2633 1253 314
2634 398 327
2635 6511 244
2636 902 449
2637 5410 363
2638 999 357
2639 4408 318
2640 306 368
2641 793 441
2642 2744 409
2643 2353 422
2644 1327 430
2645 4252 330
2646 5348 447
2647 2969 327
2648 2081 611
2649 5020 355
2650 6579 367
2651 0 -1
2652 2989 310
2653 5131 367
2654 6349 273
2655 4488 305
2656 3762 251
2657 4261 411
2658 0 -1
2659 4484 453
2660 0 -1
2661 611 342
2662 4823 372
2663 1632 420
2664 2130 379
2665 5530 368
2666 2097 328
2667 5256 281
2668 3777 390
2669 2400 375
2670 5526 361
2671 2483 321
2672 2894 417
2673 5840 430
2674 1595 322
2675 896 409
2676 3489 404
2677 5658 347
2678 5763 416
2679 3966 411
2680 3672 530
2681 4523 220
2682 3417 592
2683 346 348
2684 1212 436
2685 2325 351
2686 3839 407
2687 1022 453
2688 2255 312
2689 5947 283
2690 1548 420
2691 5501 473
2692 836 326
2693 2711 364
2694 6130 345
2695 216 545
2696 4302 171
2697 3221 362
2698 5604 368
2699 281 331
2700 4726 205
2701 1708 428
2702 3800 370
2703 0 -1
2704 3842 343
2705 6265 391
2706 5168 165
2707 0 -1
2708 1970 406
2709 5552 354
2710 0 -1
2711 4841 342
2712 1476 364
2713 634 269
2714 845 338
2715 4804 360
2716 5639 343
2717 3976 401
2718 4359 390
2719 911 355
2720 5859 315
2721 0 -1
2722 1255 418
2723 1849 361
2724 3833 290
2725 5378 361
2726 3638 367
2727 370 396
2728 2173 393
2729 2414 347
2730 2174 406
2731 4905 327
2732 4458 396
2733 5631 371
2734 1499 361
2735 4629 299
2736 3932 351
2737 4874 319
2738 3537 388
2739 5969 339
2740 3499 383
2741 4837 254
2742 3361 498
2743 3817 366
2744 108 339
2745 5628 361
2746 4630 358
2747 4446 398
2748 5418 311
2749 4543 389
2750 152 617
2751 1969 444
2752 3707 402
2753 489 446
2754 6166 400
2755 1567 428
2756 6026 371
2757 5771 402
2758 2181 370
2759 5696 314
2760 5127 373
2761 4807 444
2762 3510 432
2763 1668 312
2764 6413 313
2765 2967 278
2766 2305 372
2767 3600 507
2768 3272 353
2769 3443 409
2770 5408 248
2771 6086 469
2772 2085 408
2773 6540 564
2774 3072 354
2775 1436 402
2776 5559 344
2777 3837 389
2778 733 348
2779 887 470
2780 406 391
2781 5253 408
2782 47 726
2783 3078 240
2784 3061 320
2785 3070 277
2786 106 417
2787 6480 279
2788 4014 252
2789 1804 254
2790 3811 416
2791 827 348
2792 1767 336
2793 4350 455
2794 3390 311
2795 6539 384
2796 163 373
2797 2238 377
2798 1397 402
2799 2605 398
2800 2783 341
2801 845 369
2802 2319 381
2803 4686 340
2804 5939 179
2805 2741 328
2806 5526 450
2807 0 -1
2808 4543 368
2809 1739 400
2810 6081 343
2811 5459 419
2812 2490 401
2813 2916 358
2814 5757 415
2815 348 343
2816 2473 404
2817 8 336
2818 5423 462
2819 2905 299
2820 5204 321
2821 0 -1
2822 228 387
2823 2614 400
2824 952 399
2825 0 -1
2826 314 267
2827 1353 383
2828 3440 324
2829 4755 398
2830 4650 381
2831 2513 450
2832 3352 467
2833 4265 313
2834 2562 365
2835 3976 432
2836 2156 402
2837 665 397
2838 5418 228
2839 6424 258
2840 2195 285
2841 959 466
2842 4389 459
2843 3501 299
2844 2796 392
2845 6245 293
2846 4344 310
2847 1612 447
2848 213 448
2849 0 -1
2850 0 -1
2851 421 280
2852 1226 358
2853 4142 315
2854 5903 557
2855 5533 394
2856 4655 356
2857 1676 338
2858 4554 358
2859 1767 300
2860 198 508
2861 5135 288
2862 2700 295
2863 6539 422
2864 2785 280
2865 2741 332
2866 3783 270
2867 4403 455
2868 1553 439
2869 5090 654
2870 781 379
2871 1449 373
2872 1108 448
2873 750 399
2874 1472 428
2875 0 -1
2876 1878 426
2877 4435 348
2878 1540 308
2879 6300 438
2880 3698 314
2881 3393 430
2882 5431 408
2883 5481 374
2884 537 477
2885 6008 460
2886 4314 411
2887 6365 401
2888 39 358
2889 3609 388
2890 240 280
2891 4249 391
2892 1959 382
2893 462 555
2894 2768 376
2895 1096 242
2896 5981 450
2897 2337 315
2898 4051 421
2899 832 231
2900 3322 461
2901 203 259
2902 1251 341
2903 4394 401
2904 5908 336
2905 3188 299
2906 4457 328
2907 2775 419
2908 1092 320
2909 2649 405
2910 4878 431
2911 5115 410
2912 6343 424
2913 0 -1
2914 2633 385
2915 1392 314
2916 755 321
2917 321 334
2918 2483 342
2919 3812 450
2920 6078 381
2921 373 325
2922 0 -1
2923 6115 358
2924 880 311
2925 5913 374
2926 1311 359
2927 0 -1
2928 3999 487
2929 1363 328
2930 5314 377
2931 1002 287
2932 1857 284
2933 339 121
2934 353 533
2935 4231 315
2936 6497 415
2937 318 381
2938 4758 433
2939 854 299
2940 15 307
2941 6039 100
2942 4116 420
2943 3913 378
2944 5045 301
2945 4269 423
2946 4406 367
2947 6113 377
2948 3560 567
2949 2915 356
2950 760 312
2951 4011 342
2952 2514 462
2953 5871 412
2954 4678 411
2955 4980 371
2956 2967 262
2957 5451 354
2958 3022 401
2959 3277 462
2960 4804 379
2961 1128 364
2962 5406 300
2963 4854 389
2964 5675 290
2965 2959 489
2966 5907 454
2967 3491 158
2968 6416 424
2969 6378 281
2970 0 -1
2971 2171 493
2972 6485 423
2973 4802 420
2974 5545 245
2975 3081 340
2976 4698 310
2977 3244 422
2978 108 373
2979 934 399
2980 1447 393
2981 6497 368
2982 2464 384
2983 5694 402
2984 0 -1
2985 3850 209
2986 4869 397
2987 3033 501
2988 1930 447
2989 3661 222
2990 3492 296
2991 5680 331
2992 3473 472
2993 5418 233
2994 3553 356
2995 3416 415
2996 2861 318
2997 2092 577
2998 2829 476
2999 0 -1
3000 374 382
3001 3760 321
3002 1573 523
3003 751 410
3004 435 415
3005 5189 420
3006 4356 485
3007 96 245
3008 1094 360
3009 3876 377
3010 3457 323
3011 0 -1
3012 350 249
3013 835 285
3014 1335 524
3015 2105 415
3016 3897 308
3017 4232 309
3018 291 436
3019 1320 364
3020 2040 336
3021 4862 408
3022 386 361
3023 1433 438
3024 3778 425
3025 705 306
3026 0 -1
3027 5260 476
3028 0 -1
3029 558 335
3030 2056 363
3031 5481 396
3032 2099 357
3033 5127 420
3034 4247 303
3035 0 -1
3036 4941 566
3037 6466 398
3038 5054 369
3039 5453 415
3040 2906 328
3041 2652 341
3042 4457 309
3043 4561 390
3044 346 374
3045 1226 346
3046 5775 276
3047 365 325
3048 497 466
3049 2158 368
3050 6378 263
3051 3778 438
3052 0 -1
3053 5636 460
3054 0 -1
3055 2267 305
3056 4633 372
3057 4160 395
3058 1616 688
3059 2729 418
3060 3527 554
3061 2789 320
3062 5651 414
3063 2681 332
3064 4510 305
3065 0 -1
3066 6240 381
3067 3170 474
3068 905 342
3069 3202 337
3070 4326 197
3071 5400 427
3072 2924 312
3073 2817 447
3074 4950 423
3075 5532 333
3076 5738 322
3077 614 300
3078 2467 224
3079 100 381
3080 3046 310
3081 6047 334
3082 0 -1
3083 672 545
3084 3042 336
3085 6121 394
3086 608 408
3087 61 190
3088 2364 380
3089 0 -1
3090 4660 326
3091 747 291
3092 4525 300
3093 851 377
3094 1809 326
3095 5869 392
3096 4326 201
3097 1082 386
3098 5979 357
3099 4736 161
3100 4391 344
3101 4876 341
3102 680 373
3103 480 341
3104 0 -1
3105 510 301
3106 637 172
3107 4723 436
3108 2227 294
3109 1976 167
3110 0 -1
3111 0 -1
3112 6336 398
3113 5614 380
3114 784 359
3115 940 359
3116 6242 385
3117 3488 430
3118 663 321
3119 5399 331
3120 5245 410
3121 3255 386
3122 4943 378
3123 3439 508
3124 0 -1
3125 3679 259
3126 5856 495
3127 0 -1
3128 1743 316
3129 4691 406
3130 0 -1
3131 3142 394
3132 2447 426
3133 3467 424
3134 6205 293
3135 1732 274
3136 2571 461
3137 2165 287
3138 5678 395
3139 443 232
3140 1603 379
3141 6222 372
3142 263 368
3143 0 -1
3144 1045 427
3145 2855 416
3146 2133 364
3147 0 -1
3148 3768 287
3149 5348 348
3150 3686 413
3151 5519 414
3152 3551 391
3153 3950 387
3154 3327 406
3155 4866 291
3156 6404 385
3157 4535 340
3158 84 433
3159 690 361
3160 3347 448
3161 543 385
3162 0 -1
3163 5944 425
3164 5691 520
3165 1161 470
3166 2897 354
3167 5726 304
3168 0 -1
3169 2990 310
3170 1360 409
3171 1196 304
3172 631 316
3173 3722 438
3174 4897 465
3175 3890 365
3176 4595 279
3177 3637 513
3178 1229 434
3179 5470 332
3180 5788 209
3181 951 391
3182 2535 198
3183 784 375
3184 5561 375
3185 530 401
3186 2354 343
3187 5001 276
3188 2055 287
3189 1957 298
3190 5059 399
3191 0 -1
3192 3593 350
3193 4802 423
3194 2055 285
3195 1188 591
3196 3593 375
3197 6004 411
3198 5421 381
3199 0 -1
3200 3951 291
3201 2688 363
3202 1117 329
3203 3647 343
3204 3399 288
3205 3877 381
3206 0 -1
3207 174 428
3208 4214 304
3209 3135 275
3210 598 371
3211 4080 338
3212 6538 606
3213 3277 403
3214 1363 312
3215 6161 429
3216 4988 370
3217 0 -1
3218 6134 516
3219 6225 371
3220 440 287
3221 96 268
3222 4948 461
3223 4670 513
3224 3334 362
3225 2195 279
3226 3106 173
3227 2645 436
3228 3395 358
3229 4411 323
3230 5554 427
3231 388 414
3232 1212 391
3233 680 323
3234 6211 403
3235 4796 443
3236 60 443
3237 2360 518
3238 144 378
3239 5932 349
3240 4694 387
3241 0 -1
3242 1165 348
3243 1122 346
3244 1446 390
3245 5857 404
3246 0 -1
3247 4361 340
3248 2159 355
3249 39 332
3250 4572 382
3251 1093 353
3252 1415 238
3253 1862 469
3254 5304 268
3255 75 299
3256 3776 369
3257 5122 362
3258 5818 449
3259 2873 408
3260 2647 337
3261 3115 410
3262 4226 311
3263 408 325
3264 4238 398
3265 2039 358
3266 3395 402
3267 6114 390
3268 37 428
3269 6563 450
3270 2065 548
3271 0 -1
3272 5821 298
3273 1620 317
3274 413 344
3275 5321 384
3276 1017 401
3277 239 383
3278 4271 445
3279 4718 306
3280 2503 117
3281 2386 454
3282 4337 338
3283 870 186
3284 0 -1
3285 2167 284
3286 3055 350
3287 5686 378
3288 1283 242
3289 3545 473
3290 1416 331
3291 632 281
3292 1917 316
3293 5093 457
3294 1826 434
3295 1350 308
3296 5811 815
3297 4760 359
3298 4652 331
3299 4004 386
3300 2056 366
3301 736 431
3302 3437 331
3303 3982 395
3304 0 -1
3305 6324 148
3306 5399 339
3307 1167 317
3308 2571 407
3309 5512 382
3310 5064 372
3311 1823 411
3312 5297 228
3313 1204 365
3314 910 517
3315 832 249
3316 1214 315
3317 3412 347
3318 391 495
3319 2032 232
3320 2317 429
3321 5748 430
3322 2995 424
3323 6244 416
3324 3309 441
3325 2748 314
3326 3601 496
3327 1429 326
3328 3186 346
3329 5781 377
3330 5327 468
3331 1054 325
3332 3694 409
3333 873 331
3334 1674 264
3335 569 442
3336 4179 430
3337 1613 381
3338 4920 359
3339 314 345
3340 2655 369
3341 672 516
3342 2864 384
3343 299 310
3344 5566 302
3345 83 434
3346 4114 442
3347 4125 372
3348 4126 321
3349 2041 428
3350 4493 218
3351 6531 304
3352 1206 347
3353 0 -1
3354 2933 152
3355 2549 392
3356 3430 334
3357 6441 330
3358 4834 304
3359 0 -1
3360 5611 267
3361 5968 385
3362 2063 442
3363 952 339
3364 4450 398
3365 94 442
3366 6043 278
3367 6227 563
3368 613 341
3369 5741 385
3370 6139 516
3371 1976 216
3372 4116 323
3373 0 -1
3374 4769 380
3375 3007 322
3376 6036 415
3377 5558 337
3378 2594 436
3379 4728 492
3380 1277 376
3381 1461 346
3382 6402 292
3383 609 389
3384 1959 289
3385 6176 427
3386 2185 346
3387 780 331
3388 3870 382
3389 1355 296
3390 2700 256
3391 2789 264
3392 0 -1
3393 1278 314
3394 5777 458
3395 6561 324
3396 2238 441
3397 151 302
3398 3684 385
3399 4428 258
3400 5883 274
3401 4154 362
3402 1499 418
3403 6342 357
3404 5100 461
3405 4346 281
3406 5484 403
3407 2365 262
3408 0 -1
3409 1504 395
3410 487 426
3411 4785 444
3412 3134 347
3413 5611 294
3414 3684 285
3415 5249 389
3416 3012 297
3417 116 481
3418 4645 342
3419 1873 444
3420 6206 318
3421 0 -1
3422 2288 275
3423 5098 336
3424 1864 392
3425 3598 245
3426 6039 105
3427 3377 367
3428 0 -1
3429 619 447
3430 395 274
3431 4827 397
3432 5530 306
3433 179 383
3434 6378 282
3435 3989 403
3436 564 381
3437 5732 311
3438 4417 327
3439 4980 430
3440 298 269
3441 1469 288
3442 2866 290
3443 3384 358
3444 5371 589
3445 1313 348
3446 2901 359
3447 5923 430
3448 5683 381
3449 5059 406
3450 557 332
3451 648 335
3452 5070 413
3453 5846 339
3454 3426 156
3455 4776 330
3456 3565 469
3457 4971 311
3458 4475 370
3459 1710 215
3460 5201 480
3461 328 340
3462 5840 483
3463 3550 472
3464 6594 328
3465 0 -1
3466 2266 376
3467 402 418
3468 707 396
3469 2236 365
3470 3631 435
3471 3454 161
3472 2516 378
3473 4256 431
3474 4727 327
3475 4173 295
3476 2788 362
3477 1631 312
3478 1912 297
3479 2643 466
3480 3584 421
3481 6099 415
3482 1238 377
3483 4256 423
3484 4634 368
3485 0 -1
3486 6349 261
3487 642 397
3488 5559 394
3489 5214 348
3490 5577 169
3491 870 135
3492 6467 238
3493 3671 362
3494 4543 435
3495 2914 468
3496 2274 362
3497 4629 336
3498 5421 420
3499 2627 315
3500 6099 451
3501 3096 251
3502 3923 425
3503 6349 296
3504 4921 381
3505 1196 288
3506 83 414
3507 4643 367
3508 2122 420
3509 5203 392
3510 587 345
3511 619 362
3512 1855 380
3513 4384 550
3514 1605 418
3515 2827 402
3516 990 408
3517 3878 337
3518 4594 298
3519 4076 368
3520 3106 176
3521 2918 365
3522 1972 408
3523 0 -1
3524 1080 376
3525 1445 332
3526 4104 355
3527 5055 522
3528 5545 281
3529 221 391
3530 2795 409
3531 6131 553
3532 4264 433
3533 1387 428
3534 5871 451
3535 6001 355
3536 1072 370
3537 1076 367
3538 0 -1
3539 3791 316
3540 5063 284
3541 2620 317
3542 2870 449
3543 3209 342
3544 1267 442
3545 2634 408
3546 5821 358
3547 2481 273
3548 2032 183
3549 3291 316
3550 5179 380
3551 3883 317
3552 1557 470
3553 6448 319
3554 615 319
3555 0 -1
3556 342 368
3557 4025 420
3558 4916 409
3559 0 -1
3560 2730 450
3561 5248 399
3562 1887 378
3563 5671 295
3564 4624 292
3565 2342 431
3566 4622 548
3567 3081 419
3568 6435 275
3569 5128 362
3570 3251 463
3571 2170 416
3572 2934 579
3573 3867 353
3574 2305 442
3575 1968 394
3576 5227 421
3577 4220 372
3578 4837 306
3579 2739 371
3580 1825 357
3581 5347 356
3582 857 342
3583 1589 413
3584 4488 347
3585 3486 339
3586 4509 374
3587 2436 411
3588 6018 341
3589 2099 319
3590 5337 419
3591 2737 404
3592 375 204
3593 1278 338
3594 4978 356
3595 4071 294
3596 4482 219
3597 1652 411
3598 5001 229
3599 0 -1
3600 2958 405
3601 1237 442
3602 5932 307
3603 3418 344
3604 605 403
3605 5433 430
3606 1857 292
3607 5424 355
3608 1102 338
3609 913 382
3610 1473 322
3611 4011 334
3612 3486 363
3613 5285 400
3614 937 211
3615 5665 221
3616 6594 289
3617 4839 310
3618 2480 285
3619 621 390
3620 2566 440
3621 2485 363
3622 0 -1
3623 3956 364
3624 2765 359
3625 470 308
3626 5908 414
3627 3759 507
3628 2722 447
3629 15 328
3630 6072 279
3631 2240 385
3632 3005 486
3633 2104 440
3634 3627 520
3635 3075 385
3636 6151 355
3637 856 473
3638 1914 331
3639 5935 390
3640 2462 450
3641 1606 269
3642 0 -1
3643 4504 191
3644 5645 612
3645 0 -1
3646 1629 435
3647 3087 227
3648 0 -1
3649 5504 525
3650 1281 402
3651 907 350
3652 1926 555
3653 5438 422
3654 6531 322
3655 3046 323
3656 3088 464
3657 5202 375
3658 2535 214
3659 125 273
3660 1296 476
3661 1804 219
3662 2418 210
3663 1792 283
3664 1725 428
3665 0 -1
3666 1027 277
3667 1448 337
3668 663 270
3669 590 367
3670 4318 355
3671 634 250
3672 3507 446
3673 1678 371
3674 6537 314
3675 2560 297
3676 5738 304
3677 5992 434
3678 0 -1
3679 1976 158
3680 1435 512
3681 841 401
3682 5226 372
3683 1459 357
3684 5395 270
3685 3188 366
3686 1142 346
3687 1102 364
3688 2204 643
3689 0 -1
3690 4295 362
3691 2162 253
3692 5248 400
3693 5582 361
3694 5620 327
3695 963 419
3696 3650 409
3697 1170 413
3698 2859 308
3699 3647 276
3700 786 382
3701 5306 393
3702 0 -1
3703 593 340
3704 2477 303
3705 0 -1
3706 5114 373
3707 6006 377
3708 3917 339
3709 2137 407
3710 0 -1
3711 0 -1
3712 1966 484
3713 1837 375
3714 0 -1
3715 238 386
3716 4049 477
3717 2057 365
3718 3818 466
3719 787 315
3720 5403 383
3721 4279 344
3722 3663 345
3723 4411 253
3724 0 -1
3725 1096 229
3726 5852 328
3727 1321 452
3728 2952 479
3729 4584 371
3730 1086 279
3731 3963 333
3732 1614 339
3733 2034 362
3734 43 332
3735 6140 384
3736 4886 352
3737 2538 248
3738 1403 455
3739 0 -1
3740 5176 536
3741 1561 431
3742 4828 487
3743 1530 308
3744 903 509
3745 2635 254
3746 4418 381
3747 2681 307
3748 2310 337
3749 5031 389
3750 4275 329
3751 991 455
3752 3995 330
3753 159 611
3754 3488 414
3755 2172 395
3756 2464 394
3757 5031 424
3758 6552 528
3759 5605 397
3760 3949 284
3761 5655 382
3762 3520 245
3763 3225 368
3764 2157 451
3765 2438 369
3766 5487 418
3767 99 414
3768 3643 211
3769 1192 389
3770 5333 409
3771 456 370
3772 5620 311
3773 850 237
3774 3795 351
3775 4384 481
3776 5266 352
3777 5065 384
3778 6458 410
3779 4596 281
3780 6437 327
3781 6066 306
3782 5611 302
3783 2933 203
3784 5847 361
3785 0 -1
3786 1791 453
3787 0 -1
3788 899 424
3789 4389 371
3790 172 360
3791 4302 232
3792 2663 443
3793 1355 327
3794 2711 348
3795 2784 327
3796 5069 304
3797 784 366
3798 1214 307
3799 4190 386
3800 5674 362
3801 6459 416
3802 5745 358
3803 3953 385
3804 307 452
3805 5302 465
3806 6064 320
3807 34 444
3808 168 464
3809 942 454
3810 682 581
3811 5827 359
3812 303 408
3813 4517 428
3814 5736 340
3815 1272 385
3816 2084 395
3817 4377 331
3818 4859 371
3819 69 398
3820 1456 453
3821 850 266
3822 446 334
3823 86 302
3824 2084 414
3825 0 -1
3826 5906 424
3827 0 -1
3828 297 430
3829 2845 327
3830 3593 452
3831 845 350
3832 3615 221
3833 4069 277
3834 2981 440
3835 1680 494
3836 6200 396
3837 3325 357
3838 1196 307
3839 6391 362
3840 3220 368
3841 5400 408
3842 4746 335
3843 536 450
3844 264 387
3845 2131 402
3846 2449 323
3847 5191 351
3848 4720 438
3849 4440 319
3850 727 117
3851 3097 505
3852 4523 262
3853 3549 408
3854 0 -1
3855 6136 172
3856 2270 464
3857 1169 500
3858 5597 424
3859 0 -1
3860 6402 376
3861 202 394
3862 1186 342
3863 1874 406
3864 3752 369
3865 3267 415
3866 1917 258
3867 6326 352
3868 2424 538
3869 996 417
3870 4462 314
3871 580 382
3872 1307 413
3873 4672 249
3874 4504 242
3875 6108 321
3876 1311 364
3877 3658 301
3878 5637 291
3879 1055 320
3880 2756 412
3881 3403 389
3882 0 -1
3883 2554 298
3884 299 329
3885 6486 507
3886 4485 500
3887 3372 420
3888 4736 97
3889 382 371
3890 326 362
3891 1092 282
3892 5904 276
3893 3986 326
3894 1448 359
3895 0 -1
3896 5526 392
3897 6595 296
3898 5347 416
3899 6553 440
3900 1298 392
3901 2974 266
3902 1288 337
3903 6173 473
3904 1174 402
3905 1869 412
3906 2521 383
3907 4050 293
3908 5671 298
3909 5604 348
3910 3916 447
3911 1001 466
3912 4458 392
3913 4328 336
3914 5717 316
3915 1988 423
3916 1663 356
3917 3486 275
3918 4794 374
3919 3075 372
3920 1341 414
3921 433 335
3922 5560 439
3923 1951 418
3924 2588 383
3925 2894 388
3926 2048 470
3927 4505 311
3928 1208 335
3929 4063 280
3930 6174 366
3931 1175 457
3932 4448 341
3933 1445 310
3934 667 415
3935 4395 253
3936 3823 334
3937 4416 310
3938 5759 354
3939 1199 340
3940 0 -1
3941 1759 319
3942 4544 434
3943 1917 298
3944 0 -1
3945 5913 341
3946 1373 328
3947 718 348
3948 5057 433
3949 4905 267
3950 2923 360
3951 2358 243
3952 383 517
3953 5280 308
3954 3659 340
3955 228 321
3956 1727 310
3957 1719 390
3958 3647 308
3959 3113 434
3960 3624 390
3961 0 -1
3962 1815 393
3963 105 310
3964 798 494
3965 2318 540
3966 1062 300
3967 5138 397
3968 3779 286
3969 2496 476
3970 1545 499
3971 6239 322
3972 1129 466
3973 105 354
3974 3386 373
3975 6512 430
3976 1311 372
3977 3929 321
3978 265 507
3979 1548 361
3980 6179 408
3981 4988 409
3982 3833 295
3983 0 -1
3984 985 473
3985 864 347
3986 5514 318
3987 0 -1
3988 3442 401
3989 3286 371
3990 2580 356
3991 1981 490
3992 1300 405
3993 1871 296
3994 2355 442
3995 5532 291
3996 5928 374
3997 4905 323
3998 3280 124
3999 5447 396
4000 3606 353
4001 206 384
4002 3420 327
4003 5195 322
4004 3833 339
4005 5979 345
4006 3985 355
4007 5788 300
4008 725 327
4009 2370 441
4010 2690 437
4011 1594 295
4012 2332 286
4013 3813 501
4014 578 236
4015 5043 389
4016 3024 457
4017 4191 374
4018 3926 510
4019 5234 411
4020 0 -1
4021 2754 435
4022 5408 199
4023 1353 420
4024 539 327
4025 6117 347
4026 0 -1
4027 2024 487
4028 3551 342
4029 6048 325
4030 3475 310
4031 4406 346
4032 6053 370
4033 6007 448
4034 3454 263
4035 6365 346
4036 4319 430
4037 6224 440
4038 1269 215
4039 998 390
4040 4212 310
4041 0 -1
4042 480 361
4043 562 271
4044 2456 402
4045 4198 609
4046 4888 309
4047 4170 325
4048 3287 461
4049 1336 420
4050 5247 218
4051 1933 356
4052 0 -1
4053 3675 380
4054 3912 470
4055 0 -1
4056 5081 374
4057 1461 364
4058 3568 314
4059 568 391
4060 4246 402
4061 0 -1
4062 5850 160
4063 6232 250
4064 1429 336
4065 276 345
4066 3233 362
4067 0 -1
4068 767 159
4069 3007 249
4070 2351 341
4071 2042 250
4072 0 -1
4073 4427 510
4074 6028 356
4075 6550 359
4076 5976 358
4077 4266 523
4078 4777 343
4079 4204 409
4080 5097 293
4081 0 -1
4082 13 372
4083 2294 465
4084 6278 348
4085 103 460
4086 4627 355
4087 5086 420
4088 1619 367
4089 4279 367
4090 1833 392
4091 6548 477
4092 0 -1
4093 28 486
4094 6309 420
4095 6172 322
4096 1845 377
4097 5019 389
4098 2456 449
4099 5889 400
4100 2613 392
4101 1165 328
4102 3951 290
4103 2026 378
4104 5675 327
4105 3386 412
4106 4398 456
4107 3262 374
4108 383 505
4109 3916 398
4110 3894 359
4111 5108 314
4112 3568 313
4113 704 374
4114 3870 330
4115 5381 337
4116 4684 308
4117 0 -1
4118 617 315
4119 621 427
4120 4458 438
4121 2650 422
4122 5694 418
4123 689 279
4124 5583 447
4125 1879 364
4126 3013 293
4127 4923 390
4128 1367 403
4129 0 -1
4130 5246 409
4131 3342 487
4132 4102 337
4133 3283 186
4134 3547 307
4135 4214 294
4136 2909 425
4137 6218 253
4138 6502 457
4139 6550 356
4140 2906 373
4141 61 215
4142 6203 212
4143 5807 342
4144 0 -1
4145 2975 340
4146 1804 214
4147 354 335
4148 4088 374
4149 3451 358
4150 4146 255
4151 1877 347
4152 4323 538
4153 3731 333
4154 1094 299
4155 5807 310
4156 5644 575
4157 2269 508
4158 6573 386
4159 4169 364
4160 2895 296
4161 2454 489
4162 0 -1
4163 4943 360
4164 3238 386
4165 3347 470
4166 1180 432
4167 6410 337
4168 5531 408
4169 2741 326
4170 6422 237
4171 3123 616
4172 3442 354
4173 1222 279
4174 1017 452
4175 2618 350
4176 3627 625
4177 3403 430
4178 1782 435
4179 3661 334
4180 0 -1
4181 5204 372
4182 1158 343
4183 0 -1
4184 395 279
4185 4475 399
4186 1940 355
4187 4118 412
4188 0 -1
4189 4457 327
4190 3862 371
4191 3875 329
4192 3491 210
4193 3582 384
4194 4179 345
4195 2528 330
4196 5484 389
4197 3496 434
4198 3994 496
4199 1699 488
4200 1427 331
4201 4655 339
4202 2288 231
4203 3307 336
4204 1054 389
4205 2241 447
4206 5333 417
4207 6283 472
4208 864 362
4209 1856 420
4210 6163 276
4211 1762 313
4212 3855 263
4213 5651 379
4214 2481 276
4215 0 -1
4216 6506 264
4217 2162 261
4218 42 313
4219 1028 339
4220 4435 341
4221 1720 424
4222 3508 533
4223 5817 426
4224 3288 260
4225 1614 309
4226 6145 282
4227 5236 317
4228 866 265
4229 596 380
4230 5001 211
4231 4978 265
4232 5418 259
4233 4874 260
4234 5340 235
4235 4379 195
4236 476 419
4237 4130 448
4238 1686 307
4239 5851 428
4240 6043 283
4241 629 250
4242 2636 556
4243 4619 380
4244 5159 310
4245 1471 215
4246 3655 328
4247 3737 248
4248 6495 444
4249 2778 349
4250 1007 465
4251 283 338
4252 1278 286
4253 0 -1
4254 1451 299
4255 665 382
4256 4172 397
4257 6014 251
4258 787 317
4259 4440 245
4260 0 -1
4261 781 338
4262 4338 352
4263 704 294
4264 5580 337
4265 2195 221
4266 5223 460
4267 0 -1
4268 4740 182
4269 2507 357
4270 2932 374
4271 2705 405
4272 1227 477
4273 1163 291
4274 0 -1
4275 6120 322
4276 2988 502
4277 3256 475
4278 2254 389
4279 6166 310
4280 2391 294
4281 4235 253
4282 6595 333
4283 5856 413
4284 5291 473
4285 4588 335
4286 1647 401
4287 5999 340
4288 1825 359
4289 4416 346
4290 5530 317
4291 1674 272
4292 2524 531
4293 1822 355
4294 4038 273
4295 151 294
4296 0 -1
4297 2191 406
4298 3852 347
4299 1628 391
4300 1007 357
4301 0 -1
4302 6324 162
4303 4237 466
4304 354 357
4305 5596 436
4306 3399 325
4307 2737 339
4308 0 -1
4309 1504 390
4310 6108 373
4311 2787 321
4312 6550 294
4313 0 -1
4314 249 298
4315 1469 265
4316 1677 409
4317 724 524
4318 3105 315
4319 2483 420
4320 1191 342
4321 3137 297
4322 6395 430
4323 4250 486
4324 0 -1
4325 1486 487
4326 27 119
4327 1712 399
4328 3486 283
4329 2719 438
4330 45 286
4331 945 359
4332 5171 377
4333 4799 337
4334 3849 361
4335 2859 419
4336 5258 391
4337 6035 312
4338 5934 342
4339 5379 347
4340 3141 407
4341 1055 367
4342 143 441
4343 5726 306
4344 2706 239
4345 3355 440
4346 2993 241
4347 144 410
4348 4523 299
4349 1254 526
4350 3781 344
4351 264 359
4352 4635 461
4353 4391 287
4354 2417 397
4355 2518 420
4356 4767 416
4357 1166 422
4358 3839 435
4359 2175 350
4360 1944 307
4361 5566 320
4362 6172 336
4363 4978 268
4364 2419 385
4365 3464 404
4366 472 403
4367 0 -1
4368 5082 303
4369 3189 322
4370 0 -1
4371 5452 328
4372 0 -1
4373 5496 471
4374 2638 398
4375 615 238
4376 2878 401
4377 4420 299
4378 2106 307
4379 1468 181
4380 1356 499
4381 1826 503
4382 37 519
4383 4587 375
4384 1969 435
4385 163 431
4386 2974 268
4387 1420 367
4388 5319 642
4389 4619 369
4390 2117 421
4391 350 224
4392 5533 390
4393 522 420
4394 5834 289
4395 870 217
4396 6314 688
4397 5387 251
4398 2568 401
4399 3595 311
4400 5433 461
4401 0 -1
4402 772 414
4403 2173 400
4404 2582 444
4405 4585 442
4406 3387 343
4407 0 -1
4408 4068 276
4409 6037 405
4410 5846 372
4411 3490 212
4412 3397 365
4413 1727 254
4414 1610 397
4415 5358 479
4416 3078 240
4417 2455 324
4418 5019 371
4419 2082 497
4420 850 296
4421 2841 503
4422 1656 330
4423 0 -1
4424 1168 410
4425 2335 499
4426 3357 397
4427 5472 419
4428 747 224
4429 1026 406
4430 2924 360
4431 2786 440
4432 5439 404
4433 1869 359
4434 456 399
4435 6052 258
4436 3441 395
4437 1637 357
4438 384 525
4439 413 410
4440 4520 227
4441 2357 381
4442 6233 318
4443 0 -1
4444 3368 446
4445 390 437
4446 5404 349
4447 1677 444
4448 2383 322
4449 4115 345
4450 3220 354
4451 4950 476
4452 4837 258
4453 6405 425
4454 2567 251
4455 4336 460
4456 3099 209
4457 2489 290
4458 4251 380
4459 485 438
4460 744 304
4461 3441 372
4462 854 255
4463 1228 462
4464 1727 307
4465 0 -1
4466 169 404
4467 4289 371
4468 3660 486
4469 5078 594
4470 0 -1
4471 4539 311
4472 5182 407
4473 1468 180
4474 6160 437
4475 4343 337
4476 289 365
4477 5588 374
4478 486 392
4479 1961 375
4480 1776 388
4481 6218 277
4482 215 214
4483 3695 447
4484 5013 389
4485 6123 384
4486 1778 356
4487 1528 572
4488 558 252
4489 6051 246
4490 0 -1
4491 466 329
4492 5189 469
4493 2941 169
4494 2307 296
4495 4742 364
4496 5419 439
4497 0 -1
4498 3483 442
4499 3722 429
4500 5139 401
4501 1258 401
4502 3169 369
4503 0 -1
4504 6039 179
4505 2989 292
4506 3251 392
4507 5113 400
4508 4069 290
4509 3134 359
4510 6052 296
4511 4189 361
4512 692 443
4513 4800 492
4514 3154 422
4515 1086 231
4516 5998 325
4517 5355 399
4518 6004 378
4519 2548 437
4520 766 186
4521 4414 417
4522 6051 272
4523 4937 209
4524 2377 412
4525 5882 262
4526 2133 378
4527 2853 423
4528 4561 366
4529 1970 419
4530 5704 543
4531 0 -1
4532 3001 351
4533 1053 333
4534 3774 405
4535 6002 327
4536 1262 310
4537 518 360
4538 6307 401
4539 1262 307
4540 2558 414
4541 334 403
4542 2158 392
4543 1465 339
4544 3437 379
4545 3894 397
4546 3338 471
4547 122 374
4548 5700 356
4549 2828 394
4550 1856 511
4551 187 358
4552 5019 347
4553 4700 329
4554 552 292
4555 1464 476
4556 3781 426
4557 0 -1
4558 3725 309
4559 0 -1
4560 344 308
4561 1978 365
4562 2712 391
4563 6040 433
4564 5106 330
4565 1405 399
4566 1674 354
4567 0 -1
4568 4314 362
4569 4871 471
4570 4003 341
4571 2441 316
4572 539 368
4573 2874 507
4574 1803 378
4575 0 -1
4576 2343 356
4577 6064 324
4578 5001 232
4579 3879 391
4580 552 309
4581 4594 238
4582 5689 202
4583 4201 379
4584 1893 344
4585 4574 386
4586 1699 557
4587 2274 352
4588 4505 313
4589 6022 245
4590 3839 402
4591 3016 322
4592 0 -1
4593 4655 420
4594 5838 230
4595 767 159
4596 4689 254
4597 1585 419
4598 3691 359
4599 434 370
4600 5139 346
4601 343 454
4602 5591 516
4603 2016 528
4604 5547 334
4605 3221 341
4606 1251 432
4607 1340 508
4608 4487 685
4609 2890 280
4610 3891 363
4611 2937 423
4612 5593 598
4613 652 446
4614 5572 345
4615 5414 407
4616 1581 397
4617 0 -1
4618 4564 368
4619 44 341
4620 1814 305
4621 530 408
4622 5234 433
4623 0 -1
4624 4146 219
4625 3263 337
4626 2929 375
4627 2271 319
4628 3933 429
4629 3661 243
4630 5463 303
4631 5375 436
4632 4641 457
4633 2838 348
4634 375 263
4635 5226 364
4636 0 -1
4637 1072 391
4638 2459 282
4639 5652 287
4640 3418 365
4641 744 340
4642 0 -1
4643 2296 324
4644 0 -1
4645 4397 308
4646 284 454
4647 1082 403
4648 4670 543
4649 5976 386
4650 3796 347
4651 4913 390
4652 135 331
4653 6194 389
4654 0 -1
4655 1353 337
4656 3655 373
4657 5762 373
4658 6048 295
4659 0 -1
4660 1015 296
4661 167 330
4662 6597 399
4663 3315 356
4664 5717 279
4665 1511 490
4666 4581 333
4667 2761 516
4668 1692 365
4669 4003 340
4670 1479 456
4671 848 396
4672 6014 247
4673 146 411
4674 763 382
4675 3397 316
4676 0 -1
4677 0 -1
4678 264 398
4679 5698 385
4680 5953 461
4681 3247 362
4682 274 306
4683 2341 311
4684 5788 236
4685 5597 318
4686 1614 336
4687 1204 433
4688 205 545
4689 5669 232
4690 5421 342
4691 6354 402
4692 106 382
4693 3109 284
4694 2361 276
4695 5365 237
4696 4627 383
4697 4858 321
4698 1989 299
4699 2687 474
4700 2138 308
4701 3048 504
4702 3595 397
4703 2880 333
4704 5137 344
4705 5524 342
4706 3672 535
4707 2805 385
4708 4935 348
4709 5908 382
4710 3274 426
4711 1590 430
4712 0 -1
4713 2809 475
4714 5629 508
4715 70 357
4716 5717 341
4717 3936 381
4718 6043 233
4719 4089 389
4720 4066 398
4721 1719 356
4722 744 298
4723 2741 345
4724 6162 231
4725 4637 441
4726 937 154
4727 3135 326
4728 5687 372
4729 0 -1
4730 6399 348
4731 2534 404
4732 4705 373
4733 6434 361
4734 2595 478
4735 6341 454
4736 10 61
4737 5572 334
4738 1585 355
4739 1731 374
4740 339 122
4741 1711 346
4742 6299 363
4743 2552 347
4744 3066 409
4745 5065 373
4746 2392 329
4747 4128 498
4748 840 333
4749 0 -1
4750 3655 378
4751 3173 482
4752 2820 340
4753 4428 313
4754 4302 252
4755 1763 398
4756 1527 355
4757 690 335
4758 2694 349
4759 3480 426
4760 3220 315
4761 6443 322
4762 4675 376
4763 5879 351
4764 0 -1
4765 5829 446
4766 2950 370
4767 5410 375
4768 1659 356
4769 2924 368
4770 3131 418
4771 1099 354
4772 5405 474
4773 2240 442
4774 5172 498
4775 4958 472
4776 2008 291
4777 6196 324
4778 1446 440
4779 0 -1
4780 2498 284
4781 4784 355
4782 5816 429
4783 6479 425
4784 3520 293
4785 554 416
4786 3892 370
4787 3747 361
4788 5288 387
4789 2102 407
4790 2126 262
4791 3419 491
4792 5311 404
4793 1992 352
4794 2578 349
4795 2357 396
4796 4389 378
4797 4224 306
4798 1288 331
4799 5218 248
4800 5347 393
4801 744 371
4802 947 352
4803 1425 353
4804 994 330
4805 0 -1
4806 4874 218
4807 3375 413
4808 0 -1
4809 4719 490
4810 5982 425
4811 0 -1
4812 4069 340
4813 0 -1
4814 2043 354
4815 0 -1
4816 726 136
4817 3243 460
4818 2145 395
4819 1674 339
4820 2616 436
4821 4265 265
4822 3893 395
4823 2962 349
4824 5489 346
4825 6374 363
4826 2577 495
4827 4080 396
4828 5302 463
4829 3151 434
4830 350 252
4831 4787 416
4832 5399 449
4833 2414 312
4834 2455 269
4835 318 448
4836 80 356
4837 4235 241
4838 5120 372
4839 5932 295
4840 654 515
4841 532 334
4842 6483 436
4843 1576 475
4844 1849 365
4845 3294 521
4846 3607 371
4847 2024 454
4848 4051 441
4849 1729 393
4850 0 -1
4851 2047 380
4852 4520 293
4853 3356 382
4854 1679 345
4855 1292 450
4856 3442 313
4857 6588 399
4858 4363 283
4859 1071 362
4860 0 -1
4861 0 -1
4862 3068 382
4863 3228 402
4864 6587 438
4865 0 -1
4866 1540 226
4867 5406 343
4868 3486 317
4869 5566 307
4870 3677 529
4871 2354 388
4872 4650 428
4873 2962 308
4874 1471 211
4875 4723 397
4876 5072 254
4877 5003 476
4878 1830 371
4879 2185 378
4880 3397 387
4881 6581 311
4882 1207 432
4883 5120 417
4884 0 -1
4885 2866 304
4886 6232 278
4887 4118 329
4888 2227 293
4889 4878 411
4890 5974 630
4891 6493 433
4892 133 441
4893 3743 324
4894 1295 433
4895 733 408
4896 2676 408
4897 594 389
4898 0 -1
4899 4413 344
4900 3819 455
4901 5144 363
4902 1205 407
4903 788 436
4904 3300 371
4905 689 267
4906 3515 453
4907 4247 291
4908 0 -1
4909 1996 269
4910 6165 292
4911 1202 409
4912 1923 324
4913 6218 318
4914 3492 322
4915 1207 367
4916 5699 357
4917 6509 257
4918 2079 358
4919 20 340
4920 1425 300
4921 5213 340
4922 2155 416
4923 5552 346
4924 6444 398
4925 5245 387
4926 1082 416
4927 107 237
4928 1773 331
4929 6179 411
4930 0 -1
4931 2714 367
4932 579 351
4933 4693 363
4934 1877 376
4935 3221 296
4936 3471 184
4937 4726 158
4938 3121 467
4939 4216 356
4940 759 382
4941 6224 472
4942 639 431
4943 3108 354
4944 2506 369
4945 937 161
4946 686 472
4947 0 -1
4948 1859 365
4949 5846 357
4950 4854 409
4951 0 -1
4952 97 282
4953 4787 410
4954 4937 251
4955 4912 347
4956 5112 370
4957 2612 458
4958 846 352
4959 6378 246
4960 3049 392
4961 3723 283
4962 1130 281
4963 5086 320
4964 865 342
4965 1679 387
4966 6179 503
4967 4460 341
4968 2484 282
4969 3819 494
4970 1096 323
4971 5166 303
4972 4634 369
4973 2800 391
4974 5677 363
4975 2116 400
4976 0 -1
4977 1815 384
4978 4589 257
4979 5368 377
4980 3455 349
4981 5596 400
4982 0 -1
4983 1131 344
4984 4686 439
4985 4158 427
4986 4841 341
4987 4609 302
4988 4211 343
4989 1827 412
4990 5340 278
4991 449 427
4992 5833 483
4993 4633 371
4994 4371 376
4995 6146 400
4996 6527 333
4997 0 -1
4998 537 556
4999 5597 346
5000 1066 409
5001 3454 207
5002 2705 469
5003 385 385
5004 1923 318
5005 6349 281
5006 1044 390
5007 4675 399
5008 1883 395
5009 299 355
5010 4598 409
5011 2957 391
5012 743 374
5013 2991 344
5014 4933 398
5015 2924 319
5016 3976 386
5017 3418 453
5018 5845 581
5019 1289 290
5020 2859 333
5021 0 -1
5022 2142 303
5023 5916 469
5024 0 -1
5025 4100 427
5026 0 -1
5027 5272 388
5028 3445 362
5029 4203 358
5030 0 -1
5031 6320 326
5032 0 -1
5033 2857 422
5034 3135 311
5035 343 410
5036 629 323
5037 938 523
5038 0 -1
5039 966 387
5040 1465 396
5041 2378 450
5042 0 -1
5043 4293 389
5044 6192 358
5045 4917 298
5046 3777 401
5047 2640 392
5048 507 483
5049 1363 269
5050 5566 308
5051 2656 276
5052 5158 387
5053 303 402
5054 3691 282
5055 2930 435
5056 0 -1
5057 70 327
5058 1884 495
5059 4353 321
5060 1296 411
5061 5835 408
5062 132 327
5063 870 208
5064 6299 364
5065 3312 265
5066 6009 507
5067 4141 313
5068 5194 473
5069 2165 274
5070 2034 397
5071 6505 361
5072 3096 207
5073 219 425
5074 154 348
5075 4102 392
5076 1676 383
5077 3128 328
5078 4667 589
5079 4002 350
5080 832 322
5081 298 308
5082 5666 273
5083 1792 283
5084 5878 344
5085 587 405
5086 3171 312
5087 412 370
5088 4539 321
5089 1183 429
5090 1894 544
5091 1008 512
5092 1541 364
5093 2426 372
5094 2044 423
5095 6270 376
5096 2987 519
5097 6226 293
5098 6531 326
5099 5716 411
5100 5636 418
5101 1656 338
5102 4873 335
5103 3814 345
5104 146 388
5105 5744 246
5106 6035 322
5107 3736 357
5108 6162 300
5109 4471 323
5110 520 466
5111 5725 390
5112 3423 344
5113 5338 288
5114 4263 354
5115 6376 290
5116 5211 360
5117 561 419
5118 3565 511
5119 5479 397
5120 276 331
5121 1272 372
5122 2176 336
5123 1227 425
5124 2529 385
5125 1017 431
5126 5527 416
5127 3659 346
5128 5432 342
5129 421 333
5130 6547 373
5131 6265 309
5132 5183 390
5133 2985 313
5134 159 585
5135 6531 279
5136 1132 414
5137 6376 273
5138 603 324
5139 2989 281
5140 1063 396
5141 2455 300
5142 5084 376
5143 2862 397
5144 4189 344
5145 1139 343
5146 6450 513
5147 1120 471
5148 5846 419
5149 6477 420
5150 763 341
5151 5597 338
5152 4009 500
5153 3368 368
5154 5285 412
5155 3401 476
5156 1792 303
5157 3348 355
5158 132 352
5159 2052 287
5160 1547 401
5161 5851 340
5162 2926 381
5163 2035 247
5164 1961 384
5165 3986 369
5166 6537 228
5167 6218 256
5168 6190 106
5169 2158 367
5170 2691 496
5171 5964 298
5172 1148 430
5173 3420 394
5174 215 321
5175 1056 470
5176 594 439
5177 4307 356
5178 5965 387
5179 4604 361
5180 3396 554
5181 1691 488
5182 4456 289
5183 2143 388
5184 1367 432
5185 3315 341
5186 723 308
5187 4689 286
5188 2298 345
5189 1541 384
5190 4635 378
5191 232 300
5192 5450 425
5193 4994 431
5194 5954 470
5195 3914 320
5196 6348 364
5197 0 -1
5198 1776 408
5199 4761 324
5200 2704 445
5201 6268 439
5202 5748 337
5203 3674 377
5204 1423 302
5205 0 -1
5206 4279 331
5207 403 534
5208 1440 405
5209 3492 255
5210 5114 398
5211 4784 311
5212 5884 336
5213 5141 328
5214 3425 276
5215 4179 366
5216 1306 450
5217 677 390
5218 3783 203
5219 3894 453
5220 3334 295
5221 5888 368
5222 2855 438
5223 288 351
5224 486 357
5225 2878 311
5226 943 343
5227 2272 392
5228 71 415
5229 4858 383
5230 0 -1
5231 4581 320
5232 747 303
5233 2621 391
5234 5321 398
5235 3529 410
5236 5669 309
5237 1111 377
5238 151 316
5239 2693 397
5240 6264 448
5241 5188 390
5242 107 217
5243 6005 426
5244 3467 421
5245 6108 370
5246 1158 408
5247 3998 177
5248 6297 331
5249 4337 369
5250 5812 354
5251 5524 391
5252 1503 189
5253 5115 309
5254 3863 469
5255 3281 478
5256 6580 280
5257 4078 369
5258 881 368
5259 3914 394
5260 209 381
5261 760 407
5262 3081 350
5263 5531 386
5264 4834 332
5265 0 -1
5266 832 309
5267 246 322
5268 2429 384
5269 133 346
5270 3776 380
5271 4635 422
5272 1423 344
5273 217 377
5274 4821 333
5275 1409 382
5276 0 -1
5277 5910 287
5278 0 -1
5279 3633 462
5280 4391 283
5281 4795 413
5282 4973 468
5283 4629 349
5284 1594 374
5285 5332 338
5286 4521 464
5287 4987 349
5288 1449 320
5289 2198 484
5290 3114 390
5291 4471 356
5292 5733 428
5293 43 375
5294 41 527
5295 4825 364
5296 3690 436
5297 4523 213
5298 5179 470
5299 5194 569
5300 1737 407
5301 4262 358
5302 1068 348
5303 5239 421
5304 314 249
5305 2590 336
5306 255 391
5307 550 484
5308 5914 372
5309 3261 442
5310 3149 373
5311 1840 379
5312 2141 351
5313 4321 333
5314 2838 276
5315 3189 381
5316 1792 320
5317 671 533
5318 56 375
5319 5282 578
5320 4954 258
5321 2815 371
5322 2944 339
5323 656 352
5324 6347 339
5325 503 364
5326 3368 441
5327 3823 369
5328 1629 369
5329 2344 390
5330 4994 381
5331 6162 224
5332 6064 315
5333 3213 408
5334 6002 324
5335 309 510
5336 2428 370
5337 953 384
5338 6164 254
5339 1914 382
5340 804 233
5341 2480 287
5342 2156 433
5343 4422 345
5344 0 -1
5345 4471 319
5346 4068 163
5347 4123 340
5348 2759 348
5349 5582 394
5350 1070 298
5351 5561 374
5352 5800 261
5353 3370 580
5354 1758 461
5355 6319 375
5356 2078 354
5357 0 -1
5358 6403 383
5359 5671 288
5360 941 435
5361 1388 478
5362 274 318
5363 2307 278
5364 4562 465
5365 3459 231
5366 4746 373
5367 3337 489
5368 6466 349
5369 523 347
5370 0 -1
5371 5896 502
5372 3760 293
5373 1111 339
5374 3295 336
5375 1903 415
5376 5004 409
5377 45 306
5378 1096 279
5379 1187 328
5380 5329 493
5381 3852 305
5382 5661 394
5383 518 333
5384 2477 352
5385 2253 522
5386 1629 369
5387 460 244
5388 6392 317
5389 4919 438
5390 1170 441
5391 4436 462
5392 3692 449
5393 2981 409
5394 5897 480
5395 6022 263
5396 0 -1
5397 204 380
5398 656 296
5399 1191 329
5400 5745 351
5401 1684 436
5402 5454 436
5403 80 332
5404 4905 337
5405 2047 396
5406 61 286
5407 3832 331
5408 6236 174
5409 3736 367
5410 2419 353
5411 6590 363
5412 5514 360
5413 1728 389
5414 1401 354
5415 0 -1
5416 5112 375
5417 2993 351
5418 3490 196
5419 1631 347
5420 5903 453
5421 6550 327
5422 3504 438
5423 2114 411
5424 552 289
5425 4744 525
5426 863 490
5427 298 245
5428 2996 327
5429 5070 484
5430 4697 324
5431 4213 407
5432 5859 249
5433 1512 388
5434 0 -1
5435 0 -1
5436 1530 369
5437 3585 397
5438 3954 355
5439 4160 392
5440 1812 339
5441 1792 400
5442 0 -1
5443 569 359
5444 2235 583
5445 5103 365
5446 2764 369
5447 2383 302
5448 1653 452
5449 2627 335
5450 4639 356
5451 1997 279
5452 274 274
5453 5634 309
5454 2748 425
5455 1750 383
5456 0 -1
5457 1634 415
5458 1994 374
5459 4886 316
5460 927 455
5461 0 -1
5462 232 289
5463 5352 274
5464 0 -1
5465 4314 393
5466 2916 416
5467 0 -1
5468 6204 330
5469 2238 398
5470 4413 278
5471 2810 409
5472 614 313
5473 6026 348
5474 118 368
5475 3203 445
5476 6023 412
5477 5857 353
5478 2953 483
5479 1352 363
5480 0 -1
5481 677 348
5482 4462 333
5483 3160 454
5484 5186 317
5485 5122 350
5486 0 -1
5487 123 365
5488 4916 441
5489 3389 339
5490 3475 324
5491 1321 427
5492 666 400
5493 6590 360
5494 1070 328
5495 6255 392
5496 5701 401
5497 3503 408
5498 2236 369
5499 2503 66
5500 0 -1
5501 4885 384
5502 532 242
5503 2131 437
5504 5223 422
5505 1646 505
5506 24 379
5507 6003 370
5508 3215 518
5509 2607 328
5510 4399 332
5511 419 418
5512 3283 284
5513 5888 474
5514 2301 255
5515 4698 387
5516 834 313
5517 4516 328
5518 5459 401
5519 1051 409
5520 5311 466
5521 4032 387
5522 0 -1
5523 4522 341
5524 5748 342
5525 6549 398
5526 1853 335
5527 2785 380
5528 2843 382
5529 2726 376
5530 85 272
5531 4722 325
5532 532 268
5533 5264 354
5534 755 358
5535 182 443
5536 3007 255
5537 6505 431
5538 0 -1
5539 5006 487
5540 1667 354
5541 3479 472
5542 4720 510
5543 3584 396
5544 6585 476
5545 4473 229
5546 2421 340
5547 1094 287
5548 0 -1
5549 2738 414
5550 845 319
5551 0 -1
5552 5972 300
5553 5228 461
5554 5672 351
5555 3033 428
5556 6487 353
5557 5383 368
5558 689 278
5559 3737 342
5560 5870 364
5561 5398 324
5562 5693 501
5563 6520 451
5564 5741 324
5565 0 -1
5566 1914 298
5567 3806 368
5568 1066 415
5569 0 -1
5570 4912 372
5571 2764 381
5572 458 319
5573 3405 352
5574 0 -1
5575 3669 383
5576 3730 362
5577 2941 104
5578 1852 467
5579 3778 447
5580 1167 316
5581 1156 528
5582 2805 329
5583 4722 400
5584 1251 351
5585 498 376
5586 2856 367
5587 6317 374
5588 5766 354
5589 1846 371
5590 2180 625
5591 3789 417
5592 0 -1
5593 2287 479
5594 290 387
5595 2434 393
5596 5677 343
5597 1122 305
5598 2805 424
5599 4689 337
5600 3621 398
5601 1111 370
5602 5195 388
5603 0 -1
5604 4927 326
5605 3547 392
5606 1901 360
5607 1804 267
5608 1033 455
5609 464 562
5610 5010 467
5611 1283 247
5612 4750 404
5613 2618 315
5614 4605 365
5615 1447 377
5616 5893 309
5617 5499 134
5618 966 441
5619 4482 312
5620 6043 260
5621 554 399
5622 0 -1
5623 4906 471
5624 3064 342
5625 0 -1
5626 0 -1
5627 5104 419
5628 199 301
5629 2711 404
5630 575 342
5631 2324 362
5632 6177 418
5633 1265 327
5634 2211 266
5635 233 524
5636 2117 404
5637 2967 185
5638 2584 496
5639 4440 334
5640 4042 407
5641 1258 507
5642 5463 328
5643 5272 435
5644 2518 508
5645 6371 501
5646 5384 402
5647 1487 324
5648 0 -1
5649 744 274
5650 229 342
5651 1199 306
5652 3459 239
5653 4164 411
5654 6487 338
5655 4280 344
5656 5113 302
5657 3903 502
5658 2351 302
5659 0 -1
5660 0 -1
5661 2560 340
5662 443 287
5663 2062 452
5664 6192 363
5665 2069 208
5666 3096 202
5667 290 349
5668 568 358
5669 97 208
5670 5313 367
5671 854 271
5672 5242 316
5673 2822 469
5674 4821 323
5675 4462 278
5676 921 459
5677 1278 332
5678 18 315
5679 2099 321
5680 3492 252
5681 2268 398
5682 0 -1
5683 1791 375
5684 6221 458
5685 605 445
5686 1317 378
5687 1260 328
5688 3020 372
5689 3109 197
5690 5326 543
5691 892 442
5692 5873 345
5693 4867 407
5694 1310 381
5695 57 432
5696 4718 281
5697 841 434
5698 3307 346
5699 2713 326
5700 6479 337
5701 3837 372
5702 421 304
5703 1525 445
5704 2732 454
5705 6310 307
5706 6236 170
5707 2689 340
5708 5198 409
5709 662 366
5710 2412 409
5711 2162 265
5712 1293 349
5713 1310 367
5714 4340 508
5715 1097 346
5716 1097 329
5717 2332 260
5718 3025 376
5719 876 426
5720 2506 309
5721 0 -1
5722 387 543
5723 5498 416
5724 3075 337
5725 4230 321
5726 3221 283
5727 533 511
5728 2541 367
5729 2323 374
5730 2592 605
5731 355 433
5732 5597 307
5733 1228 371
5734 1424 369
5735 900 495
5736 3659 338
5737 4935 346
5738 5775 302
5739 0 -1
5740 2690 472
5741 3016 317
5742 3698 392
5743 136 342
5744 6155 228
5745 3661 319
5746 1737 416
5747 0 -1
5748 690 310
5749 6547 346
5750 3155 345
5751 715 430
5752 6579 422
5753 0 -1
5754 4255 415
5755 1462 238
5756 4658 357
5757 6204 399
5758 2901 324
5759 695 334
5760 6532 472
5761 6348 316
5762 4672 350
5763 2633 343
5764 2154 330
5765 1360 360
5766 3585 346
5767 843 363
5768 3305 150
5769 4992 506
5770 5586 381
5771 2385 377
5772 636 347
5773 6148 442
5774 2034 402
5775 6245 240
5776 44 331
5777 5889 425
5778 5558 311
5779 1398 442
5780 5998 333
5781 1710 302
5782 4333 380
5783 1959 287
5784 4194 392
5785 1861 346
5786 5287 414
5787 1870 500
5788 2700 206
5789 3496 477
5790 3093 425
5791 5801 437
5792 6303 421
5793 4034 362
5794 6051 297
5795 2769 495
5796 2770 325
5797 2052 281
5798 3173 479
5799 3499 372
5800 245 236
5801 5126 421
5802 3674 334
5803 2530 393
5804 4116 349
5805 6102 367
5806 2985 254
5807 2989 226
5808 4378 328
5809 326 357
5810 5144 350
5811 2468 753
5812 6309 342
5813 5162 463
5814 5106 345
5815 6119 392
5816 2058 404
5817 771 378
5818 1663 439
5819 3449 407
5820 5694 391
5821 2126 276
5822 0 -1
5823 3913 347
5824 4755 503
5825 5588 360
5826 6559 390
5827 4224 347
5828 5040 400
5829 5731 440
5830 3226 203
5831 168 367
5832 1465 355
5833 4824 414
5834 5365 235
5835 968 361
5836 5512 399
5837 1077 387
5838 5168 195
5839 4086 385
5840 3698 363
5841 1276 433
5842 3265 391
5843 1709 407
5844 846 360
5845 5627 504
5846 3441 317
5847 2153 335
5848 3001 397
5849 0 -1
5850 3850 143
5851 4839 326
5852 1631 324
5853 1787 314
5854 970 421
5855 846 355
5856 596 379
5857 5619 348
5858 3033 479
5859 4945 247
5860 3492 317
5861 3506 414
5862 784 360
5863 2125 477
5864 2074 378
5865 1533 440
5866 3000 496
5867 6284 425
5868 5651 373
5869 614 387
5870 5652 298
5871 4095 359
5872 5165 485
5873 683 296
5874 0 -1
5875 1658 376
5876 5835 377
5877 3457 399
5878 2094 324
5879 4515 349
5880 6544 428
5881 4332 479
5882 854 244
5883 5395 273
5884 5545 296
5885 2593 284
5886 5262 389
5887 3957 488
5888 5512 357
5889 3315 339
5890 3072 408
5891 1108 394
5892 1634 435
5893 5338 293
5894 0 -1
5895 3057 411
5896 5356 416
5897 5521 402
5898 648 259
5899 567 334
5900 1833 474
5901 2949 449
5902 570 359
5903 6012 445
5904 2535 192
5905 2448 221
5906 4255 406
5907 3452 446
5908 3661 329
5909 1070 402
5910 4344 273
5911 2172 361
5912 1201 440
5913 691 302
5914 2840 365
5915 5081 359
5916 749 367
5917 2163 419
5918 0 -1
5919 729 490
5920 4335 445
5921 6538 557
5922 2460 300
5923 4961 331
5924 2094 329
5925 4887 371
5926 3249 344
5927 3699 365
5928 4970 369
5929 1293 399
5930 302 488
5931 4665 576
5932 2783 265
5933 3325 406
5934 1426 304
5935 1413 336
5936 4285 404
5937 879 382
5938 3734 344
5939 5577 177
5940 4000 380
5941 3024 508
5942 4562 447
5943 0 -1
5944 6460 368
5945 4403 418
5946 3668 362
5947 2656 270
5948 1435 468
5949 3030 398
5950 1260 336
5951 3077 352
5952 6166 288
5953 4841 373
5954 2601 363
5955 2556 554
5956 3707 403
5957 4996 363
5958 0 -1
5959 4781 395
5960 2410 324
5961 0 -1
5962 1269 161
5963 0 -1
5964 5910 288
5965 2507 352
5966 2350 366
5967 3611 382
5968 3407 314
5969 1334 263
5970 3850 208
5971 4410 385
5972 5218 261
5973 2956 355
5974 2228 607
5975 3183 488
5976 4069 345
5977 2208 466
5978 5033 474
5979 2286 340
5980 1646 435
5981 1064 423
5982 6029 376
5983 0 -1
5984 1692 376
5985 0 -1
5986 0 -1
5987 0 -1
5988 0 -1
5989 1871 327
5990 466 383
5991 2444 391
5992 1052 377
5993 3101 417
5994 4109 423
5995 2756 371
5996 3585 361
5997 1674 291
5998 4040 318
5999 4962 308
6000 175 467
6001 2159 287
6002 3596 285
6003 5080 336
6004 4814 358
6005 6555 376
6006 3344 328
6007 4704 366
6008 4807 421
6009 1694 437
6010 666 327
6011 2255 408
6012 4291 327
6013 1812 402
6014 6349 236
6015 4261 365
6016 5102 374
6017 4460 316
6018 2956 339
6019 2154 323
6020 6158 396
6021 1927 339
6022 443 236
6023 2184 339
6024 2000 377
6025 2813 470
6026 3708 340
6027 4119 464
6028 440 332
6029 2097 292
6030 2986 512
6031 4185 441
6032 734 354
6033 3625 358
6034 588 378
6035 3658 217
6036 1729 392
6037 5882 344
6038 0 -1
6039 339 79
6040 4214 327
6041 2414 358
6042 721 480
6043 5669 225
6044 6446 349
6045 2602 454
6046 0 -1
6047 2481 230
6048 3425 274
6049 5886 442
6050 4195 354
6051 3305 202
6052 4581 256
6053 263 330
6054 2926 380
6055 888 450
6056 301 320
6057 0 -1
6058 303 469
6059 2261 342
6060 639 479
6061 5140 427
6062 4146 283
6063 283 372
6064 5218 285
6065 4393 433
6066 4504 252
6067 6358 384
6068 3228 380
6069 1685 293
6070 3723 327
6071 5744 233
6072 6580 258
6073 1585 430
6074 3986 323
6075 6512 430
6076 6239 319
6077 0 -1
6078 6395 368
6079 2786 523
6080 5834 354
6081 2189 292
6082 1264 430
6083 663 268
6084 1427 410
6085 0 -1
6086 5808 371
6087 107 251
6088 3225 356
6089 787 321
6090 3279 358
6091 2099 343
6092 0 -1
6093 1787 324
6094 1536 391
6095 5453 337
6096 86 274
6097 3165 487
6098 3022 430
6099 836 361
6100 5923 394
6101 5772 378
6102 2994 361
6103 4315 285
6104 4703 442
6105 5378 357
6106 932 415
6107 3694 359
6108 6205 309
6109 66 450
6110 3589 374
6111 2642 462
6112 6058 482
6113 5256 350
6114 1148 380
6115 5662 323
6116 2792 427
6117 5470 300
6118 2516 430
6119 2620 293
6120 5665 238
6121 1336 342
6122 0 -1
6123 2035 280
6124 0 -1
6125 3322 426
6126 1073 472
6127 5552 411
6128 5028 438
6129 4252 290
6130 3459 260
6131 4103 442
6132 2355 456
6133 1439 365
6134 1400 515
6135 0 -1
6136 4816 168
6137 1321 360
6138 3839 382
6139 4944 408
6140 2789 291
6141 604 399
6142 5027 486
6143 4343 309
6144 5707 360
6145 2789 260
6146 494 369
6147 3581 454
6148 3806 343
6149 4101 330
6150 839 377
6151 2302 299
6152 5115 307
6153 3958 310
6154 0 -1
6155 4062 207
6156 0 -1
6157 516 391
6158 2194 388
6159 6422 252
6160 1213 351
6161 5156 384
6162 3855 217
6163 4684 267
6164 4726 214
6165 5910 286
6166 2804 280
6167 2364 391
6168 660 431
6169 3681 438
6170 3277 443
6171 1693 395
6172 5065 297
6173 2114 362
6174 4217 276
6175 132 377
6176 6303 367
6177 2800 381
6178 129 427
6179 1358 400
6180 4907 352
6181 1115 382
6182 0 -1
6183 4663 373
6184 2896 451
6185 3770 495
6186 881 397
6187 3637 475
6188 1424 367
6189 2308 425
6190 5499 101
6191 2158 435
6192 2417 352
6193 2400 435
6194 4265 279
6195 2429 429
6196 2106 274
6197 2827 432
6198 0 -1
6199 532 319
6200 6047 338
6201 5477 399
6202 2361 379
6203 6422 184
6204 250 327
6205 1732 286
6206 470 198
6207 3437 315
6208 5465 412
6209 3692 483
6210 0 -1
6211 4542 392
6212 315 364
6213 4480 394
6214 433 364
6215 2448 251
6216 4731 485
6217 3229 334
6218 5904 246
6219 3450 398
6220 0 -1
6221 1170 396
6222 1338 307
6223 6432 463
6224 4691 402
6225 4191 336
6226 5859 257
6227 2146 483
6228 1385 221
6229 3056 443
6230 2775 402
6231 5559 397
6232 3226 176
6233 421 280
6234 0 -1
6235 2715 452
6236 3888 166
6237 2930 456
6238 0 -1
6239 1415 275
6240 1725 353
6241 4223 470
6242 5952 336
6243 4651 453
6244 3750 351
6245 5838 214
6246 4743 387
6247 4539 369
6248 2259 347
6249 6346 340
6250 3283 245
6251 398 315
6252 4337 366
6253 4994 390
6254 2795 404
6255 2719 380
6256 5799 379
6257 6597 353
6258 8 313
6259 3677 454
6260 4457 346
6261 2016 483
6262 6296 321
6263 0 -1
6264 6193 435
6265 1363 274
6266 2829 469
6267 3153 390
6268 134 335
6269 2739 370
6270 1996 269
6271 4224 360
6272 5786 433
6273 6362 386
6274 3251 398
6275 0 -1
6276 1500 450
6277 6242 405
6278 663 292
6279 1478 400
6280 3602 415
6281 4149 447
6282 2356 223
6283 1448 392
6284 247 374
6285 1961 387
6286 3506 482
6287 4344 344
6288 2902 362
6289 3044 392
6290 3774 438
6291 5817 420
6292 0 -1
6293 3076 441
6294 6176 401
6295 4578 291
6296 4874 257
6297 844 267
6298 3394 490
6299 2361 307
6300 5588 385
6301 6361 289
6302 2319 426
6303 5115 315
6304 927 524
6305 2935 374
6306 0 -1
6307 5167 376
6308 0 -1
6309 6155 316
6310 2656 272
6311 6440 373
6312 2650 423
6313 857 425
6314 3644 666
6315 5395 353
6316 4935 329
6317 999 314
6318 6545 331
6319 4591 341
6320 96 263
6321 777 386
6322 4321 389
6323 6316 432
6324 5499 66
6325 5972 334
6326 5932 335
6327 4295 410
6328 2915 349
6329 5817 404
6330 2528 362
6331 1005 463
6332 5217 452
6333 4007 384
6334 4252 297
6335 1404 402
6336 5291 375
6337 3188 365
6338 0 -1
6339 3451 383
6340 1431 400
6341 4307 407
6342 2765 295
6343 2805 362
6344 4369 406
6345 2167 344
6346 2418 247
6347 2547 330
6348 2627 259
6349 767 181
6350 1054 382
6351 1806 416
6352 794 425
6353 69 435
6354 6163 317
6355 362 549
6356 1781 374
6357 0 -1
6358 1278 318
6359 2188 377
6360 2400 372
6361 3440 278
6362 5952 351
6363 4403 406
6364 2115 470
6365 1071 343
6366 5033 511
6367 263 340
6368 4371 377
6369 4577 354
6370 0 -1
6371 4000 473
6372 6028 412
6373 5105 309
6374 4360 358
6375 3449 445
6376 4302 267
6377 3356 439
6378 870 182
6379 4034 314
6380 6023 378
6381 0 -1
6382 122 385
6383 4937 249
6384 1186 427
6385 5111 481
6386 904 379
6387 5109 391
6388 4798 434
6389 1175 388
6390 6225 436
6391 2106 338
6392 2103 266
6393 1113 326
6394 3344 321
6395 2559 335
6396 2776 352
6397 6578 492
6398 5407 429
6399 2489 243
6400 0 -1
6401 969 606
6402 3671 283
6403 5034 382
6404 1879 357
6405 5293 381
6406 1084 452
6407 3928 389
6408 1550 467
6409 4719 473
6410 2700 218
6411 4707 404
6412 4194 434
6413 4596 293
6414 0 -1
6415 0 -1
6416 2440 358
6417 4950 450
6418 0 -1
6419 2741 257
6420 4582 320
6421 5572 422
6422 1468 154
6423 0 -1
6424 4493 242
6425 0 -1
6426 4700 422
6427 418 322
6428 0 -1
6429 6108 346
6430 1601 390
6431 4580 381
6432 1060 382
6433 1705 421
6434 5340 281
6435 6043 251
6436 4728 436
6437 5167 260
6438 1405 389
6439 2316 426
6440 3666 368
6441 2325 330
6442 2588 322
6443 6511 250
6444 6429 392
6445 3190 449
6446 3554 346
6447 3549 333
6448 76 304
6449 1465 337
6450 4838 395
6451 1462 239
6452 3364 404
6453 0 -1
6454 3239 406
6455 76 328
6456 377 322
6457 1825 370
6458 2640 385
6459 4537 364
6460 5802 349
6461 3078 271
6462 4337 357
6463 6420 354
6464 4226 401
6465 2834 478
6466 4452 339
6467 4022 231
6468 4996 348
6469 5174 426
6470 6207 356
6471 6143 350
6472 0 -1
6473 2566 451
6474 6475 368
6475 3971 326
6476 1102 331
6477 1126 417
6478 5097 343
6479 4134 318
6480 1974 278
6481 2640 429
6482 1408 358
6483 1760 397
6484 5927 370
6485 3204 374
6486 2266 422
6487 925 296
6488 6478 415
6489 589 491
6490 3625 341
6491 6551 380
6492 6251 357
6493 1614 331
6494 1658 430
6495 1142 422
6496 3265 401
6497 1631 356
6498 1667 396
6499 3207 438
6500 2985 210
6501 5768 234
6502 1796 435
6503 6265 325
6504 3449 417
6505 1952 324
6506 2567 209
6507 6242 348
6508 557 350
6509 6378 232
6510 5782 382
6511 5617 161
6512 4748 333
6513 6458 424
6514 0 -1
6515 4887 372
6516 5085 499
6517 1352 415
6518 6293 469
6519 4993 416
6520 5369 427
6521 4938 557
6522 857 400
6523 3852 338
6524 5256 294
6525 759 359
6526 2764 333
6527 1283 295
6528 2529 393
6529 5069 320
6530 2752 448
6531 4391 258
6532 6499 451
6533 3783 317
6534 3921 367
6535 1968 366
6536 3343 414
6537 3109 227
6538 4597 499
6539 4581 337
6540 3673 484
6541 1358 385
6542 1108 387
6543 4731 424
6544 3708 422
6545 2864 280
6546 2944 385
6547 3034 317
6548 1144 448
6549 2193 370
6550 944 262
6551 3254 336
6552 3681 487
6553 6231 440
6554 5642 442
6555 5700 346
6556 3418 369
6557 2375 411
6558 5627 509
6559 2015 351
6560 5952 363
6561 6531 315
6562 3799 399
6563 4437 369
6564 2772 450
6565 6160 390
6566 757 376
6567 2805 330
6568 3943 326
6569 2467 273
6570 4686 362
6571 657 403
6572 3167 369
6573 1997 355
6574 255 377
6575 2724 358
6576 4909 319
6577 4343 346
6578 6438 462
6579 2901 350
6580 3662 215
6581 2559 296
6582 0 -1
6583 0 -1
6584 6524 397
6585 1343 416
6586 3496 381
6587 2813 368
6588 877 384
6589 5650 430
6590 5428 338
6591 1471 258
6592 1357 406
6593 0 -1
6594 4391 279
6595 2103 257
6596 5100 451
6597 336 335
6598 3045 427
6599 5728 381
6600 18 362
