19
1 0 -1
2 3470 555
3 0 -1
4 6032 497
5 5624 338
6 0 -1
7 2732 519
8 378 296
9 192 298
10 3773 364
11 6527 476
12 0 -1
13 2441 351
14 2711 350
15 4420 381
16 3067 499
17 6475 357
18 2640 310
19 19 0
20 4628 300
21 45 431
22 3342 358
23 1293 488
24 5161 345
25 151 433
26 4645 345
27 5499 325
28 5025 367
29 2156 383
30 2858 391
31 0 -1
32 116 443
33 6406 406
34 1486 361
35 3484 464
36 2248 412
37 4818 370
38 1930 385
39 2153 398
40 3846 389
41 3369 307
42 4247 393
43 558 494
44 4291 308
45 1283 428
46 134 477
47 1617 720
48 790 400
49 4119 441
50 3169 434
51 3112 341
52 855 397
53 2271 520
54 3342 350
55 3324 416
56 1413 449
57 4190 370
58 0 -1
59 1504 453
60 6165 420
61 2535 397
62 2317 365
63 3342 344
64 4824 470
65 1562 307
66 1882 426
67 5642 338
68 0 -1
69 3382 563
70 942 345
71 906 415
72 3943 410
73 4828 580
74 1053 320
75 4233 355
76 6051 451
77 5142 464
78 2023 177
79 132 386
80 4228 394
81 2602 523
82 3863 386
83 101 414
84 2074 359
85 4825 337
86 2358 368
87 4286 374
88 3510 376
89 5345 504
90 20 310
91 227 584
92 0 -1
93 4281 465
94 1782 447
95 311 330
96 3214 433
97 3520 359
98 1126 554
99 628 398
100 5871 373
101 2064 413
102 4115 259
103 4544 413
104 2593 413
105 4525 351
106 1292 418
107 5962 289
108 5195 434
109 6020 401
110 6389 386
111 6464 419
112 3034 470
113 2085 410
114 3773 402
115 25 505
116 2253 438
117 939 412
118 252 418
119 4447 380
120 3289 732
121 3867 415
122 4339 411
123 99 440
124 0 -1
125 2800 310
126 4100 401
127 1353 408
128 1016 398
129 5545 384
130 48 497
131 4231 380
132 3617 316
133 3117 337
134 3709 459
135 1253 379
136 6091 204
137 337 543
138 0 -1
139 3453 494
140 3231 490
141 1000 389
142 4261 394
143 5953 355
144 2993 412
145 6021 246
146 3013 473
147 5016 455
148 2669 382
149 129 428
150 4541 463
151 4836 342
152 528 438
153 4123 381
154 5218 403
155 5998 314
156 1277 391
157 0 -1
158 2196 409
159 4421 544
160 940 410
161 1968 329
162 1900 405
163 5715 425
164 5680 370
165 0 -1
166 2602 512
167 832 351
168 4970 457
169 1227 494
170 1054 386
171 0 -1
172 3032 257
173 3080 398
174 4548 422
175 4131 490
176 1059 413
177 3570 355
178 3798 360
179 4907 390
180 6137 426
181 4693 178
182 4258 447
183 4728 392
184 3594 331
185 4619 345
186 6061 398
187 5785 283
188 230 294
189 2756 473
190 0 -1
191 1933 429
192 6503 298
193 5361 573
194 6082 427
195 0 -1
196 5671 400
197 1323 498
198 6041 493
199 2248 391
200 1522 498
201 3771 500
202 5799 440
203 2941 446
204 4257 463
205 284 582
206 1705 459
207 211 385
208 4526 422
209 4990 397
210 3676 436
211 192 312
212 0 -1
213 4028 371
214 6566 359
215 4510 269
216 1704 363
217 3677 300
218 3897 350
219 1249 412
220 5591 405
221 640 338
222 4360 498
223 6100 346
224 0 -1
225 0 -1
226 1302 549
227 4125 479
228 2043 407
229 2174 304
230 6106 232
231 5330 423
232 4537 471
233 2494 487
234 3256 467
235 6099 685
236 2186 414
237 0 -1
238 3034 399
239 1849 381
240 5501 279
241 6502 309
242 0 -1
243 18 361
244 1307 384
245 27 425
246 842 186
247 2259 351
248 5915 358
249 870 434
250 1338 529
251 2053 557
252 1923 398
253 0 -1
254 615 454
255 6189 399
256 2485 489
257 4046 355
258 3244 487
259 0 -1
260 3699 207
261 467 516
262 5202 370
263 2595 401
264 1530 400
265 3231 474
266 279 479
267 274 437
268 4621 398
269 1809 446
270 520 494
271 3932 494
272 1056 434
273 3181 515
274 3012 393
275 4583 415
276 4203 348
277 0 -1
278 337 510
279 2026 386
280 5321 384
281 925 316
282 3630 359
283 5888 371
284 1289 486
285 5697 527
286 4453 516
287 0 -1
288 6244 309
289 683 381
290 93 481
291 2803 321
292 4920 432
293 4964 453
294 6488 442
295 0 -1
296 1667 463
297 1784 300
298 5768 362
299 6048 432
300 3367 532
301 6119 393
302 4590 343
303 2532 401
304 461 475
305 4506 292
306 4294 464
307 3309 454
308 2502 361
309 2931 468
310 0 -1
311 4179 302
312 1125 317
313 2778 430
314 3661 321
315 5059 358
316 6121 378
317 6137 433
318 1536 333
319 0 -1
320 6055 557
321 482 447
322 2606 387
323 5267 230
324 5509 439
325 4668 379
326 1757 379
327 3121 536
328 5225 406
329 3362 315
330 0 -1
331 5438 452
332 1088 522
333 3456 414
334 3691 336
335 2752 289
336 4224 332
337 2702 452
338 2223 438
339 1149 419
340 3115 405
341 2582 560
342 1659 403
343 1942 325
344 1165 345
345 4640 367
346 2653 322
347 6086 395
348 2550 302
349 2514 482
350 6236 321
351 530 303
352 5209 338
353 3467 371
354 2839 428
355 4762 422
356 982 503
357 5805 409
358 0 -1
359 685 437
360 2852 431
361 6050 371
362 3857 442
363 6168 572
364 2613 413
365 252 403
366 1935 354
367 3857 378
368 4173 484
369 6243 390
370 1172 343
371 1970 406
372 3476 415
373 491 294
374 2677 339
375 5577 292
376 2766 340
377 3176 445
378 2221 226
379 3557 481
380 0 -1
381 1740 435
382 960 471
383 664 268
384 5025 368
385 5144 353
386 5077 399
387 5681 404
388 374 430
389 6519 357
390 1439 365
391 6432 540
392 0 -1
393 2343 401
394 769 564
395 4133 382
396 5343 440
397 984 487
398 5086 454
399 2653 356
400 0 -1
401 4441 467
402 1619 414
403 1114 429
404 2057 369
405 5798 511
406 3682 433
407 340 431
408 4231 387
409 6373 484
410 4123 275
411 6363 408
412 3204 453
413 301 444
414 3764 566
415 2555 370
416 4480 379
417 653 409
418 1603 447
419 5036 486
420 4650 477
421 630 363
422 4658 420
423 5287 379
424 5888 430
425 19 18
426 3118 428
427 5673 486
428 4895 395
429 6016 383
430 569 481
431 1321 420
432 749 446
433 4259 314
434 4263 421
435 6244 303
436 1880 341
437 2586 334
438 5501 338
439 2858 402
440 1722 365
441 3851 556
442 1530 375
443 5577 289
444 4924 488
445 6372 398
446 39 409
447 3498 500
448 4937 490
449 2425 411
450 4940 565
451 0 -1
452 1960 461
453 766 526
454 739 364
455 5837 385
456 3790 392
457 4804 564
458 1940 389
459 1996 403
460 1224 499
461 2895 367
462 1647 518
463 5363 464
464 4671 486
465 2111 429
466 761 336
467 3945 432
468 553 508
469 6584 483
470 97 371
471 3224 435
472 807 511
473 6273 466
474 65 354
475 3807 467
476 1043 491
477 3292 384
478 41 337
479 3509 392
480 5678 352
481 6368 632
482 6137 439
483 583 414
484 4770 478
485 2168 407
486 2408 418
487 3243 339
488 2461 474
489 2716 405
490 3567 447
491 6080 271
492 4573 505
493 164 405
494 2480 437
495 640 438
496 5288 302
497 4757 463
498 6354 437
499 0 -1
500 1267 340
501 0 -1
502 1169 370
503 3255 403
504 6463 466
505 456 434
506 5020 514
507 3809 429
508 4998 687
509 474 450
510 5962 320
511 4847 442
512 4153 351
513 1249 451
514 2110 372
515 1875 394
516 79 404
517 6129 400
518 3355 455
519 4196 445
520 2003 415
521 3571 469
522 4962 428
523 940 343
524 3699 230
525 0 -1
526 1583 397
527 2472 253
528 3323 421
529 1933 397
530 4685 303
531 4597 410
532 6378 470
533 4491 465
534 0 -1
535 2796 462
536 6372 400
537 3766 491
538 2693 465
539 6114 453
540 3603 440
541 5975 474
542 5904 480
543 1916 392
544 3205 507
545 6594 350
546 3765 512
547 6365 461
548 5259 432
549 0 -1
550 487 398
551 5135 404
552 318 415
553 6186 456
554 2539 477
555 3412 392
556 667 364
557 1235 406
558 1386 489
559 5275 340
560 0 -1
561 5545 365
562 3201 379
563 2930 327
564 1394 373
565 3846 425
566 177 472
567 4962 366
568 3427 404
569 5512 446
570 4869 466
571 0 -1
572 1536 273
573 1797 579
574 2031 466
575 4580 365
576 3880 519
577 4800 421
578 2480 341
579 3226 423
580 3171 356
581 2254 325
582 447 587
583 6369 412
584 5088 466
585 666 513
586 2893 736
587 4700 347
588 1409 243
589 630 424
590 3200 417
591 1160 539
592 1153 407
593 3756 405
594 2942 422
595 4993 320
596 4406 538
597 1589 374
598 6064 497
599 126 403
600 0 -1
601 5140 400
602 1847 335
603 2843 384
604 1122 378
605 178 376
606 1786 488
607 2965 541
608 6449 417
609 5430 345
610 0 -1
611 4910 384
612 5838 431
613 5378 431
614 2506 376
615 1756 369
616 5825 466
617 3360 378
618 0 -1
619 2655 340
620 3431 360
621 2558 351
622 4353 343
623 0 -1
624 5438 454
625 1442 440
626 13 438
627 6161 519
628 4554 303
629 85 358
630 3784 306
631 2286 409
632 850 490
633 2847 535
634 4816 466
635 4027 519
636 192 315
637 1659 394
638 536 450
639 3537 400
640 5632 322
641 5516 418
642 3603 359
643 2465 426
644 2138 367
645 0 -1
646 2217 432
647 2157 444
648 5063 417
649 0 -1
650 6309 404
651 682 540
652 321 546
653 1466 403
654 1691 519
655 0 -1
656 1927 382
657 5236 394
658 6221 422
659 4333 415
660 5013 494
661 5462 596
662 2409 438
663 2719 358
664 1179 229
665 6523 427
666 176 451
667 3234 335
668 2210 529
669 2233 406
670 2334 294
671 6254 506
672 5751 427
673 230 350
674 6230 523
675 3434 537
676 1980 454
677 3541 387
678 5908 400
679 6289 423
680 1974 409
681 401 486
682 2220 448
683 2174 316
684 5528 453
685 2698 408
686 3544 421
687 3366 535
688 4760 547
689 4051 333
690 2489 364
691 151 356
692 496 373
693 3261 418
694 3512 428
695 241 370
696 4095 351
697 2944 461
698 4097 382
699 6216 533
700 839 382
701 4760 532
702 3410 435
703 3019 488
704 3570 311
705 2506 362
706 3201 426
707 2640 307
708 4222 587
709 3106 418
710 724 505
711 4136 452
712 2576 488
713 288 349
714 4581 494
715 4193 371
716 5231 393
717 6229 532
718 1548 387
719 5269 358
720 0 -1
721 6372 361
722 5455 395
723 6177 344
724 361 416
725 323 276
726 5499 318
727 937 398
728 246 290
729 3290 404
730 2140 445
731 2472 251
732 140 493
733 4554 311
734 360 455
735 5875 340
736 2101 362
737 5657 495
738 2931 418
739 4032 269
740 5280 345
741 1007 395
742 2323 453
743 2586 322
744 6500 417
745 6003 471
746 3690 392
747 1032 441
748 5546 518
749 4583 390
750 5732 362
751 1293 440
752 6559 385
753 1136 532
754 5167 448
755 999 389
756 3532 534
757 2430 319
758 3898 441
759 4681 430
760 704 347
761 1409 309
762 1889 621
763 1385 486
764 1002 452
765 6114 393
766 2236 419
767 5768 313
768 4553 428
769 4853 452
770 3137 440
771 3939 414
772 2080 462
773 2694 466
774 3215 444
775 6464 454
776 2735 455
777 3055 406
778 2035 434
779 67 415
780 4994 438
781 6162 426
782 4094 442
783 2756 512
784 565 434
785 5258 453
786 52 410
787 5671 441
788 6270 420
789 0 -1
790 2024 385
791 1288 406
792 971 497
793 6448 379
794 4958 480
795 2862 450
796 1597 574
797 1472 509
798 1160 452
799 4529 486
800 1999 401
801 3307 531
802 4806 286
803 0 -1
804 4692 376
805 3240 349
806 1295 478
807 2267 443
808 217 373
809 3965 588
810 0 -1
811 852 605
812 2173 397
813 3649 539
814 5018 586
815 0 -1
816 1584 541
817 6243 490
818 476 583
819 0 -1
820 0 -1
821 2883 379
822 4442 517
823 923 504
824 641 465
825 4663 479
826 4222 529
827 2719 369
828 5586 434
829 3083 572
830 4928 386
831 1103 608
832 4482 278
833 2173 406
834 3013 373
835 6218 386
836 361 475
837 6314 854
838 4985 481
839 217 334
840 2237 296
841 1144 411
842 5834 181
843 1235 396
844 2803 273
845 6265 222
846 510 438
847 937 460
848 1404 381
849 3736 393
850 2706 429
851 5081 295
852 2320 505
853 5347 343
854 3459 367
855 5577 302
856 1574 486
857 5111 410
858 999 358
859 19 74
860 4259 368
861 2668 494
862 0 -1
863 4159 391
864 5952 387
865 3315 316
866 2731 336
867 668 545
868 6482 414
869 4342 447
870 5499 366
871 6113 526
872 0 -1
873 3570 375
874 351 322
875 3208 431
876 3198 486
877 2785 361
878 6311 457
879 4876 462
880 1985 411
881 6296 409
882 2422 476
883 0 -1
884 5177 422
885 1526 429
886 5754 430
887 312 414
888 881 452
889 1757 475
890 1712 452
891 1268 453
892 1859 400
893 2676 451
894 1709 439
895 1339 532
896 5738 483
897 423 437
898 5598 454
899 1890 411
900 1383 442
901 2691 340
902 3530 488
903 88 468
904 5950 404
905 5716 429
906 1551 383
907 3747 472
908 3632 556
909 1750 386
910 4670 449
911 2042 497
912 1077 273
913 2316 436
914 6492 491
915 3855 406
916 1368 422
917 3512 464
918 1822 518
919 4963 467
920 4512 412
921 4914 384
922 3423 448
923 5681 410
924 378 343
925 1880 276
926 3901 371
927 5321 413
928 352 420
929 4608 714
930 4787 536
931 76 481
932 3492 346
933 1733 463
934 2529 480
935 0 -1
936 6194 537
937 2681 379
938 5173 459
939 968 361
940 4391 342
941 5550 305
942 1343 335
943 247 399
944 2926 474
945 2106 487
946 6480 453
947 524 238
948 0 -1
949 3508 403
950 2147 437
951 4173 466
952 3592 372
953 6271 366
954 4923 357
955 2947 501
956 3809 455
957 2205 438
958 6072 446
959 4963 450
960 4523 390
961 0 -1
962 6341 389
963 5303 421
964 0 -1
965 1877 490
966 6503 283
967 3901 443
968 5190 361
969 1140 540
970 5029 364
971 4310 432
972 864 412
973 3950 437
974 5097 432
975 5290 406
976 3422 426
977 2899 331
978 0 -1
979 2378 446
980 6102 473
981 0 -1
982 6390 385
983 746 418
984 6438 437
985 770 508
986 5263 617
987 564 420
988 3203 291
989 67 418
990 5069 379
991 1145 350
992 0 -1
993 0 -1
994 968 429
995 5338 479
996 2439 474
997 5373 225
998 1038 362
999 4836 350
1000 2891 320
1001 42 502
1002 4068 385
1003 3244 498
1004 4447 413
1005 2091 315
1006 583 454
1007 132 369
1008 41 357
1009 5383 503
1010 0 -1
1011 0 -1
1012 3123 504
1013 677 402
1014 1608 432
1015 2002 442
1016 5558 359
1017 2122 349
1018 302 459
1019 5126 499
1020 1372 428
1021 1622 351
1022 5151 344
1023 214 367
1024 1299 379
1025 3544 419
1026 2178 424
1027 4133 426
1028 1893 418
1029 1413 468
1030 1902 417
1031 2464 514
1032 2112 360
1033 4821 584
1034 1246 560
1035 5729 495
1036 5011 367
1037 5123 488
1038 44 359
1039 5139 413
1040 5039 372
1041 2081 626
1042 4756 428
1043 4990 390
1044 910 529
1045 5619 431
1046 230 352
1047 0 -1
1048 489 427
1049 6180 439
1050 509 459
1051 4291 343
1052 5198 415
1053 2250 298
1054 3917 354
1055 1974 443
1056 1509 426
1057 4105 471
1058 522 442
1059 561 373
1060 5174 419
1061 2074 378
1062 3917 356
1063 4244 246
1064 2603 529
1065 2800 341
1066 4198 527
1067 0 -1
1068 4920 352
1069 4903 489
1070 6297 375
1071 5163 429
1072 4510 265
1073 4392 422
1074 176 491
1075 2655 333
1076 132 375
1077 5131 259
1078 2365 487
1079 966 373
1080 4874 381
1081 101 501
1082 5447 355
1083 1442 432
1084 1101 363
1085 0 -1
1086 2696 444
1087 0 -1
1088 4416 465
1089 0 -1
1090 2221 288
1091 0 -1
1092 3693 401
1093 4693 197
1094 373 356
1095 4993 371
1096 1403 313
1097 6591 386
1098 428 442
1099 154 473
1100 3544 463
1101 1053 344
1102 6527 451
1103 5022 506
1104 4158 496
1105 2053 581
1106 23 488
1107 0 -1
1108 4943 425
1109 4515 422
1110 4361 412
1111 3091 432
1112 4912 422
1113 1289 423
1114 3228 399
1115 3437 338
1116 0 -1
1117 2325 420
1118 4809 492
1119 3929 469
1120 5062 416
1121 977 398
1122 912 280
1123 3154 542
1124 5305 400
1125 3958 257
1126 1896 512
1127 2500 431
1128 4397 248
1129 1709 439
1130 27 440
1131 3087 405
1132 3096 473
1133 4422 403
1134 5308 537
1135 3561 478
1136 4336 435
1137 0 -1
1138 2941 461
1139 4420 412
1140 1583 514
1141 2175 363
1142 458 410
1143 3518 475
1144 1218 342
1145 3958 249
1146 0 -1
1147 3650 403
1148 3362 388
1149 4422 389
1150 963 537
1151 5207 619
1152 4899 494
1153 4510 308
1154 2856 324
1155 5716 496
1156 621 451
1157 0 -1
1158 5997 398
1159 19 111
1160 5949 445
1161 5475 344
1162 5736 455
1163 2653 368
1164 2417 412
1165 4516 327
1166 4896 486
1167 3871 386
1168 5847 295
1169 2063 323
1170 5342 372
1171 5258 481
1172 5451 275
1173 5210 496
1174 5699 440
1175 1354 390
1176 473 513
1177 2799 393
1178 2063 282
1179 1344 211
1180 4362 344
1181 1144 373
1182 2095 428
1183 236 444
1184 2990 440
1185 4339 400
1186 4753 338
1187 704 321
1188 275 483
1189 6496 372
1190 3158 522
1191 1669 425
1192 1582 400
1193 6555 409
1194 4989 410
1195 2254 311
1196 1784 324
1197 4904 463
1198 349 527
1199 3953 335
1200 1315 446
1201 4847 510
1202 1288 345
1203 4667 515
1204 4294 434
1205 3231 459
1206 865 383
1207 6225 422
1208 211 372
1209 3016 387
1210 6114 399
1211 2120 418
1212 1267 299
1213 5214 455
1214 2683 343
1215 19 68
1216 3926 569
1217 3527 566
1218 1290 337
1219 6530 403
1220 78 212
1221 2198 370
1222 167 360
1223 6366 463
1224 3022 447
1225 2833 383
1226 5260 322
1227 2323 432
1228 6076 424
1229 3247 380
1230 2761 435
1231 0 -1
1232 3521 443
1233 0 -1
1234 5934 482
1235 221 385
1236 2791 341
1237 3475 460
1238 4218 368
1239 1856 480
1240 2985 450
1241 6174 442
1242 3295 394
1243 3897 390
1244 355 431
1245 0 -1
1246 4316 533
1247 3192 429
1248 5709 512
1249 6363 407
1250 5545 340
1251 83 467
1252 2556 515
1253 4591 374
1254 3003 508
1255 4910 432
1256 6371 667
1257 2279 479
1258 4476 444
1259 3235 421
1260 2890 306
1261 2878 500
1262 6509 441
1263 5053 459
1264 5225 497
1265 1684 429
1266 2580 426
1267 2221 256
1268 1195 411
1269 2148 244
1270 3302 337
1271 5959 430
1272 5956 295
1273 1254 512
1274 2880 414
1275 782 509
1276 3251 281
1277 1527 333
1278 5268 371
1279 6121 353
1280 2769 469
1281 1724 354
1282 1655 595
1283 1471 422
1284 6526 419
1285 3764 569
1286 1509 442
1287 2731 380
1288 1827 321
1289 1278 382
1290 1942 315
1291 4368 484
1292 1334 407
1293 2080 424
1294 5877 365
1295 6119 398
1296 2688 423
1297 0 -1
1298 6531 367
1299 1897 339
1300 177 384
1301 4719 378
1302 2193 457
1303 3316 459
1304 3085 382
1305 0 -1
1306 2853 421
1307 6296 368
1308 4762 395
1309 5605 621
1310 4291 292
1311 1495 440
1312 947 254
1313 2297 428
1314 4246 426
1315 581 420
1316 0 -1
1317 1537 459
1318 5632 398
1319 2791 427
1320 1622 372
1321 5884 414
1322 5366 394
1323 186 435
1324 0 -1
1325 2767 525
1326 1405 393
1327 6305 481
1328 5735 554
1329 3651 450
1330 1805 462
1331 2312 429
1332 0 -1
1333 6378 467
1334 90 318
1335 1395 294
1336 4554 270
1337 6110 253
1338 3782 514
1339 1228 529
1340 741 436
1341 912 278
1342 1525 324
1343 4825 302
1344 2023 148
1345 5627 498
1346 6508 442
1347 6547 374
1348 5681 301
1349 3534 528
1350 3561 405
1351 1369 398
1352 5277 424
1353 1968 353
1354 3092 376
1355 5755 407
1356 2016 482
1357 3119 456
1358 3721 402
1359 0 -1
1360 1372 390
1361 4482 378
1362 3640 562
1363 1131 415
1364 682 487
1365 2981 453
1366 5800 507
1367 1991 500
1368 5484 395
1369 5956 396
1370 1083 442
1371 1537 444
1372 2921 321
1373 436 367
1374 4631 492
1375 1500 489
1376 0 -1
1377 4329 459
1378 0 -1
1379 6402 529
1380 0 -1
1381 416 436
1382 4563 532
1383 2813 429
1384 6021 246
1385 470 386
1386 1731 434
1387 3541 361
1388 886 442
1389 2177 466
1390 4444 479
1391 4283 516
1392 5956 373
1393 3561 410
1394 3958 281
1395 1817 234
1396 5360 422
1397 4980 403
1398 1885 521
1399 3939 461
1400 2186 449
1401 1293 434
1402 1066 528
1403 2342 281
1404 3862 364
1405 1683 383
1406 4606 641
1407 1166 518
1408 5161 322
1409 2221 191
1410 6297 302
1411 0 -1
1412 3369 371
1413 2172 395
1414 0 -1
1415 1762 411
1416 6361 426
1417 443 337
1418 5632 327
1419 3862 446
1420 3118 398
1421 947 348
1422 0 -1
1423 1453 416
1424 4035 438
1425 4763 383
1426 849 434
1427 1933 374
1428 6445 520
1429 279 411
1430 4780 452
1431 2152 516
1432 181 232
1433 5619 409
1434 4363 404
1435 504 467
1436 3629 447
1437 3386 516
1438 0 -1
1439 4249 346
1440 3251 295
1441 884 446
1442 5290 423
1443 142 412
1444 3952 332
1445 3647 125
1446 5575 408
1447 5446 431
1448 3953 342
1449 4286 377
1450 1987 483
1451 3169 385
1452 5140 343
1453 4862 322
1454 4778 490
1455 0 -1
1456 2338 419
1457 3115 406
1458 2794 381
1459 4700 315
1460 2005 496
1461 834 408
1462 2237 360
1463 2147 440
1464 1739 314
1465 3675 393
1466 5586 385
1467 3027 453
1468 726 323
1469 2069 363
1470 5106 482
1471 721 377
1472 3044 398
1473 562 382
1474 1850 316
1475 543 426
1476 5776 421
1477 3261 477
1478 6454 414
1479 3845 416
1480 5848 438
1481 187 292
1482 1559 372
1483 5700 425
1484 1937 504
1485 0 -1
1486 2683 352
1487 6537 291
1488 3208 427
1489 4896 445
1490 1877 482
1491 2901 286
1492 0 -1
1493 0 -1
1494 0 -1
1495 2253 383
1496 1369 430
1497 4924 481
1498 280 412
1499 6464 427
1500 1525 411
1501 5681 399
1502 1428 575
1503 3226 361
1504 85 388
1505 5314 357
1506 2170 421
1507 6502 295
1508 6342 418
1509 6512 399
1510 3091 445
1511 6255 400
1512 173 424
1513 6429 416
1514 480 418
1515 5366 422
1516 6213 411
1517 4852 476
1518 2560 353
1519 2146 289
1520 0 -1
1521 4974 558
1522 5764 458
1523 0 -1
1524 2518 397
1525 3602 309
1526 5445 342
1527 1260 310
1528 4329 496
1529 2372 393
1530 3691 319
1531 5057 365
1532 4088 509
1533 6010 463
1534 1276 321
1535 3432 478
1536 6379 243
1537 335 399
1538 2690 486
1539 1071 471
1540 5394 355
1541 4914 300
1542 524 303
1543 6133 421
1544 5999 439
1545 3567 476
1546 0 -1
1547 1026 442
1548 74 342
1549 370 434
1550 1341 368
1551 5131 344
1552 2059 312
1553 858 414
1554 5913 362
1555 0 -1
1556 4248 497
1557 3800 439
1558 5570 565
1559 5945 344
1560 6412 443
1561 5447 348
1562 5521 278
1563 2406 515
1564 6372 409
1565 0 -1
1566 6492 546
1567 4187 487
1568 0 -1
1569 2677 316
1570 3152 341
1571 5394 434
1572 4737 374
1573 356 529
1574 865 384
1575 4633 538
1576 4182 448
1577 4412 514
1578 2649 351
1579 0 -1
1580 4152 556
1581 2635 513
1582 4986 372
1583 1178 394
1584 4429 465
1585 1208 382
1586 1860 328
1587 6174 444
1588 26 398
1589 664 310
1590 4565 395
1591 2315 420
1592 1917 464
1593 1056 494
1594 6434 300
1595 640 355
1596 90 415
1597 1601 474
1598 3927 381
1599 6467 436
1600 3677 380
1601 3315 369
1602 1180 459
1603 2344 428
1604 2248 383
1605 6144 472
1606 2535 445
1607 4980 404
1608 3725 319
1609 4990 328
1610 1874 329
1611 0 -1
1612 77 466
1613 4633 459
1614 3643 513
1615 2793 482
1616 1223 546
1617 130 600
1618 5291 368
1619 2342 362
1620 5331 402
1621 980 529
1622 1459 326
1623 3798 436
1624 2425 406
1625 1746 451
1626 2570 467
1627 5238 430
1628 2261 413
1629 3063 471
1630 1516 432
1631 6537 352
1632 1423 521
1633 5870 440
1634 6162 436
1635 3916 487
1636 1726 427
1637 4150 448
1638 2730 397
1639 2115 435
1640 3831 328
1641 4795 476
1642 2518 449
1643 5225 436
1644 5647 466
1645 4994 448
1646 4159 459
1647 6076 446
1648 26 345
1649 0 -1
1650 458 478
1651 2490 295
1652 5225 430
1653 5526 378
1654 846 509
1655 1059 492
1656 3020 402
1657 5297 478
1658 2649 351
1659 1983 375
1660 2784 474
1661 793 386
1662 2090 421
1663 2334 368
1664 4033 390
1665 66 503
1666 6106 264
1667 5738 415
1668 1996 418
1669 2774 363
1670 3351 360
1671 0 -1
1672 1941 463
1673 65 316
1674 375 334
1675 1582 414
1676 3772 417
1677 5220 361
1678 2543 408
1679 5077 430
1680 5901 391
1681 4115 345
1682 1807 504
1683 352 338
1684 3038 416
1685 2851 453
1686 3012 422
1687 1888 326
1688 474 441
1689 0 -1
1690 491 332
1691 4037 412
1692 4505 350
1693 1153 341
1694 5088 467
1695 2789 409
1696 1238 462
1697 3815 383
1698 244 455
1699 2112 410
1700 1903 444
1701 1941 445
1702 795 562
1703 1236 435
1704 4409 323
1705 2434 430
1706 942 408
1707 6014 431
1708 3493 415
1709 3511 377
1710 595 360
1711 6172 389
1712 4746 393
1713 2309 559
1714 2711 413
1715 5783 384
1716 0 -1
1717 0 -1
1718 4630 396
1719 6066 487
1720 6367 284
1721 3475 427
1722 4346 355
1723 2824 437
1724 6100 313
1725 699 533
1726 3068 427
1727 3596 311
1728 4481 360
1729 1481 404
1730 709 520
1731 5163 388
1732 6072 425
1733 4479 358
1734 3584 415
1735 0 -1
1736 954 424
1737 6110 253
1738 6346 436
1739 1860 310
1740 3405 354
1741 3799 416
1742 3292 463
1743 6245 525
1744 3510 375
1745 4583 392
1746 4263 393
1747 0 -1
1748 3598 377
1749 5301 478
1750 2812 344
1751 175 501
1752 3918 315
1753 0 -1
1754 279 433
1755 6133 383
1756 6236 342
1757 5135 365
1758 2056 482
1759 4170 500
1760 3838 347
1761 2082 378
1762 470 386
1763 4224 329
1764 246 209
1765 0 -1
1766 1272 410
1767 4254 386
1768 5077 404
1769 4450 580
1770 6063 379
1771 0 -1
1772 0 -1
1773 3034 371
1774 2921 343
1775 137 634
1776 1408 350
1777 6495 484
1778 4409 370
1779 1206 419
1780 3731 458
1781 2142 476
1782 1724 406
1783 4128 451
1784 3265 274
1785 1858 336
1786 1405 449
1787 3459 363
1788 1518 356
1789 1534 395
1790 5871 434
1791 1662 454
1792 1097 392
1793 1350 485
1794 5189 431
1795 2640 345
1796 1215 177
1797 4036 543
1798 0 -1
1799 0 -1
1800 0 -1
1801 0 -1
1802 2615 405
1803 5959 438
1804 3087 346
1805 2441 347
1806 6297 352
1807 4746 396
1808 698 447
1809 4790 374
1810 5223 429
1811 108 490
1812 274 425
1813 4394 187
1814 4150 386
1815 3363 447
1816 3049 462
1817 3958 188
1818 2063 321
1819 3158 489
1820 0 -1
1821 5695 442
1822 4172 459
1823 628 376
1824 4098 411
1825 5447 389
1826 1043 500
1827 6512 319
1828 713 403
1829 4760 436
1830 3325 411
1831 1699 469
1832 0 -1
1833 1141 385
1834 3265 312
1835 4966 555
1836 354 452
1837 136 205
1838 2483 399
1839 3293 642
1840 5166 317
1841 5367 668
1842 5208 417
1843 2704 427
1844 0 -1
1845 5598 475
1846 5115 448
1847 2412 282
1848 5934 458
1849 2608 367
1850 5324 280
1851 3600 466
1852 1715 447
1853 192 305
1854 3764 478
1855 593 463
1856 2565 468
1857 2771 523
1858 728 319
1859 5209 334
1860 1337 302
1861 2000 290
1862 2918 425
1863 828 486
1864 5159 461
1865 2889 493
1866 4425 537
1867 2259 336
1868 4857 419
1869 5404 425
1870 5397 532
1871 4589 364
1872 5109 370
1873 3701 426
1874 3064 311
1875 3232 384
1876 0 -1
1877 2845 391
1878 1405 433
1879 4386 354
1880 6080 222
1881 0 -1
1882 6427 341
1883 2752 348
1884 6329 396
1885 4315 448
1886 0 -1
1887 316 400
1888 102 304
1889 3343 530
1890 3594 294
1891 2045 505
1892 3817 489
1893 2731 400
1894 4499 641
1895 2753 406
1896 6247 471
1897 6531 304
1898 2820 424
1899 0 -1
1900 1847 293
1901 29 400
1902 1153 347
1903 3659 407
1904 1519 395
1905 3699 218
1906 0 -1
1907 2586 288
1908 2328 489
1909 6103 443
1910 6321 543
1911 922 558
1912 4837 409
1913 0 -1
1914 3007 508
1915 2004 463
1916 192 313
1917 3560 392
1918 3473 461
1919 2631 448
1920 636 389
1921 5774 627
1922 1708 438
1923 1752 384
1924 2255 416
1925 3755 448
1926 359 514
1927 2111 368
1928 4126 457
1929 1845 477
1930 5897 297
1931 211 395
1932 1439 383
1933 6326 353
1934 3432 462
1935 3369 297
1936 1591 444
1937 4857 499
1938 3414 436
1939 1016 397
1940 4173 377
1941 2236 377
1942 323 265
1943 2436 332
1944 1618 443
1945 3356 402
1946 5385 532
1947 2568 487
1948 2194 465
1949 6467 452
1950 2746 458
1951 2552 452
1952 4910 391
1953 2295 404
1954 4782 491
1955 5542 590
1956 603 464
1957 217 352
1958 0 -1
1959 3762 450
1960 3942 459
1961 6320 360
1962 5289 426
1963 5447 397
1964 6399 410
1965 0 -1
1966 6482 416
1967 0 -1
1968 281 324
1969 2231 473
1970 4140 397
1971 5793 652
1972 5639 476
1973 0 -1
1974 5815 373
1975 3214 383
1976 1897 368
1977 6103 492
1978 6110 344
1979 6043 452
1980 415 394
1981 436 399
1982 0 -1
1983 1372 374
1984 0 -1
1985 1481 307
1986 5945 329
1987 1368 414
1988 3188 552
1989 2890 407
1990 495 487
1991 5962 384
1992 2267 471
1993 0 -1
1994 4598 432
1995 1874 343
1996 3596 298
1997 2507 483
1998 4441 460
1999 1000 325
2000 3647 202
2001 0 -1
2002 4727 367
2003 1651 346
2004 3278 427
2005 6396 433
2006 0 -1
2007 5126 474
2008 178 413
2009 5611 511
2010 1253 424
2011 0 -1
2012 3773 407
2013 2863 465
2014 5651 433
2015 5011 421
2016 5654 424
2017 1111 455
2018 1288 391
2019 3817 411
2020 5541 601
2021 4319 485
2022 5965 469
2023 2322 136
2024 6300 384
2025 487 401
2026 5133 317
2027 6024 322
2028 0 -1
2029 1293 443
2030 0 -1
2031 4004 367
2032 3305 417
2033 5377 333
2034 4471 480
2035 2993 340
2036 0 -1
2037 1304 469
2038 0 -1
2039 181 234
2040 1853 410
2041 5044 441
2042 1898 438
2043 456 394
2044 2453 377
2045 34 432
2046 4796 393
2047 2838 397
2048 3697 404
2049 0 -1
2050 2417 400
2051 3797 590
2052 2787 370
2053 686 498
2054 723 455
2055 6129 412
2056 4874 387
2057 373 301
2058 4416 459
2059 3974 291
2060 4798 411
2061 2099 167
2062 1178 295
2063 3589 269
2064 1236 413
2065 684 465
2066 3569 460
2067 4885 377
2068 2804 350
2069 4008 301
2070 3628 551
2071 2745 544
2072 417 504
2073 6031 468
2074 6592 355
2075 5126 562
2076 0 -1
2077 2921 328
2078 3400 396
2079 5463 300
2080 5410 368
2081 5760 544
2082 4221 346
2083 6403 381
2084 3372 424
2085 4191 391
2086 3578 508
2087 634 520
2088 6290 429
2089 1323 507
2090 80 420
2091 2903 295
2092 3513 624
2093 1834 362
2094 523 359
2095 5091 413
2096 0 -1
2097 421 423
2098 4159 415
2099 3958 166
2100 6247 500
2101 1337 297
2102 2502 416
2103 5665 310
2104 396 451
2105 2788 401
2106 1473 396
2107 3842 407
2108 3994 505
2109 4812 552
2110 2027 370
2111 5851 358
2112 1651 303
2113 3132 610
2114 1552 321
2115 1294 407
2116 725 374
2117 4738 473
2118 6455 491
2119 5140 441
2120 2382 374
2121 5401 547
2122 4697 296
2123 6239 452
2124 2685 507
2125 1452 380
2126 5828 483
2127 5516 498
2128 0 -1
2129 848 421
2130 6133 435
2131 5597 343
2132 6013 490
2133 1299 345
2134 6315 433
2135 2940 452
2136 4987 419
2137 4287 348
2138 3351 332
2139 3325 501
2140 4899 436
2141 821 398
2142 764 458
2143 714 523
2144 3789 360
2145 3044 360
2146 5785 268
2147 3473 401
2148 3647 196
2149 4093 456
2150 5729 394
2151 348 391
2152 1809 483
2153 588 290
2154 2274 371
2155 6297 392
2156 1145 270
2157 1144 421
2158 4522 503
2159 855 377
2160 3927 325
2161 4166 462
2162 3968 390
2163 2866 379
2164 1872 386
2165 4302 487
2166 2440 335
2167 5065 400
2168 5029 369
2169 0 -1
2170 186 411
2171 3302 383
2172 4226 389
2173 4516 357
2174 3436 285
2175 2725 279
2176 4525 320
2177 22 447
2178 640 333
2179 4138 297
2180 3258 525
2181 6244 303
2182 6588 464
2183 316 397
2184 4994 443
2185 2593 367
2186 6021 338
2187 3098 463
2188 4118 445
2189 3311 439
2190 6297 349
2191 5199 457
2192 602 400
2193 3838 430
2194 3018 437
2195 3638 450
2196 6091 302
2197 0 -1
2198 6100 353
2199 6561 440
2200 170 475
2201 4793 543
2202 3088 495
2203 3049 489
2204 4048 518
2205 3311 404
2206 2024 426
2207 1105 586
2208 5694 472
2209 0 -1
2210 3543 459
2211 725 394
2212 5650 356
2213 3336 476
2214 3836 510
2215 587 359
2216 2290 476
2217 4583 362
2218 0 -1
2219 2863 464
2220 5329 363
2221 3933 187
2222 5886 422
2223 3889 363
2224 1162 510
2225 185 439
2226 4973 388
2227 1141 370
2228 5955 559
2229 5520 579
2230 0 -1
2231 5705 425
2232 0 -1
2233 848 405
2234 2543 500
2235 2773 585
2236 2906 358
2237 3032 284
2238 4426 387
2239 2729 461
2240 587 364
2241 2176 433
2242 4085 610
2243 1996 336
2244 2838 323
2245 2157 461
2246 2314 440
2247 6110 304
2248 399 364
2249 1405 437
2250 4291 271
2251 0 -1
2252 3502 406
2253 3570 335
2254 4244 238
2255 2580 346
2256 0 -1
2257 3186 574
2258 3794 379
2259 2838 334
2260 6201 520
2261 5755 379
2262 3603 334
2263 0 -1
2264 5358 409
2265 0 -1
2266 4122 448
2267 6435 398
2268 5288 273
2269 5946 516
2270 2465 365
2271 1976 455
2272 3157 351
2273 900 515
2274 1299 362
2275 373 390
2276 2778 373
2277 933 560
2278 0 -1
2279 275 420
2280 4911 476
2281 1544 533
2282 5745 482
2283 0 -1
2284 0 -1
2285 1421 377
2286 1289 397
2287 5465 477
2288 5962 295
2289 0 -1
2290 3450 397
2291 6451 375
2292 0 -1
2293 938 507
2294 4590 289
2295 2822 397
2296 5105 430
2297 5516 418
2298 2631 442
2299 9 350
2300 1999 332
2301 3862 368
2302 4914 328
2303 0 -1
2304 3629 418
2305 2174 323
2306 605 422
2307 1128 328
2308 491 353
2309 3141 523
2310 1427 374
2311 1831 470
2312 1874 380
2313 5830 480
2314 4031 431
2315 550 415
2316 6165 428
2317 2500 314
2318 372 463
2319 6392 401
2320 2760 460
2321 446 469
2322 425 72
2323 2417 368
2324 561 382
2325 383 339
2326 3256 426
2327 6371 609
2328 5159 445
2329 262 486
2330 230 304
2331 4651 514
2332 1525 358
2333 4028 326
2334 3918 255
2335 1040 399
2336 169 517
2337 983 423
2338 20 417
2339 2458 326
2340 3214 456
2341 38 388
2342 6106 246
2343 1144 345
2344 421 428
2345 2528 292
2346 5339 424
2347 1161 401
2348 3448 537
2349 4131 450
2350 2435 319
2351 1418 344
2352 1536 341
2353 4907 439
2354 4101 451
2355 1145 297
2356 6051 386
2357 4420 432
2358 1752 346
2359 3603 346
2360 5005 532
2361 2156 368
2362 6177 327
2363 3208 457
2364 6113 463
2365 4302 434
2366 33 447
2367 254 463
2368 6536 499
2369 4686 461
2370 1382 566
2371 4196 491
2372 3027 351
2373 5069 363
2374 3557 525
2375 3194 470
2376 4601 378
2377 2724 428
2378 6219 429
2379 580 451
2380 601 453
2381 0 -1
2382 721 366
2383 6595 393
2384 0 -1
2385 4304 460
2386 3005 394
2387 5482 560
2388 6150 423
2389 5074 381
2390 5346 428
2391 5910 421
2392 3406 355
2393 0 -1
2394 2752 291
2395 3482 407
2396 1731 418
2397 2918 474
2398 0 -1
2399 2936 526
2400 1541 305
2401 5700 448
2402 0 -1
2403 6196 487
2404 0 -1
2405 3974 310
2406 5162 494
2407 6243 441
2408 2940 397
2409 4700 412
2410 5082 440
2411 0 -1
2412 1395 238
2413 2819 558
2414 2307 393
2415 0 -1
2416 0 -1
2417 3581 351
2418 865 365
2419 1094 379
2420 6054 450
2421 2337 461
2422 4806 390
2423 1183 468
2424 1036 431
2425 512 367
2426 4600 449
2427 6034 365
2428 2812 371
2429 1707 474
2430 845 280
2431 1697 458
2432 527 275
2433 6241 466
2434 5138 421
2435 1125 267
2436 3900 332
2437 1557 534
2438 135 383
2439 3951 413
2440 5412 323
2441 3582 262
2442 5908 469
2443 3985 491
2444 2816 439
2445 1097 489
2446 3380 389
2447 517 515
2448 470 378
2449 1985 337
2450 6285 442
2451 3515 457
2452 0 -1
2453 2174 294
2454 1859 415
2455 2458 428
2456 3079 343
2457 385 464
2458 3395 322
2459 5617 496
2460 4589 371
2461 2578 424
2462 1588 477
2463 0 -1
2464 6279 446
2465 3952 365
2466 2131 372
2467 3855 403
2468 3195 621
2469 5361 492
2470 3348 503
2471 0 -1
2472 2322 173
2473 1501 412
2474 2508 383
2475 1024 497
2476 5978 435
2477 2656 439
2478 2688 392
2479 5421 421
2480 6502 336
2481 2706 394
2482 4317 499
2483 5340 347
2484 780 438
2485 3233 432
2486 1028 506
2487 1250 440
2488 2497 412
2489 2178 339
2490 5267 243
2491 5178 473
2492 5141 443
2493 0 -1
2494 2465 485
2495 4295 431
2496 3784 409
2497 2352 400
2498 4038 331
2499 0 -1
2500 761 314
2501 1412 404
2502 383 309
2503 10 398
2504 4939 524
2505 216 383
2506 6592 350
2507 3099 480
2508 3713 322
2509 5623 447
2510 0 -1
2511 3022 463
2512 98 642
2513 1780 525
2514 34 377
2515 971 494
2516 4757 442
2517 5778 487
2518 2362 351
2519 0 -1
2520 2914 558
2521 6552 572
2522 2259 399
2523 2345 400
2524 147 479
2525 2900 487
2526 3731 421
2527 0 -1
2528 4449 278
2529 5878 410
2530 3600 396
2531 3040 367
2532 1395 300
2533 679 443
2534 983 423
2535 5168 334
2536 5310 513
2537 5459 474
2538 3085 376
2539 5806 395
2540 6023 453
2541 2271 527
2542 3032 298
2543 5957 407
2544 0 -1
2545 2315 415
2546 539 566
2547 705 414
2548 6330 374
2549 2774 313
2550 5932 263
2551 0 -1
2552 3977 389
2553 5300 307
2554 3520 439
2555 3032 270
2556 1226 426
2557 1445 210
2558 6360 294
2559 1312 323
2560 192 337
2561 4663 441
2562 5984 398
2563 2457 484
2564 2951 374
2565 2151 392
2566 2279 424
2567 110 412
2568 4763 384
2569 1942 277
2570 1693 413
2571 754 475
2572 9 304
2573 4390 567
2574 2860 686
2575 3072 545
2576 3214 378
2577 5901 391
2578 433 391
2579 3151 480
2580 3673 339
2581 1893 421
2582 3708 495
2583 6412 477
2584 4708 444
2585 2187 549
2586 1813 223
2587 2921 358
2588 6501 483
2589 1594 349
2590 105 371
2591 5292 485
2592 3604 557
2593 3902 347
2594 3360 414
2595 1902 390
2596 5002 499
2597 440 402
2598 0 -1
2599 0 -1
2600 6227 389
2601 3247 348
2602 3019 424
2603 2871 447
2604 0 -1
2605 3116 360
2606 3583 370
2607 2472 273
2608 5163 360
2609 44 335
2610 3112 340
2611 4137 402
2612 4803 428
2613 4576 388
2614 4925 425
2615 6579 341
2616 4664 422
2617 3674 450
2618 636 394
2619 0 -1
2620 3528 346
2621 5789 391
2622 2539 443
2623 0 -1
2624 0 -1
2625 4924 411
2626 4593 436
2627 2670 428
2628 4014 417
2629 3951 467
2630 2268 345
2631 2227 432
2632 1740 428
2633 1253 419
2634 3988 474
2635 2112 397
2636 902 505
2637 5410 312
2638 999 411
2639 4408 479
2640 383 299
2641 901 443
2642 2744 507
2643 2353 505
2644 1327 517
2645 4252 440
2646 5348 542
2647 3751 514
2648 2081 655
2649 6110 291
2650 6579 332
2651 0 -1
2652 2989 395
2653 5131 296
2654 6349 434
2655 102 263
2656 3762 431
2657 4261 463
2658 0 -1
2659 4484 489
2660 0 -1
2661 4358 301
2662 4823 400
2663 1875 445
2664 1734 421
2665 179 478
2666 2097 466
2667 5256 373
2668 4972 441
2669 2400 335
2670 2146 350
2671 2483 354
2672 343 384
2673 5840 516
2674 2918 384
2675 6426 497
2676 3489 399
2677 2553 314
2678 673 384
2679 3966 488
2680 140 594
2681 4523 365
2682 3417 645
2683 346 324
2684 1212 366
2685 2325 418
2686 3839 231
2687 1022 429
2688 2255 350
2689 5945 383
2690 1548 411
2691 5501 328
2692 1615 502
2693 2711 346
2694 5407 452
2695 216 442
2696 4302 418
2697 4361 393
2698 5604 374
2699 281 332
2700 4726 489
2701 1708 459
2702 3800 355
2703 0 -1
2704 3842 399
2705 6265 320
2706 5168 374
2707 0 -1
2708 1970 427
2709 5552 365
2710 0 -1
2711 4841 324
2712 1476 447
2713 2962 364
2714 845 267
2715 4804 477
2716 5639 402
2717 3976 395
2718 4359 319
2719 3114 358
2720 293 481
2721 0 -1
2722 5142 505
2723 6256 395
2724 6034 409
2725 4138 261
2726 5790 421
2727 370 347
2728 2173 357
2729 2414 446
2730 2174 372
2731 246 301
2732 4458 476
2733 5631 433
2734 1499 481
2735 4629 384
2736 3932 440
2737 4874 375
2738 3537 411
2739 5969 395
2740 3499 556
2741 4837 405
2742 3361 745
2743 3817 442
2744 108 437
2745 5628 470
2746 4630 346
2747 248 414
2748 5418 404
2749 4543 445
2750 152 550
2751 1969 518
2752 3707 280
2753 3594 406
2754 6166 493
2755 1567 494
2756 3487 431
2757 5771 474
2758 2181 303
2759 5696 409
2760 5127 408
2761 563 386
2762 3510 436
2763 3780 344
2764 3603 346
2765 2731 374
2766 323 251
2767 3600 451
2768 3272 461
2769 3443 455
2770 5408 385
2771 6086 408
2772 2085 437
2773 6540 501
2774 6177 281
2775 177 457
2776 172 322
2777 3837 482
2778 733 314
2779 887 443
2780 406 442
2781 1395 351
2782 47 820
2783 3078 421
2784 4495 376
2785 3232 332
2786 3027 362
2787 6480 369
2788 1796 290
2789 1804 402
2790 3811 422
2791 2412 335
2792 1767 422
2793 4350 421
2794 1312 347
2795 3558 440
2796 163 440
2797 2238 416
2798 2565 458
2799 2605 383
2800 4794 223
2801 845 298
2802 2449 411
2803 1813 253
2804 5939 272
2805 2741 479
2806 5526 462
2807 0 -1
2808 5708 400
2809 1739 330
2810 3932 474
2811 853 435
2812 2490 268
2813 4289 386
2814 1872 482
2815 348 311
2816 1983 417
2817 8 343
2818 5423 438
2819 2905 447
2820 1023 398
2821 0 -1
2822 4628 352
2823 4424 382
2824 2882 376
2825 0 -1
2826 314 352
2827 1353 416
2828 3440 485
2829 1968 433
2830 4650 409
2831 2513 544
2832 3352 504
2833 5445 354
2834 305 314
2835 3976 426
2836 2156 284
2837 4768 471
2838 5418 321
2839 6424 385
2840 6407 481
2841 959 503
2842 4389 391
2843 5998 341
2844 2796 459
2845 997 301
2846 4344 438
2847 1612 486
2848 213 465
2849 0 -1
2850 0 -1
2851 421 418
2852 1226 343
2853 3867 326
2854 5903 548
2855 5533 466
2856 670 313
2857 6110 305
2858 4554 324
2859 1767 386
2860 198 607
2861 5135 307
2862 2057 375
2863 3756 461
2864 6379 223
2865 5623 467
2866 3570 321
2867 4403 419
2868 1553 503
2869 5090 761
2870 781 484
2871 1449 438
2872 1108 507
2873 750 424
2874 4914 385
2875 0 -1
2876 4288 487
2877 5054 434
2878 4753 392
2879 6300 362
2880 1144 348
2881 5303 422
2882 6044 375
2883 2691 338
2884 630 423
2885 6008 469
2886 4314 438
2887 897 465
2888 2727 393
2889 3609 390
2890 240 297
2891 6024 312
2892 3995 495
2893 462 634
2894 2768 484
2895 1096 343
2896 5981 439
2897 2337 486
2898 4051 342
2899 832 292
2900 3322 467
2901 3589 224
2902 4571 390
2903 4394 268
2904 5908 401
2905 3188 447
2906 4901 326
2907 2775 474
2908 1092 460
2909 2649 341
2910 4878 439
2911 4205 392
2912 6343 477
2913 0 -1
2914 2633 490
2915 1392 464
2916 755 394
2917 2322 178
2918 2483 375
2919 3812 476
2920 6078 422
2921 373 301
2922 0 -1
2923 5509 420
2924 880 427
2925 5913 425
2926 1311 451
2927 0 -1
2928 3999 524
2929 4588 414
2930 6021 316
2931 1608 354
2932 5484 460
2933 2815 388
2934 353 456
2935 4231 402
2936 6497 473
2937 2836 345
2938 4758 540
2939 3909 379
2940 2719 392
2941 6164 371
2942 6264 403
2943 3913 458
2944 2233 409
2945 4269 508
2946 6543 507
2947 6113 469
2948 3560 502
2949 2915 506
2950 3750 341
2951 4011 351
2952 2514 438
2953 5871 403
2954 1195 407
2955 4980 337
2956 1355 423
2957 5451 305
2958 3022 433
2959 5670 523
2960 4804 496
2961 1128 346
2962 5220 360
2963 4605 492
2964 5675 409
2965 6481 457
2966 5907 473
2967 2174 404
2968 6416 406
2969 543 500
2970 0 -1
2971 2171 469
2972 6485 454
2973 4802 400
2974 5545 304
2975 8 387
2976 4698 445
2977 5271 375
2978 108 471
2979 934 523
2980 1447 453
2981 6497 426
2982 2464 457
2983 5694 393
2984 0 -1
2985 1561 355
2986 2612 452
2987 3033 536
2988 1930 373
2989 3661 307
2990 3492 332
2991 5680 367
2992 3473 436
2993 5418 326
2994 3553 390
2995 3416 490
2996 2861 337
2997 2092 651
2998 2295 478
2999 0 -1
3000 374 349
3001 3760 387
3002 1573 634
3003 2939 493
3004 435 348
3005 5189 380
3006 4356 434
3007 96 465
3008 5563 442
3009 3876 398
3010 3457 257
3011 0 -1
3012 350 386
3013 1890 373
3014 1335 399
3015 2105 453
3016 2362 330
3017 4232 286
3018 291 349
3019 1320 378
3020 4227 324
3021 4862 340
3022 3939 393
3023 1433 499
3024 3778 356
3025 705 399
3026 0 -1
3027 5260 341
3028 0 -1
3029 1144 350
3030 2056 419
3031 5481 431
3032 2099 212
3033 5127 455
3034 1774 352
3035 0 -1
3036 4941 577
3037 4145 450
3038 155 360
3039 5453 549
3040 2906 326
3041 2652 426
3042 4377 401
3043 4561 387
3044 346 350
3045 1226 331
3046 6024 349
3047 5779 454
3048 2245 546
3049 4155 433
3050 5120 367
3051 3778 369
3052 0 -1
3053 1752 409
3054 0 -1
3055 1290 384
3056 4289 378
3057 4626 489
3058 1616 618
3059 3636 513
3060 3527 493
3061 2003 391
3062 143 459
3063 808 438
3064 4510 273
3065 0 -1
3066 6240 435
3067 3170 443
3068 559 359
3069 1172 347
3070 5582 435
3071 5400 512
3072 2924 428
3073 2817 454
3074 4950 527
3075 3493 357
3076 5738 413
3077 3818 392
3078 2467 405
3079 572 335
3080 3046 383
3081 3480 445
3082 0 -1
3083 672 530
3084 602 396
3085 6121 360
3086 608 509
3087 2609 338
3088 2364 472
3089 0 -1
3090 621 375
3091 5687 417
3092 4525 348
3093 851 312
3094 6034 328
3095 5869 485
3096 4806 368
3097 1082 423
3098 5979 361
3099 3255 403
3100 1890 299
3101 4876 508
3102 1186 394
3103 480 355
3104 0 -1
3105 510 415
3106 637 408
3107 4723 564
3108 2862 401
3109 998 371
3110 0 -1
3111 0 -1
3112 6336 318
3113 6380 347
3114 1290 330
3115 940 383
3116 3573 357
3117 5373 332
3118 5629 388
3119 5399 435
3120 5245 439
3121 3255 442
3122 4943 357
3123 3439 474
3124 0 -1
3125 3679 489
3126 445 493
3127 0 -1
3128 1743 525
3129 4691 459
3130 0 -1
3131 3142 390
3132 1723 498
3133 3467 347
3134 6205 337
3135 1732 437
3136 4083 444
3137 1711 397
3138 5678 395
3139 443 325
3140 1603 517
3141 950 455
3142 4291 364
3143 0 -1
3144 1464 368
3145 2855 488
3146 487 364
3147 0 -1
3148 4918 465
3149 5348 443
3150 3686 506
3151 5519 405
3152 3551 319
3153 3950 449
3154 3922 519
3155 723 406
3156 6404 444
3157 3094 344
3158 84 452
3159 690 471
3160 3347 507
3161 543 464
3162 0 -1
3163 5944 483
3164 5691 556
3165 1161 460
3166 3375 423
3167 5726 446
3168 0 -1
3169 2990 346
3170 1942 378
3171 1196 341
3172 631 426
3173 54 415
3174 4897 526
3175 5121 420
3176 6150 432
3177 3561 520
3178 1229 433
3179 5470 393
3180 5788 473
3181 951 484
3182 2535 407
3183 4179 340
3184 5561 474
3185 530 377
3186 2354 464
3187 6451 385
3188 2055 435
3189 805 417
3190 5059 418
3191 0 -1
3192 3593 404
3193 2809 400
3194 5135 391
3195 1188 577
3196 3593 429
3197 1687 382
3198 5421 475
3199 0 -1
3200 3951 414
3201 1021 377
3202 1117 447
3203 3647 198
3204 5350 382
3205 3877 466
3206 0 -1
3207 174 490
3208 1341 358
3209 3135 438
3210 598 513
3211 4913 401
3212 6538 555
3213 4955 452
3214 3323 353
3215 3398 386
3216 4988 370
3217 0 -1
3218 6134 478
3219 6225 400
3220 440 402
3221 5067 466
3222 4948 497
3223 4670 480
3224 4846 402
3225 5075 413
3226 435 351
3227 3362 349
3228 3395 337
3229 4411 416
3230 5554 482
3231 3673 399
3232 1212 321
3233 6597 411
3234 1212 335
3235 4796 375
3236 60 523
3237 1752 427
3238 144 471
3239 5932 317
3240 4694 308
3241 0 -1
3242 1165 393
3243 1122 322
3244 1446 409
3245 3677 333
3246 0 -1
3247 4361 339
3248 2159 448
3249 39 424
3250 180 484
3251 1093 198
3252 1415 418
3253 1862 502
3254 5304 353
3255 75 355
3256 5809 390
3257 5122 410
3258 3480 463
3259 2873 433
3260 2716 478
3261 4965 388
3262 24 370
3263 408 413
3264 4238 481
3265 2039 244
3266 3395 381
3267 6114 401
3268 37 397
3269 6563 410
3270 4469 566
3271 0 -1
3272 5238 406
3273 2794 393
3274 413 465
3275 5321 352
3276 1017 396
3277 239 476
3278 4271 374
3279 4718 401
3280 4113 398
3281 2386 414
3282 4588 384
3283 870 433
3284 0 -1
3285 4369 372
3286 3055 429
3287 5686 372
3288 1283 451
3289 3545 620
3290 2254 312
3291 3617 315
3292 1507 349
3293 5093 542
3294 1826 504
3295 5012 325
3296 5811 801
3297 3266 411
3298 4652 407
3299 4004 395
3300 2056 422
3301 736 468
3302 3437 307
3303 2163 468
3304 0 -1
3305 6324 395
3306 5399 443
3307 1167 417
3308 5935 508
3309 5949 428
3310 5064 338
3311 1823 377
3312 4629 353
3313 1204 475
3314 910 500
3315 3617 286
3316 839 343
3317 3412 390
3318 391 556
3319 1746 458
3320 2317 426
3321 5330 493
3322 4189 430
3323 6244 349
3324 4800 397
3325 2748 407
3326 1810 535
3327 1429 454
3328 3186 467
3329 5314 470
3330 5222 510
3331 4433 393
3332 3694 461
3333 2059 401
3334 1674 357
3335 3463 442
3336 4179 375
3337 926 442
3338 4920 405
3339 5521 335
3340 2655 327
3341 672 501
3342 2864 327
3343 3811 416
3344 3876 465
3345 2774 372
3346 4114 492
3347 4125 431
3348 4126 409
3349 2041 447
3350 4493 414
3351 6531 323
3352 1206 384
3353 0 -1
3354 1312 282
3355 2549 359
3356 6086 381
3357 6441 300
3358 3894 463
3359 0 -1
3360 4767 333
3361 5968 632
3362 2063 297
3363 952 402
3364 4450 513
3365 94 479
3366 6043 458
3367 6227 450
3368 1690 392
3369 2061 265
3370 6139 390
3371 5679 283
3372 4116 386
3373 0 -1
3374 962 396
3375 3117 367
3376 2254 316
3377 5558 403
3378 5149 472
3379 4728 446
3380 3436 324
3381 1461 434
3382 6402 457
3383 609 439
3384 5380 390
3385 4019 482
3386 2185 438
3387 780 519
3388 3870 432
3389 1355 424
3390 4174 537
3391 241 343
3392 0 -1
3393 1278 424
3394 5777 410
3395 2148 303
3396 5094 449
3397 151 360
3398 1837 275
3399 5798 478
3400 5883 367
3401 4154 445
3402 1024 452
3403 6342 449
3404 5100 491
3405 1651 319
3406 6110 311
3407 2365 509
3408 0 -1
3409 399 369
3410 487 402
3411 4785 553
3412 1943 390
3413 429 433
3414 3684 373
3415 5249 435
3416 6271 372
3417 116 534
3418 4645 324
3419 262 439
3420 5583 466
3421 0 -1
3422 2288 389
3423 5098 355
3424 1864 482
3425 3598 393
3426 2074 446
3427 2640 379
3428 0 -1
3429 619 429
3430 395 444
3431 4827 359
3432 5530 418
3433 179 422
3434 4651 436
3435 3989 482
3436 2146 274
3437 5732 287
3438 4417 398
3439 4980 396
3440 298 430
3441 5799 381
3442 2866 341
3443 3197 404
3444 5371 619
3445 1313 436
3446 3918 250
3447 686 448
3448 5683 452
3449 4044 408
3450 6150 345
3451 2150 489
3452 5070 432
3453 6015 422
3454 3657 408
3455 4776 426
3456 3565 364
3457 4971 245
3458 1501 504
3459 4798 341
3460 5201 564
3461 2802 415
3462 5840 569
3463 3550 427
3464 6594 331
3465 0 -1
3466 2266 473
3467 5868 341
3468 707 327
3469 2236 417
3470 3631 439
3471 2939 409
3472 3539 438
3473 3583 395
3474 4862 347
3475 4173 388
3476 2788 400
3477 1631 370
3478 1912 448
3479 2643 549
3480 3584 376
3481 3928 453
3482 1238 398
3483 4256 450
3484 6063 410
3485 0 -1
3486 2951 415
3487 642 379
3488 5559 517
3489 2435 343
3490 5577 262
3491 870 382
3492 3750 274
3493 1168 356
3494 1226 430
3495 2253 421
3496 2274 422
3497 3029 401
3498 5142 476
3499 397 488
3500 6099 670
3501 3096 418
3502 4540 373
3503 4704 442
3504 5071 389
3505 1196 325
3506 83 483
3507 4643 508
3508 2122 389
3509 1888 367
3510 587 349
3511 619 344
3512 2376 407
3513 4384 624
3514 1605 477
3515 2827 435
3516 3550 380
3517 1744 421
3518 3464 382
3519 3395 409
3520 125 356
3521 2918 398
3522 1972 481
3523 0 -1
3524 1080 432
3525 1445 187
3526 4104 474
3527 5055 461
3528 5545 340
3529 221 457
3530 2795 465
3531 6131 531
3532 1480 521
3533 65 427
3534 1638 421
3535 6001 448
3536 1072 338
3537 1076 390
3538 0 -1
3539 2400 356
3540 2856 334
3541 1526 358
3542 4747 503
3543 41 353
3544 1267 343
3545 2634 555
3546 4444 430
3547 2481 482
3548 4101 423
3549 3291 350
3550 2247 335
3551 2039 245
3552 1557 455
3553 6448 353
3554 615 456
3555 0 -1
3556 342 428
3557 1875 429
3558 4916 432
3559 0 -1
3560 41 385
3561 5248 405
3562 1482 416
3563 5671 421
3564 365 435
3565 2342 326
3566 4622 516
3567 2062 369
3568 6435 398
3569 2612 430
3570 3251 308
3571 2170 425
3572 2934 502
3573 3867 321
3574 2305 408
3575 1968 395
3576 5227 425
3577 2982 462
3578 4837 457
3579 2739 427
3580 1825 394
3581 5347 351
3582 842 251
3583 1589 363
3584 6138 302
3585 3486 493
3586 4509 418
3587 2436 428
3588 6018 413
3589 2099 174
3590 5337 486
3591 2737 460
3592 1813 267
3593 3602 392
3594 5267 287
3595 4071 479
3596 4482 280
3597 2672 388
3598 5054 377
3599 0 -1
3600 3594 349
3601 1237 535
3602 5932 275
3603 3418 326
3604 605 448
3605 5433 503
3606 1857 532
3607 5410 342
3608 1102 494
3609 700 384
3610 4287 416
3611 4011 343
3612 3486 517
3613 1837 324
3614 937 495
3615 5665 316
3616 6594 292
3617 4839 278
3618 2480 394
3619 621 391
3620 2566 479
3621 2485 451
3622 0 -1
3623 3536 347
3624 2765 455
3625 5358 464
3626 5908 479
3627 3759 533
3628 2722 534
3629 5347 377
3630 5202 261
3631 2240 389
3632 3005 446
3633 5845 447
3634 3324 485
3635 3729 388
3636 6151 414
3637 856 556
3638 4304 426
3639 2190 462
3640 2462 524
3641 5580 476
3642 0 -1
3643 4504 408
3644 5645 741
3645 0 -1
3646 4243 398
3647 1215 82
3648 0 -1
3649 5504 491
3650 1281 386
3651 5400 446
3652 1926 591
3653 5438 447
3654 6531 341
3655 3046 396
3656 3088 556
3657 5202 291
3658 6274 299
3659 125 335
3660 1296 514
3661 1341 304
3662 2418 373
3663 1792 395
3664 5307 602
3665 0 -1
3666 507 442
3667 1448 356
3668 2062 369
3669 590 490
3670 4318 469
3671 1744 424
3672 3507 587
3673 5681 308
3674 6537 372
3675 2560 353
3676 5738 395
3677 5992 284
3678 0 -1
3679 1976 388
3680 1435 574
3681 2079 391
3682 5226 423
3683 1459 361
3684 6482 358
3685 1551 419
3686 1142 439
3687 1102 520
3688 2204 637
3689 0 -1
3690 4516 387
3691 1394 304
3692 5248 406
3693 5582 352
3694 5724 379
3695 3278 440
3696 3650 393
3697 1170 403
3698 2859 394
3699 3647 131
3700 786 475
3701 1186 407
3702 0 -1
3703 916 426
3704 2477 483
3705 0 -1
3706 5114 424
3707 1337 255
3708 3917 416
3709 2137 384
3710 0 -1
3711 0 -1
3712 1966 452
3713 1837 249
3714 0 -1
3715 5212 358
3716 4049 443
3717 2057 377
3718 3818 454
3719 5220 365
3720 1335 350
3721 2505 385
3722 3663 457
3723 4411 346
3724 0 -1
3725 1445 222
3726 5852 188
3727 1321 511
3728 1005 434
3729 4584 336
3730 1086 526
3731 3963 381
3732 6078 490
3733 2034 526
3734 43 571
3735 2853 396
3736 4692 381
3737 3985 378
3738 1403 350
3739 0 -1
3740 5176 597
3741 1561 468
3742 4820 479
3743 1530 359
3744 903 578
3745 2635 407
3746 4418 382
3747 2681 452
3748 696 358
3749 5031 408
3750 4275 262
3751 991 429
3752 3995 441
3753 159 648
3754 2790 528
3755 4229 435
3756 1272 383
3757 5031 443
3758 6552 518
3759 4060 423
3760 3949 350
3761 6289 441
3762 3520 425
3763 3225 502
3764 2157 475
3765 2438 474
3766 3482 439
3767 99 498
3768 3643 428
3769 1192 415
3770 1145 275
3771 4611 392
3772 6094 388
3773 4825 323
3774 3795 407
3775 4384 555
3776 5266 413
3777 5065 509
3778 6458 341
3779 4596 451
3780 6437 310
3781 575 435
3782 5611 511
3783 5597 366
3784 2490 295
3785 0 -1
3786 2747 521
3787 0 -1
3788 899 438
3789 4389 303
3790 172 293
3791 4302 479
3792 3146 448
3793 376 376
3794 2711 330
3795 2784 383
3796 5069 332
3797 784 477
3798 1214 352
3799 4190 382
3800 5674 347
3801 374 385
3802 2923 439
3803 3953 404
3804 307 503
3805 5302 511
3806 6064 462
3807 34 420
3808 168 564
3809 942 382
3810 682 558
3811 5827 365
3812 303 434
3813 4517 450
3814 4194 370
3815 1272 329
3816 4756 436
3817 4377 407
3818 2637 359
3819 69 563
3820 1456 509
3821 850 475
3822 446 426
3823 86 425
3824 1400 475
3825 0 -1
3826 5906 502
3827 0 -1
3828 297 392
3829 2845 335
3830 5519 491
3831 845 279
3832 3615 316
3833 2719 420
3834 2981 498
3835 1680 444
3836 6200 429
3837 3325 450
3838 1196 344
3839 6391 186
3840 700 405
3841 779 434
3842 4746 391
3843 6139 334
3844 264 438
3845 65 369
3846 2449 340
3847 5249 452
3848 4720 427
3849 2739 515
3850 727 401
3851 3097 542
3852 4523 407
3853 639 432
3854 0 -1
3855 6136 353
3856 3994 430
3857 1169 355
3858 5597 400
3859 0 -1
3860 6402 541
3861 202 456
3862 1186 338
3863 1874 374
3864 404 446
3865 1572 415
3866 1917 394
3867 6326 320
3868 2424 489
3869 2252 452
3870 1687 364
3871 1764 317
3872 1307 487
3873 4672 410
3874 4961 403
3875 6108 350
3876 3133 385
3877 3658 386
3878 1446 418
3879 1055 468
3880 2756 472
3881 3403 481
3882 0 -1
3883 109 435
3884 4110 471
3885 6486 604
3886 4485 558
3887 3372 483
3888 6512 367
3889 2549 353
3890 326 426
3891 1092 422
3892 2105 462
3893 3986 404
3894 1448 378
3895 0 -1
3896 5526 404
3897 588 342
3898 5347 411
3899 2023 228
3900 6336 325
3901 2974 325
3902 1288 328
3903 6173 449
3904 1174 497
3905 5060 457
3906 565 529
3907 4050 447
3908 5671 424
3909 5604 354
3910 3916 470
3911 4710 542
3912 4458 472
3913 493 416
3914 5144 392
3915 1988 571
3916 1663 379
3917 2299 352
3918 4794 222
3919 3075 396
3920 1341 343
3921 433 403
3922 5560 515
3923 1951 485
3924 3475 488
3925 2894 496
3926 2048 460
3927 6021 297
3928 6487 362
3929 4585 423
3930 6174 527
3931 1175 505
3932 4448 430
3933 1445 165
3934 667 386
3935 5720 434
3936 2279 450
3937 5199 396
3938 5759 394
3939 5377 364
3940 0 -1
3941 5772 362
3942 4544 410
3943 1739 359
3944 0 -1
3945 5913 392
3946 1373 378
3947 718 400
3948 5057 464
3949 4905 333
3950 2923 422
3951 2358 366
3952 383 303
3953 5280 327
3954 2691 365
3955 4398 394
3956 1727 371
3957 1932 458
3958 3647 163
3959 3113 401
3960 282 479
3961 0 -1
3962 2252 410
3963 105 358
3964 798 498
3965 2318 578
3966 1062 377
3967 5138 473
3968 6271 309
3969 2496 410
3970 1545 542
3971 6239 401
3972 1129 448
3973 2531 369
3974 4032 286
3975 6512 408
3976 1542 366
3977 51 383
3978 265 509
3979 1548 352
3980 4934 389
3981 1000 405
3982 3833 438
3983 0 -1
3984 985 583
3985 3464 376
3986 5790 396
3987 0 -1
3988 3442 452
3989 3286 450
3990 2580 385
3991 1981 479
3992 2605 431
3993 1288 329
3994 2355 395
3995 5532 402
3996 1394 384
3997 4905 389
3998 3280 405
3999 5447 433
4000 4768 482
4001 206 485
4002 3420 475
4003 5195 398
4004 2649 348
4005 5979 349
4006 3985 384
4007 2857 379
4008 725 276
4009 2370 566
4010 2690 428
4011 1594 304
4012 5837 340
4013 3813 523
4014 578 345
4015 527 338
4016 3024 388
4017 4191 403
4018 3926 500
4019 5234 379
4020 0 -1
4021 2754 528
4022 5408 336
4023 1308 452
4024 539 458
4025 6117 408
4026 0 -1
4027 2024 447
4028 3551 270
4029 1890 340
4030 3376 335
4031 2803 367
4032 181 222
4033 6007 367
4034 4131 457
4035 3900 417
4036 4319 463
4037 4278 321
4038 1269 329
4039 998 434
4040 423 440
4041 0 -1
4042 480 375
4043 1817 271
4044 2456 356
4045 4198 562
4046 4888 286
4047 1372 427
4048 3287 455
4049 1336 386
4050 5035 372
4051 4138 277
4052 0 -1
4053 3675 436
4054 3912 550
4055 0 -1
4056 5081 309
4057 1461 452
4058 3568 437
4059 3295 408
4060 4275 375
4061 0 -1
4062 5850 444
4063 6232 428
4064 1429 464
4065 276 399
4066 3233 450
4067 0 -1
4068 767 320
4069 3007 469
4070 1452 349
4071 3114 435
4072 0 -1
4073 4427 603
4074 5692 451
4075 3340 401
4076 2064 481
4077 4266 489
4078 4777 477
4079 4526 462
4080 5097 414
4081 0 -1
4082 5556 395
4083 2294 409
4084 6278 435
4085 103 508
4086 1343 368
4087 5086 457
4088 4100 470
4089 4279 460
4090 1833 414
4091 6548 468
4092 0 -1
4093 28 384
4094 3567 377
4095 6172 314
4096 5642 387
4097 3707 364
4098 2456 403
4099 5889 437
4100 2613 400
4101 3020 339
4102 3951 413
4103 2026 356
4104 5675 446
4105 2233 461
4106 4398 449
4107 3262 433
4108 383 291
4109 3916 421
4110 3894 378
4111 5108 419
4112 3568 436
4113 6068 382
4114 3870 380
4115 2000 247
4116 1290 371
4117 0 -1
4118 617 381
4119 621 428
4120 54 433
4121 2650 387
4122 5694 409
4123 102 274
4124 5583 418
4125 1879 423
4126 3013 381
4127 4923 401
4128 3310 375
4129 0 -1
4130 6272 496
4131 3342 430
4132 4102 460
4133 3418 356
4134 1059 470
4135 4214 413
4136 2909 361
4137 6218 384
4138 6502 246
4139 6550 450
4140 2691 359
4141 61 424
4142 3461 453
4143 1709 425
4144 0 -1
4145 2975 387
4146 1804 362
4147 3208 433
4148 5644 468
4149 4350 426
4150 1427 381
4151 1877 391
4152 4323 550
4153 761 342
4154 1260 382
4155 185 370
4156 5644 521
4157 2269 607
4158 351 416
4159 4169 371
4160 2895 397
4161 2454 525
4162 0 -1
4163 4943 339
4164 3238 479
4165 3347 529
4166 1180 456
4167 1202 395
4168 5996 529
4169 3093 333
4170 6018 472
4171 3123 582
4172 1298 391
4173 1222 372
4174 5752 422
4175 2618 430
4176 3627 651
4177 77 485
4178 1782 472
4179 1796 279
4180 0 -1
4181 383 344
4182 1601 384
4183 0 -1
4184 395 449
4185 1025 489
4186 1940 448
4187 4118 478
4188 0 -1
4189 4095 324
4190 3862 367
4191 3875 358
4192 5870 417
4193 3582 293
4194 4179 290
4195 2528 293
4196 5484 426
4197 3496 494
4198 3994 449
4199 1699 442
4200 5064 372
4201 2342 269
4202 2288 345
4203 707 317
4204 1054 466
4205 6530 386
4206 1046 451
4207 6283 491
4208 719 440
4209 1856 473
4210 6163 369
4211 6244 313
4212 1727 399
4213 5651 436
4214 1482 395
4215 0 -1
4216 5492 407
4217 2162 422
4218 4032 334
4219 3171 396
4220 5470 449
4221 1720 317
4222 3508 502
4223 619 448
4224 2175 299
4225 1614 526
4226 6145 374
4227 6021 303
4228 866 374
4229 3357 393
4230 5001 442
4231 2190 352
4232 2864 236
4233 4874 316
4234 5340 268
4235 6320 346
4236 3506 537
4237 4130 535
4238 6597 390
4239 5851 396
4240 6510 409
4241 629 362
4242 2636 612
4243 4619 312
4244 1215 169
4245 1985 364
4246 3655 401
4247 5555 344
4248 6495 484
4249 2778 315
4250 1007 488
4251 283 418
4252 1278 396
4253 0 -1
4254 1451 385
4255 665 460
4256 713 424
4257 4818 368
4258 6083 395
4259 5897 256
4260 0 -1
4261 40 390
4262 4338 452
4263 704 345
4264 2888 425
4265 2195 456
4266 5394 426
4267 0 -1
4268 4509 415
4269 6590 442
4270 4511 387
4271 2705 334
4272 1227 489
4273 1163 385
4274 0 -1
4275 3933 255
4276 2988 428
4277 3256 496
4278 2254 248
4279 6166 403
4280 2391 422
4281 4235 404
4282 6595 428
4283 5595 495
4284 5291 393
4285 4588 350
4286 2405 357
4287 3831 304
4288 6464 392
4289 6100 315
4290 5530 429
4291 1344 263
4292 2524 555
4293 1822 474
4294 5576 383
4295 151 352
4296 0 -1
4297 2238 450
4298 2077 354
4299 420 490
4300 2637 333
4301 0 -1
4302 6324 409
4303 4237 553
4304 6189 397
4305 5596 546
4306 5586 434
4307 5291 285
4308 0 -1
4309 2156 388
4310 6108 402
4311 2787 411
4312 6393 354
4313 0 -1
4314 2857 325
4315 1469 366
4316 1677 445
4317 724 487
4318 3105 429
4319 2483 453
4320 1191 446
4321 2640 352
4322 6322 439
4323 6209 498
4324 0 -1
4325 1486 463
4326 27 366
4327 1712 459
4328 2902 425
4329 2719 441
4330 45 495
4331 945 493
4332 5839 476
4333 1063 360
4334 1815 554
4335 1794 484
4336 1999 387
4337 2758 387
4338 3266 442
4339 5379 393
4340 3141 490
4341 1055 515
4342 143 423
4343 5726 448
4344 1594 367
4345 2146 366
4346 2993 334
4347 1768 498
4348 173 441
4349 1254 609
4350 3362 310
4351 264 410
4352 4635 391
4353 4391 306
4354 2417 399
4355 2518 366
4356 4767 365
4357 55 435
4358 3839 259
4359 4794 279
4360 3062 476
4361 2502 319
4362 6172 328
4363 4978 361
4364 5289 451
4365 3464 407
4366 4266 445
4367 0 -1
4368 4725 425
4369 4056 366
4370 0 -1
4371 5452 465
4372 0 -1
4373 383 330
4374 2638 452
4375 615 375
4376 2878 485
4377 4420 375
4378 2106 441
4379 4825 367
4380 1356 510
4381 1826 573
4382 37 488
4383 4587 435
4384 1969 509
4385 275 427
4386 2974 327
4387 1420 434
4388 5319 524
4389 4619 301
4390 2093 465
4391 4506 243
4392 4796 346
4393 4576 456
4394 5834 156
4395 870 464
4396 6314 817
4397 323 233
4398 2568 394
4399 875 452
4400 5433 534
4401 0 -1
4402 3142 446
4403 2173 364
4404 520 520
4405 4585 451
4406 3387 531
4407 0 -1
4408 4068 437
4409 6037 297
4410 5846 465
4411 3490 305
4412 3397 423
4413 1727 315
4414 1610 365
4415 5358 476
4416 4846 400
4417 5899 395
4418 5926 372
4419 2082 390
4420 6557 372
4421 2841 540
4422 5556 355
4423 0 -1
4424 1168 367
4425 2335 452
4426 3357 367
4427 5472 512
4428 747 445
4429 1026 464
4430 2924 476
4431 2786 385
4432 6141 437
4433 1482 386
4434 456 506
4435 6052 453
4436 3441 488
4437 5915 317
4438 384 468
4439 5917 502
4440 3117 440
4441 2357 457
4442 751 443
4443 0 -1
4444 2362 407
4445 390 425
4446 5404 415
4447 527 332
4448 6413 411
4449 4115 255
4450 3220 469
4451 4950 580
4452 4837 409
4453 6405 407
4454 2162 467
4455 4336 456
4456 240 342
4457 2489 400
4458 4251 460
4459 3900 387
4460 744 450
4461 3441 465
4462 1750 374
4463 1228 541
4464 1727 368
4465 0 -1
4466 169 526
4467 4289 340
4468 2046 458
4469 5078 536
4470 0 -1
4471 4539 475
4472 2716 478
4473 2498 385
4474 6160 510
4475 4343 479
4476 289 420
4477 4031 436
4478 2474 425
4479 1335 334
4480 1776 356
4481 155 357
4482 215 275
4483 3695 468
4484 5013 425
4485 5306 442
4486 1847 340
4487 1528 575
4488 3486 469
4489 1778 384
4490 0 -1
4491 466 359
4492 5189 429
4493 5412 365
4494 2307 395
4495 4742 340
4496 5419 497
4497 0 -1
4498 3483 469
4499 1636 536
4500 2687 483
4501 1258 456
4502 3169 405
4503 0 -1
4504 6294 396
4505 3617 307
4506 3251 237
4507 4902 492
4508 445 510
4509 3134 403
4510 2917 264
4511 4189 358
4512 692 398
4513 4800 433
4514 3154 535
4515 2490 330
4516 5998 289
4517 5355 421
4518 2323 401
4519 2548 400
4520 5069 410
4521 4414 385
4522 6051 440
4523 5329 354
4524 2377 531
4525 1403 310
4526 2133 397
4527 2853 434
4528 4561 363
4529 4989 400
4530 5704 623
4531 0 -1
4532 4824 389
4533 1053 324
4534 1860 354
4535 6002 388
4536 1448 380
4537 2002 434
4538 4447 340
4539 1262 471
4540 2558 311
4541 334 454
4542 2158 560
4543 1465 395
4544 3437 355
4545 3894 416
4546 3338 517
4547 122 420
4548 5700 418
4549 513 453
4550 1856 564
4551 187 319
4552 5019 427
4553 4700 333
4554 1536 258
4555 1464 406
4556 34 477
4557 0 -1
4558 3725 302
4559 0 -1
4560 344 353
4561 1978 362
4562 2712 474
4563 4122 444
4564 5106 415
4565 2063 343
4566 3369 306
4567 0 -1
4568 4314 389
4569 4871 592
4570 3437 369
4571 2441 360
4572 921 493
4573 2874 464
4574 2705 387
4575 0 -1
4576 2343 347
4577 5329 343
4578 2613 408
4579 3879 539
4580 6448 347
4581 4594 433
4582 5689 338
4583 4201 309
4584 851 309
4585 4574 395
4586 1699 511
4587 2274 412
4588 4505 328
4589 6022 338
4590 3839 226
4591 3016 344
4592 0 -1
4593 6416 423
4594 3696 425
4595 767 320
4596 5512 424
4597 5842 368
4598 3691 410
4599 941 390
4600 5139 431
4601 343 377
4602 5591 448
4603 2016 539
4604 5547 394
4605 3748 406
4606 1251 561
4607 1340 531
4608 4487 688
4609 2890 297
4610 5138 464
4611 2937 387
4612 5593 625
4613 652 572
4614 2649 371
4615 5414 515
4616 1581 550
4617 0 -1
4618 4564 453
4619 4115 273
4620 1814 431
4621 530 384
4622 5234 401
4623 0 -1
4624 4146 367
4625 2116 418
4626 2929 461
4627 2271 549
4628 3933 284
4629 3661 328
4630 5463 291
4631 5375 424
4632 1497 514
4633 2838 441
4634 375 356
4635 3839 294
4636 0 -1
4637 1072 359
4638 4922 478
4639 5652 413
4640 3418 347
4641 5172 479
4642 0 -1
4643 6369 465
4644 0 -1
4645 4397 290
4646 6404 522
4647 217 418
4648 4670 510
4649 3905 487
4650 3796 375
4651 4913 412
4652 1583 407
4653 1141 435
4654 0 -1
4655 1353 370
4656 3655 446
4657 2353 475
4658 4733 388
4659 0 -1
4660 1015 454
4661 1888 368
4662 6597 438
4663 6496 374
4664 595 349
4665 1511 493
4666 2595 438
4667 2761 458
4668 51 366
4669 4003 416
4670 1479 423
4671 848 392
4672 6014 408
4673 146 499
4674 587 458
4675 3397 374
4676 0 -1
4677 0 -1
4678 264 449
4679 2632 457
4680 3234 430
4681 3247 361
4682 274 443
4683 2341 432
4684 1816 465
4685 5597 294
4686 6246 457
4687 3583 415
4688 205 655
4689 5669 412
4690 4999 412
4691 3456 455
4692 6068 323
4693 425 129
4694 5267 197
4695 5365 363
4696 519 455
4697 2146 290
4698 1940 434
4699 2687 450
4700 1267 312
4701 2293 533
4702 3595 582
4703 2880 367
4704 1699 420
4705 5524 446
4706 3672 676
4707 5694 481
4708 5234 401
4709 5908 447
4710 4956 460
4711 1590 425
4712 0 -1
4713 2809 405
4714 5629 490
4715 70 388
4716 543 431
4717 5868 406
4718 2160 328
4719 2237 365
4720 2024 387
4721 5587 447
4722 744 444
4723 2002 473
4724 6162 336
4725 4637 409
4726 937 438
4727 5687 360
4728 3707 326
4729 0 -1
4730 6331 432
4731 2534 474
4732 4705 477
4733 6434 370
4734 2595 454
4735 6341 400
4736 3292 367
4737 6106 331
4738 1585 412
4739 5864 400
4740 2057 374
4741 2661 377
4742 1276 339
4743 2552 409
4744 5303 420
4745 5065 498
4746 2392 385
4747 4128 470
4748 840 311
4749 0 -1
4750 5979 400
4751 3173 459
4752 2820 417
4753 1122 309
4754 5726 450
4755 2808 435
4756 1527 379
4757 279 425
4758 2694 456
4759 3480 381
4760 3220 430
4761 1517 540
4762 2550 366
4763 5879 344
4764 0 -1
4765 3227 405
4766 2950 399
4767 5410 324
4768 1659 416
4769 2924 484
4770 3131 414
4771 1733 359
4772 5405 567
4773 2240 446
4774 5172 543
4775 4239 449
4776 4987 387
4777 6196 458
4778 1446 459
4779 0 -1
4780 153 389
4781 6393 413
4782 1381 474
4783 6479 487
4784 3520 473
4785 554 525
4786 3892 556
4787 6447 433
4788 5288 260
4789 2102 517
4790 6319 364
4791 3419 486
4792 5311 462
4793 1992 475
4794 1159 197
4795 3926 468
4796 4389 310
4797 4224 345
4798 1288 322
4799 3838 398
4800 4193 334
4801 744 517
4802 947 332
4803 3295 395
4804 994 447
4805 0 -1
4806 4874 274
4807 3375 458
4808 0 -1
4809 5842 388
4810 5982 469
4811 0 -1
4812 4006 473
4813 0 -1
4814 2043 461
4815 0 -1
4816 726 383
4817 3243 436
4818 4692 364
4819 1674 432
4820 3027 384
4821 4265 500
4822 3893 473
4823 622 377
4824 343 371
4825 6091 275
4826 2577 476
4827 2752 358
4828 5718 493
4829 3151 425
4830 350 389
4831 349 486
4832 2589 463
4833 2414 411
4834 2455 451
4835 318 415
4836 78 282
4837 4235 392
4838 5120 395
4839 5932 263
4840 654 596
4841 5945 316
4842 3431 436
4843 1576 516
4844 1849 458
4845 3294 591
4846 3607 358
4847 2024 414
4848 4051 362
4849 1729 406
4850 0 -1
4851 2047 473
4852 4713 442
4853 3356 429
4854 1679 449
4855 4027 455
4856 3442 364
4857 6588 411
4858 4363 376
4859 1071 455
4860 0 -1
4861 0 -1
4862 1519 314
4863 3228 381
4864 4597 447
4865 0 -1
4866 1540 355
4867 5362 376
4868 4553 364
4869 1895 438
4870 3677 379
4871 2354 509
4872 4650 456
4873 2962 368
4874 6080 267
4875 4723 525
4876 5072 421
4877 5003 473
4878 3979 379
4879 2185 470
4880 3397 445
4881 6581 387
4882 3375 484
4883 1586 404
4884 0 -1
4885 1000 324
4886 6232 456
4887 4118 395
4888 4244 270
4889 4878 419
4890 5974 697
4891 6493 507
4892 133 432
4893 3743 375
4894 1295 492
4895 733 374
4896 2676 403
4897 594 450
4898 0 -1
4899 4413 405
4900 3819 620
4901 1125 315
4902 1205 469
4903 4796 418
4904 3300 427
4905 689 333
4906 3515 486
4907 5014 330
4908 0 -1
4909 1996 330
4910 6165 372
4911 1202 400
4912 1923 415
4913 2160 340
4914 3713 267
4915 1207 439
4916 3616 380
4917 6509 421
4918 2079 346
4919 20 396
4920 2508 346
4921 5213 399
4922 2155 422
4923 5552 357
4924 6444 410
4925 5245 416
4926 1082 453
4927 107 351
4928 1773 380
4929 6179 452
4930 0 -1
4931 2714 296
4932 579 529
4933 4693 208
4934 5140 341
4935 3221 494
4936 85 370
4937 4726 442
4938 3121 523
4939 5844 430
4940 759 514
4941 1828 483
4942 6042 448
4943 1341 333
4944 2506 462
4945 937 445
4946 686 467
4947 0 -1
4948 1859 401
4949 5846 450
4950 4854 513
4951 0 -1
4952 2684 460
4953 4787 482
4954 3691 363
4955 6172 383
4956 5112 389
4957 2612 500
4958 846 466
4959 2559 371
4960 3049 457
4961 3723 376
4962 4839 317
4963 5086 357
4964 865 379
4965 4373 345
4966 6179 544
4967 2920 451
4968 4294 402
4969 3819 659
4970 2738 423
4971 2039 237
4972 1883 356
4973 2800 273
4974 2886 451
4975 2116 442
4976 0 -1
4977 1815 447
4978 4589 350
4979 6454 374
4980 5998 315
4981 5596 510
4982 0 -1
4983 5383 428
4984 4248 514
4985 4158 457
4986 4841 323
4987 988 315
4988 4211 343
4989 6336 374
4990 5340 311
4991 449 456
4992 5695 461
4993 1837 290
4994 3811 417
4995 6146 509
4996 6527 489
4997 0 -1
4998 537 589
4999 5597 322
5000 5264 525
5001 771 438
5002 2705 398
5003 385 382
5004 1923 409
5005 1194 414
5006 1044 529
5007 4675 457
5008 1883 351
5009 1109 460
5010 1981 451
5011 2957 342
5012 1063 305
5013 2991 380
5014 4933 243
5015 2924 435
5016 3976 380
5017 3418 435
5018 5845 521
5019 736 370
5020 2859 419
5021 0 -1
5022 67 447
5023 490 450
5024 0 -1
5025 5342 325
5026 0 -1
5027 5272 450
5028 3445 450
5029 4203 339
5030 0 -1
5031 6320 345
5032 0 -1
5033 1507 352
5034 1942 308
5035 343 333
5036 629 435
5037 938 552
5038 0 -1
5039 966 316
5040 4963 438
5041 2378 463
5042 0 -1
5043 6042 409
5044 6192 359
5045 5192 461
5046 5126 521
5047 2640 323
5048 3429 473
5049 1363 417
5050 611 467
5051 2179 324
5052 4748 387
5053 303 428
5054 3691 333
5055 2930 374
5056 0 -1
5057 70 358
5058 1884 486
5059 4353 340
5060 1296 449
5061 5835 491
5062 132 350
5063 3317 410
5064 2237 330
5065 3312 390
5066 6009 623
5067 589 452
5068 5194 472
5069 6024 302
5070 4479 416
5071 4278 298
5072 3096 374
5073 4373 391
5074 3550 339
5075 4692 374
5076 4960 461
5077 1983 386
5078 4667 531
5079 5802 431
5080 832 383
5081 1344 243
5082 5666 440
5083 3092 367
5084 5878 383
5085 4307 352
5086 3171 349
5087 1038 438
5088 5428 437
5089 1183 450
5090 1894 651
5091 1008 392
5092 1541 324
5093 2426 457
5094 2044 416
5095 6270 437
5096 2987 554
5097 5314 414
5098 6531 345
5099 4733 447
5100 1564 448
5101 6579 350
5102 4873 395
5103 2057 372
5104 146 476
5105 1739 410
5106 6035 407
5107 3736 386
5108 6162 405
5109 343 365
5110 520 445
5111 2237 362
5112 3423 363
5113 5338 425
5114 4263 405
5115 526 447
5116 5211 434
5117 561 481
5118 3565 406
5119 1147 418
5120 6086 354
5121 1272 316
5122 2176 384
5123 1227 437
5124 2529 427
5125 1017 426
5126 5527 456
5127 2308 381
5128 2019 485
5129 421 471
5130 6547 422
5131 6265 238
5132 5183 585
5133 3589 229
5134 159 622
5135 6531 298
5136 155 430
5137 15 387
5138 6594 400
5139 2989 366
5140 1063 321
5141 3340 359
5142 5084 415
5143 2862 477
5144 4189 341
5145 1139 419
5146 6450 536
5147 1120 494
5148 5846 512
5149 6477 364
5150 3068 365
5151 5597 314
5152 4713 511
5153 3368 419
5154 5285 469
5155 3401 559
5156 1792 415
5157 3348 443
5158 132 375
5159 2052 377
5160 5967 426
5161 5851 308
5162 2926 473
5163 2035 340
5164 1961 439
5165 3986 447
5166 6537 286
5167 6218 387
5168 5932 315
5169 3368 419
5170 2691 351
5171 5964 426
5172 1148 475
5173 2330 423
5174 215 382
5175 1056 468
5176 594 500
5177 4307 302
5178 5789 386
5179 4604 421
5180 3396 562
5181 1691 460
5182 4456 422
5183 2143 583
5184 5791 519
5185 1063 343
5186 723 345
5187 4689 466
5188 4988 365
5189 1541 344
5190 4635 308
5191 4653 501
5192 390 423
5193 1904 433
5194 5954 469
5195 3914 396
5196 3743 436
5197 0 -1
5198 1776 376
5199 2352 396
5200 2704 501
5201 1447 523
5202 1384 253
5203 3674 435
5204 3044 405
5205 0 -1
5206 4279 424
5207 403 513
5208 1440 413
5209 3492 291
5210 5114 449
5211 3949 385
5212 2146 282
5213 5141 387
5214 3425 424
5215 4179 311
5216 1306 461
5217 526 429
5218 3783 366
5219 3894 472
5220 4510 295
5221 5888 364
5222 2556 453
5223 288 317
5224 5649 442
5225 2878 395
5226 4051 394
5227 2272 396
5228 71 424
5229 3567 429
5230 0 -1
5231 530 389
5232 87 474
5233 2621 402
5234 5321 366
5235 3529 476
5236 5597 323
5237 3483 478
5238 151 374
5239 2693 379
5240 6264 408
5241 5188 410
5242 107 331
5243 6005 399
5244 3467 344
5245 6108 399
5246 1158 501
5247 3183 445
5248 6297 337
5249 454 415
5250 5812 369
5251 4505 423
5252 4394 255
5253 2532 339
5254 3863 437
5255 3281 438
5256 6600 372
5257 1651 380
5258 881 424
5259 2120 431
5260 5679 246
5261 760 458
5262 1858 432
5263 5531 532
5264 3131 409
5265 0 -1
5266 832 370
5267 246 189
5268 2752 367
5269 133 337
5270 3776 441
5271 4635 352
5272 5700 406
5273 217 340
5274 4630 368
5275 1409 303
5276 0 -1
5277 5910 415
5278 0 -1
5279 3633 469
5280 4391 302
5281 4795 485
5282 4973 350
5283 4629 434
5284 4796 336
5285 6336 395
5286 4521 432
5287 4987 362
5288 5834 193
5289 2198 391
5290 3114 361
5291 1880 276
5292 5733 391
5293 5621 561
5294 41 407
5295 4825 276
5296 3690 461
5297 4523 358
5298 5179 530
5299 5194 568
5300 1737 265
5301 4262 458
5302 1068 394
5303 5239 403
5304 314 334
5305 2590 384
5306 255 437
5307 550 492
5308 5914 508
5309 3261 420
5310 4916 440
5311 1840 437
5312 6258 415
5313 4321 388
5314 329 355
5315 2914 491
5316 1792 432
5317 671 589
5318 6505 398
5319 5282 460
5320 4954 370
5321 2815 339
5322 2944 447
5323 2677 356
5324 1837 232
5325 503 420
5326 3368 492
5327 3190 481
5328 3211 456
5329 4506 279
5330 4994 422
5331 6162 329
5332 3197 420
5333 3213 457
5334 6002 385
5335 3632 544
5336 2428 376
5337 953 451
5338 6164 391
5339 3673 328
5340 3032 266
5341 2480 396
5342 2156 315
5343 4422 370
5344 0 -1
5345 5741 395
5346 4068 324
5347 4123 335
5348 2759 443
5349 5582 385
5350 1070 375
5351 5561 473
5352 5800 431
5353 3370 454
5354 1758 517
5355 6319 397
5356 2179 384
5357 0 -1
5358 6403 380
5359 5671 414
5360 1519 358
5361 1783 470
5362 2502 333
5363 352 370
5364 4562 548
5365 3459 357
5366 4511 391
5367 3337 550
5368 6466 466
5369 3977 426
5370 0 -1
5371 5896 532
5372 3760 359
5373 3525 221
5374 3295 353
5375 312 403
5376 5004 500
5377 3203 290
5378 1096 380
5379 3567 374
5380 5329 382
5381 6449 419
5382 2858 385
5383 2716 417
5384 6218 489
5385 2253 429
5386 1629 475
5387 460 519
5388 6392 412
5389 6513 409
5390 1170 431
5391 4436 555
5392 387 407
5393 2981 467
5394 5897 332
5395 6022 356
5396 0 -1
5397 204 497
5398 656 395
5399 1191 433
5400 5745 436
5401 1684 427
5402 5454 529
5403 6485 432
5404 4905 403
5405 2047 489
5406 977 443
5407 3832 426
5408 6236 311
5409 3736 396
5410 1666 302
5411 6590 382
5412 3457 295
5413 1728 469
5414 1401 462
5415 0 -1
5416 5112 394
5417 288 396
5418 3490 289
5419 1631 405
5420 5903 444
5421 6550 421
5422 3504 446
5423 2114 387
5424 1163 383
5425 4744 536
5426 863 497
5427 3134 400
5428 2996 346
5429 5070 503
5430 4697 293
5431 4213 464
5432 515 394
5433 1512 461
5434 0 -1
5435 0 -1
5436 845 327
5437 6599 433
5438 3954 380
5439 4258 477
5440 2702 365
5441 1792 512
5442 0 -1
5443 569 462
5444 2235 650
5445 842 280
5446 2764 402
5447 3843 339
5448 6293 428
5449 2627 517
5450 1181 409
5451 5992 230
5452 274 411
5453 6424 443
5454 2748 518
5455 1750 368
5456 0 -1
5457 1634 520
5458 1994 460
5459 135 463
5460 927 423
5461 0 -1
5462 232 532
5463 3265 262
5464 0 -1
5465 4314 420
5466 3053 439
5467 0 -1
5468 6204 410
5469 4540 431
5470 4413 339
5471 966 390
5472 614 406
5473 6026 425
5474 2553 335
5475 3203 300
5476 6023 449
5477 5857 414
5478 2953 474
5479 5546 479
5480 0 -1
5481 353 383
5482 4653 443
5483 5048 489
5484 5186 354
5485 5122 398
5486 0 -1
5487 6150 409
5488 4916 464
5489 3389 467
5490 3475 417
5491 87 484
5492 4862 393
5493 6590 379
5494 1070 405
5495 6255 395
5496 5701 471
5497 1023 441
5498 2236 421
5499 5202 313
5500 0 -1
5501 3899 239
5502 243 474
5503 1564 416
5504 5223 388
5505 1646 532
5506 24 390
5507 6003 431
5508 3215 475
5509 2607 323
5510 4314 379
5511 853 459
5512 2361 387
5513 5888 470
5514 2301 373
5515 3061 490
5516 834 401
5517 4516 292
5518 4271 437
5519 1051 400
5520 3746 483
5521 4032 239
5522 0 -1
5523 1342 385
5524 5748 446
5525 2937 421
5526 1853 347
5527 3261 420
5528 4681 418
5529 2726 430
5530 85 384
5531 4722 471
5532 291 379
5533 3969 426
5534 755 431
5535 6109 518
5536 5938 400
5537 6505 409
5538 0 -1
5539 1726 510
5540 1667 445
5541 3479 555
5542 4720 499
5543 3584 351
5544 6585 404
5545 5445 288
5546 5377 407
5547 728 347
5548 0 -1
5549 2738 437
5550 845 248
5551 0 -1
5552 851 311
5553 5228 470
5554 257 406
5555 2023 239
5556 6487 354
5557 5358 450
5558 689 344
5559 949 465
5560 5870 440
5561 5398 423
5562 5693 534
5563 6185 394
5564 5741 346
5565 0 -1
5566 1909 479
5567 5244 421
5568 4248 513
5569 0 -1
5570 4912 463
5571 2764 414
5572 458 412
5573 3405 390
5574 0 -1
5575 2909 402
5576 1335 333
5577 2099 197
5578 910 549
5579 3778 378
5580 1167 416
5581 1156 529
5582 3357 320
5583 4201 371
5584 1251 480
5585 4770 423
5586 2856 324
5587 6317 428
5588 4300 416
5589 5567 478
5590 2180 639
5591 3789 349
5592 0 -1
5593 2287 506
5594 5401 445
5595 2434 469
5596 5677 453
5597 1122 281
5598 3619 426
5599 2279 489
5600 4498 481
5601 4196 491
5602 5195 464
5603 0 -1
5604 5837 332
5605 984 554
5606 1901 491
5607 1804 415
5608 3140 602
5609 464 558
5610 5010 509
5611 1283 456
5612 2661 416
5613 4980 353
5614 4605 430
5615 1447 437
5616 5893 386
5617 5499 381
5618 966 370
5619 4482 373
5620 6043 440
5621 554 508
5622 0 -1
5623 4345 425
5624 3064 310
5625 0 -1
5626 0 -1
5627 3075 474
5628 199 410
5629 2711 386
5630 575 392
5631 2324 424
5632 6177 300
5633 1265 456
5634 2211 509
5635 233 548
5636 429 464
5637 1590 401
5638 1497 536
5639 2813 393
5640 4042 421
5641 1003 531
5642 5463 316
5643 5303 479
5644 2518 454
5645 6371 630
5646 5384 539
5647 1487 382
5648 0 -1
5649 1276 331
5650 229 308
5651 1199 363
5652 3459 365
5653 4164 504
5654 6487 339
5655 4280 472
5656 1148 388
5657 3903 478
5658 2351 346
5659 0 -1
5660 0 -1
5661 2560 396
5662 443 380
5663 2062 363
5664 6192 364
5665 2788 303
5666 3096 369
5667 3909 438
5668 6067 407
5669 97 388
5670 5313 422
5671 854 397
5672 4797 416
5673 2822 434
5674 3369 308
5675 4462 397
5676 921 404
5677 1278 442
5678 18 315
5679 2099 176
5680 3492 288
5681 2268 299
5682 0 -1
5683 6444 446
5684 6221 448
5685 605 490
5686 6556 372
5687 1260 345
5688 3020 360
5689 5300 333
5690 5326 594
5691 892 478
5692 2253 376
5693 4867 440
5694 1310 372
5695 1095 392
5696 4718 376
5697 2793 445
5698 3307 446
5699 2713 421
5700 6479 399
5701 3114 442
5702 421 442
5703 1525 413
5704 2732 534
5705 991 381
5706 6236 307
5707 2689 440
5708 5198 377
5709 4266 498
5710 2412 268
5711 2162 426
5712 1293 457
5713 1310 358
5714 4340 591
5715 2983 413
5716 129 425
5717 3323 363
5718 1170 385
5719 876 566
5720 2506 402
5721 0 -1
5722 387 445
5723 5498 468
5724 3075 361
5725 1175 446
5726 653 425
5727 533 541
5728 2541 597
5729 2323 376
5730 2592 650
5731 355 423
5732 5597 283
5733 3594 334
5734 6114 403
5735 900 523
5736 4030 392
5737 2039 348
5738 5412 393
5739 0 -1
5740 2690 463
5741 3016 339
5742 2704 477
5743 136 216
5744 6155 455
5745 3661 404
5746 1737 274
5747 0 -1
5748 1023 414
5749 6547 395
5750 5694 413
5751 715 415
5752 6579 387
5753 0 -1
5754 1590 420
5755 1462 366
5756 4658 450
5757 6204 479
5758 2901 289
5759 695 374
5760 6532 516
5761 892 461
5762 4672 511
5763 2633 448
5764 2154 438
5765 839 342
5766 3695 474
5767 1384 360
5768 6007 311
5769 4992 484
5770 5586 338
5771 950 449
5772 636 351
5773 4699 531
5774 5749 508
5775 6245 449
5776 44 322
5777 2988 377
5778 5558 377
5779 1388 452
5780 5998 297
5781 4095 413
5782 5035 394
5783 4126 381
5784 4194 337
5785 1344 233
5786 5287 427
5787 3601 596
5788 1133 470
5789 3565 372
5790 3093 360
5791 5801 477
5792 2386 454
5793 4034 556
5794 6051 465
5795 2769 541
5796 2770 462
5797 2052 371
5798 3173 456
5799 3770 333
5800 4108 406
5801 5126 461
5802 3674 392
5803 2530 410
5804 3398 357
5805 6102 401
5806 5304 346
5807 2989 311
5808 2237 357
5809 4046 346
5810 5144 347
5811 2468 739
5812 1542 357
5813 3322 479
5814 5106 430
5815 3021 360
5816 2058 564
5817 771 414
5818 1663 462
5819 3449 409
5820 5694 382
5821 848 409
5822 0 -1
5823 3913 427
5824 5553 535
5825 1572 406
5826 6559 419
5827 2091 353
5828 5040 442
5829 5731 430
5830 3226 381
5831 1360 423
5832 1465 411
5833 530 412
5834 1215 102
5835 3735 444
5836 71 418
5837 1077 316
5838 5168 404
5839 4086 398
5840 3698 449
5841 1276 325
5842 3265 277
5843 1709 389
5844 5073 419
5845 6519 444
5846 3441 410
5847 2153 292
5848 5150 426
5849 0 -1
5850 3850 427
5851 4839 294
5852 6391 184
5853 302 418
5854 970 450
5855 4571 438
5856 2743 514
5857 5619 409
5858 3033 514
5859 3459 423
5860 3492 353
5861 3506 483
5862 2845 379
5863 2125 482
5864 2074 397
5865 6173 416
5866 3000 463
5867 6284 455
5868 5992 287
5869 614 480
5870 370 374
5871 1000 350
5872 5165 563
5873 683 351
5874 0 -1
5875 1464 325
5876 5835 460
5877 3457 333
5878 1739 363
5879 6333 342
5880 6544 409
5881 812 443
5882 854 370
5883 5395 366
5884 5545 355
5885 2593 376
5886 6150 404
5887 3957 556
5888 1276 353
5889 3315 376
5890 189 477
5891 1108 453
5892 2264 486
5893 1459 370
5894 0 -1
5895 3809 409
5896 5356 446
5897 5521 254
5898 1803 457
5899 5324 350
5900 1833 496
5901 1403 366
5902 570 490
5903 6012 436
5904 1348 385
5905 2448 401
5906 4255 484
5907 3452 465
5908 1750 394
5909 1070 479
5910 4344 401
5911 2172 453
5912 28 378
5913 5654 353
5914 3932 501
5915 5081 294
5916 749 395
5917 2163 470
5918 0 -1
5919 5881 455
5920 4335 510
5921 6538 506
5922 2460 393
5923 559 358
5924 2094 420
5925 4887 437
5926 297 310
5927 3699 220
5928 526 398
5929 6523 503
5930 302 457
5931 4665 579
5932 2864 233
5933 3325 499
5934 6173 408
5935 1755 427
5936 4285 419
5937 3778 389
5938 4635 307
5939 5577 270
5940 4000 509
5941 1169 364
5942 4562 530
5943 0 -1
5944 6460 426
5945 664 302
5946 3668 461
5947 715 407
5948 1435 530
5949 1310 402
5950 1260 353
5951 3077 444
5952 6166 381
5953 4841 355
5954 2601 362
5955 2556 539
5956 3707 281
5957 5047 379
5958 0 -1
5959 3310 415
5960 2993 424
5961 0 -1
5962 1269 275
5963 0 -1
5964 5910 416
5965 3355 468
5966 2350 369
5967 5758 380
5968 3407 561
5969 1334 319
5970 5107 428
5971 4410 478
5972 496 374
5973 6252 495
5974 2228 674
5975 3183 453
5976 1318 497
5977 2208 568
5978 5033 404
5979 3240 344
5980 1646 462
5981 1995 412
5982 6029 420
5983 0 -1
5984 1692 391
5985 0 -1
5986 0 -1
5987 0 -1
5988 0 -1
5989 100 397
5990 466 413
5991 2444 549
5992 78 227
5993 599 476
5994 4109 446
5995 2756 431
5996 6107 476
5997 1674 384
5998 1220 282
5999 4962 344
6000 175 512
6001 2159 380
6002 3596 346
6003 5080 397
6004 4814 465
6005 1408 349
6006 1514 434
6007 1276 285
6008 3094 430
6009 1694 553
6010 3790 374
6011 2255 446
6012 4291 318
6013 1875 401
6014 6349 397
6015 4261 417
6016 5329 363
6017 4460 462
6018 3227 411
6019 1827 368
6020 1267 333
6021 1344 239
6022 443 329
6023 2815 376
6024 2000 232
6025 2813 498
6026 3708 417
6027 4119 465
6028 440 447
6029 4767 336
6030 3712 481
6031 4892 465
6032 6078 488
6033 5220 383
6034 588 299
6035 3658 302
6036 1729 405
6037 4244 236
6038 0 -1
6039 6358 433
6040 3322 434
6041 2414 457
6042 721 373
6043 5669 405
6044 588 296
6045 2602 468
6046 0 -1
6047 2481 439
6048 4257 419
6049 5886 457
6050 4195 317
6051 6019 370
6052 4581 451
6053 5347 386
6054 4585 406
6055 1360 501
6056 3800 422
6057 0 -1
6058 1495 427
6059 2774 386
6060 639 502
6061 5140 352
6062 4146 431
6063 1195 375
6064 4418 427
6065 4393 469
6066 864 453
6067 216 387
6068 1474 321
6069 3857 445
6070 3723 420
6071 3262 373
6072 5945 421
6073 1585 487
6074 4232 344
6075 6512 408
6076 6239 398
6077 0 -1
6078 6395 409
6079 2786 468
6080 5834 221
6081 5416 447
6082 3975 418
6083 5260 283
6084 1427 476
6085 0 -1
6086 5746 310
6087 107 365
6088 1038 429
6089 151 411
6090 3279 453
6091 2099 198
6092 0 -1
6093 1787 450
6094 1536 283
6095 5453 471
6096 86 397
6097 3165 477
6098 3022 462
6099 836 580
6100 2156 294
6101 5772 382
6102 2994 395
6103 4315 386
6104 4703 476
6105 5378 458
6106 1179 213
6107 3694 411
6108 2774 338
6109 66 507
6110 3589 229
6111 1947 549
6112 6058 440
6113 5256 442
6114 216 391
6115 5662 416
6116 1596 496
6117 5470 361
6118 6477 476
6119 2620 352
6120 5665 333
6121 1336 308
6122 0 -1
6123 2035 373
6124 0 -1
6125 3322 432
6126 1073 540
6127 5552 422
6128 5028 526
6129 4252 400
6130 3459 386
6131 4103 420
6132 2355 409
6133 1439 353
6134 1400 477
6135 0 -1
6136 4263 349
6137 1321 419
6138 3839 206
6139 2812 282
6140 3772 400
6141 604 384
6142 5027 548
6143 2731 319
6144 2690 419
6145 5033 352
6146 494 478
6147 3581 449
6148 3806 485
6149 4101 341
6150 839 343
6151 4554 358
6152 5115 464
6153 3958 165
6154 0 -1
6155 3510 434
6156 0 -1
6157 516 461
6158 2194 447
6159 6422 499
6160 1782 424
6161 4766 438
6162 3596 322
6163 2572 360
6164 70 351
6165 1505 366
6166 2804 373
6167 5186 445
6168 660 548
6169 3681 428
6170 3277 536
6171 1693 371
6172 6379 289
6173 2114 338
6174 4217 437
6175 2305 354
6176 6303 428
6177 2800 263
6178 5810 426
6179 1358 441
6180 4907 391
6181 1115 358
6182 0 -1
6183 4663 391
6184 1464 392
6185 3770 361
6186 881 453
6187 5385 473
6188 1424 438
6189 2308 379
6190 5499 348
6191 5492 496
6192 1559 353
6193 2400 395
6194 4265 514
6195 987 540
6196 2106 408
6197 2827 465
6198 0 -1
6199 2915 511
6200 1272 371
6201 3515 456
6202 1026 470
6203 6422 431
6204 5302 407
6205 3437 330
6206 470 378
6207 3437 291
6208 5465 439
6209 3692 489
6210 0 -1
6211 4889 446
6212 315 383
6213 4480 362
6214 433 432
6215 2448 431
6216 162 523
6217 3898 417
6218 102 377
6219 3450 411
6220 0 -1
6221 1170 386
6222 4241 425
6223 6432 524
6224 4691 455
6225 4191 365
6226 5859 433
6227 2146 370
6228 1385 401
6229 3056 449
6230 1824 426
6231 979 463
6232 3226 354
6233 421 418
6234 0 -1
6235 1244 475
6236 2221 303
6237 2930 395
6238 0 -1
6239 2160 354
6240 3133 407
6241 4492 439
6242 5952 429
6243 3018 370
6244 3750 284
6245 5838 423
6246 4743 449
6247 5221 405
6248 2259 440
6249 6346 476
6250 383 331
6251 1290 412
6252 3134 431
6253 4994 431
6254 2795 460
6255 2719 383
6256 5799 340
6257 6597 392
6258 8 320
6259 3677 304
6260 4457 456
6261 2016 494
6262 6296 377
6263 0 -1
6264 6193 395
6265 181 203
6266 2829 504
6267 3845 371
6268 134 465
6269 1141 393
6270 1996 330
6271 1817 307
6272 5786 446
6273 6362 445
6274 3251 243
6275 0 -1
6276 1500 418
6277 6242 498
6278 213 379
6279 3021 416
6280 3602 383
6281 4149 515
6282 2356 391
6283 1448 411
6284 839 404
6285 1961 442
6286 1786 519
6287 5133 307
6288 2902 411
6289 3044 368
6290 5681 341
6291 5817 456
6292 0 -1
6293 4931 395
6294 6454 385
6295 5564 418
6296 4874 313
6297 844 273
6298 3394 442
6299 2361 410
6300 2502 309
6301 4570 370
6302 3510 441
6303 2699 376
6304 927 492
6305 2935 461
6306 0 -1
6307 5074 388
6308 0 -1
6309 8 391
6310 5576 444
6311 1824 454
6312 2650 388
6313 857 523
6314 3644 795
6315 177 388
6316 1396 472
6317 999 368
6318 6545 274
6319 4591 363
6320 6106 282
6321 777 465
6322 2699 390
6323 2355 399
6324 5499 313
6325 4715 401
6326 5932 303
6327 4295 468
6328 5455 390
6329 6488 395
6330 2528 325
6331 1005 379
6332 4827 447
6333 1536 308
6334 4252 407
6335 1404 398
6336 5291 295
6337 3197 459
6338 0 -1
6339 4526 470
6340 620 434
6341 4307 353
6342 4741 387
6343 2808 415
6344 4369 450
6345 2167 469
6346 6181 383
6347 4491 375
6348 2627 441
6349 767 342
6350 1054 459
6351 1806 422
6352 4359 396
6353 110 476
6354 410 382
6355 362 541
6356 1781 535
6357 0 -1
6358 1278 428
6359 2188 464
6360 4394 269
6361 2788 396
6362 4824 410
6363 4403 370
6364 2115 455
6365 1071 436
6366 5033 441
6367 3525 233
6368 4371 514
6369 4577 373
6370 0 -1
6371 4000 602
6372 5260 298
6373 2886 443
6374 4360 527
6375 3449 447
6376 4302 514
6377 3356 486
6378 870 429
6379 3525 206
6380 6037 331
6381 0 -1
6382 122 431
6383 5063 452
6384 1186 423
6385 5111 453
6386 1830 472
6387 5109 433
6388 4798 425
6389 5681 361
6390 3974 384
6391 1159 162
6392 2103 361
6393 4553 345
6394 4577 402
6395 6557 376
6396 2776 330
6397 6578 528
6398 5407 524
6399 2489 353
6400 0 -1
6401 969 573
6402 5952 448
6403 5034 379
6404 1879 416
6405 6519 363
6406 1737 322
6407 5915 383
6408 1550 476
6409 4719 449
6410 5190 406
6411 3377 498
6412 4194 379
6413 3437 378
6414 0 -1
6415 0 -1
6416 2440 340
6417 3380 400
6418 0 -1
6419 2741 408
6420 4582 456
6421 6589 460
6422 1468 401
6423 0 -1
6424 5034 369
6425 0 -1
6426 3193 407
6427 5642 335
6428 0 -1
6429 6108 375
6430 1601 427
6431 4580 419
6432 1060 443
6433 6557 466
6434 2686 290
6435 5582 374
6436 4728 390
6437 4933 243
6438 1405 425
6439 2466 471
6440 1442 511
6441 3251 300
6442 1195 369
6443 5777 487
6444 5474 404
6445 3190 468
6446 3554 483
6447 3549 367
6448 1384 338
6449 1465 393
6450 4838 418
6451 6106 289
6452 1068 451
6453 0 -1
6454 3239 374
6455 2565 408
6456 5323 395
6457 1825 407
6458 2640 316
6459 4537 438
6460 5802 407
6461 2500 381
6462 4337 432
6463 4519 416
6464 5282 383
6465 2834 427
6466 900 456
6467 4022 368
6468 4996 504
6469 5174 487
6470 6207 332
6471 6143 360
6472 0 -1
6473 2566 490
6474 6475 394
6475 1534 352
6476 4994 485
6477 563 361
6478 2620 406
6479 4510 380
6480 4495 368
6481 2640 360
6482 1408 326
6483 3418 402
6484 5927 225
6485 2417 405
6486 2266 519
6487 925 297
6488 4275 374
6489 589 425
6490 3625 497
6491 6551 465
6492 6251 454
6493 4182 405
6494 1658 460
6495 2523 462
6496 3265 287
6497 1631 414
6498 1667 487
6499 3207 500
6500 2985 356
6501 5768 395
6502 1796 224
6503 6265 254
6504 3449 419
6505 5868 302
6506 5033 390
6507 6050 381
6508 557 430
6509 924 396
6510 5782 396
6511 5617 408
6512 4748 311
6513 6458 355
6514 0 -1
6515 4887 438
6516 5085 446
6517 3848 535
6518 6293 423
6519 4993 335
6520 2333 421
6521 4938 613
6522 5663 439
6523 1670 416
6524 5256 386
6525 759 491
6526 2764 366
6527 5304 451
6528 2529 435
6529 5069 348
6530 2752 326
6531 4391 277
6532 3365 495
6533 3783 480
6534 3921 435
6535 1968 367
6536 790 444
6537 3203 285
6538 4597 448
6539 5524 513
6540 3673 421
6541 1358 426
6542 4565 430
6543 3494 433
6544 3336 403
6545 2864 223
6546 2944 493
6547 3034 366
6548 1144 439
6549 2193 433
6550 4918 356
6551 3254 421
6552 3681 477
6553 800 485
6554 4479 411
6555 5700 408
6556 3418 351
6557 1586 359
6558 5627 564
6559 1079 380
6560 3342 342
6561 6531 334
6562 3799 395
6563 4437 329
6564 2772 479
6565 6390 436
6566 757 356
6567 6458 436
6568 3943 387
6569 184 331
6570 4289 402
6571 657 417
6572 1629 500
6573 119 487
6574 255 423
6575 2724 477
6576 4909 380
6577 4070 444
6578 6438 498
6579 2901 315
6580 3662 378
6581 2559 372
6582 0 -1
6583 0 -1
6584 3120 450
6585 1343 344
6586 3496 441
6587 2813 396
6588 4289 396
6589 5650 396
6590 5428 357
6591 3543 370
6592 728 342
6593 0 -1
6594 5555 282
6595 2103 352
6596 5100 481
6597 336 374
6598 3045 412
6599 2355 399
6600 18 362
