20
1 0 -1
2 3470 445
3 0 -1
4 6032 377
5 5624 308
6 0 -1
7 2732 412
8 378 246
9 4316 294
10 3773 329
11 6527 348
12 0 -1
13 1569 259
14 329 261
15 1809 277
16 3067 423
17 6475 340
18 6346 336
19 1860 413
20 20 0
21 60 320
22 5484 275
23 1293 431
24 2859 331
25 151 463
26 4645 244
27 5499 129
28 5025 324
29 4855 257
30 3486 417
31 0 -1
32 116 391
33 5737 319
34 1486 345
35 3484 378
36 2248 427
37 4818 185
38 1930 369
39 2153 398
40 3846 390
41 3369 335
42 4247 329
43 558 361
44 4291 117
45 1283 336
46 134 398
47 1617 658
48 790 338
49 4119 403
50 3169 409
51 3112 342
52 855 414
53 2271 341
54 3342 363
55 3324 315
56 849 311
57 4190 260
58 0 -1
59 1504 416
60 6165 297
61 2535 239
62 2225 350
63 2359 283
64 4824 432
65 1562 347
66 3906 396
67 5642 401
68 0 -1
69 3382 449
70 4190 307
71 3816 298
72 3943 338
73 6377 512
74 1053 129
75 4233 219
76 6051 334
77 5142 250
78 410 349
79 110 272
80 4085 313
81 2602 424
82 1108 393
83 101 344
84 2074 309
85 4959 300
86 6301 251
87 4286 402
88 3510 277
89 5345 367
90 20 10
91 227 576
92 0 -1
93 5389 298
94 1782 470
95 311 342
96 3214 349
97 3520 301
98 1126 459
99 6196 246
100 3416 320
101 2064 343
102 4681 294
103 142 208
104 2593 307
105 4525 278
106 1292 118
107 5962 352
108 5195 376
109 6020 302
110 6389 204
111 5925 338
112 1259 369
113 599 269
114 2851 348
115 2537 379
116 22 386
117 939 346
118 252 338
119 4447 328
120 3289 636
121 3867 428
122 4339 337
123 99 288
124 0 -1
125 4681 296
126 4100 248
127 1353 293
128 5139 280
129 5545 376
130 48 435
131 5783 274
132 3617 329
133 2118 311
134 4395 380
135 1253 221
136 6091 306
137 337 431
138 0 -1
139 3453 285
140 2701 418
141 1000 397
142 4261 185
143 5507 349
144 60 318
145 6021 246
146 3013 436
147 3003 369
148 2669 400
149 129 420
150 521 302
151 4836 372
152 528 413
153 4042 332
154 5218 293
155 5998 334
156 1277 407
157 0 -1
158 3469 227
159 4421 442
160 940 346
161 1968 214
162 1900 392
163 5715 234
164 1850 319
165 0 -1
166 2602 413
167 832 358
168 293 424
169 3344 360
170 1054 335
171 0 -1
172 3032 233
173 3080 368
174 4548 370
175 4084 389
176 1059 375
177 3570 432
178 3798 350
179 3946 323
180 6137 218
181 3862 275
182 4258 323
183 2409 340
184 3136 460
185 4619 213
186 6061 229
187 6334 359
188 6361 342
189 2756 372
190 0 -1
191 1933 398
192 6503 326
193 5361 454
194 6082 321
195 0 -1
196 5671 294
197 1323 329
198 6041 335
199 3641 326
200 1522 355
201 3771 466
202 4185 390
203 2941 375
204 4257 278
205 284 509
206 1705 327
207 211 315
208 4526 332
209 4990 329
210 3676 358
211 907 242
212 0 -1
213 4182 228
214 6566 221
215 5933 321
216 1704 447
217 1451 388
218 3897 212
219 1249 339
220 5591 273
221 640 336
222 4360 380
223 5224 357
224 0 -1
225 0 -1
226 1302 405
227 4125 471
228 2043 352
229 2174 354
230 1966 299
231 5330 287
232 2567 295
233 2494 398
234 3256 315
235 6099 572
236 4006 263
237 0 -1
238 3034 334
239 1849 355
240 2639 369
241 4544 272
242 0 -1
243 6179 370
244 1307 320
245 27 229
246 842 339
247 2259 355
248 5139 313
249 870 238
250 1338 437
251 3498 368
252 1086 318
253 0 -1
254 615 337
255 6189 326
256 2485 423
257 4046 310
258 3244 398
259 0 -1
260 3699 309
261 467 424
262 5633 264
263 2244 280
264 1884 324
265 147 410
266 279 449
267 4972 394
268 4621 288
269 1809 332
270 407 384
271 3932 313
272 1056 328
273 3181 467
274 3012 386
275 4583 397
276 2657 296
277 0 -1
278 337 398
279 2026 356
280 5321 395
281 925 366
282 3610 244
283 1809 279
284 1289 413
285 5697 473
286 1508 428
287 0 -1
288 6244 284
289 683 266
290 93 314
291 2803 416
292 4920 377
293 5711 360
294 6488 400
295 0 -1
296 1667 385
297 1784 198
298 5768 252
299 6048 247
300 3367 618
301 1959 342
302 5101 319
303 3641 419
304 461 478
305 4506 369
306 4294 492
307 3309 263
308 4873 229
309 2931 352
310 0 -1
311 4179 314
312 2077 322
313 2778 393
314 3661 193
315 5059 257
316 4663 355
317 6137 225
318 2066 381
319 0 -1
320 6055 409
321 482 239
322 2606 327
323 5696 358
324 3355 378
325 1232 291
326 4226 272
327 3121 400
328 5225 296
329 2383 217
330 0 -1
331 430 425
332 1088 413
333 3456 400
334 3691 277
335 3309 242
336 4224 375
337 5443 340
338 418 324
339 2503 392
340 3115 341
341 2582 442
342 1659 300
343 5570 353
344 364 249
345 4640 266
346 4126 312
347 548 255
348 347 313
349 2514 466
350 6236 314
351 530 193
352 5209 313
353 3467 405
354 2839 428
355 429 336
356 982 443
357 5805 320
358 0 -1
359 685 337
360 2852 443
361 6050 438
362 308 310
363 6168 446
364 6015 223
365 252 323
366 1935 382
367 1373 331
368 3556 441
369 6243 327
370 1172 415
371 1970 269
372 3476 334
373 5374 229
374 6389 253
375 3202 299
376 311 418
377 3176 343
378 3661 176
379 3557 382
380 0 -1
381 1740 492
382 1413 376
383 664 487
384 5025 325
385 5144 306
386 5077 296
387 2346 400
388 1619 315
389 1848 349
390 1439 328
391 684 422
392 0 -1
393 2343 362
394 769 488
395 4133 263
396 5343 415
397 984 391
398 4302 295
399 2653 371
400 0 -1
401 4441 378
402 1619 264
403 1114 417
404 2057 304
405 5798 524
406 3682 479
407 998 284
408 3189 262
409 6373 437
410 3947 246
411 6363 335
412 3204 358
413 301 393
414 3764 503
415 1885 268
416 5899 307
417 653 314
418 158 299
419 5036 376
420 3347 486
421 2681 274
422 4658 287
423 5287 299
424 3374 392
425 19 431
426 793 342
427 4384 425
428 1253 315
429 6016 254
430 569 313
431 1321 284
432 2931 333
433 4259 242
434 1918 435
435 6244 278
436 1247 464
437 1660 391
438 4983 360
439 2858 479
440 1722 301
441 3851 427
442 1530 316
443 5577 391
444 4924 410
445 23 460
446 39 409
447 3498 286
448 4937 394
449 2425 321
450 4940 429
451 0 -1
452 1960 351
453 766 230
454 4790 360
455 5837 400
456 1732 344
457 4804 481
458 1940 351
459 5196 350
460 4726 412
461 4190 370
462 1647 458
463 4670 414
464 4671 376
465 885 417
466 2133 272
467 2018 340
468 553 309
469 6584 388
470 5533 311
471 3224 195
472 807 441
473 3595 381
474 467 381
475 2745 420
476 6580 392
477 3292 340
478 41 365
479 3382 346
480 578 295
481 6368 580
482 6137 231
483 583 351
484 4770 287
485 2168 280
486 1321 289
487 3243 229
488 2461 402
489 2716 285
490 5544 425
491 1427 357
492 1803 434
493 164 354
494 2480 285
495 654 391
496 5149 274
497 4757 344
498 5399 368
499 0 -1
500 1267 241
501 0 -1
502 4448 296
503 3255 267
504 6463 417
505 4219 328
506 5020 368
507 3765 386
508 4998 410
509 474 477
510 2266 330
511 2395 428
512 4889 261
513 1249 378
514 2110 301
515 1875 295
516 79 290
517 6129 327
518 3407 324
519 4196 360
520 2003 420
521 3571 300
522 2738 417
523 940 279
524 3699 332
525 0 -1
526 1583 382
527 188 430
528 3323 396
529 5075 221
530 4685 193
531 4597 448
532 6378 274
533 5068 395
534 0 -1
535 2796 271
536 3322 355
537 1292 214
538 2693 403
539 473 386
540 3603 339
541 5975 402
542 5904 338
543 4539 381
544 3149 419
545 6594 443
546 3765 354
547 6365 427
548 2870 243
549 0 -1
550 487 288
551 5135 352
552 3070 254
553 1232 257
554 2539 349
555 20 104
556 667 265
557 5102 241
558 1997 356
559 4431 246
560 0 -1
561 3050 327
562 2084 177
563 2930 316
564 5389 303
565 2338 207
566 1158 198
567 5561 232
568 3904 302
569 2962 278
570 4869 323
571 0 -1
572 1536 350
573 1797 511
574 6188 393
575 4580 276
576 3880 418
577 4992 454
578 2480 189
579 3226 378
580 3171 254
581 1960 396
582 447 373
583 6369 349
584 5919 362
585 1258 401
586 2893 676
587 4700 248
588 1409 330
589 630 405
590 4922 337
591 1160 348
592 1153 449
593 5689 330
594 2942 252
595 1673 320
596 4406 396
597 1589 314
598 6064 311
599 126 250
600 0 -1
601 5140 231
602 1847 322
603 4334 270
604 1122 268
605 178 366
606 6518 435
607 2965 565
608 4240 282
609 804 260
610 0 -1
611 4910 261
612 5838 273
613 5378 415
614 1517 275
615 5166 252
616 5825 446
617 3360 342
618 0 -1
619 2944 317
620 3431 224
621 2558 334
622 3990 391
623 0 -1
624 6535 367
625 1442 355
626 3189 285
627 6161 303
628 5154 371
629 5806 267
630 3784 287
631 2609 227
632 850 332
633 2847 321
634 4816 270
635 1889 392
636 192 343
637 1659 291
638 536 405
639 3537 372
640 5632 320
641 5516 370
642 3603 258
643 569 281
644 2138 315
645 0 -1
646 6211 309
647 5175 366
648 5063 266
649 0 -1
650 6309 337
651 682 425
652 321 338
653 1466 308
654 4882 361
655 0 -1
656 1927 183
657 5236 284
658 2484 377
659 4333 246
660 5013 368
661 5462 420
662 298 328
663 1677 248
664 4393 448
665 6523 369
666 6014 348
667 3234 236
668 2210 439
669 2233 296
670 2199 340
671 6254 378
672 5751 349
673 1482 375
674 6230 498
675 6486 356
676 1980 352
677 3541 271
678 5908 292
679 6289 413
680 2844 349
681 401 397
682 2048 333
683 2899 201
684 5528 317
685 4963 308
686 5246 280
687 3366 359
688 4760 483
689 4493 411
690 1548 225
691 151 386
692 1576 290
693 3261 400
694 5409 265
695 241 333
696 4095 356
697 2944 312
698 4097 297
699 6216 415
700 839 388
701 914 387
702 3410 325
703 3019 389
704 4346 357
705 2506 285
706 3201 327
707 141 511
708 4222 621
709 3106 315
710 724 572
711 4136 387
712 2576 404
713 288 324
714 4581 350
715 3243 293
716 5231 283
717 2865 471
718 1548 196
719 2084 206
720 0 -1
721 4496 422
722 5455 316
723 4226 264
724 361 483
725 2236 83
726 5499 122
727 937 302
728 3372 240
729 6016 302
730 1018 356
731 2427 347
732 140 421
733 1672 274
734 4235 363
735 5875 356
736 2101 172
737 5657 568
738 2931 302
739 4798 284
740 3487 296
741 1007 358
742 2323 335
743 4385 396
744 6500 288
745 6003 382
746 3690 382
747 2696 271
748 5093 390
749 4583 372
750 5732 252
751 6144 295
752 6559 330
753 1136 486
754 5167 368
755 2985 333
756 3532 383
757 5332 274
758 3898 423
759 4681 294
760 1292 109
761 4270 358
762 1889 475
763 1385 426
764 1002 342
765 484 327
766 2236 123
767 5768 203
768 4553 329
769 4853 376
770 4100 352
771 3939 399
772 2080 405
773 2694 279
774 3215 325
775 6464 396
776 2735 327
777 5736 344
778 2035 408
779 1426 365
780 557 296
781 2739 164
782 4094 365
783 2756 411
784 565 216
785 5258 347
786 325 345
787 3498 269
788 6270 409
789 0 -1
790 262 323
791 1288 300
792 971 402
793 6448 290
794 4958 317
795 2862 363
796 1597 472
797 1472 499
798 1160 261
799 4529 389
800 1999 409
801 3307 497
802 4806 360
803 0 -1
804 4692 191
805 345 267
806 1295 430
807 2267 373
808 3615 215
809 3965 507
810 0 -1
811 852 535
812 3268 278
813 5728 442
814 3154 468
815 0 -1
816 1584 415
817 6243 427
818 476 484
819 0 -1
820 0 -1
821 2883 324
822 4442 372
823 923 434
824 5502 402
825 4663 357
826 4222 563
827 2719 291
828 5586 358
829 3083 494
830 4928 320
831 1103 507
832 3214 285
833 2173 426
834 5656 325
835 6218 306
836 558 362
837 6314 751
838 4985 371
839 2684 340
840 2237 272
841 1363 318
842 5834 334
843 1235 336
844 2027 339
845 6265 250
846 510 448
847 937 364
848 1404 271
849 3736 208
850 2706 271
851 5081 411
852 2320 435
853 5498 137
854 3459 261
855 487 319
856 1574 362
857 5111 306
858 999 303
859 1372 322
860 4259 296
861 1333 350
862 0 -1
863 3163 396
864 5952 294
865 5428 278
866 4473 278
867 668 455
868 4544 328
869 6133 384
870 5499 170
871 6113 417
872 0 -1
873 4834 316
874 351 212
875 3208 321
876 4435 397
877 2785 262
878 402 340
879 4876 346
880 200 363
881 6296 479
882 3365 536
883 0 -1
884 5791 339
885 1526 313
886 113 374
887 312 419
888 881 522
889 1757 423
890 1712 362
891 1268 435
892 1859 375
893 6574 364
894 4282 317
895 2751 392
896 5738 405
897 3410 340
898 5598 357
899 5644 417
900 1383 395
901 4600 335
902 3530 360
903 88 369
904 766 238
905 2625 380
906 1209 317
907 537 220
908 3632 538
909 1750 321
910 4670 350
911 2042 359
912 1701 163
913 2316 313
914 6492 299
915 6120 242
916 1368 315
917 3849 235
918 1822 396
919 4963 365
920 4512 321
921 4914 402
922 2466 358
923 3866 340
924 378 293
925 5545 326
926 2817 322
927 5321 424
928 352 395
929 4608 636
930 4787 503
931 76 364
932 3492 321
933 5409 295
934 2529 395
935 0 -1
936 6194 425
937 2681 283
938 5173 419
939 968 295
940 6033 278
941 5085 305
942 1343 416
943 247 403
944 2926 402
945 2106 285
946 1040 398
947 5331 309
948 0 -1
949 3508 437
950 2147 377
951 4173 464
952 1158 198
953 3737 391
954 4923 394
955 2947 392
956 1038 288
957 2205 452
958 6072 342
959 4963 348
960 4523 433
961 0 -1
962 2986 301
963 4457 335
964 0 -1
965 1877 405
966 5772 228
967 3121 317
968 6511 295
969 3634 440
970 1131 292
971 4310 337
972 864 319
973 3950 401
974 5097 334
975 5290 328
976 3422 389
977 2899 210
978 0 -1
979 2378 348
980 6102 384
981 0 -1
982 2611 325
983 2694 268
984 5194 341
985 770 420
986 5263 454
987 564 350
988 4101 351
989 4889 303
990 4107 339
991 2878 350
992 0 -1
993 0 -1
994 968 363
995 5338 301
996 2439 402
997 5373 327
998 1038 171
999 3204 295
1000 2891 328
1001 42 438
1002 4068 275
1003 3244 409
1004 2789 305
1005 2091 333
1006 583 391
1007 1909 332
1008 41 385
1009 5383 383
1010 0 -1
1011 0 -1
1012 3123 524
1013 677 286
1014 1608 316
1015 4522 335
1016 5268 320
1017 5472 346
1018 1183 324
1019 5126 415
1020 1372 325
1021 1622 252
1022 5151 234
1023 214 229
1024 1299 327
1025 3544 320
1026 2106 298
1027 4133 307
1028 1893 396
1029 1413 333
1030 3969 419
1031 2464 426
1032 2112 417
1033 4821 472
1034 1246 360
1035 3458 351
1036 5011 403
1037 5123 370
1038 44 168
1039 5139 285
1040 3250 316
1041 2081 542
1042 4756 299
1043 4990 322
1044 5531 373
1045 5619 409
1046 230 419
1047 0 -1
1048 6253 302
1049 6180 391
1050 509 486
1051 4291 152
1052 72 349
1053 2250 107
1054 3917 303
1055 1974 434
1056 1509 320
1057 1329 304
1058 522 431
1059 561 335
1060 2216 399
1061 2074 328
1062 3917 305
1063 5969 77
1064 3327 412
1065 2950 173
1066 5462 429
1067 0 -1
1068 4418 288
1069 4903 357
1070 5675 318
1071 5182 395
1072 4510 339
1073 4392 290
1074 176 453
1075 2655 368
1076 4690 347
1077 5131 274
1078 2365 291
1079 966 318
1080 723 356
1081 101 431
1082 5447 226
1083 1442 347
1084 1101 172
1085 0 -1
1086 2696 248
1087 0 -1
1088 4416 356
1089 0 -1
1090 3520 311
1091 0 -1
1092 808 259
1093 1474 274
1094 373 291
1095 4322 442
1096 3180 400
1097 6591 408
1098 4264 326
1099 154 363
1100 3544 364
1101 1053 153
1102 6527 323
1103 709 405
1104 4158 386
1105 2053 440
1106 23 431
1107 0 -1
1108 4943 315
1109 4515 374
1110 4361 276
1111 3091 344
1112 4912 346
1113 5617 265
1114 3228 387
1115 3437 228
1116 0 -1
1117 2325 260
1118 4809 474
1119 3929 296
1120 5062 429
1121 977 277
1122 912 170
1123 3154 424
1124 5305 327
1125 3811 276
1126 2434 417
1127 2500 454
1128 4397 376
1129 1709 357
1130 27 244
1131 3087 214
1132 3096 357
1133 536 370
1134 5308 356
1135 914 340
1136 4336 389
1137 0 -1
1138 2941 390
1139 4420 353
1140 1583 499
1141 569 332
1142 4823 317
1143 3608 377
1144 1218 303
1145 3958 351
1146 0 -1
1147 5194 383
1148 299 303
1149 4422 364
1150 963 451
1151 5207 607
1152 4899 494
1153 6476 350
1154 2856 285
1155 417 415
1156 621 434
1157 0 -1
1158 5997 105
1159 1783 380
1160 5949 254
1161 3356 394
1162 5736 390
1163 4281 325
1164 2417 294
1165 4516 347
1166 822 395
1167 4596 352
1168 5847 295
1169 2063 425
1170 5327 388
1171 5525 373
1172 4044 347
1173 4967 415
1174 5699 240
1175 6269 133
1176 473 428
1177 2799 387
1178 4767 370
1179 1344 525
1180 4362 334
1181 4685 300
1182 2095 338
1183 236 293
1184 2990 415
1185 4339 326
1186 4753 228
1187 325 326
1188 275 465
1189 3258 424
1190 3158 472
1191 3128 296
1192 5862 352
1193 6555 357
1194 557 312
1195 5647 293
1196 1784 222
1197 4904 360
1198 349 511
1199 3953 377
1200 1045 432
1201 1848 392
1202 1288 239
1203 4667 504
1204 4294 462
1205 3231 411
1206 865 345
1207 6225 327
1208 211 302
1209 3016 273
1210 6461 343
1211 6493 282
1212 1267 200
1213 5214 396
1214 2683 333
1215 5228 411
1216 3926 441
1217 3527 555
1218 1290 298
1219 5801 384
1220 3540 300
1221 407 327
1222 167 367
1223 6366 439
1224 3022 370
1225 945 373
1226 4094 334
1227 2323 314
1228 4385 348
1229 3247 244
1230 6078 394
1231 0 -1
1232 5723 219
1233 0 -1
1234 5934 339
1235 854 325
1236 2791 298
1237 3475 458
1238 1347 338
1239 1856 435
1240 2985 321
1241 780 345
1242 3295 225
1243 3897 252
1244 355 345
1245 0 -1
1246 4316 333
1247 3333 402
1248 5709 426
1249 6363 334
1250 5545 332
1251 83 397
1252 2556 527
1253 1051 216
1254 3003 363
1255 4910 309
1256 6371 564
1257 4791 400
1258 4476 329
1259 3235 289
1260 5169 395
1261 2403 376
1262 6509 328
1263 5053 477
1264 5225 387
1265 2183 338
1266 2580 378
1267 5997 157
1268 1195 393
1269 2148 307
1270 3302 227
1271 5330 332
1272 3063 299
1273 1254 367
1274 2880 375
1275 782 432
1276 3251 358
1277 3184 349
1278 5268 298
1279 6121 430
1280 2070 349
1281 1724 387
1282 1655 541
1283 485 330
1284 6526 318
1285 3764 506
1286 1509 336
1287 2731 360
1288 1827 215
1289 1278 309
1290 1174 276
1291 4368 413
1292 1334 107
1293 2080 367
1294 5877 199
1295 6119 350
1296 2688 328
1297 0 -1
1298 6531 315
1299 1897 287
1300 4431 294
1301 4719 282
1302 2193 313
1303 3440 436
1304 3085 364
1305 0 -1
1306 2853 353
1307 5725 304
1308 4762 329
1309 5605 510
1310 4291 101
1311 6444 368
1312 1605 325
1313 2297 380
1314 4246 383
1315 581 491
1316 0 -1
1317 2425 374
1318 5632 396
1319 1822 374
1320 1622 273
1321 5884 278
1322 2706 326
1323 186 266
1324 0 -1
1325 1719 428
1326 2480 283
1327 6305 421
1328 5735 497
1329 3651 247
1330 719 319
1331 2312 417
1332 0 -1
1333 6378 271
1334 90 18
1335 4264 356
1336 4554 347
1337 2826 343
1338 3782 422
1339 1228 453
1340 741 399
1341 912 168
1342 2739 164
1343 17 383
1344 5031 462
1345 5627 291
1346 6508 277
1347 6547 309
1348 2689 373
1349 3534 524
1350 214 292
1351 3216 362
1352 5277 347
1353 1968 238
1354 3092 303
1355 5755 371
1356 2016 505
1357 3119 327
1358 3721 304
1359 0 -1
1360 6107 242
1361 4482 398
1362 3640 441
1363 1131 224
1364 682 372
1365 2981 332
1366 3445 386
1367 1991 384
1368 4226 288
1369 5644 385
1370 1083 357
1371 1537 397
1372 1576 218
1373 812 284
1374 4631 401
1375 3387 458
1376 0 -1
1377 4329 381
1378 0 -1
1379 6402 415
1380 0 -1
1381 416 364
1382 4563 341
1383 2813 382
1384 6021 246
1385 470 326
1386 1731 351
1387 3541 245
1388 886 386
1389 2177 383
1390 4444 378
1391 4283 410
1392 4133 274
1393 4527 383
1394 3958 383
1395 1817 336
1396 5360 427
1397 3190 375
1398 1885 328
1399 3939 446
1400 2186 444
1401 1293 377
1402 1066 430
1403 6256 402
1404 3862 254
1405 1683 358
1406 4606 571
1407 1166 427
1408 5161 335
1409 4640 278
1410 6297 368
1411 0 -1
1412 5403 325
1413 2172 260
1414 0 -1
1415 1762 250
1416 6361 345
1417 443 439
1418 5632 325
1419 3862 336
1420 3118 320
1421 947 419
1422 0 -1
1423 5352 343
1424 4035 356
1425 5686 306
1426 849 249
1427 1933 343
1428 6445 419
1429 4343 294
1430 4780 396
1431 2152 402
1432 5142 293
1433 715 371
1434 4363 407
1435 504 418
1436 6508 360
1437 3386 410
1438 0 -1
1439 4249 309
1440 3251 372
1441 884 363
1442 236 338
1443 142 203
1444 2339 371
1445 3647 227
1446 5575 319
1447 5446 330
1448 3953 384
1449 885 356
1450 1987 376
1451 2635 350
1452 5140 174
1453 4862 313
1454 4889 335
1455 0 -1
1456 2338 119
1457 3115 342
1458 2794 374
1459 4700 216
1460 2005 472
1461 834 360
1462 489 324
1463 2147 380
1464 1739 333
1465 3675 421
1466 6048 290
1467 3027 553
1468 726 127
1469 2069 170
1470 3178 402
1471 3888 311
1472 3044 388
1473 562 180
1474 1850 239
1475 158 300
1476 5776 230
1477 1857 351
1478 4660 378
1479 6470 317
1480 5848 344
1481 3063 309
1482 1559 286
1483 5700 373
1484 1937 448
1485 0 -1
1486 1057 336
1487 6537 170
1488 3208 317
1489 4896 464
1490 1877 397
1491 4887 260
1492 0 -1
1493 0 -1
1494 0 -1
1495 6079 331
1496 1369 419
1497 4924 403
1498 2208 307
1499 5723 276
1500 1525 392
1501 2159 403
1502 1428 474
1503 3226 316
1504 85 351
1505 5804 234
1506 2170 252
1507 3784 394
1508 6342 308
1509 6512 293
1510 3091 357
1511 6255 322
1512 173 394
1513 6429 321
1514 480 361
1515 5366 388
1516 3285 384
1517 4852 266
1518 2560 381
1519 909 369
1520 0 -1
1521 4974 507
1522 5764 315
1523 0 -1
1524 2518 296
1525 4249 290
1526 5447 226
1527 4917 337
1528 4329 418
1529 2372 314
1530 3691 260
1531 5057 327
1532 4088 356
1533 6010 439
1534 1276 398
1535 3432 430
1536 2864 320
1537 335 352
1538 2690 295
1539 5761 398
1540 6393 257
1541 4914 318
1542 524 405
1543 6133 356
1544 5999 373
1545 3849 331
1546 0 -1
1547 1026 316
1548 74 151
1549 4855 294
1550 1341 258
1551 5131 359
1552 2059 385
1553 858 359
1554 4042 248
1555 0 -1
1556 2065 390
1557 3800 467
1558 5570 425
1559 4931 258
1560 2645 436
1561 5447 219
1562 5521 318
1563 2406 443
1564 3890 387
1565 0 -1
1566 6492 354
1567 4187 380
1568 0 -1
1569 5820 203
1570 3152 438
1571 4549 409
1572 4737 388
1573 356 469
1574 5338 260
1575 4633 481
1576 4182 207
1577 4665 523
1578 2649 286
1579 0 -1
1580 4152 447
1581 2635 411
1582 4986 379
1583 2060 379
1584 4429 339
1585 1208 312
1586 1860 347
1587 6174 404
1588 26 297
1589 213 250
1590 3344 400
1591 2315 310
1592 1917 317
1593 1056 388
1594 6434 256
1595 3548 265
1596 90 115
1597 2380 372
1598 3927 352
1599 6467 404
1600 4836 411
1601 3830 315
1602 1833 385
1603 2344 339
1604 3662 332
1605 6144 281
1606 2535 287
1607 3820 261
1608 736 203
1609 4990 260
1610 4331 302
1611 0 -1
1612 77 252
1613 4633 402
1614 3643 430
1615 4725 482
1616 1223 522
1617 130 538
1618 6293 324
1619 2480 212
1620 5331 348
1621 468 400
1622 1459 227
1623 3798 426
1624 2425 316
1625 1746 376
1626 2570 426
1627 5881 371
1628 2261 377
1629 3063 313
1630 5351 338
1631 6537 231
1632 1423 448
1633 5870 384
1634 6162 382
1635 3498 305
1636 1726 333
1637 4150 279
1638 2730 447
1639 2115 269
1640 3831 280
1641 6088 326
1642 2518 348
1643 5225 326
1644 5647 345
1645 4994 312
1646 3230 442
1647 6076 386
1648 26 244
1649 0 -1
1650 4279 427
1651 5860 352
1652 5225 320
1653 5526 358
1654 846 519
1655 975 438
1656 5502 318
1657 784 310
1658 2649 286
1659 1983 272
1660 2784 375
1661 793 297
1662 2090 340
1663 983 297
1664 449 333
1665 66 473
1666 6561 284
1667 5738 337
1668 3783 316
1669 2774 501
1670 321 302
1671 0 -1
1672 1941 167
1673 3491 256
1674 5969 41
1675 1582 421
1676 3772 349
1677 5220 161
1678 4803 251
1679 4624 283
1680 3317 361
1681 4251 328
1682 2374 371
1683 352 313
1684 3038 337
1685 5904 323
1686 5490 386
1687 5885 352
1688 2587 412
1689 0 -1
1690 491 418
1691 519 416
1692 4505 292
1693 1559 300
1694 5088 390
1695 2789 218
1696 1238 432
1697 6526 359
1698 244 391
1699 5933 358
1700 4368 378
1701 1941 149
1702 795 475
1703 1236 392
1704 4631 407
1705 135 298
1706 857 366
1707 6014 321
1708 2419 311
1709 3511 295
1710 1007 352
1711 1002 367
1712 6212 303
1713 6398 422
1714 1756 349
1715 5783 262
1716 0 -1
1717 0 -1
1718 5341 348
1719 4852 309
1720 6367 350
1721 3475 425
1722 6511 291
1723 2824 349
1724 6100 346
1725 1719 368
1726 3068 333
1727 6218 311
1728 4481 331
1729 1481 421
1730 2751 334
1731 109 305
1732 6072 321
1733 933 383
1734 1925 468
1735 0 -1
1736 5126 437
1737 6110 344
1738 6346 326
1739 1860 329
1740 3405 411
1741 3799 306
1742 4687 389
1743 6245 367
1744 2562 253
1745 6075 320
1746 5764 318
1747 0 -1
1748 3598 318
1749 5301 339
1750 2694 279
1751 175 400
1752 3918 443
1753 0 -1
1754 482 242
1755 2417 276
1756 3862 277
1757 5135 313
1758 2056 548
1759 2106 309
1760 3838 203
1761 2446 422
1762 5398 225
1763 5694 235
1764 246 362
1765 0 -1
1766 1272 414
1767 4254 297
1768 5077 301
1769 4450 516
1770 6063 361
1771 0 -1
1772 0 -1
1773 3301 305
1774 2921 278
1775 137 522
1776 1408 363
1777 6495 427
1778 6165 281
1779 6518 336
1780 3731 385
1781 2142 366
1782 4745 429
1783 4128 332
1784 4873 172
1785 1858 286
1786 1405 424
1787 3459 257
1788 2359 352
1789 4754 330
1790 1194 361
1791 1662 373
1792 3194 382
1793 1350 372
1794 5823 388
1795 3736 257
1796 2141 405
1797 4036 475
1798 0 -1
1799 0 -1
1800 0 -1
1801 0 -1
1802 2615 444
1803 1131 316
1804 3087 155
1805 2441 256
1806 2986 302
1807 6535 323
1808 698 362
1809 4790 260
1810 3681 363
1811 108 432
1812 2098 417
1813 983 282
1814 4150 217
1815 3363 273
1816 3049 330
1817 3958 290
1818 2063 423
1819 3158 439
1820 0 -1
1821 5695 401
1822 5065 337
1823 628 444
1824 4098 412
1825 5447 260
1826 1043 432
1827 6512 213
1828 3830 328
1829 5701 310
1830 3325 214
1831 5162 402
1832 0 -1
1833 5923 299
1834 3265 402
1835 4966 457
1836 5544 416
1837 136 307
1838 2483 331
1839 3293 514
1840 5166 196
1841 5367 619
1842 5208 334
1843 6232 383
1844 0 -1
1845 3128 335
1846 5115 342
1847 1051 269
1848 5934 315
1849 2608 341
1850 5324 203
1851 3600 433
1852 1715 325
1853 614 285
1854 3764 415
1855 2873 358
1856 2565 423
1857 1333 334
1858 728 269
1859 5209 309
1860 5428 321
1861 4921 319
1862 2918 357
1863 828 410
1864 5802 370
1865 3059 445
1866 11 465
1867 2259 340
1868 1131 250
1869 1885 263
1870 5397 347
1871 1715 272
1872 5109 370
1873 3701 316
1874 3064 385
1875 3232 285
1876 0 -1
1877 5045 306
1878 1119 301
1879 4386 346
1880 6080 375
1881 0 -1
1882 6427 318
1883 4741 421
1884 5949 239
1885 4315 255
1886 0 -1
1887 316 377
1888 102 339
1889 3343 384
1890 3594 447
1891 2045 483
1892 4254 404
1893 1618 378
1894 4499 547
1895 2753 345
1896 5493 398
1897 6531 252
1898 2820 286
1899 0 -1
1900 1847 280
1901 29 274
1902 1153 389
1903 3659 393
1904 2048 331
1905 3699 320
1906 0 -1
1907 161 231
1908 2328 407
1909 6103 250
1910 1035 413
1911 6374 452
1912 4837 309
1913 0 -1
1914 3007 424
1915 2004 349
1916 192 341
1917 2325 245
1918 293 389
1919 2631 320
1920 636 417
1921 5774 562
1922 1708 334
1923 4022 398
1924 4440 253
1925 3755 365
1926 359 414
1927 3372 169
1928 4126 335
1929 1845 337
1930 4823 281
1931 211 325
1932 1439 346
1933 1715 322
1934 3432 414
1935 3369 325
1936 6492 263
1937 4857 443
1938 6255 364
1939 2986 310
1940 4770 339
1941 2236 81
1942 323 393
1943 2436 307
1944 6047 318
1945 3356 395
1946 5385 609
1947 2568 468
1948 2194 402
1949 6467 420
1950 2746 508
1951 2552 360
1952 4910 268
1953 2295 403
1954 4782 419
1955 5542 580
1956 603 350
1957 5713 177
1958 0 -1
1959 204 340
1960 3942 349
1961 3384 375
1962 5289 437
1963 5447 268
1964 6399 317
1965 0 -1
1966 5261 270
1967 0 -1
1968 555 209
1969 2231 358
1970 1023 260
1971 5793 663
1972 5740 336
1973 0 -1
1974 5815 364
1975 3214 299
1976 1468 189
1977 6103 299
1978 567 249
1979 3836 382
1980 415 292
1981 3545 461
1982 0 -1
1983 1372 271
1984 0 -1
1985 2240 308
1986 5833 318
1987 1368 307
1988 3188 454
1989 4050 377
1990 495 440
1991 4150 268
1992 2267 401
1993 0 -1
1994 4598 373
1995 315 291
1996 5071 287
1997 2507 347
1998 4441 371
1999 1000 333
2000 3647 304
2001 0 -1
2002 4727 370
2003 485 351
2004 4364 313
2005 6396 409
2006 0 -1
2007 5606 386
2008 4999 303
2009 5611 419
2010 1253 266
2011 0 -1
2012 3773 372
2013 3250 333
2014 5651 453
2015 5528 311
2016 1713 447
2017 1111 367
2018 1288 285
2019 5383 340
2020 4496 491
2021 4319 417
2022 5965 397
2023 871 470
2024 535 374
2025 487 291
2026 4620 287
2027 1756 330
2028 0 -1
2029 1293 386
2030 0 -1
2031 4004 302
2032 3305 221
2033 6492 318
2034 4471 367
2035 2790 314
2036 0 -1
2037 1304 451
2038 0 -1
2039 181 331
2040 1853 390
2041 5044 324
2042 1898 300
2043 3618 339
2044 2843 405
2045 864 410
2046 4796 261
2047 4006 278
2048 3697 276
2049 0 -1
2050 2417 282
2051 3797 372
2052 2787 311
2053 686 357
2054 5627 328
2055 2455 314
2056 4699 453
2057 373 236
2058 4416 350
2059 3974 364
2060 4798 305
2061 2099 269
2062 1178 383
2063 3589 371
2064 1255 343
2065 684 329
2066 3569 291
2067 4885 385
2068 884 346
2069 4008 108
2070 3628 337
2071 2745 479
2072 417 409
2073 2048 368
2074 6592 305
2075 5126 478
2076 0 -1
2077 2921 263
2078 3400 345
2079 5463 363
2080 2419 311
2081 5760 460
2082 4221 412
2083 4285 402
2084 3372 174
2085 4191 296
2086 3578 408
2087 634 324
2088 6066 408
2089 1323 338
2090 80 339
2091 3235 313
2092 3513 509
2093 3814 341
2094 523 295
2095 1202 323
2096 0 -1
2097 421 334
2098 430 329
2099 3958 268
2100 6247 453
2101 2236 107
2102 3892 357
2103 5665 123
2104 6079 324
2105 2788 320
2106 1473 194
2107 3842 423
2108 3994 513
2109 4812 363
2110 3431 299
2111 3743 370
2112 1651 360
2113 3132 522
2114 1552 394
2115 1294 241
2116 725 181
2117 5308 354
2118 5389 296
2119 5140 272
2120 2300 318
2121 5401 468
2122 2394 379
2123 6239 392
2124 2685 347
2125 1452 211
2126 4302 297
2127 5516 450
2128 0 -1
2129 848 311
2130 6133 370
2131 5597 233
2132 6013 391
2133 537 255
2134 4071 402
2135 2940 355
2136 3674 336
2137 5236 288
2138 3351 280
2139 3325 304
2140 6102 411
2141 821 343
2142 764 348
2143 714 379
2144 3789 228
2145 6250 348
2146 5785 354
2147 3473 341
2148 1469 259
2149 4093 413
2150 5729 276
2151 348 402
2152 1809 369
2153 2688 290
2154 1576 228
2155 4878 254
2156 1145 372
2157 6382 358
2158 430 362
2159 1505 338
2160 3927 296
2161 4166 452
2162 6345 350
2163 1135 378
2164 2784 292
2165 4302 291
2166 2440 283
2167 5065 272
2168 5949 242
2169 0 -1
2170 186 242
2171 3302 273
2172 4226 254
2173 4516 377
2174 738 335
2175 2725 370
2176 4525 247
2177 22 364
2178 4402 288
2179 1444 405
2180 3258 463
2181 6244 278
2182 6588 408
2183 1936 298
2184 2685 298
2185 2593 261
2186 3214 333
2187 3098 379
2188 3263 321
2189 4428 315
2190 2855 364
2191 5199 393
2192 4088 352
2193 3838 286
2194 3018 374
2195 3280 338
2196 6091 404
2197 0 -1
2198 6212 364
2199 2789 325
2200 170 424
2201 4793 462
2202 3088 379
2203 3049 357
2204 4048 417
2205 3311 418
2206 2024 416
2207 1105 445
2208 5694 281
2209 0 -1
2210 2887 369
2211 725 201
2212 5650 357
2213 3336 488
2214 3836 344
2215 587 260
2216 2290 378
2217 2748 264
2218 0 -1
2219 2863 343
2220 5329 440
2221 3933 289
2222 5886 368
2223 4770 276
2224 1162 445
2225 185 307
2226 5687 417
2227 1141 339
2228 5104 340
2229 5520 393
2230 0 -1
2231 5705 310
2232 0 -1
2233 848 295
2234 3037 468
2235 5861 517
2236 1334 62
2237 3032 260
2238 4163 295
2239 2729 303
2240 587 265
2241 2176 360
2242 4085 405
2243 1996 325
2244 2325 189
2245 2157 398
2246 2314 465
2247 6110 395
2248 399 379
2249 1405 412
2250 4291 80
2251 0 -1
2252 3502 389
2253 3570 412
2254 1968 323
2255 1884 251
2256 0 -1
2257 3186 472
2258 3794 317
2259 2838 338
2260 6201 405
2261 5755 343
2262 3603 233
2263 0 -1
2264 3554 391
2265 0 -1
2266 4122 257
2267 1595 328
2268 5288 395
2269 5946 406
2270 2465 276
2271 1976 276
2272 3157 315
2273 900 468
2274 1299 310
2275 373 325
2276 1117 317
2277 933 392
2278 0 -1
2279 275 402
2280 4911 370
2281 1544 467
2282 5745 354
2283 0 -1
2284 0 -1
2285 1468 202
2286 1289 324
2287 5465 501
2288 2505 343
2289 0 -1
2290 3450 299
2291 6451 333
2292 0 -1
2293 938 467
2294 4315 253
2295 2431 396
2296 6500 343
2297 5516 370
2298 2631 314
2299 4006 299
2300 1622 241
2301 3862 258
2302 4063 318
2303 0 -1
2304 3629 357
2305 4039 348
2306 605 412
2307 2343 311
2308 5311 336
2309 3141 430
2310 1427 343
2311 5802 386
2312 963 368
2313 5830 435
2314 4031 456
2315 550 305
2316 6165 305
2317 2500 337
2318 372 382
2319 6392 214
2320 6030 390
2321 4323 432
2322 425 485
2323 2417 250
2324 5561 306
2325 3224 179
2326 3256 274
2327 6371 506
2328 6584 363
2329 566 269
2330 4004 322
2331 4651 478
2332 3816 297
2333 1652 330
2334 5736 351
2335 1040 343
2336 169 383
2337 983 273
2338 20 117
2339 2458 314
2340 3214 372
2341 38 372
2342 6106 378
2343 1144 306
2344 421 339
2345 537 291
2346 5339 376
2347 3170 334
2348 3448 459
2349 1870 384
2350 2713 211
2351 1418 342
2352 1536 418
2353 5182 366
2354 2991 349
2355 6361 381
2356 6051 269
2357 4420 373
2358 648 274
2359 3603 245
2360 5005 434
2361 6443 316
2362 2609 226
2363 4282 326
2364 6113 354
2365 4302 238
2366 33 360
2367 254 346
2368 6536 429
2369 4686 369
2370 1382 375
2371 4196 406
2372 5045 272
2373 5069 386
2374 4894 366
2375 3194 393
2376 3009 344
2377 2724 374
2378 6219 331
2379 580 349
2380 601 284
2381 0 -1
2382 5950 405
2383 6595 206
2384 0 -1
2385 4304 387
2386 3005 376
2387 5482 470
2388 6150 386
2389 5074 317
2390 5346 318
2391 5910 344
2392 1714 371
2393 0 -1
2394 2836 282
2395 163 332
2396 719 302
2397 2918 406
2398 0 -1
2399 2936 405
2400 1541 323
2401 5700 396
2402 0 -1
2403 6196 285
2404 0 -1
2405 3544 338
2406 5162 422
2407 6243 378
2408 2940 300
2409 4700 313
2410 5082 324
2411 0 -1
2412 1395 340
2413 2819 359
2414 1294 235
2415 0 -1
2416 0 -1
2417 5523 233
2418 805 321
2419 3832 207
2420 6054 341
2421 2337 311
2422 4048 457
2423 1183 317
2424 1036 467
2425 512 277
2426 4600 321
2427 6034 329
2428 1983 348
2429 1707 364
2430 845 308
2431 4855 286
2432 527 452
2433 6241 476
2434 5138 315
2435 1125 286
2436 1692 307
2437 1557 562
2438 135 225
2439 3951 341
2440 5412 271
2441 1456 171
2442 5908 361
2443 3985 462
2444 2816 336
2445 3925 424
2446 3380 336
2447 517 442
2448 470 318
2449 1985 338
2450 6285 457
2451 3515 342
2452 0 -1
2453 2174 344
2454 1859 390
2455 2211 296
2456 1636 344
2457 2087 383
2458 3395 310
2459 5617 300
2460 4442 326
2461 2578 352
2462 627 356
2463 0 -1
2464 6279 358
2465 1186 276
2466 2131 262
2467 3855 273
2468 3195 603
2469 5361 373
2470 3348 381
2471 0 -1
2472 6318 361
2473 4264 351
2474 6536 437
2475 2844 375
2476 5978 411
2477 232 367
2478 4533 215
2479 5421 364
2480 3087 184
2481 2706 236
2482 4317 566
2483 5340 279
2484 780 296
2485 3233 366
2486 1028 484
2487 596 424
2488 4949 302
2489 2985 246
2490 4663 309
2491 5178 456
2492 5141 434
2493 0 -1
2494 2465 396
2495 4295 388
2496 3784 390
2497 2352 477
2498 2458 319
2499 0 -1
2500 5984 337
2501 1412 358
2502 909 438
2503 10 363
2504 4939 468
2505 4916 285
2506 4889 273
2507 3099 344
2508 3713 424
2509 5623 411
2510 0 -1
2511 3022 386
2512 98 547
2513 1780 452
2514 34 361
2515 971 399
2516 4757 323
2517 5778 396
2518 2362 250
2519 0 -1
2520 2914 400
2521 5968 398
2522 4241 353
2523 5933 376
2524 147 393
2525 2900 410
2526 3731 348
2527 0 -1
2528 3478 366
2529 6148 325
2530 4442 359
2531 3040 365
2532 1395 402
2533 679 433
2534 983 273
2535 5168 176
2536 5310 385
2537 5459 316
2538 347 334
2539 5806 267
2540 2085 377
2541 2271 348
2542 3032 274
2543 5957 398
2544 0 -1
2545 2315 305
2546 539 499
2547 705 337
2548 6330 334
2549 5531 329
2550 5932 276
2551 0 -1
2552 3977 297
2553 5300 398
2554 3520 381
2555 3032 246
2556 1226 438
2557 1445 312
2558 6360 277
2559 5072 298
2560 192 365
2561 6048 301
2562 3837 253
2563 2457 403
2564 2951 330
2565 5211 347
2566 2025 382
2567 110 230
2568 1442 365
2569 1942 405
2570 1693 372
2571 754 395
2572 9 300
2573 4390 478
2574 2860 528
2575 3072 497
2576 3214 294
2577 5143 396
2578 433 319
2579 3151 289
2580 3673 291
2581 1893 399
2582 5351 377
2583 6412 489
2584 4498 351
2585 2187 465
2586 1813 318
2587 2921 293
2588 6501 373
2589 1594 305
2590 105 298
2591 1545 448
2592 3604 547
2593 3902 241
2594 3360 378
2595 1114 402
2596 5002 527
2597 5123 319
2598 0 -1
2599 0 -1
2600 6227 475
2601 3247 212
2602 3019 325
2603 2871 383
2604 0 -1
2605 3116 354
2606 3583 310
2607 6551 315
2608 5163 334
2609 44 144
2610 3112 341
2611 4137 322
2612 4803 259
2613 4829 235
2614 4925 330
2615 6579 380
2616 4664 394
2617 3674 329
2618 3783 372
2619 0 -1
2620 3366 298
2621 6020 303
2622 2539 315
2623 0 -1
2624 0 -1
2625 4924 333
2626 4593 351
2627 1976 297
2628 4014 265
2629 4078 302
2630 3247 262
2631 6116 304
2632 1740 485
2633 1253 261
2634 398 378
2635 6511 295
2636 902 377
2637 5410 276
2638 999 356
2639 3514 368
2640 306 506
2641 793 387
2642 2744 449
2643 2353 432
2644 1327 457
2645 4252 367
2646 5348 434
2647 2969 378
2648 2081 571
2649 1672 226
2650 6577 317
2651 0 -1
2652 2989 267
2653 5131 311
2654 2150 320
2655 102 298
2656 3762 373
2657 4261 254
2658 0 -1
2659 4484 363
2660 0 -1
2661 611 299
2662 4823 232
2663 1875 346
2664 2844 331
2665 2621 393
2666 2097 377
2667 5256 264
2668 5028 339
2669 2400 353
2670 5310 334
2671 2483 286
2672 343 412
2673 5840 408
2674 4378 294
2675 2795 375
2676 3489 418
2677 1986 329
2678 530 293
2679 3535 436
2680 140 522
2681 1885 269
2682 3417 593
2683 346 314
2684 1212 267
2685 2325 258
2686 3839 339
2687 1022 319
2688 2255 255
2689 5947 323
2690 1548 220
2691 2797 435
2692 836 432
2693 2711 284
2694 5407 265
2695 216 526
2696 4302 222
2697 4361 257
2698 5604 304
2699 281 382
2700 4726 393
2701 1708 355
2702 3800 383
2703 0 -1
2704 5829 374
2705 6265 348
2706 5168 216
2707 0 -1
2708 1970 290
2709 5552 402
2710 0 -1
2711 3450 262
2712 1476 256
2713 2962 164
2714 4533 159
2715 4804 394
2716 5639 282
2717 2193 326
2718 4359 467
2719 3114 280
2720 5859 385
2721 0 -1
2722 5142 291
2723 6256 411
2724 3833 355
2725 3172 352
2726 5221 387
2727 370 419
2728 2173 377
2729 2414 288
2730 2174 422
2731 4905 281
2732 3639 369
2733 5631 357
2734 1499 330
2735 4629 256
2736 3932 259
2737 4874 449
2738 3537 383
2739 5969 95
2740 3499 434
2741 4837 305
2742 3361 549
2743 2534 296
2744 108 379
2745 5628 405
2746 4320 396
2747 4446 352
2748 1596 207
2749 4543 434
2750 152 525
2751 4303 295
2752 3707 370
2753 2505 345
2754 6486 369
2755 5402 332
2756 3487 330
2757 3128 385
2758 2181 278
2759 5696 301
2760 5127 391
2761 563 375
2762 3510 337
2763 4059 246
2764 3603 245
2765 2967 329
2766 2305 363
2767 3600 418
2768 3272 376
2769 1706 450
2770 4063 339
2771 6086 401
2772 2085 342
2773 6540 453
2774 1720 419
2775 6235 401
2776 172 298
2777 3837 285
2778 733 277
2779 887 448
2780 2562 327
2781 1395 453
2782 47 758
2783 3078 291
2784 3061 277
2785 3232 233
2786 106 173
2787 3874 310
2788 4014 209
2789 1804 211
2790 3811 286
2791 827 292
2792 1767 333
2793 4350 431
2794 3818 340
2795 3558 312
2796 163 249
2797 2238 324
2798 2565 413
2799 2605 377
2800 4794 371
2801 845 326
2802 2319 289
2803 1813 348
2804 5939 374
2805 2741 379
2806 1960 419
2807 0 -1
2808 5708 374
2809 1739 349
2810 3932 293
2811 853 229
2812 4943 321
2813 5561 339
2814 5757 384
2815 348 322
2816 1983 314
2817 6493 203
2818 5423 511
2819 2905 248
2820 1023 260
2821 0 -1
2822 228 439
2823 4424 311
2824 952 288
2825 0 -1
2826 314 224
2827 1353 301
2828 3440 375
2829 1968 318
2830 4650 432
2831 5058 394
2832 3352 466
2833 1540 345
2834 2562 261
2835 3976 452
2836 4692 254
2837 4768 368
2838 5418 325
2839 3497 385
2840 2195 408
2841 959 401
2842 4389 259
2843 1663 320
2844 2796 268
2845 2899 281
2846 4344 361
2847 1612 272
2848 213 322
2849 0 -1
2850 0 -1
2851 3412 312
2852 1226 355
2853 5345 258
2854 5903 357
2855 5533 280
2856 4655 274
2857 6456 333
2858 4554 401
2859 1767 297
2860 198 449
2861 1372 234
2862 6103 288
2863 5630 340
2864 2785 236
2865 2741 383
2866 3783 323
2867 4403 346
2868 1553 448
2869 5090 667
2870 781 222
2871 6219 374
2872 1108 397
2873 750 314
2874 1472 394
2875 0 -1
2876 4288 362
2877 5054 375
2878 4753 282
2879 2988 424
2880 1144 309
2881 5303 360
2882 6044 448
2883 5481 283
2884 537 233
2885 6008 433
2886 4090 391
2887 897 368
2888 208 377
2889 3609 345
2890 240 387
2891 4249 320
2892 3995 407
2893 462 574
2894 2768 399
2895 1096 430
2896 5981 387
2897 2337 336
2898 4051 456
2899 2236 171
2900 3322 390
2901 3589 326
2902 4571 299
2903 1294 310
2904 5908 293
2905 6493 248
2906 4901 324
2907 2775 418
2908 1092 318
2909 2649 276
2910 4878 248
2911 4448 322
2912 468 331
2913 0 -1
2914 2633 332
2915 1392 365
2916 755 338
2917 321 252
2918 2483 307
2919 3812 494
2920 6078 363
2921 373 236
2922 0 -1
2923 5266 449
2924 880 379
2925 5913 426
2926 1311 379
2927 0 -1
2928 3999 395
2929 1363 285
2930 6075 305
2931 1608 238
2932 1857 335
2933 2815 399
2934 353 490
2935 4955 342
2936 6497 352
2937 5664 311
2938 4758 353
2939 3909 309
2940 15 295
2941 6164 300
2942 4116 233
2943 3913 363
2944 5045 260
2945 4269 431
2946 4406 413
2947 6113 360
2948 3560 530
2949 2915 407
2950 760 125
2951 4011 307
2952 2514 422
2953 5871 378
2954 4678 386
2955 4980 357
2956 2967 313
2957 5451 420
2958 3022 356
2959 2282 454
2960 4804 413
2961 5233 369
2962 5220 160
2963 4854 346
2964 3225 276
2965 2959 481
2966 5907 406
2967 3491 209
2968 6416 354
2969 6378 332
2970 0 -1
2971 2171 359
2972 6485 274
2973 1931 348
2974 5545 296
2975 8 337
2976 4698 407
2977 3244 352
2978 5750 327
2979 934 438
2980 1447 352
2981 6497 305
2982 2464 369
2983 5694 202
2984 0 -1
2985 1561 226
2986 2612 283
2987 3033 519
2988 5843 315
2989 3661 179
2990 3492 307
2991 5075 241
2992 3473 376
2993 5418 330
2994 3553 301
2995 2380 344
2996 2870 260
2997 2092 536
2998 2829 396
2999 0 -1
3000 374 263
3001 3760 275
3002 1573 574
3003 6510 348
3004 435 323
3005 6225 362
3006 4356 398
3007 96 381
3008 1094 380
3009 3876 341
3010 3457 205
3011 0 -1
3012 350 379
3013 835 336
3014 1335 461
3015 2105 372
3016 3897 216
3017 4232 299
3018 601 286
3019 1320 279
3020 4227 242
3021 4862 331
3022 386 316
3023 1433 461
3024 3778 420
3025 705 322
3026 0 -1
3027 5260 441
3028 0 -1
3029 1144 311
3030 2056 485
3031 5481 305
3032 106 188
3033 5127 438
3034 1774 287
3035 0 -1
3036 4941 502
3037 4145 400
3038 1936 281
3039 5453 465
3040 2906 324
3041 2652 298
3042 4457 326
3043 4561 292
3044 346 340
3045 1226 343
3046 686 319
3047 5779 352
3048 497 462
3049 4155 301
3050 5120 287
3051 3778 433
3052 0 -1
3053 5636 391
3054 0 -1
3055 1290 345
3056 4289 374
3057 4626 360
3058 1616 594
3059 2729 359
3060 3527 482
3061 2789 277
3062 143 453
3063 808 280
3064 4510 347
3065 0 -1
3066 6240 404
3067 3170 367
3068 559 265
3069 3202 267
3070 4326 248
3071 5400 384
3072 2924 380
3073 2817 314
3074 4950 380
3075 3493 357
3076 5738 335
3077 614 292
3078 2467 275
3079 100 393
3080 3046 353
3081 6047 385
3082 0 -1
3083 672 452
3084 3042 353
3085 2790 342
3086 608 374
3087 2609 147
3088 751 356
3089 0 -1
3090 621 358
3091 956 329
3092 4525 275
3093 2853 336
3094 6034 292
3095 4130 247
3096 4326 252
3097 1082 294
3098 2383 277
3099 3255 267
3100 5949 233
3101 5308 338
3102 1186 284
3103 480 298
3104 0 -1
3105 1833 365
3106 637 305
3107 4723 487
3108 2862 314
3109 998 180
3110 0 -1
3111 0 -1
3112 6336 319
3113 5614 356
3114 784 252
3115 940 319
3116 6242 351
3117 5373 434
3118 663 310
3119 5399 306
3120 5245 344
3121 3255 306
3122 4943 247
3123 3439 494
3124 0 -1
3125 3679 310
3126 2089 419
3127 0 -1
3128 4237 291
3129 2988 410
3130 0 -1
3131 3142 199
3132 1723 410
3133 3586 351
3134 4796 213
3135 1323 324
3136 4083 408
3137 2165 338
3138 686 399
3139 443 427
3140 1603 428
3141 57 362
3142 4291 173
3143 0 -1
3144 1464 387
3145 2855 302
3146 487 254
3147 0 -1
3148 3768 421
3149 5348 335
3150 3686 413
3151 5519 214
3152 3551 416
3153 3950 413
3154 3957 401
3155 4866 322
3156 6404 413
3157 3094 308
3158 84 402
3159 690 332
3160 3347 499
3161 543 453
3162 0 -1
3163 5944 362
3164 5691 531
3165 1161 510
3166 2897 375
3167 5519 283
3168 0 -1
3169 2990 321
3170 1360 302
3171 1196 239
3172 631 244
3173 54 428
3174 4897 356
3175 3890 322
3176 4595 330
3177 3637 472
3178 1229 297
3179 1387 351
3180 5788 397
3181 2475 436
3182 2535 249
3183 784 268
3184 5561 275
3185 530 267
3186 2354 362
3187 6451 343
3188 2055 337
3189 1957 261
3190 5059 317
3191 0 -1
3192 3593 381
3193 3300 391
3194 3837 314
3195 1188 559
3196 3593 406
3197 1687 408
3198 5421 418
3199 0 -1
3200 3951 342
3201 1021 278
3202 4829 259
3203 3647 300
3204 5350 287
3205 3877 416
3206 0 -1
3207 174 438
3208 1341 248
3209 3135 325
3210 598 327
3211 4080 361
3212 6538 593
3213 4955 364
3214 1363 269
3215 6161 267
3216 5013 300
3217 0 -1
3218 6134 473
3219 6225 305
3220 440 338
3221 5067 367
3222 4948 472
3223 4670 381
3224 3334 162
3225 5075 228
3226 3106 306
3227 3362 451
3228 3395 325
3229 4411 399
3230 5554 437
3231 3673 351
3232 1212 222
3233 6597 345
3234 1212 236
3235 4796 243
3236 60 400
3237 2360 553
3238 144 377
3239 5932 330
3240 3273 432
3241 0 -1
3242 3145 395
3243 1122 212
3244 1446 320
3245 5857 443
3246 0 -1
3247 4361 203
3248 2159 409
3249 39 424
3250 180 276
3251 1093 275
3252 1415 257
3253 1862 434
3254 5304 225
3255 75 219
3256 5809 238
3257 5122 323
3258 5818 401
3259 2873 323
3260 2716 358
3261 3115 370
3262 4226 268
3263 408 288
3264 4238 415
3265 4179 334
3266 3395 369
3267 485 338
3268 37 212
3269 6563 393
3270 2065 448
3271 0 -1
3272 5821 321
3273 4163 330
3274 4518 387
3275 5321 363
3276 2199 365
3277 239 450
3278 4271 384
3279 4718 333
3280 4113 240
3281 2386 396
3282 4588 326
3283 870 237
3284 0 -1
3285 2167 281
3286 3055 390
3287 5686 271
3288 1283 359
3289 3545 524
3290 1416 368
3291 3214 282
3292 1917 305
3293 5093 414
3294 430 372
3295 5012 156
3296 5811 783
3297 3266 399
3298 4652 278
3299 4004 330
3300 3804 319
3301 736 278
3302 3437 197
3303 3982 460
3304 0 -1
3305 6324 199
3306 5399 314
3307 1167 383
3308 5935 374
3309 5949 237
3310 5064 314
3311 4284 391
3312 4629 225
3313 1204 503
3314 910 401
3315 5049 294
3316 839 349
3317 3412 267
3318 391 438
3319 2032 283
3320 2317 449
3321 5330 357
3322 2995 353
3323 6244 324
3324 3309 296
3325 2748 210
3326 1810 469
3327 1429 337
3328 3186 365
3329 5314 372
3330 5222 381
3331 4433 274
3332 3694 238
3333 873 354
3334 1674 64
3335 569 377
3336 4179 387
3337 926 393
3338 4920 350
3339 314 302
3340 2655 362
3341 672 423
3342 2864 340
3343 299 270
3344 5566 290
3345 83 433
3346 1816 392
3347 4125 423
3348 4126 287
3349 2041 330
3350 2015 313
3351 6531 271
3352 1206 346
3353 0 -1
3354 127 293
3355 719 287
3356 6086 374
3357 6441 237
3358 4834 327
3359 0 -1
3360 4767 297
3361 5968 436
3362 2063 399
3363 952 228
3364 521 400
3365 94 502
3366 3309 282
3367 6227 536
3368 613 426
3369 5741 293
3370 6139 443
3371 1976 267
3372 4116 136
3373 0 -1
3374 962 308
3375 5805 363
3376 2254 401
3377 6394 429
3378 5149 288
3379 4728 523
3380 5571 271
3381 2290 342
3382 6402 343
3383 609 354
3384 1959 359
3385 6176 454
3386 2185 332
3387 780 377
3388 3804 328
3389 1160 283
3390 3641 388
3391 2789 221
3392 0 -1
3393 1278 351
3394 5777 352
3395 6561 291
3396 2238 388
3397 151 390
3398 3044 353
3399 4428 309
3400 5883 316
3401 4154 382
3402 1499 387
3403 6342 339
3404 5100 392
3405 1651 376
3406 5484 355
3407 2365 313
3408 0 -1
3409 399 384
3410 487 292
3411 4785 425
3412 3134 267
3413 429 304
3414 3684 327
3415 5249 431
3416 3263 309
3417 116 482
3418 4645 223
3419 262 333
3420 1015 433
3421 0 -1
3422 3208 352
3423 5098 303
3424 317 345
3425 3598 334
3426 6039 310
3427 3377 459
3428 0 -1
3429 3761 352
3430 395 325
3431 4533 223
3432 5726 370
3433 179 355
3434 6378 333
3435 3989 392
3436 1486 355
3437 5732 177
3438 4417 284
3439 4980 416
3440 298 320
3441 1469 196
3442 2866 343
3443 3384 428
3444 5371 615
3445 5398 296
3446 5630 302
3447 686 307
3448 5683 374
3449 5059 324
3450 557 247
3451 2150 371
3452 5411 365
3453 6015 213
3454 3426 361
3455 4776 366
3456 3309 350
3457 5692 193
3458 4475 329
3459 4798 235
3460 5201 463
3461 2802 293
3462 5840 461
3463 3550 396
3464 6594 424
3465 0 -1
3466 2266 282
3467 402 375
3468 1622 347
3469 2236 121
3470 1360 329
3471 2939 339
3472 2516 349
3473 3583 335
3474 4862 338
3475 4173 386
3476 2788 319
3477 1631 249
3478 1912 348
3479 2643 476
3480 821 361
3481 3928 394
3482 1238 368
3483 4256 405
3484 4748 324
3485 0 -1
3486 6349 312
3487 642 278
3488 1791 437
3489 2435 362
3490 5577 364
3491 870 186
3492 3750 249
3493 1168 356
3494 6253 360
3495 2914 415
3496 4418 240
3497 4629 293
3498 5142 262
3499 2627 366
3500 6099 557
3501 3096 302
3502 4540 356
3503 6349 347
3504 5071 343
3505 1196 223
3506 83 413
3507 4643 444
3508 541 423
3509 5203 329
3510 587 250
3511 5723 262
3512 784 331
3513 4384 509
3514 1605 286
3515 2827 320
3516 3550 349
3517 1744 299
3518 2319 300
3519 4076 346
3520 2332 298
3521 2918 330
3522 1972 341
3523 0 -1
3524 1080 407
3525 1445 289
3526 4104 375
3527 5055 450
3528 5545 332
3529 4998 412
3530 2795 337
3531 6131 501
3532 4264 370
3533 702 339
3534 5871 417
3535 6001 372
3536 533 412
3537 1076 362
3538 0 -1
3539 6345 341
3540 2856 295
3541 1526 242
3542 2870 292
3543 41 381
3544 1267 244
3545 2634 459
3546 4444 329
3547 2481 324
3548 2032 234
3549 3291 317
3550 5899 304
3551 2039 342
3552 1557 483
3553 6448 264
3554 615 339
3555 0 -1
3556 342 325
3557 1875 330
3558 4916 304
3559 0 -1
3560 41 413
3561 5248 446
3562 1482 330
3563 5671 315
3564 4624 249
3565 3324 344
3566 4622 488
3567 2062 457
3568 6435 335
3569 2612 261
3570 3251 385
3571 2170 256
3572 2934 536
3573 3867 334
3574 2305 433
3575 1968 280
3576 5227 389
3577 2982 374
3578 4837 357
3579 2739 127
3580 1825 265
3581 5347 353
3582 857 336
3583 1589 303
3584 6138 410
3585 3486 390
3586 4509 294
3587 2436 403
3588 3904 351
3589 2099 276
3590 5337 511
3591 3676 428
3592 1110 276
3593 3445 369
3594 5267 440
3595 4071 358
3596 4482 300
3597 4478 367
3598 5054 318
3599 0 -1
3600 5409 316
3601 414 510
3602 5932 288
3603 3418 225
3604 605 438
3605 5433 432
3606 1857 343
3607 5410 306
3608 1102 366
3609 913 339
3610 3469 157
3611 4011 299
3612 3486 414
3613 5285 335
3614 937 399
3615 5665 129
3616 1664 376
3617 4839 291
3618 2480 242
3619 621 374
3620 3786 397
3621 2485 385
3622 0 -1
3623 4119 408
3624 5013 332
3625 470 428
3626 5908 371
3627 3759 482
3628 2722 320
3629 15 316
3630 5202 261
3631 2240 290
3632 3005 428
3633 2104 338
3634 3324 384
3635 3729 376
3636 6151 406
3637 856 432
3638 4304 353
3639 5935 347
3640 2462 403
3641 5580 313
3642 0 -1
3643 4489 325
3644 5645 638
3645 0 -1
3646 4243 266
3647 3087 184
3648 0 -1
3649 5504 463
3650 2346 417
3651 907 243
3652 1926 491
3653 5438 429
3654 6531 289
3655 3267 353
3656 3088 440
3657 5202 291
3658 2535 265
3659 125 321
3660 1296 419
3661 1804 176
3662 3441 269
3663 1792 385
3664 1725 451
3665 0 -1
3666 627 305
3667 4136 341
3668 663 259
3669 590 410
3670 4318 377
3671 634 301
3672 3507 523
3673 1678 260
3674 6537 251
3675 2560 381
3676 5738 317
3677 5992 423
3678 0 -1
3679 1976 209
3680 1435 525
3681 5843 324
3682 5226 469
3683 1459 262
3684 5395 312
3685 3188 416
3686 1142 346
3687 1102 392
3688 2204 536
3689 0 -1
3690 4295 377
3691 5246 245
3692 2171 297
3693 5582 289
3694 5724 156
3695 963 436
3696 1082 345
3697 2657 275
3698 2859 305
3699 3647 233
3700 786 410
3701 1186 297
3702 0 -1
3703 916 319
3704 2477 411
3705 0 -1
3706 1970 333
3707 1337 345
3708 3917 365
3709 2137 324
3710 0 -1
3711 0 -1
3712 1966 306
3713 1837 351
3714 0 -1
3715 5212 335
3716 4049 398
3717 2057 312
3718 3818 418
3719 5220 165
3720 5403 303
3721 2505 287
3722 3663 447
3723 4411 329
3724 0 -1
3725 1445 324
3726 5852 265
3727 1321 375
3728 2349 429
3729 1259 324
3730 1086 330
3731 3963 308
3732 6078 431
3733 4197 375
3734 43 438
3735 2853 328
3736 4692 196
3737 2538 340
3738 1403 471
3739 0 -1
3740 5176 427
3741 1561 339
3742 4828 469
3743 1530 300
3744 903 479
3745 2635 305
3746 4418 196
3747 2681 356
3748 5692 280
3749 3330 428
3750 4275 237
3751 991 429
3752 3849 321
3753 159 546
3754 2790 392
3755 2172 352
3756 2290 322
3757 914 405
3758 6552 451
3759 6561 372
3760 3949 238
3761 1927 283
3762 3520 367
3763 3225 317
3764 2157 412
3765 2438 316
3766 5487 350
3767 99 346
3768 3643 345
3769 1192 367
3770 5333 370
3771 4611 358
3772 2233 320
3773 850 288
3774 3795 308
3775 4384 440
3776 125 416
3777 5065 381
3778 4938 405
3779 2534 343
3780 6437 378
3781 575 346
3782 5611 419
3783 5597 256
3784 5996 276
3785 0 -1
3786 3498 377
3787 0 -1
3788 899 444
3789 4389 171
3790 172 269
3791 4302 283
3792 3146 338
3793 5764 348
3794 2711 268
3795 2784 284
3796 5069 355
3797 784 259
3798 1214 342
3799 4190 272
3800 5674 375
3801 374 299
3802 5745 315
3803 792 414
3804 307 312
3805 5302 447
3806 6064 276
3807 1873 389
3808 1034 440
3809 942 463
3810 682 443
3811 2478 229
3812 303 452
3813 4517 336
3814 5736 329
3815 1272 333
3816 2084 208
3817 4377 348
3818 2637 323
3819 69 449
3820 1456 209
3821 850 317
3822 5490 313
3823 86 308
3824 2084 227
3825 0 -1
3826 5906 444
3827 0 -1
3828 297 290
3829 2845 315
3830 5519 300
3831 3719 231
3832 3615 129
3833 2719 342
3834 2981 377
3835 1680 414
3836 3979 263
3837 3325 253
3838 5633 200
3839 6391 294
3840 700 411
3841 5400 365
3842 4746 407
3843 6139 387
3844 264 362
3845 3418 309
3846 2449 341
3847 5191 418
3848 4720 417
3849 2739 215
3850 727 305
3851 3097 413
3852 8 360
3853 639 404
3854 0 -1
3855 6136 223
3856 2270 350
3857 1169 457
3858 5597 290
3859 0 -1
3860 6402 427
3861 202 406
3862 1186 228
3863 5055 393
3864 3752 360
3865 3267 363
3866 1917 247
3867 6326 333
3868 2424 525
3869 2252 435
3870 4462 334
3871 580 317
3872 1307 423
3873 4672 300
3874 2942 267
3875 6108 255
3876 5397 328
3877 5935 336
3878 1446 329
3879 1055 459
3880 2756 371
3881 3403 371
3882 0 -1
3883 213 334
3884 299 289
3885 6486 413
3886 4485 485
3887 3372 233
3888 690 240
3889 2549 369
3890 326 319
3891 1092 280
3892 5904 327
3893 3986 334
3894 1448 420
3895 0 -1
3896 5526 384
3897 6595 204
3898 63 393
3899 6553 408
3900 6336 326
3901 2974 317
3902 1288 222
3903 6173 522
3904 1174 297
3905 1869 320
3906 565 311
3907 2685 318
3908 1452 279
3909 5604 284
3910 3916 399
3911 4710 378
3912 4458 380
3913 4833 321
3914 2964 334
3915 1988 473
3916 1663 308
3917 2299 301
3918 3357 350
3919 268 380
3920 1341 233
3921 433 331
3922 5560 456
3923 1951 393
3924 1708 426
3925 6197 389
3926 2048 332
3927 4505 268
3928 2183 303
3929 6015 250
3930 6174 487
3931 1175 248
3932 4448 249
3933 1445 267
3934 667 287
3935 4395 304
3936 4334 258
3937 482 286
3938 5759 357
3939 2065 349
3940 0 -1
3941 5772 220
3942 4544 300
3943 1917 287
3944 0 -1
3945 5193 348
3946 1373 295
3947 718 209
3948 1271 408
3949 4905 221
3950 3260 386
3951 2358 294
3952 383 522
3953 5805 369
3954 3659 388
3955 228 373
3956 1727 371
3957 1884 325
3958 3647 265
3959 3113 410
3960 3624 363
3961 0 -1
3962 1815 282
3963 105 285
3964 798 307
3965 2318 497
3966 1062 326
3967 5138 367
3968 3779 348
3969 2496 391
3970 1545 397
3971 6239 341
3972 1129 366
3973 105 329
3974 3386 359
3975 6512 302
3976 1311 392
3977 3929 291
3978 265 445
3979 1548 161
3980 4934 220
3981 4988 384
3982 3833 360
3983 0 -1
3984 985 495
3985 864 347
3986 5514 326
3987 0 -1
3988 3005 450
3989 289 360
3990 2580 337
3991 1981 541
3992 1300 373
3993 1288 223
3994 268 403
3995 3049 314
3996 1509 305
3997 4905 277
3998 3280 247
3999 5447 304
4000 4768 379
4001 206 353
4002 3420 442
4003 5195 340
4004 2649 283
4005 5979 382
4006 6107 225
4007 715 322
4008 725 83
4009 2370 375
4010 2690 237
4011 1594 260
4012 2332 328
4013 3813 409
4014 578 193
4015 5043 386
4016 1246 438
4017 4191 308
4018 3926 372
4019 404 372
4020 0 -1
4021 2754 404
4022 126 304
4023 1353 338
4024 539 391
4025 4904 370
4026 0 -1
4027 2024 437
4028 3569 343
4029 3980 258
4030 3475 401
4031 4406 392
4032 181 319
4033 885 360
4034 3454 468
4035 557 335
4036 4319 395
4037 4278 406
4038 1269 392
4039 998 243
4040 423 360
4041 0 -1
4042 1576 248
4043 562 203
4044 694 322
4045 4198 570
4046 3897 241
4047 557 308
4048 3287 354
4049 3378 341
4050 5247 341
4051 1933 391
4052 0 -1
4053 3675 464
4054 3912 458
4055 0 -1
4056 5081 425
4057 864 372
4058 3568 374
4059 3295 239
4060 4275 350
4061 0 -1
4062 5850 348
4063 849 301
4064 135 328
4065 4829 325
4066 3233 384
4067 0 -1
4068 767 210
4069 3007 385
4070 1452 180
4071 2042 314
4072 0 -1
4073 4427 502
4074 5692 251
4075 5471 383
4076 599 336
4077 4266 464
4078 4777 275
4079 4526 372
4080 5097 316
4081 0 -1
4082 13 324
4083 2294 373
4084 6278 292
4085 103 303
4086 4627 406
4087 5086 355
4088 4100 317
4089 4279 407
4090 1833 328
4091 6548 424
4092 0 -1
4093 28 341
4094 1966 300
4095 6172 319
4096 5409 289
4097 5019 279
4098 2456 404
4099 5889 445
4100 2613 247
4101 3020 257
4102 3951 341
4103 2026 326
4104 5675 347
4105 2233 351
4106 4398 430
4107 3262 331
4108 508 483
4109 447 348
4110 3894 420
4111 3091 360
4112 3568 373
4113 5873 224
4114 3993 318
4115 2000 349
4116 5997 121
4117 0 -1
4118 5633 274
4119 5258 390
4120 2678 364
4121 3681 364
4122 5694 218
4123 6470 276
4124 5694 278
4125 1879 415
4126 4803 259
4127 4148 437
4128 3224 256
4129 0 -1
4130 5246 209
4131 3342 443
4132 4338 359
4133 3283 237
4134 3547 358
4135 4214 327
4136 2909 296
4137 6218 304
4138 702 401
4139 6550 393
4140 2906 369
4141 61 266
4142 6203 263
4143 5807 299
4144 0 -1
4145 2975 337
4146 1804 171
4147 3208 323
4148 4088 324
4149 3451 394
4150 4146 212
4151 1877 306
4152 4323 441
4153 3731 308
4154 1094 319
4155 185 238
4156 5644 420
4157 2269 497
4158 351 306
4159 4169 395
4160 2895 484
4161 2454 500
4162 0 -1
4163 4943 229
4164 3238 385
4165 6553 487
4166 1180 446
4167 1202 289
4168 5996 306
4169 3093 357
4170 6422 288
4171 3123 602
4172 1298 339
4173 4792 370
4174 1017 444
4175 2618 408
4176 3627 600
4177 77 271
4178 3924 490
4179 3661 291
4180 0 -1
4181 3244 391
4182 1158 143
4183 0 -1
4184 395 330
4185 4475 358
4186 4639 399
4187 4118 371
4188 0 -1
4189 4095 329
4190 3862 257
4191 3875 263
4192 3491 261
4193 3582 378
4194 4179 302
4195 3681 360
4196 5484 341
4197 3496 312
4198 3994 457
4199 1699 390
4200 5064 348
4201 4655 257
4202 2940 307
4203 3307 402
4204 4264 392
4205 2241 422
4206 5333 378
4207 6283 486
4208 719 288
4209 4429 353
4210 6163 365
4211 6244 288
4212 3855 314
4213 5651 456
4214 1482 309
4215 0 -1
4216 6506 331
4217 2162 382
4218 4084 307
4219 1476 273
4220 4435 392
4221 1720 383
4222 3508 536
4223 619 425
4224 447 342
4225 1365 416
4226 6145 239
4227 5236 221
4228 342 313
4229 3357 330
4230 4141 386
4231 4978 361
4232 2864 249
4233 736 180
4234 5340 200
4235 4379 246
4236 3506 467
4237 4130 248
4238 6597 324
4239 5851 409
4240 6510 249
4241 629 271
4242 2636 484
4243 4619 180
4244 5159 332
4245 1065 266
4246 3655 358
4247 849 280
4248 6495 427
4249 2778 278
4250 4185 447
4251 283 326
4252 1278 323
4253 0 -1
4254 3208 296
4255 665 402
4256 6416 379
4257 4818 183
4258 787 271
4259 4440 184
4260 0 -1
4261 781 181
4262 4338 313
4263 787 387
4264 5580 274
4265 2195 344
4266 5223 401
4267 0 -1
4268 4509 291
4269 6590 365
4270 4511 353
4271 3515 344
4272 1227 371
4273 135 286
4274 0 -1
4275 6120 230
4276 2988 370
4277 3256 344
4278 2254 333
4279 2041 350
4280 2391 345
4281 4235 304
4282 6595 241
4283 5595 389
4284 5845 362
4285 4588 292
4286 2405 385
4287 3831 256
4288 1825 267
4289 6508 311
4290 1253 329
4291 1674 72
4292 2524 469
4293 1822 352
4294 1014 411
4295 6258 309
4296 0 -1
4297 2238 358
4298 3151 248
4299 4059 329
4300 2637 297
4301 0 -1
4302 6324 213
4303 4237 266
4304 6189 324
4305 5596 452
4306 5586 358
4307 5954 231
4308 0 -1
4309 5827 416
4310 6108 307
4311 2787 352
4312 6393 255
4313 0 -1
4314 249 349
4315 1469 173
4316 1677 245
4317 724 554
4318 3466 337
4319 2483 385
4320 1191 317
4321 3137 348
4322 2914 408
4323 6209 389
4324 0 -1
4325 1486 447
4326 27 170
4327 1712 369
4328 2902 334
4329 2719 363
4330 45 403
4331 945 291
4332 5171 406
4333 1063 191
4334 3849 257
4335 2859 416
4336 5258 341
4337 2758 362
4338 5934 303
4339 5184 319
4340 3141 397
4341 4992 472
4342 143 417
4343 3719 265
4344 2706 290
4345 3355 335
4346 2993 338
4347 1768 395
4348 4489 360
4349 1254 464
4350 5283 320
4351 264 334
4352 234 336
4353 4391 383
4354 2417 281
4355 2518 265
4356 4767 329
4357 55 334
4358 3839 367
4359 4794 427
4360 1944 358
4361 4919 183
4362 1039 318
4363 4978 364
4364 2419 298
4365 2618 490
4366 4266 420
4367 0 -1
4368 5082 354
4369 3189 285
4370 0 -1
4371 1018 413
4372 0 -1
4373 5496 367
4374 2638 397
4375 615 258
4376 2878 375
4377 4420 316
4378 2106 239
4379 1468 232
4380 3792 401
4381 1826 505
4382 37 303
4383 4587 383
4384 1969 394
4385 163 307
4386 2974 319
4387 1420 356
4388 5319 597
4389 4619 169
4390 2117 376
4391 4506 320
4392 4796 214
4393 4576 394
4394 5834 309
4395 870 268
4396 6314 714
4397 323 361
4398 2568 375
4399 3363 328
4400 5433 463
4401 0 -1
4402 3142 255
4403 6107 291
4404 2582 403
4405 4585 399
4406 3387 389
4407 0 -1
4408 3243 327
4409 6037 425
4410 5846 280
4411 5389 288
4412 3397 453
4413 1727 315
4414 1610 338
4415 115 479
4416 3078 291
4417 5899 281
4418 5926 186
4419 2082 456
4420 6557 313
4421 2841 438
4422 3477 330
4423 0 -1
4424 4392 296
4425 2335 396
4426 3357 304
4427 5472 411
4428 747 275
4429 1026 338
4430 3697 356
4431 2786 196
4432 6141 327
4433 1869 267
4434 456 458
4435 6052 309
4436 3441 303
4437 1637 314
4438 384 425
4439 413 480
4440 4520 166
4441 1056 368
4442 751 298
4443 0 -1
4444 2362 306
4445 390 388
4446 5404 303
4447 1677 280
4448 2383 230
4449 4115 357
4450 3220 405
4451 4950 433
4452 4837 309
4453 6405 421
4454 2567 318
4455 88 382
4456 3099 315
4457 2489 307
4458 4251 368
4459 485 323
4460 744 321
4461 3441 280
4462 854 275
4463 1228 465
4464 1727 368
4465 0 -1
4466 169 392
4467 5254 323
4468 2046 326
4469 5078 525
4470 0 -1
4471 4539 362
4472 2716 358
4473 1468 231
4474 6160 526
4475 4343 296
4476 289 305
4477 2905 366
4478 5585 331
4479 1335 396
4480 5668 352
4481 6218 328
4482 6015 295
4483 3695 464
4484 5013 299
4485 5306 369
4486 1778 313
4487 1528 497
4488 558 358
4489 1778 295
4490 0 -1
4491 466 295
4492 5189 439
4493 5412 313
4494 2307 378
4495 3351 335
4496 5419 376
4497 0 -1
4498 468 349
4499 1636 442
4500 5139 358
4501 307 281
4502 4431 248
4503 0 -1
4504 6245 364
4505 2989 249
4506 3251 314
4507 5113 359
4508 4069 426
4509 3134 279
4510 2917 338
4511 4891 324
4512 3931 307
4513 4800 489
4514 3154 417
4515 1086 282
4516 5998 309
4517 5355 307
4518 2323 283
4519 2548 360
4520 766 125
4521 4414 358
4522 6051 323
4523 4937 397
4524 2377 477
4525 1065 237
4526 2133 307
4527 2853 366
4528 4561 268
4529 1970 303
4530 5704 516
4531 0 -1
4532 3001 305
4533 1053 133
4534 3774 362
4535 5325 370
4536 3628 327
4537 4323 402
4538 4447 288
4539 1262 358
4540 2558 294
4541 334 395
4542 2158 419
4543 1357 384
4544 3437 245
4545 5216 451
4546 3338 462
4547 122 346
4548 5700 366
4549 4958 349
4550 1856 519
4551 187 395
4552 5019 237
4553 4700 234
4554 1536 335
4555 5496 372
4556 34 461
4557 0 -1
4558 3694 169
4559 0 -1
4560 344 257
4561 1978 267
4562 2712 283
4563 4122 253
4564 6293 329
4565 1405 410
4566 1674 154
4567 0 -1
4568 5613 354
4569 4871 490
4570 3437 259
4571 2441 269
4572 539 432
4573 2874 473
4574 1803 335
4575 0 -1
4576 4975 285
4577 6064 280
4578 2613 255
4579 3879 530
4580 6448 258
4581 4594 289
4582 5689 215
4583 2325 291
4584 1893 421
4585 4574 343
4586 1699 459
4587 2274 360
4588 4505 270
4589 4155 341
4590 3839 334
4591 3016 230
4592 0 -1
4593 4655 338
4594 5838 281
4595 767 210
4596 3855 320
4597 1585 406
4598 3691 351
4599 941 390
4600 5139 303
4601 343 405
4602 5591 316
4603 2016 562
4604 5547 344
4605 3748 328
4606 1251 491
4607 1340 494
4608 4487 610
4609 3020 362
4610 5138 358
4611 2937 353
4612 5593 637
4613 652 364
4614 2649 306
4615 681 434
4616 2228 358
4617 0 -1
4618 4564 367
4619 44 141
4620 784 239
4621 530 274
4622 3067 373
4623 0 -1
4624 4146 176
4625 2116 225
4626 2929 332
4627 2271 370
4628 3933 386
4629 3661 200
4630 5463 354
4631 4770 333
4632 1497 436
4633 3999 384
4634 375 363
4635 3839 402
4636 0 -1
4637 2823 393
4638 2459 333
4639 5652 307
4640 3418 246
4641 744 357
4642 0 -1
4643 2296 401
4644 0 -1
4645 6061 189
4646 6404 491
4647 1082 311
4648 4670 411
4649 3905 350
4650 3796 398
4651 4913 376
4652 135 278
4653 2668 345
4654 0 -1
4655 1353 255
4656 5154 393
4657 2353 402
4658 6048 255
4659 0 -1
4660 1015 347
4661 706 367
4662 6597 372
4663 4070 252
4664 5717 321
4665 1511 415
4666 4581 384
4667 2761 447
4668 1692 322
4669 521 356
4670 1479 324
4671 848 282
4672 6014 298
4673 146 462
4674 587 359
4675 3397 404
4676 0 -1
4677 0 -1
4678 264 373
4679 5698 429
4680 3234 331
4681 3247 225
4682 274 436
4683 2341 416
4684 1816 333
4685 5597 184
4686 6246 365
4687 5044 321
4688 205 582
4689 5669 354
4690 4999 302
4691 6354 438
4692 106 138
4693 3109 297
4694 2361 327
4695 5365 257
4696 519 370
4697 2146 376
4698 1940 396
4699 2687 340
4700 1267 213
4701 2293 493
4702 3595 461
4703 2144 304
4704 5137 354
4705 5524 308
4706 3672 612
4707 5694 290
4708 5234 412
4709 5908 339
4710 1232 296
4711 1590 430
4712 0 -1
4713 2809 424
4714 5629 428
4715 70 350
4716 5717 383
4717 3936 305
4718 3142 260
4719 2612 269
4720 2024 377
4721 1719 379
4722 744 315
4723 2741 396
4724 6162 282
4725 113 385
4726 937 342
4727 169 363
4728 290 403
4729 0 -1
4730 6399 365
4731 2534 324
4732 4705 339
4733 6434 326
4734 6571 403
4735 6341 346
4736 877 293
4737 2105 345
4738 5113 330
4739 5864 350
4740 2057 309
4741 2661 375
4742 6299 414
4743 2552 317
4744 5303 358
4745 5065 370
4746 2392 401
4747 4128 351
4748 4818 205
4749 0 -1
4750 3655 408
4751 3173 472
4752 2820 279
4753 1122 199
4754 3325 273
4755 1763 343
4756 4855 250
4757 690 306
4758 2694 269
4759 3480 366
4760 3220 366
4761 1517 330
4762 4903 300
4763 5879 402
4764 0 -1
4765 5829 350
4766 2950 183
4767 5410 288
4768 1659 313
4769 2924 436
4770 3131 223
4771 6448 317
4772 5405 448
4773 2240 347
4774 5172 458
4775 5310 418
4776 2008 327
4777 6196 256
4778 1446 370
4779 0 -1
4780 6586 333
4781 6393 314
4782 1381 402
4783 6479 435
4784 3520 415
4785 554 397
4786 3892 421
4787 6447 400
4788 4190 359
4789 2102 458
4790 6319 250
4791 3419 380
4792 5311 341
4793 5228 394
4794 2578 345
4795 3926 340
4796 4389 178
4797 3934 329
4798 1288 216
4799 3838 254
4800 5347 390
4801 744 388
4802 3999 344
4803 3295 226
4804 4104 364
4805 0 -1
4806 4874 348
4807 5895 452
4808 0 -1
4809 4719 370
4810 5982 394
4811 0 -1
4812 5142 284
4813 0 -1
4814 2043 406
4815 0 -1
4816 726 187
4817 3243 326
4818 4692 179
4819 1674 139
4820 2616 478
4821 4265 388
4822 3893 403
4823 2962 209
4824 5489 333
4825 6091 377
4826 2577 481
4827 3122 357
4828 5302 445
4829 3151 234
4830 350 382
4831 4787 455
4832 2589 419
4833 2414 253
4834 736 292
4835 1742 410
4836 5949 312
4837 4235 292
4838 5120 315
4839 5932 276
4840 654 438
4841 5945 323
4842 3431 300
4843 1576 275
4844 1849 432
4845 3294 459
4846 3607 322
4847 2024 404
4848 4051 476
4849 1729 423
4850 0 -1
4851 2047 354
4852 4520 232
4853 3190 353
4854 1679 302
4855 1292 206
4856 3183 329
4857 6588 355
4858 4399 343
4859 1071 421
4860 0 -1
4861 0 -1
4862 3068 305
4863 3228 369
4864 6587 419
4865 0 -1
4866 1540 257
4867 6434 341
4868 4553 265
4869 5566 295
4870 261 515
4871 2354 407
4872 4650 479
4873 2962 168
4874 821 341
4875 2579 402
4876 5072 305
4877 5003 426
4878 3979 188
4879 2185 364
4880 1109 446
4881 6581 362
4882 5740 297
4883 5120 360
4884 0 -1
4885 1000 332
4886 6232 411
4887 1175 252
4888 2227 377
4889 4878 228
4890 5974 478
4891 6493 266
4892 133 406
4893 3743 316
4894 3830 331
4895 733 337
4896 2676 422
4897 594 280
4898 0 -1
4899 4413 405
4900 3819 506
4901 5144 313
4902 1966 377
4903 4796 286
4904 3300 324
4905 106 221
4906 3515 371
4907 5810 282
4908 0 -1
4909 1996 319
4910 6165 249
4911 1202 294
4912 4355 339
4913 2138 304
4914 1672 285
4915 1207 344
4916 5699 252
4917 6509 308
4918 2079 409
4919 20 96
4920 6053 291
4921 5213 313
4922 2155 284
4923 5552 394
4924 6444 332
4925 5245 321
4926 1082 324
4927 6417 405
4928 1773 314
4929 6179 354
4930 0 -1
4931 2714 188
4932 1845 439
4933 4693 376
4934 5140 172
4935 3221 395
4936 6580 315
4937 4726 346
4938 3121 387
4939 5318 374
4940 759 378
4941 1828 408
4942 639 426
4943 1341 223
4944 2506 385
4945 937 349
4946 686 326
4947 0 -1
4948 1859 376
4949 5846 265
4950 4854 366
4951 0 -1
4952 2684 361
4953 4787 449
4954 4823 268
4955 5640 295
4956 5112 337
4957 5184 317
4958 1885 303
4959 6378 297
4960 3049 325
4961 3723 359
4962 4839 330
4963 5086 255
4964 865 341
4965 1679 344
4966 6179 446
4967 4460 358
4968 2484 328
4969 3819 545
4970 2738 395
4971 5166 240
4972 6212 295
4973 5600 384
4974 5677 400
4975 2116 249
4976 0 -1
4977 1815 273
4978 4589 353
4979 6454 356
4980 5998 335
4981 5596 416
4982 0 -1
4983 1131 301
4984 505 446
4985 4158 347
4986 4841 330
4987 5598 364
4988 4211 318
4989 1827 284
4990 5340 243
4991 449 366
4992 5833 371
4993 1837 392
4994 3811 281
4995 6146 357
4996 6527 361
4997 0 -1
4998 537 312
4999 5597 212
5000 5264 334
5001 3454 412
5002 2705 426
5003 385 335
5004 1923 423
5005 1194 316
5006 1044 373
5007 582 377
5008 1883 424
5009 299 315
5010 4598 401
5011 2802 378
5012 1063 136
5013 2991 254
5014 4933 411
5015 2924 387
5016 3976 406
5017 3418 334
5018 5845 429
5019 736 180
5020 562 273
5021 0 -1
5022 2142 354
5023 490 428
5024 0 -1
5025 4100 282
5026 0 -1
5027 5272 398
5028 3445 310
5029 4203 424
5030 0 -1
5031 5430 421
5032 0 -1
5033 3797 328
5034 3135 361
5035 343 361
5036 1346 325
5037 938 512
5038 0 -1
5039 966 261
5040 4963 336
5041 2378 365
5042 0 -1
5043 4293 386
5044 6192 242
5045 784 257
5046 3777 398
5047 1874 474
5048 3429 396
5049 1363 226
5050 5566 296
5051 3445 392
5052 4748 281
5053 303 446
5054 3691 274
5055 2930 363
5056 0 -1
5057 70 320
5058 1884 329
5059 781 239
5060 1296 354
5061 5835 423
5062 132 363
5063 870 259
5064 2237 306
5065 3312 262
5066 6009 444
5067 2561 353
5068 5194 336
5069 2165 325
5070 289 381
5071 4798 252
5072 3096 258
5073 219 395
5074 1082 275
5075 4692 189
5076 4960 329
5077 1983 283
5078 4667 520
5079 5802 310
5080 832 390
5081 298 359
5082 5666 324
5083 3092 294
5084 5878 371
5085 4307 298
5086 3171 247
5087 1038 247
5088 5428 360
5089 1183 299
5090 1894 557
5091 1008 420
5092 1541 342
5093 2426 329
5094 2044 444
5095 6270 426
5096 2987 537
5097 5314 316
5098 6531 293
5099 4733 403
5100 5636 349
5101 1936 283
5102 4873 195
5103 2057 307
5104 2870 236
5105 5744 374
5106 2050 344
5107 3736 201
5108 6162 351
5109 2409 365
5110 520 450
5111 5725 258
5112 3423 311
5113 5338 247
5114 199 424
5115 6376 341
5116 5211 322
5117 561 443
5118 3565 424
5119 1147 398
5120 4591 274
5121 1272 320
5122 2362 297
5123 1227 319
5124 453 335
5125 1017 423
5126 5527 372
5127 2308 364
5128 5432 388
5129 421 382
5130 6547 357
5131 2106 253
5132 5183 441
5133 2985 330
5134 159 520
5135 6531 246
5136 155 450
5137 15 283
5138 603 294
5139 2989 238
5140 1063 152
5141 2455 350
5142 4182 201
5143 4707 383
5144 6192 294
5145 1139 360
5146 6450 413
5147 1120 507
5148 5846 327
5149 3579 180
5150 3068 271
5151 5597 204
5152 4009 434
5153 3368 453
5154 5285 347
5155 3401 496
5156 5613 381
5157 3348 321
5158 132 388
5159 642 309
5160 1547 333
5161 5851 321
5162 2926 401
5163 2035 314
5164 1961 454
5165 4674 373
5166 6537 165
5167 6218 307
5168 6190 157
5169 2158 394
5170 2691 458
5171 5964 327
5172 1148 390
5173 2193 383
5174 5126 393
5175 1056 362
5176 594 330
5177 4307 248
5178 5789 369
5179 4604 371
5180 3396 501
5181 5048 433
5182 6253 299
5183 2143 439
5184 5791 291
5185 1063 174
5186 5149 260
5187 4689 408
5188 2298 332
5189 630 354
5190 305 413
5191 232 367
5192 390 386
5193 4994 336
5194 5954 333
5195 3914 338
5196 3858 342
5197 0 -1
5198 1776 389
5199 4761 332
5200 2704 476
5201 1447 422
5202 1384 253
5203 3674 314
5204 289 331
5205 0 -1
5206 2018 332
5207 403 501
5208 5309 330
5209 3492 266
5210 5114 468
5211 3949 273
5212 5884 259
5213 1517 301
5214 3425 365
5215 4891 290
5216 1306 393
5217 677 315
5218 3783 256
5219 3894 514
5220 3334 95
5221 5455 321
5222 2855 324
5223 288 292
5224 486 313
5225 2878 285
5226 943 440
5227 2272 360
5228 71 307
5229 6551 363
5230 0 -1
5231 530 279
5232 747 354
5233 2621 314
5234 5321 377
5235 3904 411
5236 5597 213
5237 1111 415
5238 1708 349
5239 2693 317
5240 6264 284
5241 5188 377
5242 2763 261
5243 6005 412
5244 3467 378
5245 6108 304
5246 1158 208
5247 3998 300
5248 827 378
5249 454 411
5250 5812 362
5251 5524 357
5252 2662 285
5253 5115 360
5254 1549 318
5255 3281 420
5256 6600 263
5257 4078 301
5258 1360 318
5259 2120 375
5260 209 346
5261 760 220
5262 485 311
5263 5531 369
5264 3131 218
5265 0 -1
5266 832 377
5267 246 342
5268 6141 294
5269 133 311
5270 4214 429
5271 4635 460
5272 5700 354
5273 217 428
5274 133 353
5275 1409 390
5276 0 -1
5277 5910 338
5278 0 -1
5279 3633 360
5280 4391 379
5281 4795 357
5282 4973 461
5283 4629 306
5284 4796 204
5285 5332 273
5286 4521 405
5287 1084 282
5288 1833 315
5289 2198 402
5290 3114 283
5291 1858 277
5292 449 409
5293 5621 433
5294 41 435
5295 4825 378
5296 3690 451
5297 1295 381
5298 5179 480
5299 5194 432
5300 1737 356
5301 4262 319
5302 1068 330
5303 5239 341
5304 314 206
5305 2590 311
5306 255 364
5307 550 382
5308 5914 327
5309 2359 326
5310 4916 312
5311 1840 316
5312 6258 365
5313 4321 384
5314 329 257
5315 2914 333
5316 1760 303
5317 671 461
5318 3022 335
5319 2206 533
5320 4954 275
5321 2815 350
5322 2944 298
5323 656 252
5324 6347 155
5325 503 284
5326 3368 526
5327 3823 375
5328 1629 317
5329 4506 356
5330 4994 286
5331 6162 275
5332 781 250
5333 3213 369
5334 1439 360
5335 309 461
5336 5914 347
5337 953 476
5338 4692 213
5339 3673 280
5340 804 198
5341 2480 244
5342 2156 417
5343 4422 345
5344 0 -1
5345 4237 258
5346 4068 214
5347 4123 337
5348 2759 335
5349 5582 322
5350 344 280
5351 5561 274
5352 5800 312
5353 3370 507
5354 1758 583
5355 6319 283
5356 2078 396
5357 0 -1
5358 6403 433
5359 5671 308
5360 640 363
5361 1783 351
5362 1416 359
5363 352 345
5364 4562 357
5365 3459 251
5366 4511 357
5367 3337 501
5368 6466 397
5369 3977 334
5370 0 -1
5371 5896 528
5372 3760 247
5373 3525 323
5374 3295 184
5375 312 408
5376 5004 514
5377 3203 392
5378 4719 364
5379 1187 384
5380 5329 459
5381 6449 377
5382 5661 404
5383 2716 297
5384 6218 409
5385 2253 506
5386 1629 317
5387 460 432
5388 6392 225
5389 4919 194
5390 1170 447
5391 4436 370
5392 3692 346
5393 2981 346
5394 5897 372
5395 3866 305
5396 0 -1
5397 204 312
5398 656 196
5399 1191 304
5400 5745 308
5401 1684 348
5402 5454 332
5403 6485 252
5404 4905 291
5405 2047 370
5406 977 322
5407 3832 239
5408 6236 304
5409 3736 211
5410 2419 266
5411 6590 305
5412 3457 243
5413 206 417
5414 1401 405
5415 0 -1
5416 3646 315
5417 288 371
5418 2667 293
5419 1631 284
5420 5903 253
5421 6550 364
5422 3504 400
5423 2114 460
5424 1163 340
5425 4843 346
5426 863 502
5427 3134 276
5428 2996 269
5429 5070 468
5430 3890 362
5431 316 457
5432 515 295
5433 2810 390
5434 0 -1
5435 0 -1
5436 845 355
5437 1463 448
5438 2010 362
5439 4258 353
5440 2420 359
5441 1792 502
5442 0 -1
5443 569 294
5444 2235 582
5445 5103 327
5446 2764 301
5447 2383 210
5448 6293 320
5449 2627 386
5450 1181 336
5451 4522 345
5452 467 391
5453 5634 359
5454 2748 321
5455 3838 289
5456 0 -1
5457 1634 466
5458 1994 401
5459 135 305
5460 927 434
5461 0 -1
5462 232 356
5463 5352 325
5464 0 -1
5465 4314 444
5466 3053 421
5467 0 -1
5468 6204 299
5469 2238 345
5470 4413 339
5471 966 335
5472 614 305
5473 6026 374
5474 118 419
5475 3203 402
5476 6023 403
5477 5857 392
5478 3972 421
5479 1352 414
5480 0 -1
5481 3694 257
5482 4462 353
5483 5048 412
5484 5186 269
5485 5122 311
5486 0 -1
5487 123 297
5488 4916 336
5489 3389 326
5490 126 302
5491 1321 350
5492 4862 384
5493 6590 302
5494 1070 348
5495 4436 307
5496 5701 297
5497 1023 303
5498 2236 125
5499 3334 117
5500 0 -1
5501 5161 397
5502 532 293
5503 2131 352
5504 29 360
5505 703 443
5506 24 376
5507 6003 342
5508 3215 356
5509 2607 365
5510 4444 347
5511 853 253
5512 2361 335
5513 462 499
5514 2301 263
5515 3061 376
5516 834 353
5517 3569 266
5518 1083 389
5519 1051 209
5520 3746 297
5521 429 279
5522 0 -1
5523 1342 225
5524 5748 308
5525 6549 310
5526 1853 327
5527 2785 336
5528 4681 282
5529 5285 331
5530 85 347
5531 3225 308
5532 532 319
5533 5264 240
5534 755 375
5535 2722 388
5536 1294 290
5537 6505 388
5538 0 -1
5539 1726 416
5540 1667 367
5541 3479 482
5542 4720 489
5543 6337 366
5544 4903 341
5545 4473 280
5546 2421 361
5547 728 297
5548 0 -1
5549 2738 409
5550 845 276
5551 0 -1
5552 1125 348
5553 5228 353
5554 257 361
5555 528 436
5556 580 332
5557 5383 332
5558 1509 386
5559 3737 434
5560 3178 381
5561 5398 224
5562 5693 499
5563 1419 430
5564 5741 232
5565 0 -1
5566 1909 286
5567 3806 324
5568 4248 456
5569 0 -1
5570 1538 323
5571 3268 248
5572 458 374
5573 3170 340
5574 0 -1
5575 2359 313
5576 1335 395
5577 2099 299
5578 1852 439
5579 3778 442
5580 3820 253
5581 1156 512
5582 3357 257
5583 4201 359
5584 1251 410
5585 4770 232
5586 2884 248
5587 6317 373
5588 4300 380
5589 5567 381
5590 2180 577
5591 3789 217
5592 0 -1
5593 2646 518
5594 5401 366
5595 2434 363
5596 268 359
5597 1122 171
5598 5454 329
5599 4689 459
5600 4498 361
5601 4196 406
5602 5195 406
5603 0 -1
5604 77 262
5605 3547 443
5606 1901 365
5607 1804 224
5608 2118 416
5609 464 448
5610 1271 436
5611 1283 364
5612 2570 391
5613 5999 305
5614 2225 341
5615 1447 336
5616 5893 268
5617 5499 185
5618 966 315
5619 6560 351
5620 6043 382
5621 554 380
5622 0 -1
5623 4906 389
5624 2684 280
5625 0 -1
5626 0 -1
5627 5104 267
5628 199 345
5629 2711 324
5630 4315 254
5631 2324 348
5632 262 298
5633 3469 198
5634 2211 316
5635 233 459
5636 429 335
5637 2967 236
5638 2584 456
5639 4440 273
5640 4042 294
5641 1003 442
5642 5463 379
5643 5303 417
5644 2518 353
5645 6371 527
5646 5384 459
5647 1487 261
5648 0 -1
5649 744 291
5650 4614 309
5651 3113 383
5652 3459 259
5653 4164 410
5654 6487 389
5655 4280 395
5656 5113 261
5657 3903 551
5658 2351 344
5659 0 -1
5660 0 -1
5661 6192 350
5662 550 405
5663 2062 451
5664 6192 247
5665 2069 116
5666 3096 253
5667 290 333
5668 568 307
5669 97 330
5670 2150 356
5671 854 291
5672 5242 360
5673 2822 521
5674 3369 336
5675 4462 298
5676 921 422
5677 1278 369
5678 18 341
5679 2099 278
5680 3492 263
5681 2268 421
5682 0 -1
5683 6444 368
5684 6221 464
5685 4430 462
5686 6556 271
5687 170 369
5688 3020 278
5689 3109 210
5690 5326 628
5691 892 453
5692 5873 176
5693 4867 405
5694 1310 181
5695 57 351
5696 4916 268
5697 841 391
5698 2158 390
5699 2713 221
5700 6479 347
5701 3837 268
5702 421 353
5703 1833 382
5704 2732 427
5705 4552 266
5706 6236 300
5707 697 350
5708 6557 351
5709 4995 412
5710 2412 370
5711 5372 328
5712 1293 400
5713 1310 167
5714 4340 498
5715 2983 222
5716 129 417
5717 2332 302
5718 3025 392
5719 876 477
5720 2506 325
5721 0 -1
5722 387 441
5723 5498 172
5724 5498 138
5725 1175 189
5726 653 330
5727 533 471
5728 2541 418
5729 2323 258
5730 2592 640
5731 355 337
5732 5597 173
5733 1228 374
5734 449 335
5735 391 466
5736 6278 327
5737 6192 251
5738 550 315
5739 0 -1
5740 2690 272
5741 3016 225
5742 3698 389
5743 136 318
5744 6155 356
5745 3661 276
5746 1737 365
5747 0 -1
5748 1023 276
5749 6547 330
5750 5694 222
5751 715 337
5752 6579 426
5753 0 -1
5754 1590 425
5755 1462 330
5756 4658 317
5757 6204 368
5758 2901 391
5759 695 337
5760 6532 432
5761 6348 367
5762 4672 401
5763 2633 290
5764 2154 295
5765 1360 253
5766 3585 397
5767 718 292
5768 3305 201
5769 4992 394
5770 5586 262
5771 950 389
5772 3372 209
5773 6148 398
5774 5749 443
5775 6245 291
5776 44 131
5777 2988 319
5778 3063 286
5779 1398 350
5780 5998 317
5781 4095 418
5782 4333 234
5783 4126 259
5784 4194 349
5785 1861 319
5786 5287 347
5787 1870 432
5788 2700 394
5789 3496 355
5790 3093 384
5791 4130 249
5792 2386 436
5793 4034 567
5794 6051 348
5795 2769 536
5796 2770 416
5797 2713 216
5798 3173 469
5799 2326 349
5800 245 287
5801 5126 377
5802 3674 271
5803 3553 339
5804 4116 162
5805 6102 312
5806 5304 218
5807 2989 183
5808 4378 260
5809 2101 194
5810 3580 270
5811 2468 721
5812 6309 350
5813 3322 402
5814 5106 367
5815 3021 351
5816 2058 455
5817 771 399
5818 1663 391
5819 3449 325
5820 5694 191
5821 848 299
5822 0 -1
5823 3913 332
5824 5553 418
5825 5588 386
5826 6559 364
5827 2091 371
5828 5040 340
5829 5731 344
5830 3226 336
5831 1360 275
5832 1465 439
5833 530 302
5834 5365 255
5835 3735 376
5836 71 301
5837 1077 331
5838 5168 246
5839 4529 380
5840 2905 341
5841 1276 402
5842 3265 367
5843 4130 263
5844 4467 415
5845 5627 352
5846 3441 225
5847 2153 292
5848 5150 332
5849 0 -1
5850 3850 331
5851 4839 307
5852 1631 261
5853 1787 334
5854 970 378
5855 4571 347
5856 2743 368
5857 5619 387
5858 3033 497
5859 3459 317
5860 3492 328
5861 3506 413
5862 784 253
5863 2125 313
5864 2074 347
5865 1533 463
5866 3000 377
5867 6284 461
5868 2625 391
5869 614 379
5870 5652 318
5871 6577 325
5872 5165 489
5873 3579 127
5874 0 -1
5875 1658 341
5876 5835 392
5877 2101 167
5878 2094 351
5879 4515 400
5880 6544 421
5881 812 324
5882 854 264
5883 5395 315
5884 565 219
5885 2593 270
5886 5262 350
5887 3957 423
5888 4604 382
5889 3315 384
5890 189 376
5891 220 341
5892 2264 468
5893 5338 252
5894 0 -1
5895 3057 376
5896 6202 442
5897 5521 294
5898 648 310
5899 567 236
5900 1833 410
5901 1403 487
5902 570 347
5903 6012 245
5904 2535 243
5905 2448 341
5906 4255 426
5907 3452 398
5908 3661 286
5909 1070 422
5910 4344 324
5911 2172 318
5912 28 335
5913 4553 354
5914 3932 320
5915 5081 410
5916 749 377
5917 2163 469
5918 0 -1
5919 5881 336
5920 4335 442
5921 6538 544
5922 326 294
5923 559 264
5924 2094 356
5925 4887 294
5926 2338 124
5927 3699 322
5928 477 376
5929 6523 445
5930 302 433
5931 4665 501
5932 2864 246
5933 3325 302
5934 1426 265
5935 1413 293
5936 4285 361
5937 879 433
5938 4635 415
5939 5577 372
5940 5701 372
5941 1169 466
5942 4562 339
5943 0 -1
5944 6460 305
5945 4403 309
5946 3668 351
5947 1588 310
5948 1435 481
5949 1310 211
5950 6485 343
5951 3077 344
5952 1353 288
5953 4841 362
5954 2601 226
5955 2556 551
5956 3707 371
5957 2280 370
5958 0 -1
5959 5627 339
5960 2410 375
5961 0 -1
5962 1269 338
5963 0 -1
5964 3413 317
5965 3355 396
5966 2350 261
5967 3611 347
5968 3407 365
5969 1334 19
5970 5107 243
5971 4410 293
5972 5218 314
5973 6252 371
5974 2228 455
5975 3183 381
5976 4069 481
5977 2208 377
5978 5033 380
5979 2286 377
5980 1646 445
5981 1995 360
5982 6029 345
5983 0 -1
5984 1692 333
5985 0 -1
5986 0 -1
5987 0 -1
5988 0 -1
5989 1871 328
5990 466 349
5991 2444 446
5992 1052 366
5993 599 323
5994 4109 373
5995 2756 330
5996 6107 253
5997 1674 91
5998 5389 302
5999 5246 278
6000 175 411
6001 5316 304
6002 2558 330
6003 1639 308
6004 4814 410
6005 1408 362
6006 3344 316
6007 4150 331
6008 3094 394
6009 5740 374
6010 3790 350
6011 2255 351
6012 4291 127
6013 1875 302
6014 6349 287
6015 4261 208
6016 5102 234
6017 4460 333
6018 2956 390
6019 1827 262
6020 1267 234
6021 1927 239
6022 5536 371
6023 2184 330
6024 1372 256
6025 2813 451
6026 3708 366
6027 4119 427
6028 440 383
6029 2811 261
6030 3712 335
6031 4185 400
6032 4562 368
6033 5220 183
6034 1795 263
6035 3658 268
6036 4857 413
6037 5882 364
6038 0 -1
6039 4078 284
6040 3322 357
6041 2414 299
6042 721 434
6043 5669 347
6044 6446 369
6045 2602 369
6046 0 -1
6047 2481 281
6048 4257 234
6049 5886 403
6050 4195 384
6051 3305 253
6052 4581 307
6053 263 289
6054 3498 297
6055 1360 353
6056 301 390
6057 0 -1
6058 5087 359
6059 2261 434
6060 639 474
6061 5140 183
6062 4146 240
6063 1195 357
6064 4418 241
6065 4393 407
6066 864 360
6067 6358 421
6068 1474 244
6069 5831 328
6070 4385 307
6071 5019 189
6072 6580 317
6073 1585 417
6074 5403 308
6075 6512 302
6076 6239 338
6077 0 -1
6078 6395 350
6079 2786 279
6080 5834 374
6081 2189 343
6082 3975 312
6083 663 257
6084 1427 445
6085 0 -1
6086 5808 303
6087 4669 380
6088 1038 238
6089 787 275
6090 3279 385
6091 2099 300
6092 0 -1
6093 1787 344
6094 1536 360
6095 5453 387
6096 86 280
6097 3165 527
6098 3022 385
6099 836 467
6100 5923 327
6101 5772 240
6102 2994 306
6103 4315 193
6104 4703 413
6105 5378 442
6106 4767 345
6107 3694 188
6108 6205 243
6109 66 477
6110 5836 320
6111 2642 502
6112 6058 372
6113 5256 333
6114 1148 340
6115 5662 441
6116 1596 196
6117 5470 361
6118 2516 401
6119 2620 304
6120 5665 146
6121 1336 385
6122 0 -1
6123 2035 347
6124 0 -1
6125 3322 355
6126 1073 408
6127 5552 459
6128 5028 386
6129 4252 327
6130 3459 280
6131 4103 390
6132 5959 438
6133 6510 288
6134 1400 472
6135 0 -1
6136 4816 219
6137 4130 211
6138 3839 314
6139 2812 335
6140 2789 248
6141 604 274
6142 5027 496
6143 4343 268
6144 2690 228
6145 2789 217
6146 494 326
6147 3581 451
6148 3806 299
6149 4101 259
6150 1966 306
6151 2302 350
6152 5115 358
6153 3958 267
6154 0 -1
6155 3510 335
6156 0 -1
6157 516 347
6158 3210 384
6159 6422 303
6160 4942 440
6161 4766 222
6162 3855 268
6163 2572 356
6164 5065 280
6165 1505 243
6166 1893 445
6167 5186 360
6168 660 422
6169 3681 361
6170 5589 499
6171 1693 330
6172 5065 294
6173 2114 411
6174 4217 397
6175 2192 377
6176 5229 394
6177 2800 411
6178 5810 349
6179 1358 343
6180 4907 343
6181 1115 248
6182 0 -1
6183 4663 269
6184 6211 366
6185 1318 445
6186 2295 465
6187 3637 434
6188 1424 356
6189 3234 306
6190 5499 152
6191 2158 462
6192 2417 236
6193 2942 271
6194 4265 402
6195 1437 451
6196 2106 206
6197 2827 350
6198 0 -1
6199 532 370
6200 3178 341
6201 3515 341
6202 1026 344
6203 6422 235
6204 5240 296
6205 3437 220
6206 470 318
6207 3437 181
6208 5465 463
6209 3692 380
6210 0 -1
6211 4889 255
6212 315 282
6213 4480 358
6214 433 360
6215 2448 371
6216 4731 405
6217 3898 399
6218 5904 297
6219 3450 313
6220 0 -1
6221 1170 402
6222 4241 334
6223 6045 434
6224 4691 438
6225 4191 270
6226 5859 327
6227 2146 456
6228 2712 297
6229 1904 430
6230 2775 401
6231 979 365
6232 3226 309
6233 421 329
6234 0 -1
6235 1244 389
6236 5935 296
6237 2930 384
6238 0 -1
6239 1415 294
6240 1725 376
6241 4492 449
6242 1924 302
6243 3018 307
6244 3750 259
6245 5838 265
6246 4743 357
6247 659 358
6248 72 398
6249 6346 366
6250 1762 266
6251 537 220
6252 3134 307
6253 4994 295
6254 2795 332
6255 2719 305
6256 5799 356
6257 6597 326
6258 8 270
6259 3677 443
6260 4457 363
6261 2016 517
6262 6466 445
6263 0 -1
6264 6193 271
6265 1363 231
6266 2829 389
6267 3845 311
6268 431 357
6269 2739 126
6270 1996 319
6271 1817 409
6272 5786 366
6273 6362 386
6274 3251 320
6275 0 -1
6276 1500 399
6277 6242 371
6278 213 236
6279 5903 328
6280 6562 320
6281 4149 483
6282 2356 274
6283 5472 406
6284 839 410
6285 1961 457
6286 3506 481
6287 6485 298
6288 2902 320
6289 3044 358
6290 3774 395
6291 5817 441
6292 0 -1
6293 4931 287
6294 6454 367
6295 5564 304
6296 5529 383
6297 844 339
6298 3394 384
6299 2361 358
6300 5588 411
6301 2870 234
6302 2319 334
6303 196 349
6304 6552 475
6305 2935 401
6306 0 -1
6307 5074 324
6308 0 -1
6309 1966 324
6310 995 351
6311 6440 401
6312 2650 373
6313 857 419
6314 3644 692
6315 5395 395
6316 4935 428
6317 999 313
6318 6545 287
6319 4591 249
6320 4194 390
6321 777 403
6322 2699 440
6323 2315 398
6324 5499 117
6325 2652 313
6326 5932 316
6327 4295 425
6328 5996 289
6329 6488 353
6330 4431 285
6331 1005 397
6332 4563 350
6333 1536 385
6334 4252 334
6335 1404 288
6336 5291 296
6337 1612 324
6338 0 -1
6339 4526 380
6340 620 298
6341 4307 299
6342 4378 277
6343 2808 389
6344 4369 369
6345 2167 341
6346 6181 273
6347 4919 146
6348 2627 310
6349 767 232
6350 4752 369
6351 5810 368
6352 794 376
6353 110 294
6354 410 353
6355 362 409
6356 1781 425
6357 0 -1
6358 1278 355
6359 2188 340
6360 3887 252
6361 2788 315
6362 5952 351
6363 4403 297
6364 2115 289
6365 1071 402
6366 5033 417
6367 263 299
6368 4371 462
6369 4577 310
6370 0 -1
6371 4000 499
6372 5260 398
6373 2886 396
6374 4360 409
6375 3449 363
6376 4302 318
6377 6542 403
6378 870 233
6379 3525 308
6380 6023 369
6381 0 -1
6382 2735 346
6383 5063 301
6384 1186 313
6385 5111 349
6386 1830 275
6387 5109 433
6388 4798 319
6389 1175 179
6390 3466 365
6391 2106 270
6392 2103 174
6393 4553 246
6394 3344 309
6395 6557 317
6396 2776 306
6397 6578 503
6398 5407 337
6399 2489 260
6400 0 -1
6401 969 473
6402 3671 334
6403 5034 432
6404 210 385
6405 4600 377
6406 1084 283
6407 3928 357
6408 1550 366
6409 4719 353
6410 5884 336
6411 4707 309
6412 4194 391
6413 3437 268
6414 0 -1
6415 0 -1
6416 2440 288
6417 3380 347
6418 0 -1
6419 2741 308
6420 4582 333
6421 6589 422
6422 1468 205
6423 0 -1
6424 4493 386
6425 0 -1
6426 4700 327
6427 418 312
6428 0 -1
6429 6108 280
6430 1601 373
6431 4580 330
6432 1060 423
6433 1705 390
6434 5340 246
6435 5582 311
6436 4728 467
6437 5167 311
6438 1405 400
6439 2466 361
6440 3666 396
6441 2325 237
6442 1195 351
6443 6511 301
6444 6429 326
6445 3190 367
6446 3554 366
6447 3549 334
6448 5820 249
6449 548 351
6450 6079 295
6451 1695 247
6452 1068 387
6453 0 -1
6454 1538 356
6455 2565 363
6456 5323 291
6457 1825 278
6458 1454 452
6459 4537 406
6460 5802 286
6461 3078 322
6462 5107 269
6463 6420 367
6464 1549 325
6465 2834 374
6466 1424 387
6467 4022 336
6468 4996 376
6469 5174 498
6470 6207 222
6471 6143 309
6472 0 -1
6473 2566 448
6474 6475 377
6475 4955 335
6476 4994 349
6477 563 350
6478 142 260
6479 1868 328
6480 4495 363
6481 4255 503
6482 1408 339
6483 3418 301
6484 5927 327
6485 6269 225
6486 2266 328
6487 925 347
6488 6478 332
6489 589 406
6490 2777 378
6491 6551 337
6492 6251 262
6493 4182 164
6494 1658 395
6495 4768 405
6496 3265 377
6497 1631 293
6498 1667 409
6499 3207 448
6500 2985 227
6501 5768 285
6502 1796 452
6503 6265 282
6504 3449 335
6505 1952 281
6506 2567 276
6507 6242 314
6508 557 265
6509 6378 283
6510 5782 236
6511 5617 212
6512 4748 205
6513 2809 428
6514 0 -1
6515 4887 295
6516 5085 392
6517 1352 466
6518 6293 315
6519 4993 437
6520 5369 414
6521 4938 477
6522 857 394
6523 6476 358
6524 5256 277
6525 759 355
6526 2764 265
6527 5304 323
6528 2529 350
6529 3797 345
6530 4983 416
6531 5107 225
6532 359 411
6533 3783 370
6534 3921 363
6535 1968 252
6536 3343 374
6537 2101 164
6538 4597 486
6539 5524 375
6540 3673 373
6541 1358 328
6542 1108 336
6543 4731 344
6544 3336 415
6545 2864 236
6546 2944 344
6547 3034 301
6548 1537 395
6549 2942 282
6550 4190 299
6551 3254 293
6552 3681 410
6553 6231 408
6554 6462 357
6555 5700 356
6556 3418 250
6557 2168 300
6558 5627 357
6559 1079 325
6560 1850 312
6561 6531 282
6562 3799 285
6563 2842 312
6564 2772 384
6565 6390 417
6566 5776 218
6567 2805 381
6568 3943 315
6569 2467 324
6570 4686 391
6571 657 307
6572 1629 342
6573 6222 400
6574 2847 330
6575 2724 423
6576 1242 300
6577 4070 275
6578 6438 473
6579 4385 354
6580 3662 274
6581 2559 347
6582 0 -1
6583 0 -1
6584 3120 355
6585 1343 425
6586 3496 259
6587 2813 349
6588 877 340
6589 268 358
6590 5428 280
6591 5459 392
6592 728 292
6593 0 -1
6594 4391 375
6595 2103 165
6596 5100 382
6597 1709 308
6598 3045 424
6599 5728 432
6600 4122 253
