11
1 0 -1
2 3470 437
3 0 -1
4 6032 499
5 5624 395
6 0 -1
7 2732 457
8 378 291
9 192 286
10 3773 404
11 11 0
12 0 -1
13 1569 362
14 329 344
15 4420 365
16 1402 508
17 2568 379
18 6346 434
19 5431 387
20 3615 385
21 60 393
22 5484 325
23 1293 471
24 2859 275
25 5653 542
26 6553 493
27 5499 413
28 5025 410
29 2156 499
30 2858 522
31 0 -1
32 116 441
33 5737 258
34 1486 280
35 3484 435
36 2248 523
37 4818 370
38 1930 459
39 2153 433
40 3846 306
41 3369 298
42 4247 365
43 558 420
44 1206 387
45 1283 404
46 134 499
47 1617 732
48 790 412
49 4119 468
50 3169 451
51 3112 419
52 6208 452
53 2271 442
54 3342 450
55 3324 479
56 1413 359
57 5984 408
58 0 -1
59 1504 527
60 6165 370
61 3728 412
62 2225 394
63 2359 434
64 4824 555
65 1562 397
66 5960 420
67 5642 429
68 0 -1
69 3382 497
70 5805 405
71 906 445
72 3349 345
73 6377 536
74 1053 391
75 4233 353
76 6051 433
77 5142 438
78 410 534
79 420 332
80 4228 409
81 2602 463
82 1108 457
83 101 373
84 2074 408
85 5001 411
86 6301 327
87 4286 464
88 3510 323
89 5345 464
90 20 395
91 227 596
92 0 -1
93 4281 387
94 1782 463
95 311 387
96 2904 445
97 3520 332
98 1126 480
99 6196 374
100 5871 337
101 2064 372
102 4115 432
103 142 334
104 2593 395
105 4525 411
106 1292 413
107 5962 438
108 5195 326
109 924 417
110 6389 289
111 5925 423
112 3034 443
113 599 355
114 4103 421
115 2537 519
116 22 436
117 2515 418
118 786 403
119 4447 472
120 3289 703
121 3867 491
122 4339 361
123 99 416
124 0 -1
125 6136 350
126 4100 334
127 1353 411
128 5139 325
129 5545 469
130 48 509
131 4231 338
132 6591 396
133 6529 342
134 880 481
135 1253 361
136 1491 271
137 337 507
138 0 -1
139 3453 411
140 2701 434
141 2157 400
142 4261 311
143 5507 445
144 1488 337
145 2453 324
146 3013 468
147 3003 453
148 2279 366
149 129 513
150 4541 526
151 2566 451
152 528 541
153 2019 428
154 5218 487
155 5998 410
156 1277 428
157 0 -1
158 3497 376
159 4421 553
160 940 332
161 1968 332
162 1900 468
163 4383 373
164 1850 463
165 0 -1
166 2602 452
167 832 358
168 4970 430
169 1227 484
170 3959 347
171 0 -1
172 4318 315
173 3080 375
174 4548 465
175 4084 468
176 1059 447
177 3570 506
178 3798 391
179 4907 311
180 1767 347
181 4693 427
182 4258 442
183 6488 338
184 3594 445
185 4076 465
186 418 457
187 6334 265
188 6361 428
189 2756 473
190 0 -1
191 1933 446
192 420 286
193 2831 528
194 5482 314
195 0 -1
196 5671 367
197 1323 557
198 6041 451
199 5008 411
200 1522 420
201 3771 405
202 4185 459
203 1482 292
204 4335 398
205 284 415
206 1705 397
207 211 373
208 4526 344
209 6266 492
210 3676 416
211 192 300
212 0 -1
213 6526 437
214 6566 433
215 4871 391
216 1704 517
217 1451 440
218 3897 442
219 2859 310
220 5591 524
221 4765 390
222 4360 432
223 5224 371
224 0 -1
225 0 -1
226 1302 524
227 4125 491
228 2043 424
229 2174 320
230 4186 385
231 5330 386
232 2567 380
233 2397 519
234 3256 423
235 6099 631
236 4006 360
237 0 -1
238 3034 372
239 1849 307
240 4806 316
241 4544 327
242 0 -1
243 6179 406
244 1307 382
245 5612 334
246 842 427
247 2259 385
248 776 322
249 870 522
250 1338 505
251 2053 423
252 1923 397
253 0 -1
254 615 492
255 6189 401
256 2485 399
257 4046 311
258 3244 469
259 0 -1
260 3699 463
261 467 512
262 3972 357
263 2595 387
264 1884 359
265 5259 469
266 279 451
267 4972 417
268 5428 348
269 1809 428
270 407 453
271 3932 518
272 1056 416
273 3181 451
274 3012 431
275 5440 446
276 1307 366
277 0 -1
278 337 474
279 2026 358
280 5321 365
281 925 459
282 1878 373
283 1809 375
284 1289 319
285 5697 570
286 6431 455
287 0 -1
288 3822 313
289 683 394
290 93 403
291 2803 454
292 4920 445
293 5711 411
294 6488 320
295 0 -1
296 5815 331
297 1784 309
298 5768 411
299 6048 432
300 3367 595
301 6119 167
302 5101 372
303 2532 539
304 461 506
305 4915 422
306 4294 504
307 3620 442
308 4873 340
309 889 412
310 0 -1
311 4179 359
312 3797 335
313 2778 486
314 3661 238
315 5059 280
316 40 314
317 5815 336
318 2066 452
319 0 -1
320 6055 518
321 482 380
322 2261 426
323 5696 424
324 3355 417
325 4668 380
326 1757 301
327 2443 506
328 587 391
329 6176 300
330 0 -1
331 5438 394
332 1088 464
333 3411 474
334 3691 399
335 5815 256
336 4224 363
337 5262 416
338 418 402
339 2503 467
340 3115 327
341 2582 543
342 1659 376
343 5570 422
344 364 372
345 4640 348
346 4126 383
347 548 375
348 3707 302
349 2514 401
350 6236 359
351 530 387
352 4198 463
353 3467 436
354 2839 473
355 429 425
356 982 546
357 3686 390
358 0 -1
359 1185 397
360 2852 424
361 2045 404
362 308 421
363 6168 519
364 2613 346
365 252 402
366 1935 345
367 1070 394
368 4173 420
369 4269 416
370 1172 449
371 1970 355
372 4773 356
373 2631 267
374 2677 329
375 5577 386
376 2766 443
377 4341 461
378 3661 221
379 3557 469
380 0 -1
381 1740 448
382 1413 421
383 664 536
384 5025 411
385 5144 245
386 5077 372
387 5681 430
388 374 420
389 312 388
390 1439 406
391 684 582
392 0 -1
393 2343 416
394 769 511
395 523 360
396 5343 504
397 4340 489
398 5086 463
399 2653 499
400 0 -1
401 4690 423
402 1619 477
403 1114 391
404 2057 342
405 5798 588
406 3682 431
407 340 353
408 4231 345
409 6373 341
410 3947 431
411 6363 462
412 3204 458
413 301 218
414 3764 469
415 4196 465
416 5899 376
417 3636 417
418 1603 377
419 5036 440
420 3347 225
421 630 421
422 4658 455
423 5287 309
424 5469 453
425 19 405
426 3118 384
427 1974 358
428 6257 347
429 5703 343
430 569 420
431 680 331
432 749 423
433 2838 373
434 349 429
435 5102 417
436 1247 380
437 1660 436
438 3288 467
439 2858 533
440 1722 399
441 4164 520
442 1530 438
443 5577 383
444 4924 396
445 23 500
446 39 444
447 1447 274
448 4937 454
449 2425 326
450 4940 465
451 0 -1
452 1960 406
453 766 463
454 739 454
455 5837 400
456 1732 409
457 4804 521
458 1940 325
459 1996 410
460 1224 364
461 2959 398
462 1647 493
463 5363 494
464 4671 525
465 2111 514
466 2133 284
467 2018 428
468 2907 439
469 3086 410
470 97 344
471 3224 429
472 807 484
473 6208 412
474 65 444
475 3807 366
476 6580 457
477 3292 478
478 41 328
479 3382 394
480 4553 397
481 6368 592
482 5005 372
483 583 422
484 4770 548
485 5059 375
486 2408 303
487 3243 444
488 1945 472
489 2716 402
490 3567 517
491 1833 273
492 1803 538
493 164 498
494 2584 435
495 3379 485
496 5288 328
497 4757 410
498 6354 453
499 0 -1
500 1267 396
501 0 -1
502 5957 453
503 3255 382
504 6463 433
505 456 451
506 5020 369
507 3765 463
508 4998 695
509 5169 498
510 4044 385
511 2395 511
512 4153 266
513 1249 498
514 697 277
515 1875 382
516 79 350
517 6129 233
518 3407 356
519 3175 409
520 2003 428
521 3571 528
522 2738 418
523 940 265
524 4589 311
525 0 -1
526 1583 260
527 4135 345
528 3323 524
529 5075 406
530 4685 387
531 4597 474
532 93 401
533 4491 413
534 0 -1
535 2796 410
536 3322 395
537 3766 499
538 2051 488
539 5310 351
540 3347 278
541 5975 404
542 5904 506
543 1916 380
544 2673 464
545 6594 288
546 3765 431
547 6365 495
548 5259 363
549 0 -1
550 6373 395
551 5135 326
552 629 375
553 1232 422
554 2539 394
555 3412 343
556 667 293
557 5102 352
558 1997 415
559 5275 432
560 0 -1
561 3050 399
562 3201 319
563 2930 404
564 3422 374
565 3846 342
566 1158 423
567 5561 420
568 3904 413
569 5512 385
570 4869 471
571 0 -1
572 1536 437
573 1797 661
574 6188 428
575 4580 285
576 3880 519
577 4800 557
578 806 350
579 3226 435
580 3171 365
581 1960 451
582 447 361
583 6369 420
584 5088 388
585 144 452
586 2893 711
587 4700 294
588 1409 335
589 630 482
590 3200 411
591 4143 434
592 1153 465
593 3756 397
594 2942 409
595 3460 336
596 4406 411
597 1676 308
598 6064 439
599 126 336
600 0 -1
601 5140 488
602 192 350
603 940 381
604 1878 445
605 178 407
606 1786 584
607 2965 507
608 1194 351
609 5430 408
610 0 -1
611 4910 334
612 5838 446
613 5378 469
614 2506 435
615 1756 407
616 5825 380
617 3360 372
618 0 -1
619 2944 234
620 3431 352
621 4399 378
622 4353 265
623 0 -1
624 5438 396
625 1442 364
626 3189 424
627 6161 501
628 2724 453
629 5806 312
630 3784 364
631 2286 242
632 850 578
633 2847 509
634 1650 457
635 1889 489
636 192 303
637 1659 367
638 1560 363
639 3537 373
640 5632 413
641 4653 325
642 3603 409
643 569 388
644 2138 289
645 0 -1
646 6211 495
647 2157 347
648 5063 368
649 0 -1
650 6309 399
651 682 551
652 321 479
653 1466 421
654 4164 456
655 0 -1
656 3668 383
657 5236 438
658 6221 466
659 2425 383
660 1584 441
661 5462 505
662 2409 385
663 2719 282
664 1179 497
665 6523 349
666 176 485
667 1676 264
668 2210 466
669 2233 174
670 2449 351
671 6254 444
672 5751 446
673 1482 283
674 6230 483
675 3434 475
676 1708 438
677 3541 179
678 5908 337
679 6289 392
680 1974 274
681 401 442
682 2048 459
683 2899 329
684 3156 477
685 4963 419
686 1271 287
687 4186 495
688 4760 581
689 4493 454
690 2489 396
691 151 465
692 496 399
693 3261 386
694 3512 354
695 241 388
696 4095 314
697 2944 229
698 4097 350
699 6216 596
700 839 475
701 914 484
702 3717 327
703 3019 428
704 4346 387
705 3891 415
706 3201 366
707 141 514
708 4222 623
709 3106 391
710 724 538
711 4136 457
712 2576 403
713 288 353
714 4581 523
715 442 500
716 5231 477
717 5568 507
718 408 381
719 5269 245
720 0 -1
721 2642 458
722 5554 455
723 4226 309
724 361 449
725 2236 316
726 5259 389
727 937 446
728 4352 447
729 6016 413
730 2140 452
731 2427 469
732 140 437
733 4554 475
734 360 448
735 5875 358
736 4874 379
737 5657 573
738 5310 356
739 4032 359
740 5280 267
741 1007 475
742 2323 519
743 6232 467
744 6500 413
745 6003 478
746 3690 427
747 1032 454
748 5093 435
749 4892 367
750 4348 438
751 6144 354
752 6559 406
753 1136 588
754 5167 536
755 999 434
756 3532 530
757 2308 393
758 5896 480
759 1057 330
760 1292 404
761 4270 355
762 1889 572
763 1385 459
764 1002 455
765 5115 316
766 2236 356
767 5768 362
768 4553 375
769 4853 399
770 3137 403
771 3939 369
772 2080 456
773 2694 467
774 1925 494
775 6464 474
776 2735 293
777 5736 413
778 2035 468
779 1426 426
780 557 407
781 3393 328
782 1626 426
783 2756 512
784 413 218
785 5258 451
786 4439 395
787 3498 388
788 6270 427
789 0 -1
790 2747 397
791 1288 388
792 971 332
793 827 400
794 2642 401
795 2862 423
796 1597 547
797 1472 570
798 1160 484
799 4529 412
800 1999 501
801 3307 540
802 4806 284
803 0 -1
804 4692 376
805 345 349
806 1295 252
807 2267 416
808 2543 391
809 3965 529
810 0 -1
811 852 607
812 706 443
813 5728 543
814 3154 476
815 0 -1
816 1584 471
817 6243 533
818 476 549
819 0 -1
820 0 -1
821 2883 248
822 4442 431
823 923 472
824 641 372
825 4663 529
826 2437 540
827 2719 293
828 5493 383
829 3083 591
830 4928 322
831 1103 467
832 4482 285
833 1097 486
834 3013 368
835 6218 474
836 558 421
837 6314 827
838 4985 464
839 2684 427
840 2237 278
841 1363 455
842 5834 422
843 1235 424
844 2027 278
845 6265 387
846 510 503
847 937 508
848 2350 420
849 6334 269
850 2706 517
851 6548 445
852 2320 507
853 5498 370
854 3459 349
855 5577 396
856 1574 447
857 5111 391
858 999 403
859 1372 398
860 4259 458
861 2668 433
862 0 -1
863 1114 372
864 5952 412
865 5428 277
866 4473 394
867 668 482
868 4544 383
869 6133 490
870 5499 454
871 6113 508
872 0 -1
873 4834 319
874 351 406
875 3208 318
876 3198 353
877 2785 349
878 3948 425
879 4876 460
880 1985 393
881 6296 407
882 2422 474
883 0 -1
884 6180 378
885 1526 514
886 5754 425
887 312 432
888 881 450
889 5670 370
890 1712 385
891 2306 444
892 2859 327
893 1634 417
894 1709 333
895 3361 474
896 5738 463
897 423 367
898 5598 481
899 1890 525
900 1383 439
901 4600 380
902 3530 426
903 88 415
904 5950 441
905 2625 366
906 1209 413
907 537 505
908 3632 622
909 4095 367
910 5993 458
911 2042 439
912 1077 378
913 2316 386
914 6492 396
915 3855 327
916 1368 360
917 3512 390
918 1822 389
919 4963 476
920 4512 406
921 4914 451
922 3423 370
923 3866 378
924 378 338
925 5545 419
926 3901 456
927 5321 394
928 1205 437
929 4608 638
930 4787 479
931 76 463
932 315 372
933 5409 417
934 2529 381
935 0 -1
936 6194 539
937 3937 427
938 5173 494
939 968 480
940 4391 264
941 5596 298
942 1343 452
943 247 433
944 5691 417
945 2106 413
946 6480 376
947 524 319
948 0 -1
949 3508 439
950 2147 374
951 4173 402
952 1158 423
953 3737 367
954 3922 426
955 2947 483
956 5004 478
957 2205 482
958 6072 407
959 4963 459
960 4523 493
961 0 -1
962 2986 372
963 4457 364
964 0 -1
965 4871 389
966 5772 358
967 3121 432
968 5190 480
969 1140 403
970 677 296
971 3274 267
972 864 437
973 2563 382
974 5097 417
975 5290 330
976 3422 386
977 2899 338
978 0 -1
979 2378 459
980 6102 466
981 0 -1
982 2611 428
983 746 453
984 5194 452
985 770 471
986 5263 493
987 564 421
988 5868 455
989 4889 489
990 4107 371
991 2878 453
992 0 -1
993 0 -1
994 968 548
995 5338 401
996 2439 468
997 5373 438
998 1038 402
999 3204 395
1000 2891 420
1001 42 474
1002 5191 388
1003 3244 480
1004 2789 350
1005 2091 500
1006 583 462
1007 132 449
1008 41 348
1009 5383 500
1010 0 -1
1011 0 -1
1012 3123 600
1013 677 194
1014 1608 449
1015 4522 434
1016 1462 367
1017 2122 399
1018 1183 421
1019 2353 440
1020 1372 401
1021 1622 291
1022 5151 408
1023 214 441
1024 1299 301
1025 4383 357
1026 6597 399
1027 3387 398
1028 4827 441
1029 1413 378
1030 1902 475
1031 2464 518
1032 2112 373
1033 4821 586
1034 1246 570
1035 3458 489
1036 5011 507
1037 5123 478
1038 2605 399
1039 5139 330
1040 3250 445
1041 2081 602
1042 4756 465
1043 5169 395
1044 5531 480
1045 2374 381
1046 230 505
1047 0 -1
1048 6253 419
1049 6180 360
1050 509 507
1051 4291 444
1052 72 356
1053 4200 369
1054 3917 337
1055 1974 308
1056 1509 408
1057 4105 239
1058 522 432
1059 561 407
1060 5174 482
1061 2074 427
1062 3917 339
1063 5969 380
1064 3327 436
1065 3288 457
1066 4198 487
1067 0 -1
1068 4920 365
1069 4903 575
1070 6297 380
1071 5163 463
1072 4510 480
1073 3273 431
1074 176 525
1075 2655 506
1076 4690 348
1077 545 364
1078 5933 456
1079 966 448
1080 4874 379
1081 101 460
1082 5266 425
1083 1442 356
1084 1101 397
1085 0 -1
1086 2184 424
1087 0 -1
1088 4416 407
1089 0 -1
1090 3520 342
1091 0 -1
1092 3981 427
1093 1474 418
1094 373 329
1095 4993 438
1096 3180 463
1097 6591 377
1098 428 394
1099 372 425
1100 3544 519
1101 3759 378
1102 4652 329
1103 3670 365
1104 4158 479
1105 2053 447
1106 23 471
1107 0 -1
1108 4943 379
1109 4515 502
1110 4361 550
1111 3091 468
1112 4912 421
1113 1289 256
1114 3228 361
1115 3437 422
1116 0 -1
1117 2325 494
1118 4942 517
1119 3929 361
1120 1634 480
1121 977 405
1122 912 385
1123 3154 432
1124 4430 397
1125 3811 393
1126 1896 438
1127 2500 477
1128 4397 406
1129 1709 333
1130 2372 380
1131 4913 351
1132 3096 471
1133 536 410
1134 5308 561
1135 914 437
1136 3911 491
1137 0 -1
1138 2941 377
1139 5924 362
1140 1583 377
1141 1866 181
1142 3533 292
1143 3608 383
1144 1444 393
1145 2986 457
1146 0 -1
1147 2673 384
1148 3277 419
1149 4422 453
1150 963 480
1151 5207 581
1152 4899 501
1153 6476 366
1154 2856 381
1155 2182 456
1156 621 478
1157 0 -1
1158 5997 330
1159 1783 481
1160 554 477
1161 3356 393
1162 5736 459
1163 4281 347
1164 2844 474
1165 4516 423
1166 822 454
1167 4596 395
1168 5847 330
1169 2063 480
1170 5327 416
1171 5525 389
1172 4044 381
1173 4236 499
1174 5699 351
1175 6269 218
1176 473 459
1177 2799 393
1178 4767 400
1179 1344 479
1180 4362 307
1181 1144 424
1182 2095 419
1183 236 390
1184 2990 558
1185 4339 350
1186 1659 397
1187 704 397
1188 275 514
1189 3258 395
1190 3158 571
1191 1236 397
1192 5862 354
1193 6555 452
1194 4989 336
1195 2174 392
1196 1784 333
1197 4831 420
1198 349 446
1199 3953 257
1200 1045 404
1201 5082 404
1202 1288 327
1203 4667 592
1204 366 440
1205 6332 404
1206 865 344
1207 5159 363
1208 5003 328
1209 3016 369
1210 6461 385
1211 2120 401
1212 6329 287
1213 5214 493
1214 1686 390
1215 19 455
1216 3926 567
1217 3527 637
1218 1290 409
1219 6530 395
1220 3540 351
1221 5607 386
1222 167 367
1223 6366 433
1224 4090 312
1225 2833 420
1226 1897 315
1227 2904 422
1228 6076 399
1229 3247 488
1230 2422 455
1231 0 -1
1232 3521 384
1233 0 -1
1234 5934 400
1235 854 413
1236 2791 300
1237 3475 396
1238 1347 376
1239 1856 480
1240 2985 446
1241 6174 395
1242 3295 296
1243 3897 482
1244 2349 330
1245 0 -1
1246 4316 543
1247 3192 318
1248 5709 488
1249 4057 454
1250 1483 395
1251 83 426
1252 2556 508
1253 4591 356
1254 3003 447
1255 4910 382
1256 6371 640
1257 2279 421
1258 4476 416
1259 3235 489
1260 2890 343
1261 2878 493
1262 6509 402
1263 5053 597
1264 5225 490
1265 2183 373
1266 2580 449
1267 4252 312
1268 1370 472
1269 3726 393
1270 3302 421
1271 1284 263
1272 5956 287
1273 1103 431
1274 2880 321
1275 782 493
1276 1448 330
1277 1527 370
1278 301 204
1279 6121 517
1280 2769 489
1281 3834 455
1282 1655 543
1283 6240 398
1284 1447 247
1285 3764 472
1286 1509 424
1287 2731 587
1288 1827 303
1289 1278 215
1290 1174 387
1291 4368 413
1292 2784 402
1293 6231 407
1294 680 393
1295 6119 172
1296 2688 363
1297 0 -1
1298 6531 289
1299 1897 261
1300 5853 434
1301 4719 336
1302 2193 432
1303 3440 508
1304 389 425
1305 0 -1
1306 2138 374
1307 6296 366
1308 4762 489
1309 5605 636
1310 4291 393
1311 6444 429
1312 947 335
1313 2297 423
1314 4246 384
1315 581 546
1316 0 -1
1317 2425 379
1318 5632 489
1319 1822 367
1320 1622 312
1321 5884 413
1322 5366 357
1323 186 494
1324 0 -1
1325 2767 536
1326 1405 489
1327 6305 406
1328 5735 551
1329 3651 367
1330 719 358
1331 2312 446
1332 0 -1
1333 6378 399
1334 90 403
1335 1395 432
1336 4554 434
1337 2826 388
1338 3782 490
1339 1228 504
1340 741 516
1341 5409 376
1342 1525 359
1343 4825 419
1344 2890 416
1345 5627 455
1346 6508 388
1347 6547 347
1348 5681 327
1349 3534 513
1350 5259 385
1351 1369 390
1352 5277 264
1353 1968 356
1354 3092 436
1355 5755 389
1356 2016 535
1357 3119 428
1358 3721 340
1359 0 -1
1360 2789 351
1361 4482 385
1362 3640 622
1363 1131 361
1364 682 498
1365 2981 310
1366 5800 493
1367 1991 429
1368 4226 333
1369 5956 388
1370 1083 366
1371 1537 395
1372 2921 294
1373 4911 382
1374 4631 510
1375 3387 473
1376 0 -1
1377 4329 383
1378 0 -1
1379 6402 485
1380 0 -1
1381 416 433
1382 4563 462
1383 1351 426
1384 6093 428
1385 470 359
1386 1731 466
1387 3541 153
1388 886 437
1389 2177 433
1390 4444 377
1391 4283 454
1392 1695 335
1393 3561 415
1394 6552 484
1395 312 372
1396 5360 442
1397 3190 398
1398 3637 523
1399 3939 416
1400 1920 487
1401 1293 417
1402 1066 488
1403 2342 443
1404 3862 423
1405 6498 479
1406 4606 600
1407 1166 486
1408 5161 422
1409 1974 283
1410 6297 307
1411 0 -1
1412 3369 362
1413 2172 305
1414 0 -1
1415 3108 285
1416 6361 431
1417 443 431
1418 252 413
1419 3862 505
1420 3118 354
1421 947 429
1422 0 -1
1423 5352 448
1424 2479 391
1425 5686 467
1426 849 310
1427 1933 391
1428 2645 388
1429 4063 318
1430 4780 423
1431 2152 492
1432 167 425
1433 5619 416
1434 4363 356
1435 504 434
1436 4596 429
1437 3386 498
1438 0 -1
1439 1773 387
1440 2770 362
1441 884 402
1442 5290 347
1443 142 329
1444 2339 345
1445 3647 431
1446 5575 390
1447 1866 201
1448 3953 264
1449 2375 404
1450 1987 421
1451 3169 402
1452 3169 391
1453 4862 385
1454 4778 472
1455 0 -1
1456 2886 341
1457 3115 328
1458 3179 379
1459 4700 262
1460 2005 535
1461 834 403
1462 2237 342
1463 2147 377
1464 1739 332
1465 3675 381
1466 5586 403
1467 3027 615
1468 3349 358
1469 219 369
1470 5106 483
1471 6547 389
1472 3044 459
1473 5607 308
1474 1850 383
1475 543 414
1476 5531 428
1477 3261 445
1478 6454 389
1479 3845 480
1480 5848 454
1481 187 274
1482 1559 194
1483 4153 365
1484 1937 535
1485 0 -1
1486 1057 271
1487 4135 291
1488 3208 314
1489 4896 501
1490 1877 399
1491 4391 215
1492 0 -1
1493 0 -1
1494 0 -1
1495 3005 488
1496 1369 422
1497 4924 389
1498 2208 339
1499 6464 447
1500 1525 446
1501 5681 425
1502 1428 443
1503 3226 373
1504 85 462
1505 2041 307
1506 2170 480
1507 6502 447
1508 34 340
1509 6512 381
1510 4669 382
1511 6255 324
1512 173 401
1513 6459 270
1514 480 463
1515 5366 385
1516 3285 377
1517 4852 494
1518 2560 341
1519 2146 352
1520 0 -1
1521 4974 413
1522 5764 380
1523 0 -1
1524 2518 478
1525 3602 344
1526 5445 427
1527 1260 347
1528 4329 420
1529 2372 316
1530 3691 382
1531 5057 296
1532 4088 442
1533 6010 521
1534 1276 370
1535 3432 539
1536 2864 407
1537 4153 350
1538 2690 508
1539 5761 419
1540 6393 303
1541 5119 366
1542 524 384
1543 2433 447
1544 5999 477
1545 3950 500
1546 0 -1
1547 1026 417
1548 4318 366
1549 370 540
1550 1224 326
1551 5131 487
1552 5156 390
1553 6208 457
1554 3234 368
1555 0 -1
1556 4248 432
1557 3800 430
1558 5570 494
1559 3347 166
1560 2645 342
1561 374 344
1562 5521 368
1563 2406 504
1564 1583 357
1565 0 -1
1566 6492 451
1567 4187 481
1568 0 -1
1569 2677 306
1570 1515 441
1571 3848 482
1572 3274 288
1573 356 572
1574 865 345
1575 4633 568
1576 4182 432
1577 4665 525
1578 3022 354
1579 0 -1
1580 4152 561
1581 2635 526
1582 6561 369
1583 5615 257
1584 4429 395
1585 1208 338
1586 1860 346
1587 5703 394
1588 26 546
1589 213 459
1590 1237 429
1591 2315 417
1592 1917 455
1593 1056 476
1594 2172 329
1595 3548 426
1596 2657 467
1597 5007 447
1598 3927 397
1599 6467 461
1600 1740 458
1601 3315 400
1602 1833 289
1603 2344 358
1604 3662 397
1605 6144 340
1606 2535 516
1607 3820 483
1608 4482 336
1609 4996 427
1610 4331 430
1611 0 -1
1612 77 440
1613 4633 489
1614 3643 462
1615 2793 525
1616 1223 516
1617 130 612
1618 5291 480
1619 3737 425
1620 5331 399
1621 980 522
1622 3511 266
1623 3798 467
1624 2425 321
1625 1746 441
1626 2570 334
1627 5238 421
1628 2261 395
1629 5416 428
1630 3190 386
1631 6537 446
1632 1650 456
1633 5870 330
1634 4279 363
1635 3498 424
1636 1726 443
1637 4150 324
1638 2730 413
1639 2115 463
1640 1518 344
1641 4795 464
1642 2518 530
1643 5225 429
1644 5100 425
1645 4994 429
1646 3230 443
1647 6076 421
1648 2055 354
1649 0 -1
1650 4279 366
1651 4974 308
1652 5225 423
1653 5526 366
1654 846 574
1655 975 440
1656 5502 445
1657 784 312
1658 2649 356
1659 1983 348
1660 2784 420
1661 793 407
1662 6507 363
1663 4853 382
1664 449 338
1665 66 497
1666 6561 258
1667 5738 395
1668 1996 425
1669 2774 505
1670 3351 282
1671 0 -1
1672 1941 400
1673 65 406
1674 5969 344
1675 1582 411
1676 3772 227
1677 3838 371
1678 4803 322
1679 4624 328
1680 3317 435
1681 4251 424
1682 2374 306
1683 352 463
1684 3038 434
1685 2851 421
1686 5490 377
1687 1888 405
1688 2587 450
1689 0 -1
1690 491 334
1691 2157 399
1692 4505 337
1693 1559 208
1694 5088 389
1695 2789 263
1696 1238 470
1697 3815 375
1698 244 453
1699 2112 423
1700 4368 378
1701 1941 382
1702 795 535
1703 1236 394
1704 4409 477
1705 2434 368
1706 857 451
1707 6454 435
1708 3196 327
1709 3511 271
1710 595 376
1711 6172 352
1712 6212 326
1713 2309 496
1714 1756 452
1715 5783 333
1716 0 -1
1717 0 -1
1718 5777 369
1719 6066 452
1720 6367 418
1721 3475 363
1722 4346 389
1723 2824 449
1724 6100 429
1725 1719 511
1726 3068 443
1727 3596 318
1728 4481 456
1729 1481 386
1730 709 493
1731 109 420
1732 6072 386
1733 4479 481
1734 1925 513
1735 0 -1
1736 5126 489
1737 6110 413
1738 4172 368
1739 1860 328
1740 3405 367
1741 1745 445
1742 4687 328
1743 5001 502
1744 3510 322
1745 6075 408
1746 5764 383
1747 0 -1
1748 3598 415
1749 5301 358
1750 2812 461
1751 175 479
1752 3918 536
1753 0 -1
1754 482 383
1755 6133 424
1756 6236 380
1757 5135 287
1758 2056 480
1759 2106 437
1760 3838 356
1761 2446 491
1762 470 359
1763 4224 360
1764 1497 435
1765 0 -1
1766 1272 402
1767 4254 294
1768 5077 377
1769 4450 586
1770 6063 460
1771 0 -1
1772 0 -1
1773 6176 307
1774 2921 316
1775 137 598
1776 1408 450
1777 6495 419
1778 5057 331
1779 1206 380
1780 3731 501
1781 2142 479
1782 4745 422
1783 4128 433
1784 4873 283
1785 1236 365
1786 1405 545
1787 3459 345
1788 1447 282
1789 4754 437
1790 1194 385
1791 1662 396
1792 3194 334
1793 3402 448
1794 5823 474
1795 3736 379
1796 2141 329
1797 4036 625
1798 0 -1
1799 0 -1
1800 0 -1
1801 0 -1
1802 2615 430
1803 5959 420
1804 3528 200
1805 5825 368
1806 6297 357
1807 3611 413
1808 698 415
1809 4790 356
1810 3681 383
1811 108 382
1812 274 463
1813 4394 428
1814 4150 262
1815 4894 296
1816 3049 404
1817 3847 407
1818 2063 478
1819 1908 496
1820 0 -1
1821 5191 398
1822 5065 330
1823 401 493
1824 4098 411
1825 24 350
1826 4499 484
1827 6512 301
1828 713 407
1829 5701 408
1830 3325 321
1831 5162 463
1832 0 -1
1833 1141 203
1834 420 264
1835 4966 493
1836 354 497
1837 136 272
1838 312 421
1839 3293 559
1840 5166 360
1841 5367 730
1842 5208 396
1843 2704 349
1844 0 -1
1845 6268 453
1846 5115 311
1847 2412 420
1848 5934 376
1849 2608 293
1850 5324 347
1851 6152 422
1852 1715 396
1853 192 293
1854 3764 381
1855 460 448
1856 2565 468
1857 1333 462
1858 5999 442
1859 3374 460
1860 5428 320
1861 1278 296
1862 5946 433
1863 828 435
1864 5159 384
1865 2889 521
1866 11 117
1867 2259 370
1868 1131 387
1869 3692 431
1870 5397 467
1871 4589 316
1872 5109 416
1873 3701 460
1874 1892 446
1875 3232 372
1876 0 -1
1877 5045 308
1878 1119 366
1879 3489 432
1880 3728 419
1881 0 -1
1882 6427 396
1883 2752 340
1884 6329 274
1885 4315 454
1886 0 -1
1887 316 336
1888 4003 383
1889 3343 481
1890 3594 408
1891 2045 424
1892 4254 401
1893 125 445
1894 4499 588
1895 2753 411
1896 5493 397
1897 6531 226
1898 3998 366
1899 0 -1
1900 3533 356
1901 4068 470
1902 1153 405
1903 3659 447
1904 2048 457
1905 4094 452
1906 0 -1
1907 161 349
1908 2328 412
1909 2426 399
1910 6321 550
1911 922 480
1912 4837 428
1913 0 -1
1914 3007 500
1915 2004 299
1916 192 301
1917 3560 383
1918 3473 400
1919 2631 266
1920 636 377
1921 5774 600
1922 1708 350
1923 2563 383
1924 2255 356
1925 3755 410
1926 359 474
1927 3372 394
1928 678 395
1929 697 323
1930 4823 371
1931 211 383
1932 1439 424
1933 834 370
1934 3086 440
1935 3369 288
1936 6492 360
1937 4857 530
1938 6255 366
1939 2986 381
1940 4173 313
1941 2236 314
1942 5978 448
1943 2436 283
1944 2783 413
1945 3356 394
1946 5385 650
1947 2568 477
1948 1751 532
1949 6467 477
1950 2746 549
1951 2552 425
1952 4910 341
1953 2295 431
1954 4782 488
1955 5542 566
1956 603 461
1957 6136 316
1958 0 -1
1959 3762 423
1960 3942 404
1961 3384 387
1962 5289 460
1963 4970 448
1964 6399 442
1965 0 -1
1966 3287 401
1967 0 -1
1968 4591 327
1969 2231 411
1970 4140 346
1971 5793 594
1972 5572 452
1973 0 -1
1974 5815 238
1975 3214 436
1976 1897 290
1977 6103 498
1978 567 437
1979 6043 425
1980 6580 443
1981 436 438
1982 0 -1
1983 1372 347
1984 0 -1
1985 2240 289
1986 5596 293
1987 1368 352
1988 3188 385
1989 4050 398
1990 6375 481
1991 4150 313
1992 2267 444
1993 0 -1
1994 5960 397
1995 315 314
1996 3596 305
1997 4208 406
1998 4441 444
1999 1000 425
2000 6394 474
2001 0 -1
2002 973 398
2003 1651 359
2004 4364 263
2005 2199 472
2006 0 -1
2007 5126 442
2008 1732 391
2009 5611 487
2010 1253 406
2011 0 -1
2012 3773 447
2013 2863 402
2014 5651 355
2015 5072 467
2016 4859 477
2017 1111 491
2018 1288 373
2019 3817 395
2020 5541 522
2021 5417 495
2022 5965 436
2023 2322 523
2024 535 513
2025 3075 450
2026 4620 289
2027 3616 269
2028 0 -1
2029 1293 426
2030 0 -1
2031 4004 372
2032 2673 382
2033 6492 415
2034 4471 441
2035 2993 374
2036 0 -1
2037 1304 512
2038 0 -1
2039 5649 435
2040 1853 398
2041 5044 263
2042 1898 380
2043 456 411
2044 2453 393
2045 34 351
2046 969 406
2047 545 342
2048 3697 402
2049 0 -1
2050 2417 466
2051 3797 374
2052 2787 293
2053 686 364
2054 723 420
2055 6129 245
2056 4874 385
2057 373 274
2058 4416 401
2059 3974 381
2060 4798 393
2061 5979 384
2062 1178 413
2063 1739 426
2064 1236 372
2065 647 436
2066 3569 362
2067 3959 421
2068 884 385
2069 4008 341
2070 2639 514
2071 2745 551
2072 539 465
2073 6031 392
2074 4464 404
2075 5126 530
2076 0 -1
2077 2921 301
2078 3400 348
2079 3179 335
2080 5410 362
2081 5760 520
2082 4221 480
2083 4285 447
2084 5840 381
2085 4191 427
2086 3578 494
2087 634 511
2088 5817 448
2089 1323 566
2090 2080 434
2091 5419 480
2092 3513 562
2093 1834 314
2094 523 281
2095 5091 404
2096 0 -1
2097 421 481
2098 1194 381
2099 3958 447
2100 6247 546
2101 2236 340
2102 5731 355
2103 5665 356
2104 396 515
2105 2788 481
2106 1473 322
2107 3842 501
2108 3994 573
2109 4812 355
2110 2027 317
2111 4793 443
2112 1651 316
2113 3132 481
2114 1552 399
2115 1294 435
2116 3155 409
2117 4738 429
2118 6455 491
2119 5140 529
2120 2300 357
2121 5401 565
2122 2394 346
2123 6239 427
2124 2685 581
2125 1289 323
2126 5828 377
2127 5516 493
2128 0 -1
2129 5393 326
2130 1059 472
2131 1008 397
2132 6013 478
2133 1299 267
2134 6315 443
2135 2940 376
2136 4098 456
2137 4698 442
2138 3351 254
2139 3325 411
2140 4899 443
2141 821 267
2142 764 461
2143 714 552
2144 3061 341
2145 3044 421
2146 5785 331
2147 4256 338
2148 1469 458
2149 3258 455
2150 211 412
2151 348 391
2152 1088 459
2153 2688 325
2154 2274 293
2155 6297 397
2156 865 386
2157 6382 324
2158 430 469
2159 2312 405
2160 3927 341
2161 4166 425
2162 6345 343
2163 1135 475
2164 2784 337
2165 2009 540
2166 602 450
2167 5065 265
2168 1209 373
2169 0 -1
2170 186 470
2171 5871 403
2172 4226 299
2173 4516 453
2174 3436 301
2175 3713 348
2176 5651 339
2177 22 414
2178 640 424
2179 1444 379
2180 3258 434
2181 6244 423
2182 3160 343
2183 316 333
2184 2570 358
2185 2593 349
2186 355 457
2187 3098 402
2188 971 318
2189 3311 483
2190 6297 354
2191 5208 503
2192 602 415
2193 916 405
2194 1959 531
2195 3638 452
2196 6091 419
2197 0 -1
2198 6212 387
2199 6561 362
2200 170 436
2201 4793 511
2202 3088 438
2203 3049 431
2204 4048 446
2205 3311 448
2206 2024 555
2207 1105 452
2208 1278 313
2209 0 -1
2210 2887 396
2211 6039 338
2212 5650 372
2213 3336 533
2214 3836 502
2215 587 306
2216 1377 484
2217 4892 433
2218 0 -1
2219 2863 401
2220 5329 514
2221 4147 339
2222 3179 351
2223 2517 471
2224 1162 514
2225 108 351
2226 5687 429
2227 1141 188
2228 5104 504
2229 5520 521
2230 0 -1
2231 5705 363
2232 0 -1
2233 1866 173
2234 2543 444
2235 5861 546
2236 2906 295
2237 784 266
2238 1814 354
2239 2729 468
2240 3717 246
2241 2176 452
2242 4085 531
2243 1996 343
2244 2838 357
2245 2157 364
2246 4053 479
2247 6110 464
2248 293 475
2249 1405 533
2250 4291 372
2251 0 -1
2252 3502 456
2253 4311 453
2254 4244 392
2255 1884 286
2256 0 -1
2257 3186 413
2258 3794 428
2259 2838 368
2260 6201 521
2261 5755 361
2262 3603 384
2263 0 -1
2264 5358 536
2265 0 -1
2266 4122 464
2267 6435 371
2268 5288 299
2269 5946 440
2270 2465 445
2271 1976 377
2272 3517 390
2273 900 512
2274 1299 284
2275 373 363
2276 2704 418
2277 933 514
2278 0 -1
2279 3188 362
2280 4911 458
2281 1544 571
2282 5745 399
2283 0 -1
2284 0 -1
2285 1468 433
2286 1289 230
2287 5465 410
2288 2505 409
2289 0 -1
2290 3450 410
2291 6451 378
2292 0 -1
2293 938 542
2294 5481 273
2295 3728 424
2296 5105 440
2297 5516 413
2298 2631 260
2299 9 338
2300 1622 280
2301 3862 427
2302 4063 302
2303 0 -1
2304 3629 445
2305 2174 339
2306 2536 352
2307 4964 359
2308 491 355
2309 3141 460
2310 6345 369
2311 1831 464
2312 963 397
2313 5830 492
2314 4031 471
2315 550 412
2316 6165 378
2317 2500 360
2318 372 404
2319 1939 421
2320 2760 462
2321 446 504
2322 425 459
2323 2417 434
2324 561 416
2325 3224 413
2326 3256 382
2327 6371 582
2328 5159 368
2329 262 473
2330 1634 377
2331 1866 223
2332 4281 328
2333 1652 433
2334 5736 420
2335 14 437
2336 169 507
2337 1997 417
2338 4883 464
2339 2458 288
2340 3282 418
2341 38 462
2342 6106 408
2343 975 360
2344 4580 358
2345 4652 318
2346 5339 447
2347 3993 429
2348 3448 517
2349 6056 330
2350 2713 322
2351 1418 430
2352 1536 505
2353 4907 360
2354 1271 290
2355 2063 465
2356 6051 368
2357 4420 416
2358 648 376
2359 3603 396
2360 5005 458
2361 5737 307
2362 5982 408
2363 3208 344
2364 6113 445
2365 3956 477
2366 33 299
2367 3865 405
2368 6536 511
2369 4686 434
2370 1382 496
2371 4196 456
2372 5045 274
2373 5069 463
2374 4894 301
2375 3194 345
2376 3009 417
2377 2724 376
2378 6219 442
2379 580 460
2380 4021 387
2381 0 -1
2382 5950 452
2383 6595 439
2384 0 -1
2385 4304 462
2386 3005 460
2387 5482 378
2388 6150 516
2389 5074 419
2390 2447 464
2391 5910 450
2392 3406 449
2393 0 -1
2394 5815 249
2395 3482 415
2396 719 341
2397 1960 497
2398 0 -1
2399 2936 620
2400 5280 292
2401 5700 491
2402 0 -1
2403 6196 413
2404 0 -1
2405 3974 400
2406 5162 483
2407 3685 430
2408 6546 282
2409 4700 359
2410 5082 324
2411 0 -1
2412 1395 376
2413 2819 391
2414 2564 400
2415 0 -1
2416 0 -1
2417 5523 417
2418 865 326
2419 1094 352
2420 6054 460
2421 5259 422
2422 4806 388
2423 1183 414
2424 1036 571
2425 512 282
2426 4600 366
2427 6034 451
2428 1983 424
2429 1707 478
2430 845 445
2431 1697 450
2432 527 367
2433 6241 413
2434 5138 359
2435 3698 323
2436 3105 283
2437 1557 525
2438 135 365
2439 3951 407
2440 308 440
2441 5669 371
2442 5908 406
2443 3985 429
2444 2816 412
2445 2227 307
2446 3380 405
2447 517 348
2448 470 351
2449 1985 319
2450 6285 469
2451 3515 458
2452 0 -1
2453 2174 310
2454 1859 541
2455 806 272
2456 3108 343
2457 385 356
2458 3395 284
2459 5617 492
2460 4589 323
2461 2578 483
2462 979 537
2463 0 -1
2464 5796 450
2465 1186 445
2466 4750 412
2467 3855 324
2468 3195 652
2469 6523 432
2470 3348 452
2471 0 -1
2472 6318 448
2473 1501 438
2474 2508 450
2475 680 381
2476 5978 405
2477 2656 412
2478 2688 332
2479 5421 288
2480 3087 398
2481 5138 376
2482 4317 532
2483 1368 429
2484 780 407
2485 3233 342
2486 1028 529
2487 596 439
2488 4949 410
2489 2985 371
2490 5267 478
2491 5178 557
2492 5141 410
2493 0 -1
2494 2465 565
2495 4295 433
2496 3784 467
2497 2352 564
2498 2458 293
2499 0 -1
2500 761 360
2501 3997 385
2502 909 484
2503 10 438
2504 4939 499
2505 4916 351
2506 6133 409
2507 3099 459
2508 3713 389
2509 5623 455
2510 0 -1
2511 3022 418
2512 98 568
2513 1780 568
2514 34 296
2515 971 329
2516 4757 389
2517 5778 423
2518 2362 432
2519 0 -1
2520 2914 540
2521 5968 430
2522 4241 398
2523 2345 426
2524 147 477
2525 2900 450
2526 4611 404
2527 0 -1
2528 4449 422
2529 2286 311
2530 3600 407
2531 3040 304
2532 1395 438
2533 679 412
2534 983 458
2535 1774 405
2536 5310 324
2537 5459 456
2538 3288 427
2539 5806 312
2540 6023 346
2541 2271 449
2542 3032 512
2543 108 351
2544 0 -1
2545 3098 388
2546 539 464
2547 705 467
2548 1377 421
2549 5531 436
2550 5932 363
2551 0 -1
2552 3977 362
2553 1749 445
2554 3520 412
2555 6221 439
2556 1226 419
2557 4950 420
2558 6360 344
2559 5253 391
2560 192 325
2561 6048 486
2562 3837 360
2563 2457 376
2564 5928 374
2565 2151 392
2566 2279 366
2567 110 315
2568 1442 374
2569 1942 460
2570 1693 280
2571 754 563
2572 9 292
2573 4390 519
2574 2860 644
2575 3072 498
2576 3179 293
2577 5143 463
2578 433 450
2579 3151 548
2580 3673 362
2581 1893 466
2582 3708 478
2583 6412 534
2584 4498 347
2585 2187 488
2586 1813 464
2587 2921 331
2588 2477 472
2589 1594 378
2590 3388 387
2591 889 421
2592 3604 588
2593 3902 329
2594 3360 408
2595 1114 376
2596 5002 595
2597 5123 427
2598 0 -1
2599 0 -1
2600 6227 452
2601 2762 384
2602 3019 364
2603 5453 471
2604 0 -1
2605 3116 360
2606 3583 433
2607 2374 301
2608 540 286
2609 44 414
2610 6576 321
2611 4098 425
2612 4803 330
2613 2880 321
2614 4925 450
2615 3663 366
2616 4664 425
2617 4082 456
2618 636 382
2619 0 -1
2620 3528 120
2621 6020 458
2622 2539 360
2623 0 -1
2624 0 -1
2625 4924 319
2626 483 446
2627 2670 351
2628 4014 426
2629 4078 430
2630 2268 371
2631 2227 250
2632 1740 441
2633 1253 401
2634 1039 445
2635 2112 410
2636 902 443
2637 5410 306
2638 999 456
2639 3514 427
2640 306 518
2641 901 483
2642 2744 399
2643 2353 426
2644 1327 442
2645 4252 273
2646 5348 500
2647 2969 506
2648 2081 631
2649 5020 296
2650 1692 435
2651 0 -1
2652 2989 312
2653 5131 439
2654 2150 456
2655 102 436
2656 3762 404
2657 4261 380
2658 0 -1
2659 4484 521
2660 0 -1
2661 611 372
2662 4823 322
2663 1875 433
2664 4704 470
2665 179 399
2666 2097 524
2667 2041 294
2668 3777 380
2669 2400 322
2670 5310 273
2671 962 390
2672 343 481
2673 5840 371
2674 2208 412
2675 2795 441
2676 3489 455
2677 1986 304
2678 673 317
2679 3535 439
2680 140 538
2681 4523 468
2682 3417 643
2683 346 385
2684 1212 354
2685 2325 492
2686 3839 450
2687 1022 493
2688 2255 290
2689 5947 436
2690 3022 433
2691 2797 494
2692 836 491
2693 2711 395
2694 6130 453
2695 4966 564
2696 1102 443
2697 1922 391
2698 5604 389
2699 281 475
2700 5554 456
2701 1708 371
2702 3800 346
2703 0 -1
2704 1676 321
2705 5460 416
2706 5168 462
2707 0 -1
2708 1970 376
2709 5552 461
2710 0 -1
2711 3450 373
2712 1476 454
2713 2962 275
2714 423 328
2715 4804 434
2716 1653 399
2717 2702 443
2718 4359 472
2719 3114 282
2720 293 439
2721 0 -1
2722 5142 479
2723 1849 380
2724 3833 357
2725 3172 367
2726 3638 464
2727 370 453
2728 2744 437
2729 2414 453
2730 2174 388
2731 3677 508
2732 3639 414
2733 575 385
2734 1499 501
2735 3331 222
2736 3932 464
2737 4874 373
2738 3537 384
2739 5969 398
2740 3499 488
2741 3497 377
2742 3361 581
2743 3817 426
2744 108 329
2745 4556 477
2746 4630 437
2747 248 378
2748 284 380
2749 4543 433
2750 152 653
2751 1969 456
2752 3707 272
2753 2505 411
2754 6332 351
2755 1567 488
2756 6026 431
2757 5771 392
2758 2181 423
2759 5696 367
2760 5127 410
2761 563 463
2762 3510 383
2763 4059 317
2764 3603 396
2765 2967 531
2766 2305 354
2767 3600 462
2768 3272 452
2769 2945 475
2770 4063 323
2771 6086 400
2772 2085 473
2773 6540 524
2774 3072 423
2775 6235 386
2776 172 380
2777 3837 392
2778 3310 370
2779 887 461
2780 2562 434
2781 5253 428
2782 47 832
2783 3078 342
2784 3061 322
2785 3232 320
2786 106 468
2787 6480 292
2788 4014 370
2789 1804 256
2790 3811 403
2791 827 294
2792 1767 330
2793 5518 464
2794 3818 370
2795 3558 378
2796 163 388
2797 2238 383
2798 2565 458
2799 2605 383
2800 2783 443
2801 845 463
2802 2449 393
2803 4787 386
2804 5939 366
2805 2741 451
2806 5526 450
2807 0 -1
2808 4543 412
2809 1739 348
2810 6081 420
2811 920 459
2812 4943 385
2813 2916 476
2814 2963 471
2815 34 292
2816 1983 390
2817 8 338
2818 5423 516
2819 2905 280
2820 1446 425
2821 0 -1
2822 228 511
2823 4424 417
2824 2882 388
2825 0 -1
2826 314 269
2827 2318 417
2828 3440 447
2829 4755 415
2830 4650 458
2831 5058 429
2832 3352 465
2833 1540 391
2834 619 315
2835 3976 507
2836 2156 400
2837 665 397
2838 5418 355
2839 3497 430
2840 3639 477
2841 959 512
2842 4389 529
2843 1663 405
2844 2796 407
2845 696 396
2846 4344 467
2847 1612 460
2848 213 531
2849 0 -1
2850 0 -1
2851 3412 386
2852 1226 336
2853 5345 355
2854 5903 617
2855 5533 420
2856 670 370
2857 1676 238
2858 1377 455
2859 5217 241
2860 198 565
2861 5135 229
2862 2057 348
2863 5630 398
2864 2785 323
2865 2741 455
2866 2584 453
2867 4403 488
2868 1553 546
2869 5090 708
2870 781 386
2871 1449 465
2872 1108 461
2873 750 500
2874 4914 452
2875 0 -1
2876 4288 452
2877 1291 467
2878 1540 385
2879 2988 444
2880 3698 255
2881 3393 373
2882 5431 387
2883 5481 207
2884 6457 479
2885 6008 548
2886 4090 295
2887 897 395
2888 208 389
2889 3609 418
2890 240 334
2891 6024 412
2892 3995 481
2893 462 609
2894 2768 475
2895 1096 493
2896 5981 377
2897 2426 426
2898 4051 494
2899 832 299
2900 3322 430
2901 203 376
2902 1251 429
2903 3756 481
2904 5908 338
2905 3188 280
2906 4901 263
2907 2775 403
2908 1092 486
2909 2649 346
2910 4878 434
2911 294 329
2912 468 461
2913 0 -1
2914 2633 472
2915 469 416
2916 755 439
2917 321 393
2918 2483 457
2919 3812 614
2920 6078 440
2921 373 274
2922 0 -1
2923 5509 448
2924 3587 380
2925 5913 472
2926 1311 440
2927 0 -1
2928 671 542
2929 4588 401
2930 6075 393
2931 1608 371
2932 5484 425
2933 2815 369
2934 353 521
2935 4231 360
2936 6497 567
2937 5664 250
2938 4758 541
2939 1974 354
2940 2719 316
2941 6039 287
2942 6264 390
2943 3913 449
2944 2233 177
2945 4269 430
2946 4406 428
2947 6113 451
2948 3560 493
2949 2915 458
2950 760 420
2951 4011 380
2952 2514 357
2953 5871 367
2954 4678 421
2955 4980 433
2956 1355 405
2957 5451 451
2958 3022 388
2959 5670 396
2960 4804 453
2961 3560 488
2962 2880 271
2963 4854 391
2964 5675 398
2965 2959 423
2966 5907 405
2967 3491 411
2968 6416 523
2969 6378 460
2970 0 -1
2971 799 455
2972 6485 359
2973 1931 406
2974 5545 389
2975 3081 360
2976 4698 381
2977 3244 423
2978 108 363
2979 934 424
2980 1447 223
2981 1559 283
2982 2464 461
2983 5694 494
2984 0 -1
2985 1561 351
2986 2612 354
2987 3033 538
2988 5843 335
2989 3661 224
2990 1189 450
2991 5075 426
2992 3473 375
2993 5418 360
2994 5691 426
2995 3074 428
2996 2861 259
2997 2092 589
2998 2829 493
2999 0 -1
3000 374 339
3001 3760 468
3002 1573 677
3003 751 432
3004 435 462
3005 5189 446
3006 4356 428
3007 4789 457
3008 1094 418
3009 4300 414
3010 4312 406
3011 0 -1
3012 350 424
3013 2645 368
3014 1335 537
3015 1624 388
3016 3287 312
3017 4232 386
3018 291 482
3019 1320 318
3020 4227 396
3021 4862 403
3022 3939 348
3023 1433 506
3024 3778 501
3025 705 452
3026 0 -1
3027 1221 503
3028 0 -1
3029 3774 360
3030 2056 417
3031 5481 229
3032 641 426
3033 5127 457
3034 1774 325
3035 0 -1
3036 4941 581
3037 4145 423
3038 1936 378
3039 5453 498
3040 2906 263
3041 2652 343
3042 4457 355
3043 5409 439
3044 346 411
3045 1226 324
3046 686 326
3047 5779 449
3048 2245 449
3049 4155 375
3050 5120 359
3051 3778 514
3052 0 -1
3053 2219 469
3054 0 -1
3055 2267 401
3056 1399 465
3057 4626 476
3058 1616 588
3059 3636 489
3060 3527 564
3061 2789 322
3062 5651 393
3063 1224 401
3064 4510 488
3065 0 -1
3066 6240 405
3067 3170 476
3068 905 375
3069 3735 394
3070 5582 497
3071 5400 429
3072 2924 381
3073 2817 449
3074 4950 425
3075 3493 392
3076 2744 335
3077 3818 386
3078 2467 326
3079 100 410
3080 3046 360
3081 3480 354
3082 0 -1
3083 672 549
3084 3042 382
3085 2790 459
3086 2188 393
3087 3795 361
3088 751 415
3089 0 -1
3090 621 402
3091 5687 453
3092 4525 408
3093 647 378
3094 17 407
3095 4130 464
3096 4806 366
3097 1699 459
3098 5979 300
3099 3255 382
3100 4391 285
3101 194 433
3102 680 386
3103 480 400
3104 0 -1
3105 1833 269
3106 637 381
3107 4723 559
3108 2227 227
3109 1976 319
3110 0 -1
3111 0 -1
3112 6336 396
3113 6380 324
3114 784 254
3115 940 305
3116 2584 357
3117 3488 496
3118 663 344
3119 5399 407
3120 5245 475
3121 3255 421
3122 4943 311
3123 3439 570
3124 0 -1
3125 3679 411
3126 5856 556
3127 0 -1
3128 1743 502
3129 2988 430
3130 0 -1
3131 3142 460
3132 2447 369
3133 3972 381
3134 6205 412
3135 1732 398
3136 4083 428
3137 1711 360
3138 686 406
3139 443 419
3140 1603 447
3141 950 392
3142 263 434
3143 0 -1
3144 1464 386
3145 2855 442
3146 2133 305
3147 0 -1
3148 3768 453
3149 5348 401
3150 3686 388
3151 1828 473
3152 3551 520
3153 3950 454
3154 3922 409
3155 4866 368
3156 6404 411
3157 4535 392
3158 84 501
3159 690 503
3160 3347 238
3161 543 452
3162 0 -1
3163 5944 484
3164 5691 483
3165 1161 509
3166 2897 465
3167 5726 464
3168 0 -1
3169 3959 363
3170 1360 411
3171 1196 350
3172 631 259
3173 3722 492
3174 4897 513
3175 3890 351
3176 4595 489
3177 3561 525
3178 1229 541
3179 1387 259
3180 5788 460
3181 951 420
3182 5952 452
3183 784 270
3184 5561 463
3185 530 461
3186 2354 303
3187 6451 388
3188 2055 268
3189 1957 400
3190 5059 340
3191 0 -1
3192 3593 293
3193 2809 418
3194 2055 266
3195 1188 608
3196 3593 318
3197 5270 435
3198 5421 342
3199 0 -1
3200 3951 408
3201 1021 317
3202 3352 456
3203 3647 504
3204 5350 387
3205 965 451
3206 0 -1
3207 174 533
3208 4214 245
3209 3135 399
3210 6152 421
3211 4913 339
3212 6538 619
3213 4955 415
3214 1363 406
3215 3398 453
3216 4988 385
3217 0 -1
3218 6134 516
3219 5048 382
3220 440 436
3221 6420 499
3222 4948 495
3223 4670 544
3224 4846 396
3225 5075 413
3226 5121 363
3227 2645 379
3228 3395 299
3229 4411 510
3230 5554 438
3231 3673 422
3232 1212 309
3233 6597 321
3234 1212 323
3235 4015 443
3236 60 473
3237 2360 577
3238 144 396
3239 5932 417
3240 4694 429
3241 0 -1
3242 1165 489
3243 1122 427
3244 1446 391
3245 5857 472
3246 0 -1
3247 5933 447
3248 2159 476
3249 3132 441
3250 180 405
3251 4300 349
3252 1415 292
3253 1862 510
3254 5304 270
3255 4812 334
3256 5809 346
3257 5122 429
3258 3480 372
3259 2873 509
3260 6176 399
3261 3115 356
3262 24 300
3263 408 371
3264 4238 391
3265 4179 379
3266 3395 343
3267 485 433
3268 37 397
3269 6563 452
3270 2065 555
3271 0 -1
3272 5238 397
3273 4163 394
3274 413 239
3275 5321 333
3276 2199 402
3277 239 402
3278 2447 443
3279 4718 417
3280 4974 382
3281 2386 480
3282 3667 316
3283 5191 346
3284 0 -1
3285 2167 274
3286 3055 446
3287 5310 300
3288 1283 427
3289 3545 591
3290 1560 387
3291 3617 415
3292 1917 443
3293 5093 459
3294 430 479
3295 5737 227
3296 5811 832
3297 3266 373
3298 4652 270
3299 4004 400
3300 6301 407
3301 736 485
3302 3437 391
3303 3982 462
3304 0 -1
3305 6388 447
3306 5399 415
3307 1167 426
3308 5935 419
3309 5512 424
3310 5064 320
3311 5975 421
3312 5297 218
3313 1204 481
3314 910 509
3315 832 317
3316 1214 407
3317 3412 341
3318 391 598
3319 2032 444
3320 2317 472
3321 5330 456
3322 4189 393
3323 1659 452
3324 133 460
3325 5490 317
3326 1810 489
3327 1429 361
3328 3186 306
3329 5781 451
3330 5327 502
3331 4433 215
3332 3694 439
3333 873 357
3334 1674 367
3335 3463 480
3336 4179 432
3337 1613 504
3338 4920 418
3339 314 347
3340 2655 500
3341 672 520
3342 2864 427
3343 1113 367
3344 5566 439
3345 83 462
3346 4114 463
3347 1866 162
3348 4126 358
3349 2041 269
3350 4493 405
3351 6531 245
3352 1206 345
3353 0 -1
3354 1312 363
3355 719 326
3356 6086 373
3357 6441 362
3358 4834 330
3359 0 -1
3360 4767 327
3361 5968 468
3362 540 380
3363 952 453
3364 4450 519
3365 94 495
3366 6043 431
3367 6227 513
3368 1690 394
3369 5615 256
3370 6139 507
3371 1976 368
3372 4116 361
3373 0 -1
3374 962 379
3375 5805 445
3376 6036 410
3377 1918 490
3378 1970 444
3379 4728 438
3380 3436 340
3381 1461 429
3382 2704 391
3383 609 502
3384 4979 371
3385 6176 360
3386 2185 420
3387 4293 392
3388 413 336
3389 1355 406
3390 201 497
3391 2789 266
3392 0 -1
3393 1278 257
3394 5777 372
3395 6561 265
3396 2238 447
3397 151 469
3398 1837 342
3399 2433 470
3400 5883 319
3401 4154 420
3402 1024 374
3403 6342 454
3404 5100 439
3405 1651 332
3406 5484 405
3407 517 345
3408 0 -1
3409 2769 509
3410 1022 505
3411 4785 470
3412 1943 341
3413 429 393
3414 3684 330
3415 3922 432
3416 3263 392
3417 116 532
3418 1029 414
3419 262 426
3420 6206 471
3421 0 -1
3422 3208 349
3423 5098 277
3424 1864 405
3425 3598 431
3426 6039 292
3427 3377 520
3428 0 -1
3429 619 323
3430 395 422
3431 4827 351
3432 2140 479
3433 179 343
3434 4651 374
3435 2517 460
3436 1486 290
3437 5732 371
3438 4417 353
3439 4980 492
3440 5745 392
3441 1469 395
3442 3573 424
3443 3384 440
3444 5371 634
3445 1313 431
3446 1299 339
3447 686 314
3448 5683 432
3449 5059 347
3450 557 358
3451 648 488
3452 5411 364
3453 6015 339
3454 3426 343
3455 4776 420
3456 3565 526
3457 4971 412
3458 4475 467
3459 4798 323
3460 5201 334
3461 2802 397
3462 5840 424
3463 3550 465
3464 6594 269
3465 0 -1
3466 2266 489
3467 5868 406
3468 1622 386
3469 2236 354
3470 3631 321
3471 3454 348
3472 2516 415
3473 4256 334
3474 4727 397
3475 4173 324
3476 2788 480
3477 2357 419
3478 738 440
3479 2643 470
3480 821 285
3481 3928 429
3482 1238 406
3483 4256 326
3484 1531 381
3485 0 -1
3486 2951 444
3487 642 429
3488 1791 460
3489 2435 399
3490 5577 356
3491 2704 388
3492 6467 400
3493 1168 391
3494 1226 423
3495 2253 539
3496 2274 344
3497 4629 338
3498 5421 381
3499 2627 420
3500 6099 616
3501 1679 362
3502 4540 423
3503 4704 391
3504 4921 407
3505 5483 252
3506 83 442
3507 4335 410
3508 541 425
3509 1888 446
3510 587 296
3511 619 238
3512 784 333
3513 4384 562
3514 1605 345
3515 2827 436
3516 3550 418
3517 1744 368
3518 3464 320
3519 3395 371
3520 2332 329
3521 3771 339
3522 1972 457
3523 0 -1
3524 1080 430
3525 625 400
3526 4104 415
3527 5055 532
3528 11 114
3529 221 509
3530 2795 403
3531 6131 503
3532 4264 517
3533 1387 261
3534 5871 406
3535 776 375
3536 2457 426
3537 1076 363
3538 0 -1
3539 6345 334
3540 2408 346
3541 2620 150
3542 2870 456
3543 41 344
3544 1267 399
3545 2634 526
3546 4444 328
3547 2481 464
3548 2032 395
3549 5310 293
3550 5899 373
3551 2039 446
3552 1557 446
3553 6448 469
3554 615 494
3555 0 -1
3556 342 401
3557 1875 417
3558 4916 370
3559 0 -1
3560 41 376
3561 5248 410
3562 1482 238
3563 5671 388
3564 4624 294
3565 2342 488
3566 4622 497
3567 3081 439
3568 6435 371
3569 2612 332
3570 3251 459
3571 2170 484
3572 2934 567
3573 5059 374
3574 2305 424
3575 447 383
3576 6298 434
3577 5876 449
3578 2177 443
3579 2566 394
3580 1825 355
3581 5175 497
3582 857 421
3583 3928 426
3584 4488 512
3585 3486 522
3586 4509 416
3587 2436 379
3588 6018 443
3589 2099 455
3590 5337 487
3591 2737 458
3592 375 391
3593 1278 281
3594 4978 401
3595 4071 403
3596 4482 287
3597 5073 374
3598 5001 415
3599 0 -1
3600 194 360
3601 1237 471
3602 4652 310
3603 749 376
3604 605 479
3605 5433 480
3606 1857 471
3607 5410 336
3608 1102 372
3609 913 412
3610 1622 376
3611 4314 312
3612 3486 546
3613 1837 391
3614 937 543
3615 5665 362
3616 6594 230
3617 4839 378
3618 5701 425
3619 621 418
3620 2566 421
3621 2485 361
3622 0 -1
3623 3956 432
3624 5661 396
3625 470 461
3626 5908 416
3627 3759 456
3628 2722 508
3629 15 404
3630 5202 349
3631 2240 271
3632 3005 512
3633 5845 428
3634 3627 469
3635 279 430
3636 6151 390
3637 856 517
3638 4304 428
3639 5935 392
3640 2462 584
3641 2360 464
3642 0 -1
3643 4504 357
3644 5645 714
3645 0 -1
3646 1629 498
3647 5395 388
3648 0 -1
3649 5504 495
3650 1281 487
3651 5400 363
3652 1926 551
3653 5438 389
3654 6531 263
3655 6257 372
3656 3088 499
3657 5202 379
3658 6274 450
3659 125 375
3660 1296 454
3661 1804 221
3662 2418 334
3663 1792 337
3664 5307 438
3665 0 -1
3666 1027 419
3667 1448 278
3668 663 293
3669 590 484
3670 4318 323
3671 1744 371
3672 3507 489
3673 1678 331
3674 1191 439
3675 2560 341
3676 5738 375
3677 5992 430
3678 0 -1
3679 1976 310
3680 1435 541
3681 5843 344
3682 5226 421
3683 1459 308
3684 5395 315
3685 3188 347
3686 1142 321
3687 1102 398
3688 2204 565
3689 0 -1
3690 4295 422
3691 2162 367
3692 5248 411
3693 5582 414
3694 5724 357
3695 963 465
3696 3650 494
3697 2657 401
3698 2859 249
3699 693 387
3700 786 460
3701 5306 441
3702 0 -1
3703 916 364
3704 2477 456
3705 0 -1
3706 1970 419
3707 3160 247
3708 3917 399
3709 2137 478
3710 0 -1
3711 0 -1
3712 1966 437
3713 1837 316
3714 0 -1
3715 238 408
3716 3479 482
3717 669 235
3718 3818 448
3719 3081 370
3720 5403 388
3721 4279 323
3722 3663 399
3723 4411 440
3724 0 -1
3725 1096 480
3726 5852 289
3727 1321 510
3728 2952 374
3729 4584 486
3730 1086 506
3731 3841 424
3732 3150 483
3733 3922 450
3734 43 497
3735 6140 303
3736 4552 318
3737 3985 316
3738 679 484
3739 0 -1
3740 5176 584
3741 1561 464
3742 3972 460
3743 1530 422
3744 903 525
3745 2635 420
3746 4418 324
3747 1781 491
3748 696 321
3749 5031 478
3750 875 394
3751 991 532
3752 3995 427
3753 159 657
3754 3488 480
3755 2172 397
3756 1272 375
3757 914 502
3758 6552 471
3759 6561 346
3760 3949 431
3761 6289 410
3762 3520 398
3763 3225 502
3764 2157 378
3765 4021 393
3766 3482 447
3767 99 474
3768 3643 377
3769 1192 369
3770 5333 421
3771 4611 297
3772 2233 198
3773 3118 363
3774 3795 327
3775 4384 493
3776 5266 420
3777 5065 374
3778 1698 486
3779 4596 390
3780 6437 470
3781 575 355
3782 5611 487
3783 5597 450
3784 5847 353
3785 0 -1
3786 2747 485
3787 0 -1
3788 899 552
3789 4389 441
3790 172 351
3791 4660 478
3792 3146 389
3793 5764 413
3794 2711 379
3795 4135 303
3796 5069 432
3797 784 261
3798 2457 383
3799 2565 419
3800 5674 338
3801 6459 319
3802 5745 360
3803 3953 326
3804 307 491
3805 5302 524
3806 6064 404
3807 5900 319
3808 168 537
3809 942 499
3810 682 569
3811 2478 346
3812 303 572
3813 4517 432
3814 5736 398
3815 1272 321
3816 2084 415
3817 4377 391
3818 2637 353
3819 69 497
3820 1456 431
3821 3524 530
3822 5490 304
3823 86 384
3824 2084 434
3825 0 -1
3826 5906 424
3827 0 -1
3828 297 401
3829 2845 430
3830 3593 395
3831 3719 436
3832 3615 362
3833 2719 344
3834 2981 355
3835 1680 488
3836 6200 421
3837 3325 360
3838 1196 353
3839 4083 405
3840 2958 443
3841 5400 410
3842 4746 485
3843 6139 451
3844 264 397
3845 2505 433
3846 4105 257
3847 5191 370
3848 4720 436
3849 4440 442
3850 727 449
3851 2900 549
3852 8 405
3853 3549 385
3854 0 -1
3855 6136 274
3856 3994 498
3857 1169 512
3858 1365 356
3859 0 -1
3860 6402 497
3861 202 475
3862 1186 397
3863 504 451
3864 404 419
3865 1572 329
3866 2331 285
3867 5138 396
3868 2424 629
3869 2252 502
3870 4462 422
3871 580 428
3872 1307 485
3873 4672 451
3874 4504 408
3875 6108 386
3876 3133 419
3877 5935 381
3878 1446 400
3879 1055 333
3880 2756 472
3881 3403 486
3882 0 -1
3883 109 451
3884 4110 393
3885 6486 590
3886 4485 560
3887 3372 458
3888 6512 349
3889 382 466
3890 326 348
3891 5878 401
3892 5904 495
3893 3986 395
3894 1448 300
3895 0 -1
3896 5526 392
3897 588 434
3898 3048 497
3899 6553 447
3900 1298 333
3901 2974 410
3902 1288 310
3903 6173 527
3904 1174 408
3905 5060 397
3906 565 446
3907 4500 421
3908 5671 391
3909 5604 369
3910 3916 484
3911 4710 403
3912 4458 476
3913 639 407
3914 5144 284
3915 1988 404
3916 1663 393
3917 4703 335
3918 4794 443
3919 3075 431
3920 1341 441
3921 433 462
3922 5560 405
3923 1951 458
3924 3475 424
3925 1098 471
3926 2048 458
3927 4505 313
3928 2183 338
3929 4063 315
3930 6174 480
3931 1175 333
3932 4448 454
3933 2752 327
3934 667 315
3935 5720 465
3936 2279 392
3937 4416 412
3938 5759 412
3939 1199 319
3940 0 -1
3941 5772 350
3942 4544 355
3943 1739 377
3944 0 -1
3945 5913 439
3946 1373 393
3947 718 394
3948 1271 339
3949 5854 414
3950 3260 427
3951 876 360
3952 383 571
3953 5280 249
3954 5979 307
3955 4398 384
3956 1727 378
3957 1884 360
3958 6461 444
3959 5815 305
3960 3624 427
3961 0 -1
3962 1815 305
3963 3219 418
3964 2829 521
3965 2318 519
3966 1062 360
3967 5138 411
3968 3779 395
3969 2496 468
3970 1545 566
3971 6239 376
3972 1129 342
3973 2531 306
3974 4032 376
3975 6512 390
3976 223 447
3977 3929 356
3978 265 504
3979 1548 376
3980 4934 385
3981 4988 424
3982 3833 362
3983 0 -1
3984 985 546
3985 3464 314
3986 5514 387
3987 0 -1
3988 3005 534
3989 3286 467
3990 2580 408
3991 1981 518
3992 2605 431
3993 1288 311
3994 268 463
3995 3049 388
3996 5928 266
3997 6358 269
3998 1013 268
3999 2304 477
4000 4768 455
4001 206 423
4002 3420 480
4003 5195 290
4004 2649 353
4005 5979 288
4006 3985 322
4007 2857 312
4008 725 316
4009 2370 496
4010 2690 450
4011 1594 333
4012 5837 355
4013 3813 505
4014 578 354
4015 5043 379
4016 3024 533
4017 4191 439
4018 3926 498
4019 5234 360
4020 0 -1
4021 2754 386
4022 5408 361
4023 1353 456
4024 539 356
4025 6117 349
4026 0 -1
4027 2024 576
4028 3948 406
4029 3980 423
4030 3475 339
4031 4406 407
4032 673 312
4033 6007 416
4034 3454 450
4035 3900 425
4036 4319 545
4037 1655 457
4038 1269 478
4039 998 474
4040 423 370
4041 0 -1
4042 480 420
4043 562 345
4044 2456 356
4045 4198 522
4046 4888 242
4047 1372 400
4048 3287 383
4049 3378 497
4050 5247 362
4051 4138 429
4052 0 -1
4053 3675 424
4054 3912 554
4055 0 -1
4056 3365 540
4057 3080 433
4058 3568 410
4059 3295 310
4060 4246 433
4061 0 -1
4062 5850 416
4063 2980 285
4064 1429 371
4065 4110 383
4066 3233 360
4067 0 -1
4068 1365 360
4069 3007 461
4070 1452 397
4071 3114 359
4072 0 -1
4073 4427 626
4074 6028 450
4075 6550 488
4076 599 422
4077 4266 493
4078 4777 403
4079 4526 384
4080 5097 399
4081 0 -1
4082 5990 392
4083 2294 393
4084 6278 371
4085 103 429
4086 1343 485
4087 5086 466
4088 4100 403
4089 4279 346
4090 1833 232
4091 1140 418
4092 0 -1
4093 28 427
4094 1966 431
4095 6172 277
4096 5409 411
4097 5019 332
4098 2456 403
4099 5889 435
4100 2613 333
4101 3020 411
4102 3951 407
4103 2026 328
4104 4109 387
4105 2233 229
4106 4398 439
4107 3262 363
4108 383 559
4109 447 336
4110 3894 300
4111 5108 416
4112 3568 409
4113 6068 382
4114 3190 351
4115 1361 420
4116 5997 346
4117 0 -1
4118 617 375
4119 621 455
4120 2678 388
4121 3681 384
4122 3447 425
4123 102 447
4124 5583 493
4125 3150 435
4126 4803 330
4127 4923 497
4128 3310 357
4129 0 -1
4130 6272 426
4131 3342 530
4132 4338 420
4133 3283 346
4134 3547 498
4135 4214 235
4136 2909 366
4137 1783 469
4138 6502 398
4139 1317 430
4140 2906 308
4141 2529 400
4142 5696 416
4143 1709 319
4144 0 -1
4145 2975 360
4146 1804 216
4147 3208 320
4148 4088 410
4149 4350 481
4150 4146 257
4151 1877 308
4152 4323 555
4153 5483 257
4154 1094 357
4155 5807 312
4156 5644 602
4157 2269 531
4158 4669 399
4159 4169 437
4160 2895 547
4161 2454 651
4162 0 -1
4163 4943 293
4164 3238 404
4165 3347 260
4166 1180 419
4167 1202 377
4168 5996 448
4169 3093 399
4170 6018 502
4171 3123 678
4172 1298 313
4173 6040 308
4174 5752 477
4175 2618 418
4176 3627 574
4177 77 459
4178 3924 488
4179 3661 336
4180 0 -1
4181 6172 356
4182 1158 368
4183 0 -1
4184 395 427
4185 1025 427
4186 1940 384
4187 4118 472
4188 0 -1
4189 4095 287
4190 3862 426
4191 3875 394
4192 5870 307
4193 3582 463
4194 4179 347
4195 3681 380
4196 5484 391
4197 3496 416
4198 4877 409
4199 1699 455
4200 5064 354
4201 5280 344
4202 2940 328
4203 3307 445
4204 1054 449
4205 6530 378
4206 5333 429
4207 6283 413
4208 719 327
4209 4429 409
4210 6163 357
4211 5310 328
4212 3855 365
4213 5651 358
4214 1482 217
4215 0 -1
4216 2093 365
4217 2162 375
4218 42 381
4219 3171 405
4220 5470 456
4221 1720 451
4222 3508 538
4223 619 342
4224 447 330
4225 1365 394
4226 6145 284
4227 5236 375
4228 342 389
4229 4957 428
4230 5001 397
4231 4978 310
4232 2864 336
4233 4874 314
4234 876 363
4235 4379 365
4236 3506 496
4237 4130 465
4238 6597 300
4239 5851 496
4240 6510 399
4241 629 316
4242 2636 550
4243 4619 450
4244 5159 323
4245 1985 346
4246 5573 359
4247 3737 316
4248 6495 419
4249 2778 371
4250 4185 516
4251 283 422
4252 1278 229
4253 0 -1
4254 3208 293
4255 665 382
4256 3772 300
4257 4818 368
4258 787 390
4259 5897 346
4260 0 -1
4261 40 307
4262 4338 374
4263 4140 402
4264 2888 421
4265 2195 458
4266 5223 430
4267 0 -1
4268 4740 407
4269 6590 364
4270 4511 350
4271 2705 430
4272 1227 479
4273 1163 364
4274 0 -1
4275 3933 417
4276 2988 390
4277 3256 452
4278 2254 402
4279 2041 289
4280 4732 445
4281 5840 326
4282 6595 474
4283 5595 433
4284 5845 435
4285 4588 337
4286 2405 447
4287 5999 414
4288 1825 357
4289 6508 422
4290 1253 469
4291 4103 364
4292 1285 473
4293 1822 345
4294 2162 423
4295 6258 354
4296 0 -1
4297 2238 417
4298 2077 327
4299 420 238
4300 2129 326
4301 0 -1
4302 6324 497
4303 4237 483
4304 6189 399
4305 5596 379
4306 5586 452
4307 5954 342
4308 0 -1
4309 5827 454
4310 6108 438
4311 2787 334
4312 6393 301
4313 0 -1
4314 2857 258
4315 1469 372
4316 1677 455
4317 724 520
4318 3105 283
4319 2483 535
4320 1191 418
4321 3137 370
4322 6395 489
4323 6209 503
4324 0 -1
4325 1486 382
4326 27 454
4327 1712 392
4328 4498 458
4329 2719 365
4330 45 471
4331 945 419
4332 5839 481
4333 1063 494
4334 1815 403
4335 2859 360
4336 5258 445
4337 3655 412
4338 5934 364
4339 5393 343
4340 5975 423
4341 1055 380
4342 143 513
4343 5726 466
4344 1594 396
4345 3355 374
4346 2993 368
4347 144 428
4348 4489 400
4349 1254 548
4350 5283 365
4351 264 369
4352 6280 414
4353 4391 228
4354 2417 465
4355 2518 447
4356 4767 359
4357 1166 461
4358 3839 478
4359 2175 432
4360 3062 410
4361 5566 457
4362 6172 291
4363 4978 313
4364 4105 248
4365 3464 345
4366 4266 449
4367 0 -1
4368 5082 354
4369 3189 424
4370 0 -1
4371 2353 425
4372 0 -1
4373 5496 465
4374 6527 471
4375 3533 353
4376 2878 478
4377 4420 359
4378 2106 367
4379 4298 351
4380 3792 452
4381 1826 557
4382 37 488
4383 4587 357
4384 1969 447
4385 163 446
4386 2974 412
4387 1420 390
4388 5319 631
4389 4619 439
4390 2093 417
4391 2620 165
4392 4293 390
4393 522 446
4394 5834 397
4395 870 552
4396 6314 790
4397 5387 391
4398 2568 384
4399 875 339
4400 5433 511
4401 0 -1
4402 772 465
4403 6107 433
4404 2582 504
4405 4455 482
4406 3387 404
4407 0 -1
4408 4068 477
4409 6037 451
4410 5846 479
4411 3490 399
4412 3397 532
4413 1727 322
4414 2225 405
4415 5483 353
4416 3078 342
4417 2455 350
4418 5019 314
4419 3230 516
4420 5602 356
4421 2841 549
4422 5556 419
4423 0 -1
4424 1168 402
4425 2335 490
4426 3357 429
4427 5472 535
4428 116 452
4429 315 394
4430 540 364
4431 1227 443
4432 5439 461
4433 1482 208
4434 456 523
4435 6052 482
4436 4842 487
4437 1637 359
4438 384 511
4439 413 305
4440 1242 350
4441 2357 441
4442 751 357
4443 0 -1
4444 806 305
4445 390 466
4446 2521 463
4447 527 424
4448 6413 435
4449 1821 399
4450 3230 475
4451 4950 478
4452 4837 428
4453 6288 461
4454 2567 403
4455 88 428
4456 240 379
4457 631 336
4458 4251 464
4459 3900 395
4460 744 446
4461 3441 479
4462 854 363
4463 1228 516
4464 1727 375
4465 0 -1
4466 169 516
4467 4289 447
4468 3660 464
4469 5078 613
4470 0 -1
4471 4539 436
4472 2716 475
4473 2498 347
4474 6160 526
4475 4704 434
4476 1664 392
4477 2905 398
4478 486 362
4479 1961 457
4480 5668 392
4481 155 453
4482 6022 282
4483 3695 493
4484 5013 457
4485 5306 444
4486 1778 363
4487 1528 499
4488 558 417
4489 740 335
4490 0 -1
4491 466 307
4492 5189 495
4493 2941 356
4494 2307 426
4495 3351 309
4496 5419 540
4497 0 -1
4498 3483 345
4499 3722 483
4500 5139 403
4501 5201 400
4502 3169 422
4503 0 -1
4504 6294 345
4505 2989 294
4506 3251 388
4507 4902 437
4508 4069 502
4509 914 401
4510 2917 479
4511 4189 321
4512 3931 392
4513 4800 569
4514 3154 425
4515 403 410
4516 5998 385
4517 5355 403
4518 3098 393
4519 4894 367
4520 766 358
4521 4414 425
4522 6051 422
4523 4937 457
4524 2377 479
4525 5882 370
4526 2133 319
4527 2853 463
4528 4775 422
4529 4989 326
4530 5704 561
4531 0 -1
4532 5102 417
4533 5743 392
4534 1860 372
4535 5438 379
4536 1448 302
4537 518 443
4538 4447 432
4539 1262 432
4540 2558 361
4541 334 517
4542 2158 526
4543 1465 383
4544 5322 300
4545 3894 338
4546 2375 453
4547 122 370
4548 5700 461
4549 513 500
4550 1856 564
4551 3528 213
4552 5019 290
4553 4700 280
4554 1536 422
4555 1464 424
4556 34 396
4557 0 -1
4558 3694 370
4559 0 -1
4560 344 380
4561 1978 455
4562 2712 481
4563 6040 374
4564 5106 416
4565 2063 500
4566 3369 297
4567 0 -1
4568 4314 322
4569 4871 431
4570 4003 309
4571 2441 469
4572 539 397
4573 2874 531
4574 1803 439
4575 0 -1
4576 2343 362
4577 776 361
4578 2613 341
4579 3879 404
4580 413 267
4581 4594 462
4582 6067 328
4583 4201 384
4584 851 459
4585 4574 447
4586 1699 524
4587 2274 334
4588 4505 315
4589 6022 290
4590 3839 445
4591 3016 326
4592 0 -1
4593 4655 456
4594 5838 454
4595 767 369
4596 5512 363
4597 1585 432
4598 3691 473
4599 941 383
4600 5139 348
4601 343 474
4602 5591 567
4603 2016 592
4604 5547 392
4605 3748 369
4606 1251 520
4607 1340 611
4608 4487 612
4609 2890 334
4610 5138 402
4611 2937 292
4612 5593 558
4613 652 505
4614 5572 374
4615 681 479
4616 2228 522
4617 0 -1
4618 4564 454
4619 44 411
4620 784 241
4621 3735 395
4622 5234 382
4623 0 -1
4624 4146 221
4625 3263 383
4626 2929 448
4627 2271 471
4628 3933 446
4629 3661 245
4630 5677 382
4631 5375 442
4632 1497 422
4633 147 471
4634 3144 434
4635 5226 413
4636 0 -1
4637 2823 499
4638 1311 477
4639 5652 395
4640 179 328
4641 5172 471
4642 0 -1
4643 4318 386
4644 0 -1
4645 2549 445
4646 284 397
4647 3928 434
4648 4670 574
4649 3905 427
4650 4098 424
4651 4913 350
4652 1583 270
4653 1141 253
4654 0 -1
4655 1353 373
4656 3655 422
4657 2353 396
4658 5200 423
4659 0 -1
4660 1015 446
4661 167 398
4662 6597 348
4663 3315 424
4664 5717 352
4665 1511 417
4666 2595 424
4667 2761 535
4668 1692 367
4669 4003 308
4670 1479 487
4671 848 431
4672 1527 449
4673 146 494
4674 587 405
4675 3397 483
4676 0 -1
4677 0 -1
4678 264 408
4679 2632 470
4680 3234 418
4681 3247 469
4682 274 481
4683 2341 506
4684 1816 407
4685 5597 378
4686 6246 430
4687 5044 260
4688 205 488
4689 5669 385
4690 5421 303
4691 6354 483
4692 6068 323
4693 1220 378
4694 2361 318
4695 5365 345
4696 519 419
4697 2146 353
4698 1940 370
4699 2687 514
4700 2138 259
4701 3048 487
4702 3595 506
4703 2880 274
4704 3621 369
4705 5524 365
4706 3672 578
4707 1783 472
4708 5234 382
4709 5908 384
4710 3274 321
4711 1590 459
4712 0 -1
4713 2809 423
4714 5629 539
4715 83 444
4716 5717 414
4717 6382 357
4718 2160 344
4719 4299 323
4720 4066 396
4721 5587 492
4722 2952 427
4723 2741 468
4724 6162 333
4725 113 471
4726 937 486
4727 5687 396
4728 3707 318
4729 0 -1
4730 6399 490
4731 2534 509
4732 4705 396
4733 3073 482
4734 2595 440
4735 6341 457
4736 877 380
4737 5572 363
4738 1585 368
4739 5864 449
4740 2057 347
4741 1711 382
4742 1276 388
4743 2552 382
4744 5303 393
4745 5065 363
4746 2392 479
4747 4128 452
4748 840 293
4749 0 -1
4750 5979 339
4751 1140 401
4752 2820 444
4753 4219 413
4754 3325 380
4755 3558 415
4756 1527 416
4757 3115 372
4758 2694 457
4759 3480 290
4760 3220 464
4761 6443 521
4762 1221 460
4763 5879 432
4764 0 -1
4765 5829 304
4766 3608 419
4767 5410 318
4768 1659 389
4769 2924 437
4770 3131 484
4771 5812 444
4772 5405 512
4773 2240 328
4774 5172 535
4775 5310 357
4776 970 381
4777 6196 384
4778 1446 441
4779 0 -1
4780 2498 360
4781 6393 360
4782 1381 471
4783 5867 512
4784 3520 446
4785 554 442
4786 3892 589
4787 6447 376
4788 5288 286
4789 2102 456
4790 6319 346
4791 3419 473
4792 5311 505
4793 4340 443
4794 2973 418
4795 2357 456
4796 4389 448
4797 3470 346
4798 1288 304
4799 3838 407
4800 2210 470
4801 744 513
4802 947 413
4803 3295 297
4804 4104 404
4805 0 -1
4806 4874 272
4807 3375 536
4808 0 -1
4809 4719 424
4810 5982 452
4811 0 -1
4812 4364 276
4813 0 -1
4814 2043 478
4815 0 -1
4816 726 454
4817 1114 454
4818 4692 364
4819 2770 418
4820 2616 509
4821 4265 502
4822 3893 464
4823 622 299
4824 5489 456
4825 6091 392
4826 1564 477
4827 2752 350
4828 5302 522
4829 109 476
4830 350 427
4831 349 405
4832 4665 462
4833 2414 418
4834 2455 295
4835 1742 349
4836 765 395
4837 4235 411
4838 5120 387
4839 5932 363
4840 654 533
4841 5945 465
4842 3431 428
4843 1576 500
4844 1849 384
4845 3294 566
4846 3607 352
4847 2024 543
4848 4051 514
4849 1729 388
4850 0 -1
4851 2047 418
4852 4713 460
4853 3190 376
4854 1679 347
4855 485 457
4856 3183 331
4857 6588 442
4858 4363 328
4859 2188 426
4860 0 -1
4861 0 -1
4862 1519 377
4863 3228 343
4864 6587 436
4865 0 -1
4866 1540 303
4867 5406 383
4868 4553 311
4869 1895 443
4870 3677 525
4871 2354 348
4872 4213 433
4873 2962 279
4874 821 265
4875 4723 520
4876 5072 419
4877 5003 365
4878 1830 374
4879 2185 452
4880 3397 554
4881 6581 419
4882 1207 445
4883 1586 422
4884 0 -1
4885 1000 424
4886 6232 468
4887 1175 337
4888 2227 226
4889 4878 414
4890 5974 642
4891 6493 491
4892 2570 356
4893 3743 438
4894 1295 266
4895 733 538
4896 2676 459
4897 594 437
4898 0 -1
4899 4413 412
4900 3819 554
4901 5144 252
4902 1205 414
4903 788 504
4904 3300 412
4905 689 454
4906 3515 487
4907 5810 251
4908 0 -1
4909 1996 337
4910 6165 322
4911 1202 382
4912 1923 414
4913 2138 278
4914 3713 334
4915 1207 380
4916 3616 318
4917 6509 382
4918 2079 381
4919 202 474
4920 6053 359
4921 5213 366
4922 2155 427
4923 5552 453
4924 3349 318
4925 444 441
4926 3915 522
4927 6417 474
4928 1773 316
4929 6179 390
4930 0 -1
4931 2714 357
4932 5179 537
4933 4693 457
4934 1877 337
4935 255 520
4936 3471 371
4937 918 406
4938 3121 502
4939 5844 405
4940 759 414
4941 1828 487
4942 639 427
4943 3108 287
4944 5902 489
4945 2208 421
4946 686 333
4947 0 -1
4948 3954 399
4949 1488 373
4950 4854 411
4951 0 -1
4952 97 435
4953 4787 425
4954 4823 358
4955 6172 346
4956 5112 311
4957 2612 402
4958 1885 502
4959 6378 425
4960 3049 399
4961 6001 435
4962 238 392
4963 5086 366
4964 865 340
4965 1679 389
4966 6179 482
4967 2920 469
4968 6351 386
4969 3819 593
4970 2738 396
4971 5166 404
4972 6212 318
4973 5600 380
4974 5677 306
4975 2116 477
4976 0 -1
4977 1815 296
4978 4589 302
4979 6454 349
4980 5998 411
4981 5596 343
4982 0 -1
4983 5383 425
4984 4248 449
4985 4158 440
4986 4841 472
4987 4609 356
4988 4211 358
4989 697 300
4990 5340 428
4991 449 371
4992 5695 528
4993 1837 357
4994 3811 398
4995 6146 507
4996 6527 406
4997 0 -1
4998 537 597
4999 5597 406
5000 5264 474
5001 771 393
5002 2705 494
5003 385 274
5004 1923 408
5005 1194 340
5006 1044 480
5007 582 365
5008 1883 343
5009 309 462
5010 1064 467
5011 2802 482
5012 5843 320
5013 101 412
5014 4933 492
5015 2924 388
5016 3976 461
5017 3418 525
5018 5845 502
5019 1289 233
5020 2859 274
5021 0 -1
5022 2142 467
5023 5916 474
5024 0 -1
5025 4100 368
5026 0 -1
5027 5272 492
5028 3445 445
5029 4203 467
5030 0 -1
5031 5430 415
5032 0 -1
5033 2857 322
5034 3135 435
5035 343 430
5036 629 389
5037 938 587
5038 0 -1
5039 966 391
5040 2570 332
5041 2378 476
5042 0 -1
5043 4293 379
5044 6192 181
5045 784 259
5046 3777 391
5047 1874 535
5048 3429 367
5049 1363 363
5050 611 417
5051 2179 406
5052 4189 359
5053 303 566
5054 3691 396
5055 1129 445
5056 0 -1
5057 1919 289
5058 1884 364
5059 4353 262
5060 1296 389
5061 5835 398
5062 132 430
5063 3317 361
5064 2237 312
5065 3312 255
5066 6009 545
5067 4141 498
5068 5194 447
5069 6024 402
5070 5211 465
5071 4798 340
5072 3096 372
5073 219 366
5074 1180 377
5075 4692 374
5076 1676 283
5077 1983 359
5078 4667 608
5079 5802 498
5080 832 390
5081 1344 511
5082 5065 324
5083 1792 337
5084 5878 357
5085 587 356
5086 3171 358
5087 412 469
5088 5428 359
5089 1183 396
5090 1894 598
5091 1008 383
5092 34 324
5093 2426 374
5094 2044 432
5095 6270 444
5096 2987 556
5097 5314 399
5098 6531 267
5099 3619 496
5100 1564 396
5101 3774 336
5102 4873 306
5103 2057 345
5104 2870 400
5105 5744 420
5106 3703 408
5107 3736 323
5108 6162 402
5109 2409 411
5110 520 458
5111 5725 343
5112 3423 285
5113 5338 347
5114 4263 462
5115 526 310
5116 5211 395
5117 561 515
5118 6538 536
5119 5479 365
5120 6086 346
5121 1272 308
5122 2176 403
5123 1227 427
5124 2529 328
5125 1017 476
5126 5527 424
5127 2308 383
5128 2673 375
5129 421 529
5130 6547 395
5131 2106 381
5132 5183 614
5133 187 282
5134 159 631
5135 6531 220
5136 155 526
5137 15 371
5138 6594 338
5139 2989 283
5140 5926 409
5141 2455 326
5142 5084 389
5143 2862 450
5144 6192 233
5145 1139 369
5146 541 514
5147 1120 558
5148 5846 526
5149 6477 441
5150 3068 381
5151 6272 378
5152 4713 529
5153 3368 421
5154 2231 474
5155 3401 534
5156 1792 357
5157 3348 392
5158 132 455
5159 2052 300
5160 5967 406
5161 5851 408
5162 2926 462
5163 2035 374
5164 1961 466
5165 4674 419
5166 1678 329
5167 6218 475
5168 3995 403
5169 2387 382
5170 2691 517
5171 2678 414
5172 3074 467
5173 1446 458
5174 5126 445
5175 1056 450
5176 594 487
5177 2669 349
5178 5965 470
5179 4604 419
5180 3396 560
5181 5048 404
5182 6253 416
5183 2143 612
5184 1367 475
5185 3315 409
5186 723 310
5187 4689 439
5188 2298 278
5189 1541 410
5190 4635 427
5191 4653 319
5192 390 464
5193 4994 453
5194 5954 444
5195 3914 288
5196 3858 408
5197 0 -1
5198 1776 476
5199 3092 480
5200 2704 423
5201 1447 293
5202 5828 341
5203 3674 502
5204 1210 429
5205 0 -1
5206 4279 310
5207 403 475
5208 5309 392
5209 3492 417
5210 5114 506
5211 5510 346
5212 2146 345
5213 5141 354
5214 3425 462
5215 4179 368
5216 1306 414
5217 677 223
5218 3783 450
5219 3894 394
5220 3334 398
5221 5888 410
5222 2556 446
5223 288 321
5224 486 327
5225 2878 388
5226 2045 392
5227 2272 435
5228 71 454
5229 6551 408
5230 0 -1
5231 530 473
5232 3911 416
5233 2621 469
5234 5321 347
5235 3904 522
5236 2539 367
5237 3483 354
5238 1708 365
5239 526 352
5240 6264 395
5241 5188 323
5242 2763 332
5243 6005 479
5244 3467 409
5245 6108 435
5246 1158 433
5247 3998 321
5248 6297 342
5249 4337 469
5250 5812 424
5251 4505 410
5252 5897 375
5253 5115 329
5254 4365 462
5255 3281 504
5256 219 396
5257 1651 393
5258 881 422
5259 3914 362
5260 3019 413
5261 5093 451
5262 3081 370
5263 1224 408
5264 4834 358
5265 0 -1
5266 832 377
5267 1348 424
5268 1486 344
5269 1866 224
5270 4214 337
5271 4635 471
5272 2882 448
5273 217 480
5274 133 384
5275 1409 395
5276 0 -1
5277 806 255
5278 0 -1
5279 3633 450
5280 4391 224
5281 4795 473
5282 4973 457
5283 4629 351
5284 5630 349
5285 5332 402
5286 4521 472
5287 3349 292
5288 1833 219
5289 2198 425
5290 3114 285
5291 6208 388
5292 449 414
5293 5621 478
5294 41 398
5295 4825 393
5296 5061 434
5297 1295 203
5298 5179 528
5299 5194 543
5300 1737 425
5301 3186 338
5302 1068 407
5303 5239 376
5304 314 251
5305 2590 400
5306 255 439
5307 420 328
5308 5914 532
5309 3261 388
5310 5481 251
5311 1840 480
5312 2141 292
5313 2980 261
5314 329 340
5315 2914 473
5316 1792 374
5317 671 527
5318 3022 367
5319 5282 567
5320 1919 293
5321 2815 320
5322 2944 215
5323 5808 289
5324 1837 299
5325 503 399
5326 3368 494
5327 3190 403
5328 3211 394
5329 4506 430
5330 3957 385
5331 6162 326
5332 3670 379
5333 3213 420
5334 622 341
5335 309 521
5336 2428 429
5337 953 452
5338 6164 313
5339 3673 351
5340 804 383
5341 2826 317
5342 2156 431
5343 4422 434
5344 0 -1
5345 1708 355
5346 4068 364
5347 4123 508
5348 2759 401
5349 5582 447
5350 1070 380
5351 5561 462
5352 5800 417
5353 3370 571
5354 1758 515
5355 6319 379
5356 2078 399
5357 0 -1
5358 6403 507
5359 5671 381
5360 941 378
5361 1783 452
5362 3447 393
5363 6345 400
5364 4562 555
5365 3459 339
5366 4511 354
5367 3337 612
5368 6466 432
5369 523 360
5370 0 -1
5371 5896 547
5372 3760 440
5373 3525 434
5374 3295 255
5375 312 421
5376 5004 499
5377 4965 441
5378 4719 418
5379 1080 436
5380 5329 533
5381 6449 407
5382 5661 343
5383 2716 414
5384 2477 505
5385 2253 547
5386 1629 432
5387 460 384
5388 5403 375
5389 6513 481
5390 1170 475
5391 4436 554
5392 387 433
5393 2981 324
5394 5897 422
5395 6022 308
5396 0 -1
5397 204 432
5398 656 396
5399 1191 405
5400 5745 353
5401 1684 445
5402 5454 505
5403 6485 337
5404 2975 480
5405 2047 434
5406 3631 326
5407 3832 472
5408 2677 336
5409 3736 333
5410 1666 296
5411 6590 304
5412 5514 429
5413 206 487
5414 1401 445
5415 0 -1
5416 5112 316
5417 288 400
5418 2667 323
5419 5401 448
5420 5903 513
5421 420 288
5422 3504 464
5423 2114 465
5424 1163 362
5425 4744 509
5426 863 478
5427 298 455
5428 2996 268
5429 5070 552
5430 4697 356
5431 4213 386
5432 515 382
5433 1512 438
5434 0 -1
5435 0 -1
5436 1530 483
5437 1463 445
5438 3954 322
5439 5572 449
5440 2702 356
5441 1792 454
5442 0 -1
5443 569 401
5444 2235 611
5445 5103 365
5446 2764 452
5447 2383 443
5448 1653 452
5449 5600 410
5450 1181 460
5451 5992 376
5452 274 449
5453 4024 392
5454 2748 494
5455 3838 442
5456 0 -1
5457 1634 447
5458 1994 425
5459 135 445
5460 927 404
5461 0 -1
5462 232 441
5463 3265 397
5464 0 -1
5465 4314 353
5466 3053 499
5467 0 -1
5468 6204 410
5469 2238 404
5470 4413 346
5471 966 465
5472 1721 429
5473 6026 408
5474 2553 473
5475 511 601
5476 6023 342
5477 5857 421
5478 3972 397
5479 1352 331
5480 0 -1
5481 677 181
5482 4653 261
5483 3160 244
5484 5186 319
5485 1572 394
5486 0 -1
5487 123 425
5488 4916 402
5489 3389 449
5490 1278 293
5491 1321 485
5492 4862 456
5493 6590 301
5494 1070 410
5495 6255 319
5496 5701 395
5497 3503 503
5498 2236 358
5499 5202 401
5500 0 -1
5501 3899 458
5502 532 420
5503 1564 364
5504 5223 392
5505 703 482
5506 24 320
5507 6003 438
5508 3215 542
5509 2607 351
5510 4314 312
5511 1306 414
5512 2361 326
5513 5888 516
5514 4005 324
5515 3061 421
5516 834 396
5517 3569 337
5518 1083 398
5519 1051 501
5520 3746 425
5521 4032 329
5522 0 -1
5523 6011 409
5524 4854 365
5525 2937 326
5526 1853 335
5527 3261 388
5528 2843 488
5529 5285 460
5530 85 458
5531 4143 415
5532 532 446
5533 5264 380
5534 755 476
5535 6109 512
5536 3007 467
5537 6505 461
5538 0 -1
5539 1726 526
5540 4871 366
5541 3479 476
5542 3834 475
5543 6337 388
5544 3093 482
5545 5445 373
5546 2421 472
5547 1094 345
5548 0 -1
5549 2738 410
5550 845 413
5551 0 -1
5552 3297 407
5553 5228 500
5554 257 362
5555 4140 400
5556 4978 418
5557 5383 449
5558 689 465
5559 3737 410
5560 5870 330
5561 2665 412
5562 5693 541
5563 6520 464
5564 5741 328
5565 0 -1
5566 1909 435
5567 3806 452
5568 4248 448
5569 0 -1
5570 6093 392
5571 2733 426
5572 458 348
5573 2286 317
5574 0 -1
5575 2514 384
5576 6473 447
5577 2941 291
5578 1852 510
5579 2366 397
5580 1167 425
5581 1156 556
5582 3357 382
5583 4201 446
5584 1251 439
5585 498 457
5586 5956 342
5587 6317 473
5588 4300 409
5589 1846 391
5590 2180 548
5591 1314 468
5592 0 -1
5593 2287 439
5594 1052 420
5595 2434 407
5596 5677 286
5597 1935 365
5598 3619 453
5599 2279 431
5600 4498 357
5601 4196 456
5602 5195 356
5603 0 -1
5604 5837 347
5605 984 569
5606 5348 470
5607 1804 269
5608 3140 532
5609 464 597
5610 1271 367
5611 1283 432
5612 2570 299
5613 2618 383
5614 2225 385
5615 1447 207
5616 5893 333
5617 3800 377
5618 966 445
5619 4482 380
5620 6043 413
5621 554 425
5622 0 -1
5623 4345 433
5624 2684 367
5625 0 -1
5626 0 -1
5627 5104 431
5628 199 430
5629 2711 435
5630 575 312
5631 2324 458
5632 262 391
5633 1265 400
5634 2211 453
5635 233 580
5636 429 424
5637 3954 356
5638 1497 444
5639 6289 403
5640 1045 426
5641 1003 513
5642 2791 407
5643 5303 452
5644 2518 535
5645 6371 603
5646 5384 555
5647 1487 382
5648 0 -1
5649 6152 361
5650 229 324
5651 1199 285
5652 3459 347
5653 4164 429
5654 6487 482
5655 4280 495
5656 5113 361
5657 3903 556
5658 2351 432
5659 0 -1
5660 0 -1
5661 6192 289
5662 1782 456
5663 2062 481
5664 6192 186
5665 3388 349
5666 3096 367
5667 290 422
5668 6067 347
5669 97 361
5670 5313 295
5671 5905 364
5672 4797 417
5673 2822 593
5674 3369 299
5675 4462 386
5676 921 471
5677 1278 275
5678 18 439
5679 2099 457
5680 3492 414
5681 2268 325
5682 0 -1
5683 1791 426
5684 6221 492
5685 4430 470
5686 1317 432
5687 170 381
5688 3020 432
5689 3109 349
5690 5326 596
5691 892 405
5692 5873 413
5693 4867 447
5694 1310 473
5695 1095 459
5696 4916 334
5697 2793 488
5698 3307 455
5699 2713 332
5700 6479 442
5701 3114 366
5702 4145 472
5703 1833 286
5704 2732 472
5705 4552 319
5706 6236 345
5707 697 267
5708 6557 428
5709 662 474
5710 2412 406
5711 2162 379
5712 1293 440
5713 1310 459
5714 4340 524
5715 4568 367
5716 1097 432
5717 2332 333
5718 1170 429
5719 876 433
5720 4205 433
5721 0 -1
5722 387 471
5723 5498 405
5724 2981 339
5725 1175 274
5726 653 443
5727 533 489
5728 2541 519
5729 2323 442
5730 2592 681
5731 5664 291
5732 5597 367
5733 1228 425
5734 449 340
5735 900 520
5736 4030 396
5737 6192 190
5738 4835 373
5739 0 -1
5740 2690 485
5741 3016 321
5742 3698 333
5743 136 283
5744 6155 402
5745 3661 321
5746 1737 434
5747 0 -1
5748 2046 434
5749 6547 368
5750 3155 422
5751 3233 434
5752 4166 442
5753 0 -1
5754 4255 415
5755 1462 348
5756 426 480
5757 6204 479
5758 2901 441
5759 695 392
5760 6532 492
5761 892 388
5762 4672 552
5763 2633 430
5764 2154 360
5765 1360 362
5766 3695 499
5767 843 471
5768 6007 360
5769 4992 551
5770 5586 356
5771 5312 367
5772 636 339
5773 6148 526
5774 5749 481
5775 6245 462
5776 44 401
5777 2988 339
5778 1224 313
5779 1388 447
5780 5121 339
5781 4095 376
5782 5403 421
5783 4126 330
5784 4194 394
5785 1861 296
5786 5287 357
5787 3601 532
5788 2700 457
5789 3496 459
5790 3093 426
5791 5801 445
5792 6303 441
5793 4305 498
5794 6051 447
5795 2769 561
5796 2770 400
5797 2052 294
5798 3173 533
5799 1657 404
5800 245 392
5801 5126 429
5802 3674 459
5803 2530 421
5804 4116 387
5805 6102 394
5806 5304 263
5807 2989 228
5808 301 259
5809 4046 302
5810 5144 239
5811 2468 770
5812 6309 412
5813 3322 442
5814 1602 399
5815 6119 225
5816 2058 506
5817 771 369
5818 1663 476
5819 3449 348
5820 5694 483
5821 2126 407
5822 0 -1
5823 3913 418
5824 4755 520
5825 1572 320
5826 6559 440
5827 1142 409
5828 5040 336
5829 5731 298
5830 3226 393
5831 1360 384
5832 1465 399
5833 530 496
5834 5365 343
5835 3735 351
5836 6529 426
5837 4256 331
5838 3459 419
5839 4529 403
5840 3698 304
5841 1276 374
5842 3265 412
5843 1709 283
5844 5073 394
5845 3972 425
5846 3441 424
5847 2153 327
5848 5150 442
5849 0 -1
5850 1938 399
5851 4839 394
5852 2041 285
5853 1787 422
5854 970 382
5855 3686 382
5856 596 440
5857 5619 416
5858 3033 516
5859 3459 405
5860 3492 479
5861 3506 442
5862 784 255
5863 2125 425
5864 2074 446
5865 6173 494
5866 3000 453
5867 6284 478
5868 5651 352
5869 4804 488
5870 4252 264
5871 4095 314
5872 5165 535
5873 683 364
5874 0 -1
5875 1464 343
5876 5835 367
5877 4719 373
5878 2094 337
5879 6333 430
5880 6544 466
5881 812 489
5882 854 352
5883 5395 318
5884 565 354
5885 2593 358
5886 5262 409
5887 3957 458
5888 5512 399
5889 5482 374
5890 189 477
5891 1108 407
5892 1634 467
5893 1459 317
5894 0 -1
5895 3057 492
5896 5356 461
5897 5521 344
5898 648 412
5899 2372 305
5900 1833 314
5901 1403 528
5902 1296 443
5903 4656 505
5904 1348 411
5905 4551 305
5906 4255 406
5907 3452 397
5908 3661 331
5909 1070 484
5910 4344 430
5911 2172 363
5912 28 421
5913 4553 400
5914 3932 525
5915 6573 470
5916 749 372
5917 2805 544
5918 0 -1
5919 729 480
5920 4335 386
5921 6538 570
5922 326 323
5923 1744 405
5924 2094 342
5925 4887 379
5926 297 319
5927 729 434
5928 526 261
5929 6523 425
5930 302 486
5931 4665 503
5932 2864 333
5933 3325 409
5934 1426 326
5935 1413 338
5936 4285 406
5937 3778 534
5938 1276 397
5939 5577 364
5940 5701 470
5941 1169 521
5942 4562 537
5943 0 -1
5944 6460 427
5945 4403 451
5946 3668 385
5947 2656 423
5948 1435 497
5949 3030 452
5950 1260 390
5951 3077 438
5952 1353 406
5953 5356 449
5954 3698 337
5955 2556 532
5956 3707 273
5957 4996 436
5958 0 -1
5959 3310 397
5960 2410 375
5961 0 -1
5962 1269 424
5963 0 -1
5964 3413 406
5965 3355 435
5966 2350 372
5967 3611 360
5968 3407 397
5969 5269 322
5970 5107 365
5971 4410 492
5972 2396 370
5973 2956 498
5974 2228 619
5975 3183 383
5976 4069 557
5977 2208 409
5978 5033 374
5979 2286 283
5980 1646 446
5981 3533 350
5982 6029 403
5983 0 -1
5984 1692 378
5985 0 -1
5986 0 -1
5987 0 -1
5988 0 -1
5989 100 361
5990 466 361
5991 2444 522
5992 1052 373
5993 599 409
5994 4109 361
5995 2756 431
5996 6107 395
5997 970 316
5998 4040 378
5999 1779 382
6000 175 490
6001 5316 375
6002 3596 353
6003 5080 404
6004 4814 482
6005 905 429
6006 3407 421
6007 1276 334
6008 3094 509
6009 1694 475
6010 3790 432
6011 2255 386
6012 4291 419
6013 1875 389
6014 6349 446
6015 4261 334
6016 5102 345
6017 4460 458
6018 3227 441
6019 1827 350
6020 1267 389
6021 1927 464
6022 413 281
6023 3562 269
6024 1372 332
6025 2813 588
6026 3708 400
6027 4119 492
6028 894 426
6029 3661 319
6030 3712 466
6031 4892 389
6032 734 490
6033 5604 404
6034 1795 385
6035 1228 408
6036 1729 387
6037 4244 390
6038 0 -1
6039 6358 266
6040 4214 268
6041 5809 415
6042 721 470
6043 5669 378
6044 588 388
6045 2602 408
6046 0 -1
6047 2481 421
6048 4257 419
6049 5886 462
6050 4195 404
6051 6019 352
6052 4581 480
6053 5195 357
6054 3498 416
6055 1360 462
6056 301 215
6057 0 -1
6058 1495 532
6059 2261 452
6060 639 475
6061 5140 440
6062 4146 285
6063 1195 456
6064 4418 369
6065 4393 459
6066 4504 418
6067 6358 327
6068 3228 321
6069 4281 391
6070 4385 446
6071 5019 242
6072 6580 382
6073 1585 443
6074 3986 392
6075 6512 390
6076 6239 373
6077 0 -1
6078 6395 427
6079 2786 574
6080 5262 435
6081 5416 369
6082 3975 400
6083 663 291
6084 1427 493
6085 0 -1
6086 5808 302
6087 4669 332
6088 2775 449
6089 787 394
6090 6447 403
6091 1572 315
6092 0 -1
6093 1057 315
6094 1536 447
6095 5453 420
6096 3483 332
6097 3165 526
6098 3022 417
6099 836 526
6100 2156 410
6101 5772 370
6102 4803 388
6103 4315 392
6104 4703 383
6105 2771 460
6106 4767 375
6107 5670 330
6108 2199 374
6109 66 501
6110 1444 389
6111 2642 452
6112 6058 545
6113 3519 424
6114 1148 456
6115 5662 492
6116 2792 421
6117 3894 302
6118 2516 467
6119 2620 126
6120 5665 379
6121 1336 472
6122 0 -1
6123 2035 407
6124 0 -1
6125 3322 395
6126 1073 549
6127 5552 518
6128 5028 521
6129 4252 233
6130 3459 368
6131 4103 392
6132 5959 496
6133 1439 394
6134 1400 515
6135 0 -1
6136 2859 270
6137 6255 369
6138 3839 425
6139 2812 399
6140 3772 210
6141 6431 410
6142 5027 590
6143 2182 400
6144 5707 287
6145 2789 262
6146 494 476
6147 2749 546
6148 3806 427
6149 3807 359
6150 839 436
6151 2302 334
6152 5115 327
6153 3958 446
6154 0 -1
6155 3510 381
6156 0 -1
6157 516 407
6158 1068 463
6159 3621 423
6160 1782 440
6161 1039 420
6162 3855 319
6163 2572 348
6164 5065 273
6165 1505 316
6166 2804 467
6167 5186 410
6168 660 495
6169 3681 381
6170 3277 462
6171 1693 238
6172 1387 252
6173 2114 416
6174 4217 390
6175 2305 370
6176 1833 300
6177 1114 476
6178 5810 318
6179 1358 379
6180 4907 312
6181 1115 442
6182 0 -1
6183 4663 441
6184 2896 378
6185 616 480
6186 881 451
6187 3637 519
6188 1424 391
6189 2308 381
6190 5499 436
6191 1349 520
6192 1559 175
6193 2400 382
6194 4265 516
6195 1437 539
6196 2106 334
6197 4957 446
6198 0 -1
6199 2915 463
6200 1272 363
6201 3515 457
6202 2361 421
6203 6422 451
6204 5240 407
6205 1827 405
6206 470 351
6207 3437 375
6208 5465 372
6209 3692 494
6210 0 -1
6211 4889 441
6212 315 305
6213 4480 398
6214 5907 486
6215 2448 404
6216 162 586
6217 6031 457
6218 5904 465
6219 3450 424
6220 0 -1
6221 1170 430
6222 4241 379
6223 6045 473
6224 4691 483
6225 4191 401
6226 5859 415
6227 2146 433
6228 1385 374
6229 4661 518
6230 2775 386
6231 294 404
6232 3226 366
6233 3795 420
6234 0 -1
6235 1244 374
6236 5935 341
6237 1697 464
6238 0 -1
6239 1415 329
6240 5596 377
6241 4223 386
6242 1924 405
6243 4651 413
6244 2608 404
6245 6228 436
6246 4743 422
6247 5221 451
6248 72 405
6249 6346 464
6250 1762 400
6251 1957 428
6252 4337 466
6253 4994 412
6254 2795 398
6255 2719 307
6256 5799 411
6257 6597 302
6258 8 315
6259 3677 450
6260 4457 392
6261 2016 547
6262 6296 375
6263 0 -1
6264 6193 382
6265 1363 368
6266 2829 486
6267 3845 435
6268 431 404
6269 1141 211
6270 1996 337
6271 4224 430
6272 5786 376
6273 638 410
6274 3251 394
6275 0 -1
6276 1500 453
6277 6242 474
6278 663 315
6279 1478 462
6280 1271 317
6281 4149 570
6282 2356 373
6283 1448 333
6284 5121 427
6285 1961 469
6286 3506 510
6287 5133 360
6288 5900 352
6289 4687 337
6290 5681 367
6291 5817 411
6292 0 -1
6293 3076 454
6294 6176 334
6295 5564 400
6296 4874 311
6297 844 278
6298 3394 404
6299 2361 349
6300 5588 440
6301 4570 310
6302 3510 388
6303 5115 335
6304 927 473
6305 5731 386
6306 0 -1
6307 4858 425
6308 0 -1
6309 8 386
6310 2656 425
6311 6440 440
6312 1098 452
6313 857 504
6314 3644 768
6315 5395 398
6316 2517 466
6317 999 413
6318 6545 374
6319 4591 345
6320 4194 435
6321 777 472
6322 4321 462
6323 6307 499
6324 5499 401
6325 2652 358
6326 5932 403
6327 4295 470
6328 5996 431
6329 6488 273
6330 3561 466
6331 1947 557
6332 5217 285
6333 4007 396
6334 4252 240
6335 1404 457
6336 2645 373
6337 3188 346
6338 0 -1
6339 4526 392
6340 620 426
6341 4307 410
6342 4741 392
6343 2808 427
6344 1369 453
6345 2167 334
6346 2418 371
6347 4491 323
6348 2627 364
6349 767 391
6350 1054 442
6351 5810 337
6352 794 460
6353 110 379
6354 6163 398
6355 362 520
6356 1781 538
6357 0 -1
6358 1278 261
6359 2188 337
6360 2400 319
6361 3440 401
6362 4387 434
6363 5382 424
6364 2115 483
6365 1071 470
6366 5033 411
6367 4812 367
6368 4371 474
6369 696 381
6370 0 -1
6371 4000 575
6372 1358 452
6373 2886 300
6374 4360 461
6375 3449 386
6376 4302 602
6377 6542 427
6378 2981 361
6379 3049 413
6380 6023 308
6381 0 -1
6382 2735 312
6383 5063 403
6384 1186 482
6385 5111 434
6386 1830 382
6387 2387 440
6388 4798 407
6389 1175 264
6390 3974 474
6391 2106 398
6392 2103 407
6393 4553 292
6394 4577 420
6395 6557 394
6396 2776 388
6397 6578 582
6398 5407 570
6399 2489 385
6400 0 -1
6401 969 436
6402 3671 404
6403 5034 506
6404 4095 383
6405 4600 422
6406 3398 409
6407 3928 392
6408 1550 434
6409 4719 407
6410 2700 469
6411 4707 491
6412 4194 436
6413 4596 402
6414 0 -1
6415 0 -1
6416 2440 457
6417 3380 416
6418 0 -1
6419 2741 380
6420 4582 446
6421 5572 451
6422 769 421
6423 0 -1
6424 4493 429
6425 0 -1
6426 4700 373
6427 418 390
6428 0 -1
6429 6108 411
6430 1601 458
6431 4580 339
6432 1060 506
6433 1705 460
6434 5340 431
6435 1585 347
6436 4728 382
6437 3621 403
6438 1405 521
6439 2316 456
6440 1442 435
6441 113 362
6442 2372 364
6443 5777 449
6444 160 387
6445 3190 390
6446 3554 521
6447 3549 310
6448 76 454
6449 1465 381
6450 4838 410
6451 1695 292
6452 1560 412
6453 0 -1
6454 5703 349
6455 2565 408
6456 5323 328
6457 1825 368
6458 2640 535
6459 6056 267
6460 1871 408
6461 447 364
6462 5107 391
6463 4519 383
6464 4226 403
6465 2834 428
6466 1424 422
6467 4022 393
6468 4996 421
6469 5174 550
6470 1441 410
6471 6143 441
6472 0 -1
6473 2566 432
6474 6475 422
6475 3971 380
6476 1102 365
6477 563 438
6478 2620 180
6479 1457 423
6480 1974 291
6481 4255 483
6482 1408 426
6483 2426 424
6484 4609 426
6485 6269 310
6486 4849 505
6487 925 440
6488 6478 252
6489 589 483
6490 2777 485
6491 6551 382
6492 3546 359
6493 4182 389
6494 1658 465
6495 1142 397
6496 3265 422
6497 1631 508
6498 1667 467
6499 3207 543
6500 2985 352
6501 5768 444
6502 1796 376
6503 6265 419
6504 3449 358
6505 1952 354
6506 5033 360
6507 526 262
6508 557 376
6509 1915 357
6510 371 386
6511 5617 404
6512 4748 293
6513 2809 427
6514 0 -1
6515 4299 343
6516 5085 450
6517 1352 383
6518 6293 482
6519 4993 402
6520 5369 440
6521 4938 592
6522 857 479
6523 1670 338
6524 5256 410
6525 759 391
6526 2764 416
6527 5304 368
6528 2529 336
6529 1834 316
6530 2752 318
6531 4391 199
6532 359 471
6533 5496 483
6534 3921 494
6535 1968 370
6536 790 456
6537 3109 379
6538 4597 512
6539 5524 432
6540 3673 444
6541 1358 364
6542 1709 360
6543 3494 426
6544 3336 460
6545 2864 323
6546 2944 261
6547 3034 339
6548 1537 393
6549 2193 408
6550 4918 391
6551 3254 338
6552 3681 430
6553 6231 447
6554 889 422
6555 5700 451
6556 1908 437
6557 1586 377
6558 5627 521
6559 3607 401
6560 3342 442
6561 6531 256
6562 3799 432
6563 4437 371
6564 5007 480
6565 950 437
6566 757 430
6567 2966 446
6568 3943 405
6569 2467 375
6570 4686 456
6571 657 461
6572 1629 457
6573 6222 445
6574 255 425
6575 2724 425
6576 3717 272
6577 2701 395
6578 5623 552
6579 432 464
6580 3662 339
6581 4192 404
6582 0 -1
6583 0 -1
6584 3120 486
6585 1343 461
6586 3496 363
6587 3480 366
6588 877 427
6589 5650 412
6590 5428 279
6591 3543 361
6592 1357 484
6593 0 -1
6594 4391 220
6595 2103 398
6596 5100 429
6597 1709 284
6598 3045 405
6599 5728 533
6600 4122 460
