194 68 56
201 106 23
204 55 51
28 117 37
62 201 27
217 116 23
223 215 62
236 214 61
25 204 15
160 35 10
219 158 63
244 133 65
140 7 52
63 41 25
80 8 50
89 223 7
220 225 69
113 116 42
199 217 27
50 60 52
187 222 42
201 196 31
198 176 52
128 247 48
53 134 59
38 7 15
44 237 47
67 117 64
124 2 19
207 214 67
136 156 23
164 86 18
124 225 13
161 229 3
166 99 37
7 203 0
118 90 8
27 142 61
124 19 40
167 25 11
197 160 40
250 72 5
17 204 17
115 7 44
111 49 66
195 124 29
125 177 3
67 228 55
13 114 52
5 98 44
207 88 7
171 147 44
76 51 26
238 90 34
27 46 52
194 7 28
91 78 57
186 250 42
249 247 31
8 62 10
195 223 28
129 191 34
197 221 64
153 108 23
86 195 57
14 41 31
17 58 63
55 95 67
181 80 48
171 123 33
102 176 48
185 86 36
61 69 55
134 110 22
122 73 56
151 102 51
8 191 4
215 130 56
80 217 5
6 162 59
48 114 7
201 57 39
129 6 63
147 82 19
122 38 57
21 204 24
150 71 3
247 173 40
156 186 29
5 239 0
65 10 50
133 202 46
61 145 51
92 37 19
98 76 36
154 71 13
49 94 17
41 79 38
163 181 68
74 97 32
65 169 65
188 63 23
53 5 11
178 133 15
111 38 52
186 49 66
82 191 50
157 29 3
65 13 46
139 181 7
109 48 58
58 178 49
246 187 42
212 63 7
15 141 17
227 233 46
3 62 50
101 249 5
43 65 39
104 93 51
160 121 41
211 130 34
138 1 0
245 38 65
224 142 53
157 47 15
53 55 61
94 31 29
94 29 8
141 21 45
171 57 60
114 22 22
100 184 23
119 55 69
26 14 68
42 248 0
73 108 39
4 67 21
88 23 48
247 33 44
134 74 20
29 135 49
16 4 1
104 206 33
188 20 17
22 59 30
228 12 69
220 248 65
81 209 60
78 25 51
2 142 32
49 201 43
33 149 15
250 232 30
62 115 32
26 114 62
93 51 16
73 185 7
91 37 39
232 41 35
45 85 45
96 37 6
5 3 26
181 77 3
33 207 55
207 92 66
192 32 62
24 175 9
80 100 57
204 156 39
9 191 61
180 33 19
93 232 2
190 42 27
159 172 52
246 94 19
102 208 28
101 54 56
26 69 52
34 71 26
37 195 8
36 43 66
129 94 15
73 107 50
13 152 34
28 178 57
78 107 36
107 118 5
41 104 45
51 26 59
161 112 15
70 17 20
184 91 34
148 74 63
66 219 56
96 55 32
243 180 1
77 175 15
100 249 38
14 245 44
226 15 60
135 246 8
101 138 69
170 51 65
127 3 68
187 181 32
90 155 14
146 196 53
22 232 52
68 205 14
44 103 52
195 248 34
37 28 21
80 135 66
60 48 48
27 77 18
130 99 38
167 189 24
53 247 25
57 31 8
105 69 31
232 128 34
202 63 4
116 150 25
154 57 35
169 90 22
79 24 52
50 2 37
117 23 22
133 203 7
12 82 2
77 145 7
16 57 42
17 59 15
59 84 30
171 178 23
77 249 51
244 203 10
248 237 29
101 169 38
55 36 70
3 247 54
119 219 19
67 150 64
83 171 8
179 13 37
123 3 22
158 146 3
239 4 69
115 187 28
5 137 15
114 34 32
228 34 60
215 227 24
80 157 53
108 112 56
92 195 43
53 132 66
224 187 46
221 139 36
208 188 50
21 92 67
175 125 2
226 5 48
12 210 53
167 87 15
235 190 49
59 187 43
135 109 45
116 186 12
158 21 51
173 23 13
70 2 54
70 36 52
139 190 34
81 133 61
220 36 18
15 125 60
118 172 8
76 94 55
74 115 41
143 158 61
177 114 17
194 180 19
224 130 3
28 107 60
184 202 59
186 235 14
130 220 29
104 198 67
65 215 62
5 242 52
105 165 67
3 241 61
124 216 69
101 21 13
198 164 6
189 67 38
65 166 19
186 67 29
181 233 42
126 171 47
230 19 32
138 204 41
119 140 32
35 22 51
114 13 67
74 240 48
116 41 37
207 27 46
235 141 22
226 124 23
68 162 69
115 20 8
86 100 41
35 44 36
19 125 28
249 36 39
67 50 18
156 206 11
197 17 14
138 50 42
69 186 26
127 22 44
112 51 3
183 116 44
181 109 32
183 225 11
82 83 11
226 109 30
18 195 29
158 86 0
65 17 60
215 46 35
51 238 15
220 137 3
197 117 21
203 19 10
142 246 40
5 206 35
129 9 34
133 183 1
4 157 28
240 27 21
112 216 11
190 203 28
249 203 3
169 167 63
87 152 63
157 242 53
6 90 40
204 248 7
214 115 53
224 34 64
28 181 28
43 133 15
12 236 48
15 172 63
229 73 29
164 106 15
228 39 23
61 183 46
63 49 11
196 165 46
49 190 0
61 217 36
101 123 69
241 65 20
109 26 9
246 78 14
52 151 25
28 30 28
177 5 61
193 206 41
127 71 40
223 107 5
37 229 45
235 232 58
5 30 49
162 106 27
30 196 10
21 186 67
85 130 47
208 141 56
184 124 45
85 30 7
245 204 9
147 108 22
29 32 59
183 177 33
16 250 42
182 159 3
106 227 53
125 107 53
177 50 17
26 237 46
231 3 41
41 98 41
97 143 28
105 56 48
75 29 64
68 47 59
85 186 9
124 13 41
142 16 20
118 70 3
67 125 7
46 74 2
250 53 34
20 78 30
153 124 44
43 85 54
77 96 3
28 43 22
219 23 15
148 7 9
37 56 41
59 95 31
248 14 4
171 188 65
239 182 30
33 73 29
245 61 12
51 177 35
90 128 9
83 250 14
20 133 65
191 74 35
128 44 24
154 129 66
114 124 13
78 18 8
117 248 46
225 222 68
87 102 3
173 191 5
29 195 4
79 98 34
210 12 54
56 65 20
53 28 69
120 95 59
50 197 63
56 1 13
237 147 49
41 103 47
231 124 26
234 25 0
171 204 20
191 157 27
218 55 47
228 115 15
192 155 45
125 42 59
198 5 23
33 7 46
147 25 15
121 64 49
8 236 56
93 196 34
1 45 29
28 187 11
239 152 22
210 116 70
241 198 69
57 217 34
232 54 47
146 145 19
78 9 46
248 211 46
237 53 66
208 54 51
146 29 60
87 237 48
189 94 58
208 47 4
32 192 61
14 250 22
183 241 43
105 14 21
197 34 39
159 166 33
161 146 21
240 237 39
46 214 49
29 88 18
4 12 59
67 59 39
46 81 16
112 217 44
215 125 11
239 250 47
237 16 30
49 153 17
170 77 35
11 84 60
104 102 68
220 9 6
218 222 44
136 113 44
181 159 15
115 106 29
163 115 46
10 231 24
174 99 47
21 188 30
3 23 70
198 108 11
132 204 36
49 16 26
180 63 70
221 154 29
211 159 55
14 176 3
55 111 61
136 250 39
250 74 5
233 98 45
146 192 10
224 80 34
242 119 42
249 180 65
135 116 22
223 92 23
170 232 26
195 245 10
238 162 34
86 11 42
179 46 69
60 79 15
140 54 40
75 234 7
33 4 40
116 231 13
108 43 14
86 57 5
83 70 62
81 240 28
4 131 16
226 107 40
136 209 42
244 82 24
195 169 52
189 142 18
114 136 29
204 206 26
106 143 15
236 245 31
151 21 15
221 148 22
129 51 43
205 135 60
103 46 4
185 125 59
72 16 40
96 45 62
32 117 69
243 99 3
52 182 46
45 122 44
96 101 70
105 84 24
58 81 7
89 185 23
199 96 70
63 196 5
238 57 45
190 218 17
30 16 20
172 224 52
203 129 17
96 168 34
235 61 6
208 116 56
16 8 25
20 90 54
134 4 53
141 10 63
76 140 37
9 204 34
52 93 42
237 244 57
30 225 23
113 243 22
54 57 48
172 244 69
191 181 31
188 49 3
244 88 35
63 176 0
60 178 42
151 41 43
15 185 63
14 94 33
238 61 45
130 79 55
159 12 24
244 183 37
227 165 69
95 80 54
233 62 65
22 176 3
95 81 37
116 214 10
97 110 1
120 47 51
242 35 6
103 162 24
233 164 2
164 89 46
66 176 57
194 44 12
36 129 61
99 131 8
114 170 60
167 11 22
153 209 36
98 222 25
34 26 15
122 54 26
116 26 60
36 135 26
83 84 26
122 17 18
150 223 34
145 174 44
202 1 12
211 187 56
168 7 69
128 27 44
92 215 13
58 109 44
30 29 15
142 167 25
179 157 14
170 50 39
229 202 1
77 198 69
132 71 62
92 65 7
92 12 50
152 185 28
193 136 38
77 191 16
155 47 59
170 96 51
2 178 28
146 129 64
99 17 12
228 215 50
126 106 60
247 249 35
34 120 43
128 231 48
194 62 52
232 216 62
239 150 40
31 115 29
162 192 14
92 132 2
67 198 21
207 7 23
53 153 50
51 182 22
244 11 6
184 35 50
101 90 33
242 24 53
135 57 52
240 6 26
168 30 11
77 206 48
135 210 7
105 63 18
102 213 45
135 245 49
57 99 14
78 98 65
45 63 60
198 173 2
250 96 62
67 222 65
54 65 54
235 198 36
145 240 2
40 111 66
113 226 58
208 84 40
15 19 16
55 165 40
111 214 68
211 16 37
160 64 54
19 235 17
59 71 66
179 114 0
90 27 58
29 5 66
16 189 24
171 231 31
123 35 26
58 130 7
156 177 14
190 53 9
229 81 19
173 16 40
170 154 10
239 13 31
98 49 32
232 133 0
29 130 18
143 102 22
187 77 9
165 80 32
141 69 0
119 127 45
102 201 0
197 86 8
233 21 44
244 212 4
16 240 15
180 179 49
125 200 48
234 52 66
86 67 27
27 57 21
42 122 29
250 138 26
111 93 13
76 113 41
62 168 51
214 121 20
127 94 3
166 16 14
227 16 4
80 23 51
223 57 53
175 106 43
17 246 61
54 71 53
248 42 16
204 225 18
13 184 70
108 101 65
30 181 14
158 15 3
241 61 8
7 18 61
157 21 38
161 2 62
22 226 42
87 93 53
147 140 10
124 152 70
21 115 42
249 167 64
32 185 11
215 250 6
29 38 66
243 58 52
247 156 18
152 30 7
209 241 18
229 162 7
201 176 16
87 43 0
28 127 64
235 199 1
121 237 67
55 155 36
85 109 46
128 112 68
54 149 62
131 35 21
205 236 14
234 23 7
98 171 63
183 40 26
179 108 52
99 154 66
123 54 21
84 56 29
148 139 48
52 223 9
24 55 54
240 191 66
242 43 3
192 54 67
173 249 58
74 185 15
83 220 11
27 227 29
179 74 4
220 60 13
9 35 58
215 121 65
89 56 43
152 31 32
241 164 0
92 67 29
204 202 55
15 24 66
53 231 8
187 15 42
113 115 5
209 180 44
194 70 31
111 84 40
185 29 17
132 29 10
36 177 19
214 226 49
124 229 47
244 62 8
2 46 28
70 136 6
99 36 60
196 242 5
249 126 41
195 132 44
239 76 31
35 135 53
203 57 34
125 205 20
133 17 62
198 104 7
124 58 14
167 229 63
163 38 61
216 49 68
111 228 2
192 72 44
78 201 47
206 176 52
229 59 17
235 187 36
232 150 48
137 120 40
112 133 11
58 42 40
68 5 2
66 182 60
60 132 58
150 51 22
44 161 34
34 118 44
38 68 57
27 236 5
107 58 36
23 242 44
111 156 31
12 138 26
225 234 21
37 144 12
197 165 46
179 37 36
180 202 19
12 106 3
83 98 68
119 2 27
172 187 28
159 116 39
69 114 70
10 18 59
133 191 55
12 165 47
245 163 60
19 107 28
155 23 0
164 30 7
1 89 20
224 57 19
41 78 57
45 22 37
71 52 19
45 102 9
76 6 54
40 177 0
185 34 36
114 112 25
29 220 66
194 24 62
97 91 52
232 73 15
35 240 7
107 147 32
99 250 18
219 69 21
221 96 27
4 200 32
9 202 32
247 9 16
203 81 8
198 226 68
196 116 47
57 212 31
94 95 19
178 184 13
174 7 40
242 177 60
46 91 23
121 34 37
194 53 10
10 235 68
167 141 9
30 236 15
24 164 16
84 170 46
194 201 11
101 27 11
74 246 4
1 2 57
49 132 27
158 201 66
92 80 67
127 132 66
100 86 29
220 142 55
234 186 27
9 118 5
93 81 15
194 230 19
214 172 51
188 144 55
173 85 31
75 82 4
37 88 16
116 204 31
19 192 7
208 139 3
214 138 66
172 7 47
239 148 53
108 122 38
88 55 65
14 204 30
122 185 12
189 139 38
31 58 2
31 99 32
206 160 61
178 185 21
64 32 52
198 18 1
118 59 26
170 102 32
23 26 57
147 91 3
60 168 63
206 45 7
36 169 70
3 196 13
30 92 47
188 122 25
236 192 62
240 102 38
96 137 28
58 231 46
3 56 65
140 107 33
148 155 41
189 2 31
109 110 41
178 186 22
24 250 28
141 113 24
15 153 69
18 47 54
235 239 6
16 136 41
88 42 33
41 10 17
29 215 55
250 244 11
131 160 34
180 45 33
211 236 30
112 32 13
55 170 26
84 142 42
110 66 23
64 96 63
217 233 26
92 170 70
162 155 54
11 180 41
18 110 52
41 36 29
44 63 22
187 170 20
21 84 35
204 189 19
93 147 14
139 248 21
100 85 23
211 121 39
68 27 5
68 88 44
117 131 61
43 108 55
196 16 3
18 232 28
171 129 62
84 64 55
160 65 38
230 54 37
146 117 51
183 100 23
249 230 33
110 27 57
164 145 66
73 25 65
166 88 43
66 131 38
98 21 19
13 169 52
153 84 43
142 4 41
182 116 48
170 111 21
119 85 68
197 247 1
87 138 41
7 217 15
105 73 50
12 87 17
190 113 19
51 169 43
147 84 70
223 99 45
123 102 4
158 37 56
31 37 58
243 16 68
230 153 3
189 194 68
194 241 12
84 5 66
149 29 54
67 45 53
230 27 52
233 212 34
181 24 53
56 98 12
134 109 8
243 229 5
83 236 39
103 178 0
79 21 28
248 2 61
74 122 16
53 227 33
10 46 23
155 8 17
222 86 35
78 138 15
247 120 13
13 88 68
201 68 46
83 46 62
141 186 60
216 179 52
240 180 58
106 247 70
32 194 38
76 148 31
147 224 44
37 168 2
21 11 48
5 213 40
86 214 48
27 110 0
16 7 53
93 107 47
86 186 4
203 235 4
145 153 4
49 81 34
196 33 35
102 76 39
22 7 68
72 175 0
196 217 46
30 135 69
160 148 22
96 60 50
135 171 22
237 224 52
3 219 24
83 82 27
248 214 53
76 182 48
198 16 19
44 32 0
197 120 17
185 161 62
17 130 2
19 194 60
179 136 23
203 199 9
218 241 68
123 47 44
231 65 28
102 172 39
247 122 64
116 211 39
211 200 12
71 157 58
39 2 54
16 23 35
217 204 56
174 60 19
173 48 50
228 117 17
85 56 44
197 188 59
245 51 52
54 4 49
144 236 53
30 127 66
94 80 19
111 81 45
7 189 16
6 31 30
166 173 18
81 247 37
38 10 13
165 54 69
176 95 22
148 221 31
175 77 12
13 12 61
112 166 51
192 196 8
198 167 28
65 21 48
8 89 62
144 10 10
91 110 4
247 204 34
23 215 55
148 81 39
52 67 64
57 70 17
197 249 61
202 77 8
87 230 52
198 114 58
36 63 22
218 161 19
20 137 25
176 143 68
35 7 62
61 24 3
140 120 38
182 36 53
159 25 25
7 55 13
113 59 44
2 203 64
130 31 1
151 159 39
159 199 44
214 163 12
4 46 63
146 220 48
28 37 62
200 125 60
221 178 38
241 239 5
192 191 43
8 134 54
105 210 38
175 182 49
26 202 27
147 89 36
209 39 29
141 226 47
187 8 31
121 196 35
72 181 24
186 199 31
131 154 1
178 99 3
18 93 42
24 158 26
121 113 1
90 2 7
40 41 12
14 197 34
35 29 37
232 226 7
20 167 18
95 196 8
250 199 38
246 189 67
150 9 23
232 163 39
200 11 55
162 82 46
29 91 10
33 18 1
89 4 30
130 187 62
151 227 25
81 72 47
143 8 38
101 79 35
21 2 4
95 229 5
127 181 53
73 104 38
175 234 21
18 203 37
220 81 52
65 211 60
227 208 32
222 68 36
53 210 29
34 45 35
227 134 14
120 91 2
173 128 64
210 119 54
155 25 29
169 183 16
1 81 44
48 195 46
46 48 60
145 146 4
164 93 61
204 155 19
92 95 51
92 247 4
200 225 9
200 5 20
215 194 49
235 236 69
10 166 22
96 73 45
6 186 53
203 127 67
9 10 21
33 57 43
108 28 31
212 207 58
64 120 29
39 229 52
233 190 70
40 79 4
159 237 56
41 164 20
250 229 55
115 192 64
14 148 3
125 73 63
136 229 30
141 188 17
99 22 31
144 61 67
152 94 35
89 115 18
103 62 0
206 183 62
228 242 10
190 23 13
213 239 55
12 42 17
68 144 2
19 12 47
172 22 9
191 132 24
132 25 56
41 16 62
15 131 34
123 238 24
95 218 16
29 246 18
231 83 12
159 109 2
233 126 66
150 173 28
194 151 22
77 184 64
79 194 0
17 33 38
101 185 31
55 169 60
91 151 26
121 225 56
153 232 62
93 225 0
32 181 42
46 158 23
100 30 23
16 25 16
43 222 32
113 172 9
49 71 2
35 48 54
126 147 0
207 95 45
193 82 37
250 228 68
125 72 0
97 197 59
130 102 49
66 56 43
109 44 59
184 143 42
192 180 5
224 102 5
185 73 48
49 105 32
79 183 39
232 208 32
8 133 61
197 163 30
76 249 58
111 244 55
68 230 41
222 211 28
44 49 62
36 167 20
189 117 60
171 240 17
172 205 36
15 237 69
187 115 38
77 80 36
201 75 1
222 234 18
19 240 65
154 194 49
198 227 11
89 208 5
69 25 65
154 94 46
231 55 37
160 19 23
51 154 42
135 8 52
193 120 42
135 5 30
20 130 5
76 9 54
31 96 28
12 178 58
174 41 15
182 40 3
159 179 32
221 183 21
240 205 50
215 138 13
235 148 33
123 240 48
77 118 31
208 45 24
231 10 10
248 61 25
165 228 50
68 231 15
33 110 51
66 222 59
18 25 44
101 186 48
55 24 25
100 34 38
121 103 43
228 141 65
223 112 47
73 18 30
46 187 32
150 144 33
242 207 16
38 8 4
3 203 16
146 247 18
68 90 26
242 85 14
33 13 30
108 182 16
61 115 51
48 14 57
96 128 52
41 243 57
207 112 12
78 30 15
222 106 19
110 64 64
196 19 20
26 33 36
222 60 8
104 23 3
232 177 8
20 207 33
137 225 53
224 236 32
133 42 32
200 219 8
55 29 2
247 88 25
245 221 12
105 94 35
135 41 5
27 66 34
213 199 44
164 200 32
5 26 35
11 165 25
169 176 18
115 73 19
119 83 3
177 60 34
104 20 66
88 141 57
47 32 42
245 81 35
75 50 40
170 156 15
113 139 44
210 198 53
107 132 49
197 200 35
1 41 30
4 97 14
80 107 14
232 152 7
167 218 36
9 226 29
217 69 49
160 122 15
95 96 53
245 172 58
151 228 66
162 89 48
90 150 43
237 199 65
175 174 63
96 102 10
231 198 30
192 233 38
20 46 26
63 117 21
23 181 1
170 164 32
219 100 61
44 43 30
136 181 33
204 75 15
69 238 51
47 48 45
76 198 3
122 131 41
226 176 11
151 47 27
203 80 59
243 36 41
234 19 26
80 210 37
145 170 45
117 93 27
63 72 58
15 21 51
13 84 22
48 176 2
5 225 62
115 61 55
70 202 6
55 56 0
73 63 66
83 111 17
235 229 30
198 81 15
180 200 38
238 125 12
87 113 19
23 223 21
128 95 6
96 246 17
218 204 59
110 81 64
23 68 29
79 121 5
86 220 43
88 104 33
88 25 27
210 43 31
243 10 66
200 118 33
169 203 11
57 189 61
169 207 33
57 42 3
109 200 11
204 80 37
245 72 5
110 11 9
132 225 8
198 33 62
94 232 6
216 17 29
197 77 29
164 245 2
120 58 40
12 179 30
112 142 5
32 136 0
15 137 50
154 169 27
121 7 64
32 21 43
43 171 26
37 53 27
139 80 25
145 123 6
38 204 15
22 60 50
148 166 54
83 136 70
26 185 4
225 150 13
96 61 65
229 126 69
183 224 63
36 151 6
46 86 18
61 67 51
247 86 3
139 68 32
76 108 61
26 23 48
172 174 37
224 11 14
244 52 17
236 240 7
5 73 31
193 28 61
203 176 26
36 48 34
8 78 62
219 82 28
131 164 28
135 216 31
235 184 3
109 77 10
60 182 9
142 12 60
131 214 11
231 134 6
202 171 32
229 212 60
21 76 48
14 118 11
47 137 45
9 60 31
151 129 35
190 130 63
222 39 34
5 144 10
209 67 26
132 169 38
138 185 38
41 62 60
18 64 63
110 20 11
217 79 49
35 149 8
73 57 56
231 172 45
120 226 46
13 205 44
65 228 47
97 247 31
179 194 7
186 131 23
9 103 66
124 46 31
63 202 68
218 36 41
231 138 24
176 117 29
192 177 52
172 178 69
157 53 24
115 168 14
107 68 31
90 89 13
177 28 35
241 21 49
131 210 15
115 41 52
110 229 27
154 95 25
148 93 53
10 136 3
122 89 41
136 200 45
128 105 43
160 86 25
232 236 41
135 88 32
71 37 56
100 58 35
97 183 11
40 60 58
143 42 57
180 79 17
153 211 55
195 214 33
77 97 32
154 219 1
182 169 53
81 121 26
30 67 62
170 226 19
92 204 23
81 177 46
118 113 47
147 246 2
219 206 11
144 103 3
139 236 42
176 216 66
244 194 14
163 105 7
189 41 51
49 234 16
200 51 16
130 249 4
87 143 25
23 209 52
46 168 5
201 28 68
29 144 38
39 68 68
56 208 19
47 122 66
213 56 41
26 83 17
61 206 27
55 112 44
150 64 70
131 66 45
232 30 70
124 53 8
78 90 54
191 96 32
55 194 14
145 149 26
173 137 3
107 163 15
14 183 40
15 191 36
231 128 51
66 141 43
214 60 50
102 228 24
50 34 31
242 136 59
168 55 7
211 37 9
165 21 33
29 60 14
188 116 33
94 73 8
95 102 34
64 76 59
71 17 18
164 229 61
106 15 28
164 40 42
125 52 30
15 13 56
26 128 19
142 239 20
124 200 65
233 99 38
41 248 31
224 64 19
14 166 21
79 171 20
201 35 41
126 55 69
49 161 23
184 200 22
119 26 2
198 80 69
117 116 70
124 236 37
28 97 46
180 227 43
182 249 24
17 96 10
154 146 55
219 132 19
156 53 25
33 219 22
70 113 8
137 50 36
113 160 32
187 134 56
202 13 24
92 18 50
250 61 18
98 141 11
63 229 22
43 115 67
148 113 18
156 222 0
26 24 36
211 131 15
196 81 30
227 93 22
23 235 16
102 148 2
233 183 5
37 108 35
170 93 8
92 40 41
8 174 28
3 213 49
99 223 29
87 160 26
151 71 62
72 142 61
220 74 9
67 196 69
210 175 57
53 217 69
68 81 9
104 51 55
220 246 50
241 204 51
55 168 31
91 175 27
55 32 65
241 5 17
177 95 38
2 60 54
43 123 68
207 211 60
39 49 17
218 226 68
74 152 52
163 239 33
159 197 61
137 176 46
46 117 35
116 160 0
52 242 42
127 209 7
7 166 7
194 162 2
245 149 52
86 204 0
93 243 20
72 121 48
230 181 41
92 59 38
124 114 60
57 24 9
194 11 34
197 13 60
131 5 11
64 121 27
123 125 58
170 227 6
97 140 26
247 133 0
132 134 5
127 143 67
243 23 28
225 215 64
55 125 19
219 238 51
130 242 38
143 134 44
85 146 52
135 92 49
167 199 11
118 84 63
146 201 49
159 114 33
203 247 18
109 206 48
212 236 54
110 78 13
126 77 50
213 226 49
78 178 57
248 107 47
63 16 32
66 78 66
136 138 68
117 74 3
236 233 8
49 129 37
111 2 49
187 70 10
46 222 57
186 62 56
246 50 67
9 153 68
145 160 37
37 159 37
75 196 10
15 117 59
105 146 34
209 71 63
193 73 29
5 63 67
233 55 33
171 224 69
139 108 13
54 109 52
26 223 51
110 205 55
73 17 69
217 249 36
34 64 60
55 51 51
228 190 55
106 139 32
167 206 70
132 188 43
56 145 57
104 202 43
193 88 20
137 105 48
201 223 34
108 82 19
201 73 26
43 15 12
22 31 4
231 191 47
66 1 29
78 139 29
69 142 42
74 140 56
95 23 52
101 221 34
62 192 12
118 208 39
125 189 0
28 86 30
141 140 3
101 245 31
172 122 62
27 19 24
233 61 7
4 158 45
81 145 17
77 22 27
189 68 67
190 65 15
167 234 9
201 21 25
71 82 7
155 226 31
228 237 33
217 183 38
135 115 69
107 114 48
226 182 55
227 216 4
246 181 10
42 112 28
224 126 12
64 146 26
39 106 38
204 180 15
14 87 63
24 13 5
123 5 3
7 4 27
38 191 24
136 50 60
112 113 13
43 117 41
95 208 51
119 160 37
231 73 69
74 171 52
218 133 36
75 46 61
176 191 43
14 111 40
240 84 12
48 111 10
72 48 63
171 7 45
67 199 43
53 187 30
132 123 33
172 95 47
243 118 57
11 220 1
58 214 8
193 9 31
197 30 17
36 145 56
214 189 58
214 192 45
9 57 44
222 189 43
32 52 28
229 18 7
220 113 9
6 213 64
135 100 52
14 25 70
136 105 4
65 73 65
18 166 35
161 31 53
143 69 67
82 58 70
200 87 49
105 77 6
188 155 17
250 93 27
104 92 40
133 190 24
55 189 18
163 215 59
160 25 54
201 62 1
230 189 58
153 10 51
155 217 40
4 165 56
114 213 19
219 15 43
234 216 2
223 96 0
209 141 39
59 152 55
244 231 45
128 136 52
10 219 27
135 42 69
199 228 51
193 248 65
112 12 33
246 73 7
29 182 54
149 120 30
129 98 36
191 154 62
119 15 24
56 247 9
132 125 4
47 162 63
85 117 5
42 18 16
33 108 9
77 30 18
56 82 6
9 241 54
217 237 39
89 228 55
68 91 21
210 15 49
164 235 6
219 139 42
138 143 32
71 240 33
138 83 31
200 179 13
14 133 18
196 161 46
122 118 26
205 91 10
106 32 30
225 105 64
222 134 1
185 153 21
242 246 28
50 210 28
115 82 15
70 237 24
223 164 29
134 19 52
124 201 70
33 117 54
239 206 11
107 180 44
2 175 53
232 70 48
195 114 16
234 245 5
187 97 65
172 134 29
187 224 58
39 86 18
74 208 22
185 100 2
229 198 68
69 225 15
14 191 19
111 152 64
56 217 61
26 182 12
199 198 69
81 76 16
108 171 49
190 239 58
217 46 0
167 82 28
155 103 35
107 10 4
194 52 1
26 209 9
167 33 21
94 113 10
111 59 33
80 145 24
9 212 20
138 163 16
139 52 40
227 207 19
191 225 20
75 162 55
86 56 64
120 16 61
124 215 45
83 9 3
13 57 36
110 84 40
87 210 19
39 185 50
242 39 33
62 101 45
92 193 15
37 90 21
154 88 55
193 181 16
95 172 12
183 170 34
79 57 5
212 147 67
99 121 12
1 68 37
4 246 46
211 52 17
54 194 2
92 143 35
71 77 44
173 49 31
58 220 68
80 219 46
196 226 9
198 170 31
60 21 28
169 18 55
56 11 47
52 5 29
108 91 7
140 34 1
67 46 1
205 216 68
114 75 61
149 161 26
144 67 67
235 128 48
134 216 4
243 132 38
145 216 53
71 112 16
78 53 18
217 173 62
105 193 46
188 39 6
25 5 48
110 82 31
17 32 53
231 105 27
53 80 47
81 120 54
47 147 37
19 127 54
96 20 22
233 147 36
180 86 14
7 29 65
96 187 48
5 169 12
51 127 12
70 19 1
195 227 6
49 181 44
229 22 8
70 78 8
164 246 48
39 211 37
157 27 2
192 182 62
143 177 32
10 116 29
77 86 45
29 124 69
145 20 44
205 243 0
103 40 18
138 169 3
4 60 64
201 172 66
12 35 1
131 167 61
120 160 67
68 147 54
79 60 34
120 65 22
92 112 70
85 232 65
231 19 9
103 135 2
163 217 50
77 36 5
35 52 54
39 161 49
63 94 30
165 3 56
238 161 21
250 133 0
109 21 35
217 75 64
243 198 34
97 190 68
235 97 17
97 43 9
196 43 32
226 75 25
113 95 47
200 129 47
250 239 42
65 121 65
80 155 22
246 91 31
36 46 45
50 9 53
77 93 52
184 55 32
182 61 49
194 107 62
35 11 67
97 245 0
204 100 15
129 235 23
198 236 4
193 75 44
66 24 21
75 138 20
99 33 32
20 163 5
144 64 58
23 195 42
193 7 19
206 209 56
155 21 21
222 224 48
28 161 25
149 39 46
239 85 7
29 197 52
187 189 54
151 233 27
86 170 61
171 96 0
54 20 27
247 116 15
219 116 56
89 7 59
202 139 58
79 87 1
45 68 14
171 52 0
191 82 63
227 236 8
170 122 11
42 13 53
233 139 69
114 61 5
33 215 17
235 48 9
46 111 0
165 98 27
242 80 16
83 53 69
169 92 21
36 70 36
226 101 28
14 240 47
93 229 35
132 85 51
83 85 51
185 246 19
101 117 22
27 124 41
74 57 49
232 201 42
249 178 4
EOF