6
1 202 73
2 90 47
3 123 84
4 16 67
5 123 65
6 6 0
7 148 77
8 155 71
9 220 74
10 107 69
11 110 77
12 159 94
13 24 64
14 248 76
15 43 83
16 196 66
17 99 62
18 198 59
19 203 56
20 115 67
21 155 75
22 229 68
23 155 54
24 61 59
25 234 74
26 109 81
27 240 79
28 37 85
29 55 75
30 85 70
31 6 30
32 44 73
33 99 82
34 140 76
35 242 74
36 77 63
37 96 64
38 163 113
39 228 94
40 182 88
41 135 85
42 58 72
43 242 71
44 128 73
45 206 74
46 2 75
47 208 62
48 235 59
49 63 76
50 177 90
51 76 81
52 194 86
53 190 85
54 123 83
55 168 73
56 55 73
57 86 72
58 31 32
59 229 77
60 220 81
61 235 56
62 201 67
63 202 65
64 121 109
65 92 90
66 110 91
67 186 82
68 23 83
69 141 72
70 118 73
71 154 72
72 125 70
73 115 78
74 117 71
75 201 67
76 81 55
77 181 58
78 70 81
79 180 85
80 242 84
81 58 39
82 75 71
83 82 82
84 240 70
85 239 63
86 247 67
87 79 86
88 37 80
89 90 53
90 6 40
91 108 76
92 223 83
93 111 82
94 129 78
95 128 55
96 31 58
97 235 67
98 56 85
99 178 50
100 185 70
101 226 100
102 123 66
103 144 78
104 198 65
105 163 59
106 164 79
107 223 65
108 198 69
109 159 72
110 97 68
111 48 69
112 71 88
113 121 61
114 48 66
115 31 59
116 247 79
117 85 68
118 107 70
119 242 110
120 247 77
121 214 60
122 74 87
123 145 62
124 114 79
125 175 70
126 249 84
127 51 93
128 90 49
129 203 63
130 58 39
131 99 58
132 219 79
133 178 62
134 227 83
135 103 80
136 10 72
137 173 63
138 75 87
139 208 61
140 141 75
141 235 72
142 2 79
143 106 94
144 5 75
145 81 56
146 145 60
147 126 84
148 102 68
149 145 82
150 90 83
151 36 69
152 239 78
153 145 60
154 131 59
155 90 54
156 247 82
157 191 92
158 24 85
159 181 70
160 116 79
161 218 90
162 6 59
163 214 52
164 198 64
165 11 102
166 7 84
167 36 83
168 37 66
169 5 77
170 198 89
171 83 90
172 95 67
173 198 60
174 8 99
175 24 68
176 48 61
177 125 73
178 249 47
179 200 88
180 192 68
181 23 55
182 108 85
183 133 63
184 235 53
185 178 68
186 6 53
187 235 86
188 141 89
189 125 70
190 49 76
191 173 65
192 19 63
193 92 98
194 54 85
195 37 72
196 95 63
197 14 110
198 76 58
199 235 51
200 184 75
201 102 66
202 229 61
203 249 46
204 86 67
205 125 90
206 239 67
207 242 84
208 89 58
209 26 90
210 131 73
211 222 110
212 244 83
213 6 64
214 58 40
215 92 96
216 227 73
217 199 78
218 95 71
219 154 60
220 130 68
221 245 78
222 156 82
223 89 60
224 172 119
225 183 74
226 196 72
227 198 69
228 111 71
229 95 60
230 249 76
231 58 78
232 93 84
233 236 70
234 75 74
235 203 50
236 198 62
237 70 97
238 123 86
239 235 56
240 145 58
241 194 97
242 196 68
243 113 83
244 250 79
245 164 66
246 96 75
247 203 64
248 42 72
249 130 43
250 99 68
