22
1 202 43
2 90 66
3 123 58
4 16 37
5 123 39
6 240 58
7 148 51
8 16 61
9 220 48
10 144 59
11 110 51
12 19 77
13 24 38
14 248 50
15 43 53
16 196 36
17 99 36
18 198 33
19 203 30
20 115 41
21 151 65
22 22 0
23 104 42
24 61 33
25 234 48
26 109 59
27 240 53
28 37 59
29 55 49
30 85 44
31 22 4
32 44 71
33 99 56
34 140 50
35 242 44
36 77 44
37 96 38
38 163 87
39 228 68
40 182 62
41 135 59
42 58 46
43 242 41
44 194 71
45 206 48
46 217 52
47 208 61
48 235 33
49 63 46
50 177 64
51 76 55
52 194 60
53 190 55
54 123 57
55 168 47
56 55 47
57 86 46
58 31 6
59 22 30
60 22 50
61 235 30
62 201 41
63 202 35
64 121 83
65 190 61
66 110 65
67 4 58
68 45 62
69 141 46
70 118 56
71 154 46
72 125 44
73 246 46
74 117 35
75 201 41
76 81 29
77 202 39
78 246 53
79 180 59
80 242 54
81 58 13
82 75 45
83 82 56
84 240 44
85 239 37
86 247 41
87 79 60
88 37 54
89 1 63
90 37 59
91 108 50
92 169 72
93 111 56
94 129 52
95 176 25
96 31 32
97 235 41
98 56 59
99 178 24
100 185 44
101 226 70
102 123 40
103 144 52
104 198 39
105 163 33
106 164 53
107 19 58
108 198 43
109 58 50
110 97 42
111 48 43
112 71 62
113 121 35
114 48 40
115 31 33
116 247 53
117 176 32
118 9 53
119 242 80
120 247 51
121 214 34
122 74 51
123 145 36
124 114 53
125 175 44
126 249 58
127 51 67
128 90 68
129 203 37
130 58 13
131 99 32
132 219 53
133 178 36
134 222 57
135 103 54
136 70 62
137 173 37
138 75 61
139 208 60
140 141 49
141 235 46
142 189 62
143 106 68
144 5 49
145 81 30
146 145 34
147 126 58
148 102 42
149 35 52
150 225 61
151 36 50
152 239 52
153 145 34
154 131 33
155 204 60
156 247 56
157 4 65
158 24 59
159 181 58
160 116 53
161 218 60
162 229 37
163 214 26
164 198 38
165 11 76
166 7 58
167 20 59
168 37 40
169 5 51
170 198 63
171 202 63
172 95 37
173 198 34
174 172 74
175 24 42
176 22 3
177 125 47
178 249 21
179 200 62
180 192 42
181 23 43
182 60 59
183 133 37
184 235 27
185 178 42
186 178 43
187 235 60
188 141 63
189 125 44
190 49 46
191 173 39
192 19 37
193 105 79
194 79 59
195 37 46
196 95 33
197 14 84
198 76 32
199 235 25
200 184 49
201 102 40
202 229 31
203 249 20
204 86 41
205 125 64
206 239 41
207 242 54
208 74 57
209 26 68
210 131 47
211 222 84
212 244 57
213 114 59
214 58 14
215 33 73
216 227 47
217 199 52
218 95 41
219 154 34
220 130 42
221 245 52
222 156 56
223 99 53
224 172 89
225 183 48
226 22 42
227 198 43
228 111 45
229 95 30
230 249 50
231 58 52
232 22 52
233 236 44
234 75 48
235 203 24
236 198 36
237 240 71
238 123 60
239 235 30
240 145 32
241 194 71
242 196 38
243 113 57
244 250 53
245 164 40
246 74 39
247 203 38
248 42 46
249 130 17
250 99 42
