16
1 138 44
2 90 52
3 5 54
4 16 1
5 131 28
6 240 41
7 148 47
8 16 25
9 220 32
10 144 48
11 110 25
12 4 60
13 24 35
14 248 35
15 43 36
16 16 0
17 71 49
18 78 37
19 70 41
20 110 27
21 151 58
22 229 51
23 219 34
24 61 30
25 16 16
26 34 57
27 157 31
28 177 60
29 157 32
30 168 39
31 130 33
32 112 60
33 180 58
34 140 42
35 131 38
36 77 37
37 96 41
38 111 75
39 228 48
40 182 51
41 135 48
42 57 45
43 97 24
44 194 61
45 206 37
46 67 23
47 157 44
48 235 52
49 63 59
50 67 40
51 200 49
52 71 50
53 78 47
54 123 66
55 168 35
56 55 35
57 16 42
58 31 35
59 111 56
60 220 39
61 245 27
62 8 35
63 202 48
64 110 80
65 56 55
66 110 39
67 4 22
68 45 51
69 219 40
70 118 40
71 154 31
72 245 20
73 246 36
74 46 25
75 204 39
76 81 55
77 175 32
78 110 29
79 60 54
80 242 51
81 46 39
82 71 38
83 82 49
84 240 27
85 239 35
86 46 41
87 79 55
88 29 50
89 90 58
90 118 45
91 29 42
92 169 61
93 111 36
94 246 48
95 154 43
96 77 35
97 4 15
98 56 47
99 178 43
100 204 39
101 226 73
102 96 45
103 144 41
104 198 50
105 163 39
106 164 60
107 223 60
108 198 54
109 134 51
110 97 16
111 46 23
112 71 47
113 220 35
114 177 42
115 113 40
116 247 59
117 85 40
118 9 37
119 242 77
120 247 57
121 214 48
122 74 41
123 145 45
124 114 55
125 175 22
126 249 77
127 51 61
128 90 54
129 203 56
130 20 32
131 4 17
132 219 38
133 232 38
134 132 43
135 103 43
136 16 41
137 220 29
138 78 44
139 208 50
140 97 41
141 15 53
142 189 40
143 97 43
144 5 38
145 77 39
146 145 43
147 93 50
148 14 38
149 35 46
150 225 49
151 36 43
152 232 45
153 145 43
154 131 18
155 204 43
156 111 54
157 4 29
158 4 46
159 181 50
160 131 51
161 149 72
162 229 50
163 20 32
164 131 45
165 11 50
166 7 54
167 20 45
168 46 28
169 5 40
170 183 60
171 43 50
172 113 44
173 198 45
174 8 53
175 72 20
176 14 38
177 125 25
178 249 40
179 200 46
180 204 39
181 23 35
182 60 48
183 97 26
184 235 46
185 74 40
186 85 44
187 46 55
188 141 70
189 125 22
190 49 59
191 8 29
192 62 47
193 92 76
194 55 49
195 29 36
196 75 49
197 14 69
198 67 43
199 235 44
200 4 33
201 102 45
202 229 44
203 249 39
204 245 24
205 125 42
206 219 30
207 242 51
208 74 47
209 26 66
210 131 32
211 248 77
212 9 52
213 114 61
214 131 28
215 92 74
216 234 43
217 80 56
218 95 59
219 154 19
220 11 26
221 245 27
222 156 54
223 23 55
224 183 89
225 93 36
226 232 45
227 195 42
228 111 25
229 110 43
230 194 68
231 53 55
232 93 38
233 236 44
234 175 41
235 203 43
236 27 36
237 240 54
238 51 64
239 5 28
240 16 15
241 194 61
242 228 35
243 205 42
244 250 53
245 97 15
246 74 29
247 56 44
248 204 31
249 130 36
250 16 42
