24
1 202 49
2 189 42
3 123 56
4 16 37
5 123 37
6 240 56
7 148 45
8 16 61
9 220 52
10 144 52
11 244 45
12 13 66
13 24 5
14 248 37
15 158 29
16 196 36
17 99 46
18 229 43
19 15 45
20 96 46
21 151 47
22 229 44
23 234 37
24 24 0
25 234 30
26 109 61
27 240 51
28 177 49
29 30 38
30 164 23
31 57 39
32 106 61
33 180 51
34 140 48
35 242 44
36 77 26
37 96 30
38 245 83
39 228 66
40 183 55
41 135 52
42 57 34
43 242 41
44 194 61
45 206 46
46 103 49
47 151 59
48 235 31
49 63 52
50 177 31
51 112 59
52 125 41
53 124 52
54 123 55
55 168 39
56 55 39
57 86 31
58 31 41
59 229 53
60 177 48
61 235 28
62 201 35
63 202 41
64 84 82
65 56 59
66 110 63
67 189 49
68 45 60
69 141 44
70 57 48
71 49 54
72 125 11
73 246 44
74 250 33
75 201 35
76 81 59
77 175 21
78 246 51
79 180 49
80 242 54
81 203 43
82 75 39
83 82 50
84 13 27
85 239 35
86 158 26
87 79 50
88 37 46
89 164 62
90 37 51
91 205 41
92 30 70
93 111 54
94 246 56
95 177 52
96 77 24
97 235 39
98 56 51
99 243 34
100 204 41
101 226 70
102 96 34
103 144 45
104 198 65
105 136 58
106 164 31
107 223 55
108 153 55
109 159 52
110 97 40
111 48 41
112 114 56
113 121 47
114 177 31
115 113 52
116 247 62
117 85 40
118 14 48
119 242 80
120 247 60
121 99 46
122 74 49
123 145 34
124 114 44
125 175 11
126 249 93
127 51 71
128 90 60
129 203 52
130 58 48
131 99 42
132 191 61
133 250 28
134 227 58
135 103 47
136 70 54
137 220 49
138 250 54
139 189 49
140 141 47
141 235 44
142 189 29
143 106 46
144 37 42
145 77 28
146 158 29
147 93 68
148 102 36
149 35 52
150 225 53
151 36 32
152 13 39
153 145 32
154 131 43
155 204 45
156 247 65
157 191 64
158 24 26
159 181 50
160 116 62
161 28 74
162 229 43
163 20 51
164 24 16
165 11 70
166 7 52
167 36 46
168 37 32
169 5 49
170 183 63
171 83 58
172 118 56
173 198 60
174 175 72
175 24 9
176 48 33
177 125 14
178 103 45
179 200 60
180 243 32
181 72 35
182 60 57
183 133 29
184 235 25
185 74 48
186 86 30
187 235 58
188 141 61
189 125 11
190 133 52
191 77 37
192 146 39
193 92 85
194 79 49
195 37 38
196 30 33
197 14 71
198 235 58
199 235 23
200 184 47
201 102 34
202 229 37
203 133 35
204 86 26
205 125 31
206 239 39
207 242 54
208 74 55
209 153 68
210 135 54
211 248 79
212 244 43
213 114 50
214 58 49
215 33 68
216 234 32
217 199 50
218 95 68
219 154 44
220 11 46
221 245 30
222 156 65
223 52 50
224 183 92
225 183 40
226 196 42
227 195 44
228 111 43
229 243 36
230 194 68
231 53 60
232 93 56
233 236 46
234 175 30
235 164 22
236 30 38
237 248 62
238 123 58
239 235 28
240 145 30
241 194 61
242 196 38
243 205 31
244 250 39
245 164 18
246 74 37
247 146 47
248 204 33
249 130 52
250 24 28
