23
1 56 35
2 21 34
3 123 39
4 16 32
5 123 20
6 240 39
7 148 28
8 16 56
9 83 36
10 107 30
11 110 43
12 159 40
13 24 30
14 248 45
15 43 48
16 227 31
17 99 43
18 78 46
19 70 35
20 96 29
21 151 30
22 77 31
23 23 0
24 61 25
25 234 25
26 109 27
27 68 34
28 37 34
29 55 24
30 77 22
31 130 35
32 44 48
33 180 49
34 140 42
35 242 39
36 77 9
37 96 13
38 111 84
39 228 57
40 182 42
41 135 35
42 57 42
43 242 36
44 194 48
45 206 38
46 103 32
47 151 42
48 235 25
49 63 42
50 177 41
51 200 45
52 194 37
53 37 40
54 123 38
55 168 22
56 55 22
57 86 39
58 31 37
59 118 57
60 29 38
61 235 22
62 201 18
63 36 31
64 84 80
65 56 42
66 110 57
67 4 53
68 23 29
69 141 38
70 118 34
71 49 44
72 125 21
73 246 31
74 46 34
75 201 18
76 239 51
77 181 4
78 246 38
79 40 46
80 77 40
81 203 36
82 75 22
83 82 33
84 240 25
85 239 27
86 247 34
87 167 44
88 37 29
89 90 47
90 37 34
91 29 34
92 223 44
93 111 45
94 246 43
95 176 49
96 77 7
97 235 33
98 56 34
99 178 31
100 185 33
101 62 63
102 96 17
103 144 28
104 198 59
105 136 37
106 201 40
107 223 26
108 153 38
109 159 18
110 27 34
111 46 32
112 114 57
113 148 37
114 48 32
115 113 42
116 247 46
117 85 32
118 107 31
119 242 75
120 247 44
121 99 43
122 74 50
123 145 17
124 114 45
125 175 21
126 249 79
127 51 57
128 90 43
129 203 45
130 20 34
131 99 39
132 191 44
133 247 31
134 227 41
135 103 30
136 10 33
137 96 35
138 75 38
139 208 44
140 141 41
141 235 38
142 189 39
143 106 55
144 37 25
145 77 11
146 145 15
147 107 58
148 102 19
149 145 37
150 225 51
151 36 15
152 239 42
153 145 15
154 131 40
155 90 48
156 247 49
157 191 47
158 24 51
159 181 16
160 116 46
161 28 59
162 194 38
163 20 34
164 24 41
165 55 62
166 7 35
167 36 29
168 37 15
169 5 32
170 55 48
171 83 41
172 118 39
173 166 53
174 145 55
175 77 19
176 48 27
177 125 24
178 103 28
179 200 42
180 192 30
181 23 1
182 26 39
183 133 32
184 235 19
185 26 31
186 85 36
187 28 45
188 141 55
189 125 21
190 49 42
191 77 20
192 146 25
193 92 59
194 55 36
195 37 21
196 75 28
197 29 76
198 235 52
199 235 17
200 109 29
201 102 17
202 70 40
203 7 28
204 86 34
205 125 41
206 239 31
207 227 46
208 56 41
209 26 36
210 135 37
211 153 70
212 9 56
213 114 51
214 58 45
215 23 55
216 234 27
217 7 43
218 190 59
219 200 37
220 11 44
221 245 42
222 156 49
223 23 21
224 172 91
225 200 38
226 196 37
227 195 27
228 111 34
229 235 46
230 194 55
231 68 44
232 93 47
233 151 42
234 75 25
235 23 16
236 227 35
237 240 52
238 123 41
239 5 20
240 145 13
241 194 48
242 196 33
243 205 41
244 250 58
245 234 30
246 96 24
247 56 31
248 204 41
249 130 38
250 83 47
