9
1 202 26
2 90 20
3 123 57
4 16 27
5 123 38
6 240 57
7 148 46
8 155 44
9 9 0
10 9 21
11 110 51
12 19 56
13 202 38
14 105 39
15 43 43
16 196 26
17 70 28
18 78 24
19 70 9
20 115 29
21 155 48
22 172 22
23 155 27
24 61 35
25 16 42
26 109 54
27 240 52
28 37 52
29 55 42
30 78 31
31 22 26
32 44 46
33 180 40
34 140 52
35 242 34
36 77 27
37 96 31
38 163 95
39 242 61
40 182 43
41 63 43
42 57 43
43 242 31
44 128 46
45 206 50
46 10 44
47 208 35
48 235 35
49 63 29
50 177 57
51 112 50
52 194 39
53 78 34
54 123 56
55 168 40
56 55 40
57 86 40
58 31 28
59 118 31
60 9 31
61 235 32
62 201 36
63 202 18
64 224 84
65 190 44
66 110 65
67 4 48
68 23 56
69 141 48
70 118 8
71 49 31
72 125 37
73 115 40
74 117 42
75 201 36
76 81 51
77 202 22
78 70 16
79 180 38
80 242 44
81 58 35
82 115 36
83 82 47
84 105 42
85 239 39
86 180 35
87 79 39
88 37 47
89 90 26
90 118 13
91 29 52
92 169 55
93 111 57
94 49 46
95 128 28
96 77 25
97 4 41
98 56 52
99 243 41
100 204 49
101 226 57
102 96 35
103 144 46
104 198 61
105 136 18
106 115 50
107 19 37
108 139 47
109 159 45
110 97 42
111 46 44
112 71 47
113 70 16
114 48 42
115 113 21
116 10 50
117 63 39
118 9 5
119 242 70
120 247 62
121 79 43
122 74 58
123 145 35
124 226 52
125 19 37
126 249 75
127 51 62
128 90 22
129 203 54
130 17 30
131 4 43
132 49 56
133 43 46
134 222 38
135 103 48
136 70 14
137 96 53
138 78 31
139 208 34
140 141 51
141 235 48
142 2 52
143 138 63
144 37 43
145 77 29
146 145 33
147 107 69
148 102 37
149 35 42
150 90 56
151 36 33
152 239 54
153 145 33
154 131 44
155 90 27
156 136 37
157 4 55
158 24 61
159 182 43
160 113 48
161 49 52
162 229 40
163 20 34
164 241 50
165 196 69
166 10 43
167 36 47
168 37 33
169 138 34
170 187 61
171 202 46
172 118 13
173 198 56
174 172 50
175 77 37
176 63 18
177 125 40
178 249 38
179 200 64
180 192 21
181 23 28
182 60 40
183 133 47
184 235 29
185 73 47
186 86 39
187 172 41
188 141 65
189 125 37
190 49 29
191 77 38
192 19 16
193 105 64
194 79 38
195 37 39
196 63 23
197 14 73
198 76 54
199 235 27
200 184 51
201 102 35
202 70 14
203 249 37
204 9 34
205 172 49
206 239 43
207 242 44
208 89 31
209 136 56
210 135 55
211 222 65
212 9 20
213 114 61
214 58 36
215 33 57
216 134 42
217 80 49
218 95 44
219 154 45
220 11 52
221 245 53
222 156 37
223 89 33
224 172 65
225 204 52
226 9 29
227 195 45
228 111 46
229 95 33
230 194 57
231 53 42
232 94 52
233 192 54
234 75 43
235 19 26
236 30 46
237 70 32
238 123 59
239 235 32
240 145 31
241 194 50
242 196 28
243 113 38
244 250 64
245 97 41
246 96 42
247 56 49
248 204 41
249 130 34
250 136 53
