10
1 56 44
2 21 43
3 123 48
4 16 34
5 123 29
6 240 48
7 148 37
8 16 58
9 83 39
10 10 0
11 110 52
12 159 70
13 24 55
14 105 28
15 158 49
16 196 33
17 99 52
18 229 40
19 231 33
20 96 38
21 151 39
22 77 40
23 234 41
24 61 50
25 234 34
26 109 44
27 240 43
28 37 43
29 55 33
30 77 31
31 130 44
32 44 57
33 180 58
34 140 51
35 160 39
36 77 18
37 96 22
38 111 75
39 228 48
40 182 46
41 135 44
42 57 49
43 242 38
44 194 57
45 206 44
46 10 23
47 208 51
48 235 50
49 63 36
50 177 50
51 93 52
52 171 44
53 190 45
54 123 47
55 168 31
56 55 31
57 86 46
58 31 46
59 229 50
60 222 34
61 235 47
62 201 27
63 105 25
64 160 83
65 190 51
66 110 66
67 4 55
68 45 58
69 105 38
70 118 42
71 49 38
72 125 30
73 246 36
74 46 25
75 201 27
76 81 55
77 105 13
78 246 43
79 60 49
80 77 49
81 46 39
82 75 31
83 231 36
84 105 31
85 239 36
86 46 41
87 79 50
88 37 38
89 90 56
90 37 43
91 29 43
92 169 62
93 111 36
94 105 42
95 176 47
96 77 16
97 77 45
98 56 43
99 178 40
100 185 42
101 226 67
102 96 26
103 144 37
104 198 61
105 136 7
106 222 45
107 223 58
108 153 47
109 134 35
110 27 43
111 46 23
112 71 54
113 148 46
114 195 46
115 228 40
116 10 29
117 85 41
118 14 39
119 242 77
120 247 53
121 99 52
122 74 41
123 145 26
124 231 50
125 175 30
126 224 86
127 51 64
128 90 52
129 203 54
130 20 43
131 99 48
132 219 46
133 232 38
134 222 27
135 103 39
136 10 3
137 173 43
138 75 47
139 208 50
140 141 50
141 167 47
142 189 48
143 106 60
144 37 34
145 77 20
146 145 24
147 93 50
148 102 28
149 145 46
150 225 49
151 36 24
152 232 45
153 145 24
154 131 49
155 90 57
156 136 26
157 191 56
158 46 46
159 182 46
160 116 29
161 49 59
162 229 40
163 20 43
164 233 53
165 55 71
166 10 22
167 36 38
168 37 24
169 5 41
170 55 57
171 83 44
172 118 47
173 166 40
174 145 64
175 77 28
176 63 25
177 125 33
178 103 37
179 200 59
180 192 39
181 136 36
182 60 43
183 133 39
184 235 44
185 74 40
186 116 41
187 28 54
188 141 64
189 125 30
190 49 36
191 77 29
192 146 34
193 105 53
194 55 45
195 37 30
196 63 30
197 14 62
198 231 54
199 235 42
200 109 46
201 102 26
202 229 34
203 7 37
204 86 41
205 125 50
206 156 37
207 242 51
208 74 47
209 136 45
210 105 45
211 222 54
212 244 57
213 114 65
214 116 39
215 228 75
216 134 31
217 7 52
218 190 53
219 10 27
220 83 47
221 245 51
222 156 26
223 52 53
224 222 74
225 93 36
226 196 39
227 195 36
228 111 25
229 136 33
230 194 64
231 10 24
232 93 38
233 151 51
234 75 34
235 203 41
236 227 44
237 228 58
238 123 50
239 5 29
240 145 22
241 194 57
242 196 35
243 205 50
244 250 53
245 234 39
246 74 29
247 56 40
248 204 48
249 130 47
250 136 42
