29
1 138 42
2 21 46
3 123 66
4 16 15
5 131 42
6 240 51
7 148 44
8 16 39
9 220 30
10 107 41
11 110 23
12 159 50
13 24 33
14 248 34
15 43 42
16 227 14
17 99 41
18 78 35
19 203 35
20 110 25
21 60 42
22 114 42
23 155 42
24 61 28
25 16 30
26 109 37
27 157 45
28 37 59
29 29 0
30 164 35
31 130 19
32 44 41
33 180 57
34 114 52
35 12 51
36 77 36
37 96 38
38 29 66
39 228 62
40 182 26
41 40 38
42 57 37
43 87 30
44 194 41
45 206 51
46 67 37
47 208 46
48 235 38
49 63 57
50 177 41
51 112 44
52 194 30
53 194 39
54 123 65
55 168 47
56 55 47
57 79 34
58 31 21
59 17 56
60 29 14
61 114 25
62 201 34
63 202 46
64 110 78
65 241 61
66 110 37
67 4 36
68 45 65
69 141 51
70 118 38
71 154 45
72 245 19
73 246 25
74 220 33
75 201 34
76 81 44
77 181 31
78 110 27
79 60 29
80 94 56
81 58 28
82 75 38
83 82 49
84 240 37
85 239 42
86 164 46
87 79 30
88 29 18
89 90 56
90 118 43
91 29 10
92 223 55
93 227 32
94 246 37
95 94 56
96 223 32
97 4 29
98 56 59
99 178 29
100 185 34
101 226 69
102 87 33
103 144 41
104 88 51
105 163 37
106 164 43
107 223 37
108 139 58
109 159 28
110 91 14
111 46 37
112 207 41
113 220 33
114 195 20
115 113 38
116 247 58
117 85 47
118 9 35
119 242 91
120 247 56
121 79 34
122 74 49
123 145 44
124 114 33
125 175 21
126 249 63
127 51 56
128 90 52
129 203 42
130 29 18
131 4 31
132 195 48
133 232 34
134 227 24
135 103 43
136 32 41
137 220 27
138 78 42
139 208 45
140 141 54
141 235 51
142 189 39
143 87 55
144 29 38
145 77 38
146 145 42
147 93 46
148 102 35
149 35 59
150 225 45
151 91 36
152 232 41
153 145 42
154 131 32
155 204 42
156 247 61
157 4 43
158 24 54
159 182 26
160 87 56
161 44 75
162 194 31
163 20 30
164 233 28
165 11 48
166 7 51
167 20 43
168 37 40
169 138 45
170 183 65
171 79 49
172 113 42
173 198 49
174 8 67
175 72 19
176 14 37
177 125 24
178 249 26
179 200 52
180 204 38
181 246 28
182 60 23
183 233 31
184 235 32
185 73 32
186 178 48
187 246 60
188 141 68
189 125 21
190 49 57
191 8 43
192 19 42
193 92 70
194 79 29
195 29 4
196 75 44
197 29 52
198 76 47
199 235 30
200 109 39
201 102 33
202 229 42
203 249 25
204 245 23
205 125 41
206 219 44
207 227 29
208 227 42
209 26 46
210 131 46
211 248 76
212 9 50
213 114 39
214 58 29
215 29 55
216 227 14
217 199 57
218 95 72
219 154 33
220 11 24
221 245 26
222 156 61
223 195 32
224 147 90
225 93 32
226 232 41
227 195 10
228 111 39
229 110 41
230 194 48
231 53 47
232 93 34
233 236 26
234 175 40
235 203 29
236 227 18
237 248 59
238 51 59
239 235 35
240 236 25
241 194 41
242 228 49
243 205 41
244 250 58
245 195 14
246 29 18
247 203 43
248 204 30
249 130 22
250 99 47
