17
1 56 38
2 90 44
3 123 57
4 16 35
5 131 32
6 240 57
7 148 31
8 155 53
9 220 37
10 144 38
11 110 40
12 19 66
13 24 27
14 248 28
15 158 51
16 227 34
17 17 0
18 198 32
19 203 19
20 96 32
21 201 45
22 99 44
23 234 35
24 61 22
25 234 28
26 34 54
27 240 52
28 37 37
29 55 27
30 168 29
31 130 3
32 44 51
33 17 38
34 140 39
35 131 42
36 77 43
37 96 16
38 111 84
39 228 57
40 103 49
41 135 38
42 57 38
43 97 39
44 194 51
45 206 37
46 103 35
47 208 48
48 235 22
49 188 55
50 177 53
51 200 54
52 194 40
53 37 43
54 123 56
55 168 25
56 55 25
57 86 35
58 31 5
59 17 15
60 29 41
61 235 19
62 201 21
63 202 48
64 121 74
65 56 45
66 110 54
67 4 56
68 45 51
69 141 35
70 118 42
71 154 35
72 125 33
73 246 34
74 117 34
75 201 21
76 81 28
77 105 38
78 246 41
79 180 48
80 242 52
81 58 12
82 75 25
83 82 36
84 240 43
85 239 26
86 247 30
87 79 49
88 37 32
89 90 50
90 37 37
91 29 37
92 169 65
93 111 45
94 129 41
95 59 46
96 17 10
97 235 30
98 56 37
99 178 13
100 204 32
101 62 66
102 96 20
103 144 31
104 198 38
105 163 32
106 201 43
107 223 47
108 198 42
109 58 49
110 97 31
111 48 32
112 71 51
113 121 26
114 48 29
115 113 31
116 247 42
117 85 31
118 14 39
119 242 78
120 247 40
121 99 25
122 74 50
123 145 35
124 114 42
125 175 33
126 249 47
127 51 66
128 90 46
129 203 26
130 17 2
131 99 21
132 219 42
133 178 25
134 227 44
135 103 33
136 10 41
137 220 34
138 75 41
139 208 47
140 141 38
141 235 35
142 189 51
143 106 58
144 37 28
145 81 29
146 145 33
147 126 47
148 102 22
149 35 50
150 225 48
151 36 49
152 239 41
153 145 33
154 131 22
155 204 36
156 247 45
157 4 63
158 24 48
159 181 51
160 116 42
161 28 62
162 194 41
163 214 25
164 198 37
165 55 65
166 7 38
167 20 50
168 37 18
169 5 44
170 55 51
171 83 44
172 113 35
173 198 33
174 172 72
175 24 31
176 48 24
177 125 36
178 249 10
179 200 51
180 192 31
181 23 36
182 239 49
183 133 26
184 235 16
185 178 31
186 178 32
187 28 48
188 141 52
189 125 33
190 133 49
191 173 38
192 19 26
193 105 78
194 55 39
195 37 24
196 75 31
197 14 62
198 76 31
199 235 14
200 184 38
201 102 20
202 229 44
203 249 9
204 17 17
205 125 53
206 239 30
207 227 49
208 56 44
209 26 63
210 131 36
211 248 70
212 244 46
213 114 48
214 58 13
215 33 55
216 234 30
217 199 41
218 95 62
219 154 23
220 130 31
221 245 42
222 156 45
223 99 42
224 172 87
225 204 35
226 196 40
227 195 30
228 111 34
229 235 43
230 249 39
231 58 51
232 94 47
233 236 43
234 75 28
235 203 13
236 198 35
237 248 53
238 123 59
239 235 19
240 145 31
241 194 51
242 196 36
243 113 48
244 250 42
245 97 30
246 96 27
247 203 27
248 204 24
249 130 6
250 99 31
