2
1 56 53
2 2 0
3 5 76
4 16 53
5 131 50
6 240 79
7 148 69
8 16 77
9 83 60
10 107 69
11 110 64
12 159 83
13 24 65
14 248 57
15 158 54
16 142 52
17 99 43
18 78 56
19 203 60
20 115 53
21 98 71
22 99 62
23 219 56
24 57 60
25 234 62
26 109 70
27 240 74
28 37 77
29 55 42
30 168 44
31 130 46
32 44 66
33 99 63
34 140 66
35 242 46
36 77 52
37 96 56
38 111 80
39 228 53
40 182 66
41 135 70
42 57 54
43 242 43
44 194 66
45 206 59
46 2 28
47 208 56
48 235 63
49 39 70
50 177 68
51 93 57
52 194 55
53 194 64
54 122 72
55 168 40
56 55 40
57 86 51
58 31 48
59 17 58
60 2 54
61 235 60
62 201 61
63 212 71
64 121 92
65 56 60
66 110 78
67 86 73
68 45 73
69 219 62
70 57 68
71 154 53
72 250 54
73 246 41
74 46 30
75 204 61
76 81 60
77 181 47
78 246 48
79 60 69
80 242 56
81 46 44
82 56 46
83 82 57
84 240 65
85 242 54
86 46 46
87 79 70
88 29 60
89 1 73
90 118 73
91 46 51
92 223 83
93 111 41
94 246 53
95 154 65
96 77 50
97 74 62
98 56 52
99 178 31
100 185 47
101 226 78
102 96 60
103 144 63
104 198 70
105 163 65
106 115 74
107 223 65
108 139 68
109 159 61
110 91 55
111 46 28
112 207 68
113 121 44
114 195 62
115 228 45
116 247 64
117 228 47
118 9 65
119 242 82
120 247 62
121 99 43
122 74 46
123 145 60
124 226 73
125 175 55
126 249 90
127 51 69
128 232 77
129 203 67
130 17 45
131 99 39
132 219 60
133 178 43
134 222 60
135 103 65
136 32 66
137 5 65
138 78 63
139 208 55
140 147 65
141 98 63
142 2 32
143 184 83
144 5 60
145 77 54
146 158 54
147 93 55
148 14 60
149 35 54
150 225 54
151 36 58
152 232 50
153 145 58
154 131 40
155 204 65
156 111 59
157 4 81
158 46 51
159 181 59
160 116 64
161 149 80
162 194 56
163 20 58
164 241 66
165 55 80
166 7 76
167 142 57
168 46 33
169 5 62
170 55 66
171 83 65
172 113 53
173 198 65
174 172 90
175 2 53
176 14 60
177 232 51
178 2 28
179 200 76
180 204 61
181 246 44
182 60 63
183 133 44
184 178 41
185 74 45
186 178 50
187 46 60
188 141 80
189 125 55
190 133 67
191 77 63
192 146 64
193 92 98
194 55 54
195 29 46
196 30 54
197 14 91
198 76 63
199 235 55
200 184 63
201 102 60
202 229 67
203 133 50
204 86 46
205 125 75
206 219 52
207 242 56
208 74 52
209 127 76
210 131 54
211 222 87
212 244 64
213 114 81
214 131 50
215 228 80
216 227 56
217 80 61
218 95 81
219 154 41
220 11 65
221 245 68
222 156 59
223 99 60
224 147 99
225 93 41
226 232 50
227 195 52
228 111 30
229 243 66
230 194 73
231 53 72
232 93 43
233 236 67
234 225 62
235 203 54
236 30 59
237 228 63
238 51 72
239 5 50
240 35 53
241 194 66
242 228 40
243 93 61
244 250 60
245 195 56
246 74 34
247 56 49
248 204 53
249 130 49
250 99 49
