3
1 138 60
2 124 64
3 3 0
4 16 17
5 131 44
6 240 57
7 207 57
8 16 41
9 220 48
10 107 52
11 110 41
12 19 73
13 24 34
14 248 48
15 43 33
16 196 16
17 71 65
18 198 44
19 203 26
20 110 43
21 101 63
22 229 58
23 219 39
24 61 29
25 16 32
26 109 61
27 157 47
28 37 73
29 157 48
30 85 39
31 130 49
32 112 59
33 196 48
34 140 46
35 242 24
36 77 48
37 96 52
38 111 91
39 242 51
40 182 59
41 135 64
42 57 45
43 242 21
44 35 60
45 206 42
46 217 39
47 157 60
48 235 29
49 188 62
50 67 56
51 112 49
52 171 47
53 124 53
54 123 68
55 168 51
56 55 51
57 86 42
58 31 51
59 229 67
60 220 55
61 235 26
62 3 50
63 202 55
64 110 96
65 43 60
66 110 55
67 4 38
68 45 56
69 141 42
70 118 56
71 154 47
72 245 36
73 246 51
74 117 40
75 226 47
76 81 40
77 181 43
78 110 45
79 180 55
80 242 34
81 203 24
82 75 51
83 82 62
84 240 43
85 242 32
86 247 37
87 79 56
88 207 41
89 90 74
90 118 61
91 120 49
92 169 77
93 111 52
94 129 48
95 176 53
96 77 46
97 4 31
98 56 63
99 57 56
100 204 52
101 226 50
102 123 51
103 144 57
104 198 50
105 163 55
106 164 60
107 80 48
108 198 54
109 226 52
110 97 32
111 48 39
112 207 46
113 121 51
114 48 36
115 113 56
116 247 49
117 85 37
118 107 53
119 242 60
120 247 47
121 81 50
122 74 56
123 145 47
124 226 45
125 175 38
126 249 93
127 51 61
128 235 68
129 203 33
130 20 48
131 4 33
132 219 43
133 247 34
134 132 48
135 103 59
136 10 55
137 220 45
138 78 60
139 208 65
140 141 45
141 235 42
142 112 51
143 97 59
144 5 54
145 81 41
146 145 45
147 93 66
148 14 51
149 35 32
150 225 59
151 36 54
152 239 48
153 145 45
154 131 34
155 204 56
156 247 52
157 4 45
158 24 55
159 181 55
160 116 49
161 149 58
162 194 57
163 20 48
164 24 45
165 196 59
166 7 64
167 20 61
168 46 44
169 5 56
170 183 69
171 43 47
172 113 60
173 198 45
174 8 69
175 72 36
176 48 31
177 125 41
178 249 56
179 200 58
180 192 38
181 23 40
182 239 56
183 133 35
184 235 23
185 74 55
186 86 41
187 235 56
188 141 59
189 125 38
190 133 58
191 8 45
192 19 33
193 92 92
194 79 55
195 29 52
196 3 13
197 14 82
198 76 43
199 235 21
200 184 45
201 102 51
202 229 51
203 3 16
204 86 37
205 125 58
206 219 35
207 242 34
208 74 62
209 127 68
210 131 48
211 222 80
212 9 68
213 3 49
214 131 44
215 33 65
216 134 52
217 80 39
218 95 69
219 3 24
220 11 42
221 245 43
222 156 52
223 52 56
224 183 98
225 183 46
226 196 22
227 198 54
228 111 41
229 235 50
230 194 74
231 53 61
232 94 54
233 236 55
234 75 54
235 203 20
236 198 47
237 240 70
238 51 64
239 235 26
240 16 31
241 3 61
242 196 18
243 205 58
244 250 68
245 97 31
246 74 44
247 203 34
248 204 44
249 130 52
250 24 57
