4
1 138 43
2 90 51
3 5 53
4 4 0
5 131 27
6 240 66
7 148 46
8 155 59
9 220 31
10 144 47
11 110 24
12 4 59
13 24 34
14 248 34
15 43 35
16 227 45
17 71 48
18 78 36
19 70 40
20 110 26
21 151 57
22 229 50
23 219 33
24 61 29
25 234 40
26 34 56
27 157 30
28 177 59
29 157 31
30 168 38
31 130 32
32 112 59
33 180 57
34 140 41
35 131 37
36 77 36
37 96 40
38 111 74
39 228 47
40 182 50
41 135 47
42 248 46
43 97 23
44 194 60
45 206 36
46 67 22
47 157 43
48 235 51
49 63 58
50 67 39
51 200 48
52 71 49
53 78 46
54 123 65
55 168 34
56 55 34
57 86 45
58 31 34
59 111 55
60 220 38
61 245 26
62 103 40
63 202 47
64 110 79
65 56 54
66 110 38
67 4 21
68 45 50
69 219 39
70 118 39
71 154 30
72 245 19
73 246 35
74 46 24
75 204 38
76 81 54
77 175 31
78 110 28
79 60 53
80 242 50
81 46 38
82 71 37
83 82 48
84 240 52
85 239 34
86 46 40
87 79 54
88 29 49
89 90 57
90 118 44
91 29 41
92 169 60
93 111 35
94 246 47
95 154 42
96 77 34
97 4 14
98 56 46
99 178 42
100 204 38
101 226 72
102 96 44
103 144 40
104 198 49
105 163 38
106 164 59
107 223 59
108 198 53
109 134 50
110 97 15
111 46 22
112 71 46
113 220 34
114 177 41
115 113 39
116 247 58
117 85 39
118 9 36
119 242 76
120 247 56
121 214 47
122 74 40
123 145 44
124 114 54
125 175 21
126 249 76
127 51 60
128 90 53
129 203 55
130 20 31
131 4 16
132 219 37
133 232 37
134 132 42
135 103 42
136 70 45
137 220 28
138 78 43
139 208 49
140 97 40
141 15 52
142 189 39
143 97 42
144 5 37
145 77 38
146 145 42
147 93 49
148 14 37
149 35 45
150 225 48
151 36 42
152 232 44
153 145 42
154 131 17
155 204 42
156 111 53
157 4 28
158 4 45
159 181 49
160 131 50
161 149 71
162 229 49
163 20 31
164 131 44
165 11 49
166 7 53
167 20 44
168 46 27
169 5 39
170 183 59
171 43 49
172 113 43
173 198 44
174 172 80
175 72 19
176 14 37
177 125 24
178 249 39
179 200 45
180 204 38
181 23 34
182 60 47
183 97 25
184 235 45
185 74 39
186 85 43
187 46 54
188 141 69
189 125 21
190 49 58
191 77 47
192 19 47
193 92 75
194 55 48
195 29 35
196 30 48
197 14 68
198 67 42
199 235 43
200 4 32
201 102 44
202 229 43
203 249 38
204 245 23
205 125 41
206 219 29
207 242 50
208 74 46
209 26 65
210 131 31
211 248 76
212 9 51
213 114 60
214 131 27
215 92 73
216 234 42
217 80 55
218 95 58
219 154 18
220 11 25
221 245 26
222 156 53
223 23 54
224 183 88
225 93 35
226 232 44
227 195 41
228 111 24
229 110 42
230 194 67
231 53 54
232 93 37
233 236 43
234 175 40
235 203 42
236 27 35
237 228 57
238 51 63
239 5 27
240 145 40
241 194 60
242 228 34
243 205 41
244 250 67
245 97 14
246 74 28
247 56 43
248 204 30
249 130 35
250 14 56
