28
1 202 39
2 21 50
3 123 55
4 16 40
5 123 36
6 240 55
7 148 44
8 187 42
9 83 52
10 144 51
11 110 56
12 159 67
13 24 49
14 248 41
15 43 34
16 196 39
17 70 41
18 229 35
19 70 22
20 115 42
21 151 46
22 229 36
23 234 48
24 57 44
25 234 41
26 109 54
27 240 50
28 28 0
29 55 40
30 28 28
31 22 40
32 112 53
33 180 53
34 140 55
35 242 47
36 77 25
37 96 29
38 122 99
39 228 73
40 103 62
41 135 51
42 57 38
43 28 22
44 194 63
45 206 54
46 103 48
47 151 58
48 235 48
49 63 42
50 177 57
51 112 43
52 171 48
53 78 47
54 123 54
55 168 38
56 55 38
57 86 35
58 31 42
59 229 45
60 222 54
61 235 45
62 201 34
63 202 31
64 224 88
65 190 57
66 110 70
67 86 57
68 45 68
69 141 51
70 187 21
71 49 44
72 125 37
73 246 47
74 117 40
75 201 34
76 81 63
77 187 20
78 70 29
79 180 51
80 77 56
81 229 47
82 75 38
83 82 49
84 240 41
85 239 43
86 28 30
87 79 52
88 37 45
89 1 59
90 37 50
91 29 50
92 169 68
93 170 39
94 127 58
95 176 53
96 77 23
97 28 46
98 56 50
99 178 47
100 204 45
101 226 73
102 96 33
103 144 44
104 198 73
105 136 31
106 201 56
107 19 50
108 153 54
109 159 45
110 97 47
111 46 48
112 161 40
113 70 29
114 195 53
115 113 34
116 247 62
117 28 37
118 77 51
119 242 83
120 247 60
121 79 56
122 170 42
123 145 33
124 195 66
125 175 37
126 224 81
127 51 55
128 90 59
129 203 61
130 17 43
131 99 55
132 191 60
133 43 37
134 222 47
135 103 46
136 70 27
137 96 51
138 78 44
139 78 58
140 141 54
141 15 51
142 112 45
143 106 71
144 37 41
145 77 27
146 145 31
147 93 53
148 102 35
149 145 53
150 225 52
151 36 31
152 232 48
153 145 31
154 170 41
155 204 49
156 170 46
157 191 63
158 24 70
159 181 43
160 113 61
161 28 25
162 229 35
163 20 47
164 233 53
165 55 78
166 7 51
167 36 45
168 37 31
169 138 47
170 187 31
171 43 48
172 113 38
173 198 68
174 8 70
175 77 35
176 63 31
177 125 40
178 103 44
179 200 69
180 192 34
181 28 28
182 60 63
183 133 38
184 235 42
185 122 54
186 86 34
187 28 11
188 141 68
189 125 37
190 49 42
191 77 36
192 19 29
193 105 77
194 79 51
195 37 37
196 63 36
197 14 75
198 76 66
199 235 40
200 109 56
201 102 33
202 70 27
203 133 44
204 86 30
205 125 57
206 239 47
207 227 56
208 56 57
209 127 62
210 135 53
211 222 74
212 57 66
213 114 72
214 58 50
215 33 70
216 227 41
217 7 59
218 190 59
219 154 42
220 11 57
221 245 58
222 156 46
223 52 57
224 187 69
225 93 39
226 196 45
227 170 37
228 111 50
229 161 28
230 194 70
231 53 55
232 93 41
233 236 51
234 75 41
235 19 39
236 30 43
237 70 45
238 123 57
239 5 36
240 145 29
241 194 63
242 196 41
243 113 51
244 250 74
245 97 46
246 96 40
247 56 47
248 204 37
249 130 47
250 14 63
