21
1 56 57
2 21 4
3 5 79
4 16 53
5 53 53
6 240 82
7 148 47
8 155 60
9 220 55
10 231 60
11 21 48
12 159 83
13 24 64
14 248 35
15 158 58
16 196 52
17 99 47
18 198 52
19 70 50
20 188 47
21 21 0
22 172 63
23 155 43
24 61 59
25 234 46
26 109 70
27 68 76
28 37 77
29 55 46
30 168 48
31 130 50
32 112 64
33 180 58
34 140 70
35 242 50
36 77 52
37 96 56
38 111 84
39 188 36
40 182 70
41 14 66
42 248 47
43 242 47
44 194 68
45 206 57
46 2 32
47 208 60
48 235 60
49 188 33
50 177 72
51 112 54
52 71 54
53 190 42
54 122 76
55 168 44
56 55 44
57 86 55
58 31 52
59 17 62
60 2 58
61 248 56
62 201 61
63 188 53
64 84 90
65 190 48
66 110 82
67 4 74
68 45 71
69 219 66
70 118 49
71 49 35
72 245 56
73 246 45
74 46 34
75 204 39
76 21 48
77 181 47
78 246 52
79 180 56
80 242 60
81 46 48
82 71 42
83 82 53
84 21 35
85 242 58
86 46 50
87 79 57
88 29 64
89 90 67
90 118 54
91 46 55
92 21 67
93 111 45
94 49 50
95 176 60
96 77 50
97 74 66
98 56 56
99 178 35
100 204 39
101 226 82
102 87 60
103 144 66
104 198 58
105 163 59
106 115 71
107 223 68
108 198 62
109 159 61
110 91 59
111 46 32
112 71 51
113 121 48
114 195 66
115 21 42
116 188 63
117 228 51
118 14 46
119 242 86
120 247 66
121 99 47
122 74 50
123 145 60
124 231 76
125 175 58
126 249 94
127 51 66
128 90 63
129 203 64
130 17 49
131 99 43
132 49 60
133 178 47
134 231 56
135 103 68
136 70 55
137 220 52
138 75 59
139 208 59
140 147 69
141 98 67
142 2 36
143 87 82
144 5 63
145 77 54
146 158 58
147 93 59
148 14 38
149 35 58
150 225 55
151 36 58
152 232 54
153 49 50
154 131 44
155 204 43
156 204 63
157 4 81
158 46 55
159 181 59
160 116 63
161 49 56
162 194 58
163 20 52
164 198 57
165 11 73
166 7 54
167 142 61
168 46 37
169 138 62
170 55 70
171 83 61
172 118 54
173 198 53
174 8 88
175 72 56
176 14 38
177 232 55
178 2 32
179 200 80
180 204 39
181 23 44
182 60 67
183 133 48
184 178 45
185 74 49
186 178 54
187 46 64
188 21 30
189 204 43
190 49 33
191 14 54
192 19 57
193 92 82
194 79 56
195 29 50
196 75 49
197 14 69
198 76 51
199 235 52
200 184 67
201 102 60
202 70 55
203 7 47
204 21 24
205 125 78
206 204 50
207 242 60
208 74 56
209 127 73
210 131 58
211 39 73
212 244 68
213 114 85
214 131 54
215 33 75
216 234 48
217 7 62
218 190 50
219 154 45
220 11 49
221 245 63
222 156 63
223 52 63
224 147 103
225 204 42
226 232 54
227 195 56
228 111 34
229 161 59
230 194 75
231 53 50
232 93 47
233 236 63
234 75 46
235 203 51
236 198 55
237 248 60
238 51 69
239 5 53
240 145 56
241 194 68
242 228 44
243 93 65
244 250 64
245 234 51
246 74 38
247 56 53
248 204 31
249 130 53
250 99 53
