20
1 138 45
2 21 48
3 123 53
4 16 39
5 123 34
6 240 53
7 148 42
8 16 63
9 220 40
10 144 49
11 167 40
12 19 69
13 24 30
14 105 33
15 43 45
16 196 38
17 99 28
18 198 35
19 203 22
20 20 0
21 151 44
22 77 45
23 234 34
24 61 25
25 234 27
26 34 46
27 240 48
28 37 48
29 55 38
30 77 36
31 130 6
32 112 58
33 167 39
34 140 31
35 242 44
36 77 23
37 96 27
38 163 66
39 188 50
40 183 55
41 135 49
42 57 41
43 87 33
44 194 62
45 206 40
46 20 26
47 208 54
48 235 25
49 63 41
50 177 55
51 112 48
52 194 51
53 78 48
54 123 52
55 168 36
56 55 36
57 86 38
58 31 8
59 17 43
60 220 47
61 235 22
62 201 32
63 105 30
64 121 77
65 190 56
66 110 57
67 4 60
68 45 54
69 141 27
70 118 47
71 154 38
72 125 35
73 246 39
74 46 28
75 201 32
76 81 31
77 105 18
78 20 30
79 180 51
80 77 54
81 58 15
82 75 36
83 82 47
84 105 36
85 239 29
86 247 33
87 167 33
88 207 40
89 90 61
90 37 48
91 120 45
92 169 67
93 111 39
94 129 44
95 176 49
96 77 21
97 235 33
98 56 48
99 178 16
100 185 36
101 226 72
102 96 31
103 144 42
104 198 41
105 163 12
106 201 54
107 223 50
108 198 45
109 58 52
110 97 34
111 46 26
112 207 45
113 121 29
114 48 32
115 113 34
116 247 45
117 85 34
118 14 44
119 242 80
120 247 43
121 99 28
122 74 44
123 145 31
124 114 45
125 175 35
126 249 50
127 51 60
128 90 57
129 203 29
130 20 5
131 99 24
132 219 45
133 178 28
134 222 49
135 103 44
136 10 52
137 20 25
138 78 45
139 208 53
140 141 30
141 167 27
142 112 50
143 87 58
144 37 39
145 77 25
146 145 29
147 126 50
148 102 33
149 145 51
150 225 52
151 36 29
152 239 44
153 145 29
154 131 25
155 204 52
156 247 48
157 191 61
158 46 49
159 181 50
160 116 45
161 49 64
162 194 52
163 20 5
164 198 40
165 11 65
166 7 49
167 20 18
168 37 29
169 5 46
170 55 62
171 83 55
172 113 38
173 198 36
174 145 69
175 77 33
176 48 27
177 125 38
178 249 13
179 200 54
180 192 34
181 23 35
182 239 52
183 133 29
184 235 19
185 178 34
186 178 35
187 235 52
188 141 44
189 125 35
190 49 41
191 77 34
192 19 29
193 105 58
194 55 50
195 37 35
196 63 35
197 14 67
198 76 34
199 235 17
200 184 41
201 102 31
202 229 47
203 249 12
204 86 33
205 125 55
206 239 33
207 20 33
208 74 50
209 26 55
210 131 39
211 222 76
212 244 49
213 114 51
214 58 16
215 33 56
216 234 29
217 199 44
218 167 54
219 154 26
220 130 34
221 245 44
222 156 48
223 99 45
224 172 90
225 93 39
226 196 44
227 195 41
228 111 28
229 235 46
230 249 42
231 58 54
232 93 41
233 236 46
234 167 27
235 203 16
236 198 38
237 228 61
238 123 55
239 235 22
240 145 27
241 194 62
242 228 38
243 113 51
244 250 45
245 234 32
246 74 32
247 203 30
248 204 40
249 130 9
250 99 34
