8
1 138 58
2 189 63
3 123 73
4 16 34
5 123 54
6 240 71
7 148 57
8 8 0
9 220 49
10 41 60
11 110 42
12 159 74
13 24 60
14 248 52
15 43 50
16 196 33
17 71 58
18 33 47
19 196 50
20 110 44
21 201 62
22 77 65
23 234 52
24 57 55
25 234 45
26 109 50
27 157 33
28 37 63
29 157 34
30 168 55
31 130 50
32 44 56
33 180 46
34 140 71
35 242 41
36 77 43
37 96 42
38 29 100
39 242 68
40 182 59
41 174 43
42 57 49
43 242 38
44 194 56
45 180 60
46 217 56
47 157 46
48 235 63
49 63 61
50 177 52
51 150 59
52 194 45
53 194 54
54 123 72
55 168 51
56 55 51
57 86 46
58 31 52
59 17 73
60 174 47
61 233 53
62 8 10
63 202 50
64 110 97
65 56 71
66 110 56
67 4 55
68 45 74
69 141 67
70 118 57
71 150 40
72 125 32
73 246 50
74 191 39
75 201 38
76 81 75
77 181 38
78 110 46
79 180 44
80 242 51
81 58 59
82 75 42
83 82 53
84 240 57
85 242 49
86 180 41
87 79 45
88 29 52
89 8 62
90 118 62
91 29 44
92 223 77
93 227 66
94 246 62
95 176 72
96 191 36
97 4 48
98 56 63
99 243 55
100 185 56
101 62 55
102 96 46
103 144 57
104 198 83
105 163 56
106 201 60
107 223 59
108 33 55
109 134 41
110 27 33
111 46 56
112 71 56
113 121 50
114 177 52
115 62 42
116 247 75
117 85 54
118 9 54
119 242 77
120 247 73
121 79 49
122 74 55
123 145 51
124 226 62
125 132 32
126 249 94
127 51 71
128 26 69
129 203 73
130 20 49
131 4 50
132 191 28
133 43 53
134 132 33
135 103 59
136 32 56
137 220 46
138 75 58
139 208 64
140 141 70
141 15 67
142 189 50
143 87 70
144 37 54
145 77 45
146 145 49
147 93 80
148 102 48
149 35 49
150 225 37
151 36 49
152 232 75
153 145 49
154 131 51
155 204 60
156 247 78
157 191 31
158 4 79
159 181 50
160 87 71
161 149 75
162 194 46
163 20 49
164 233 48
165 11 67
166 7 64
167 20 62
168 37 44
169 138 61
170 55 77
171 83 61
172 113 59
173 150 65
174 8 28
175 72 32
176 226 50
177 125 35
178 103 57
179 200 65
180 192 27
181 191 35
182 60 56
183 233 51
184 235 57
185 74 54
186 86 45
187 115 70
188 132 71
189 125 32
190 49 61
191 8 4
192 62 22
193 92 92
194 79 44
195 29 38
196 192 30
197 29 86
198 67 76
199 235 55
200 109 52
201 62 37
202 180 46
203 249 56
204 86 41
205 125 52
206 219 63
207 242 51
208 74 61
209 26 59
210 87 64
211 248 94
212 9 69
213 114 71
214 58 60
215 33 63
216 134 37
217 80 56
218 190 78
219 154 52
220 11 43
221 245 60
222 43 70
223 52 54
224 172 111
225 191 24
226 196 39
227 195 44
228 111 58
229 243 57
230 194 63
231 53 62
232 93 68
233 236 46
234 225 45
235 164 54
236 27 38
237 248 77
238 51 74
239 5 54
240 236 45
241 194 56
242 196 35
243 205 52
244 250 78
245 195 48
246 74 43
247 56 60
248 204 48
249 130 53
250 83 67
