26
1 202 39
2 90 40
3 123 62
4 16 36
5 53 40
6 240 62
7 148 34
8 16 60
9 83 20
10 107 38
11 110 44
12 159 39
13 24 38
14 248 31
15 43 32
16 227 35
17 70 48
18 33 37
19 70 29
20 115 38
21 79 47
22 229 38
23 234 38
24 57 33
25 234 31
26 26 0
27 240 57
28 177 50
29 185 21
30 100 29
31 57 32
32 44 31
33 26 36
34 185 40
35 12 40
36 77 32
37 96 31
38 111 86
39 209 38
40 182 15
41 40 27
42 57 27
43 87 20
44 194 31
45 206 50
46 67 36
47 208 55
48 235 42
49 63 42
50 177 32
51 200 44
52 194 20
53 194 29
54 123 61
55 168 40
56 55 40
57 79 24
58 31 34
59 229 47
60 29 35
61 241 35
62 201 24
63 202 31
64 121 73
65 241 47
66 110 58
67 209 35
68 45 64
69 141 48
70 118 28
71 49 44
72 245 34
73 246 30
74 250 36
75 201 24
76 81 57
77 109 27
78 70 36
79 40 19
80 242 54
81 58 41
82 75 28
83 26 17
84 83 43
85 100 29
86 100 35
87 79 20
88 29 39
89 90 46
90 118 33
91 29 31
92 223 52
93 111 47
94 246 42
95 128 25
96 171 25
97 235 50
98 56 52
99 57 38
100 185 6
101 62 69
102 87 23
103 144 46
104 198 63
105 136 35
106 12 42
107 223 34
108 33 45
109 159 17
110 91 35
111 83 34
112 42 55
113 121 25
114 177 32
115 113 30
116 159 54
117 85 34
118 9 25
119 242 80
120 247 62
121 79 24
122 74 52
123 145 40
124 114 45
125 175 36
126 249 77
127 51 56
128 26 19
129 203 51
130 29 39
131 99 46
132 92 54
133 250 31
134 231 43
135 103 48
136 32 31
137 220 31
138 75 44
139 208 54
140 141 51
141 209 48
142 189 54
143 87 45
144 37 43
145 77 34
146 145 38
147 93 61
148 102 25
149 35 48
150 225 50
151 36 38
152 239 54
153 185 25
154 131 47
155 90 47
156 136 54
157 179 55
158 46 59
159 182 15
160 87 46
161 218 60
162 194 21
163 20 43
164 241 27
165 11 69
166 7 41
167 36 52
168 37 33
169 138 47
170 183 66
171 83 25
172 118 33
173 198 58
174 172 70
175 72 34
176 63 31
177 40 15
178 249 40
179 200 41
180 194 38
181 246 33
182 26 12
183 133 32
184 100 29
185 26 4
186 85 38
187 115 58
188 141 65
189 125 36
190 49 42
191 77 43
192 162 35
193 92 67
194 79 19
195 29 25
196 95 33
197 14 65
198 67 56
199 235 34
200 109 28
201 102 23
202 26 27
203 7 34
204 86 35
205 125 56
206 239 43
207 227 50
208 102 51
209 26 9
210 87 39
211 248 73
212 9 40
213 114 51
214 58 42
215 33 53
216 234 33
217 7 49
218 95 41
219 200 36
220 83 28
221 245 41
222 43 52
223 52 29
224 172 85
225 200 37
226 196 42
227 195 31
228 111 36
229 95 30
230 194 38
231 53 37
232 94 48
233 236 47
234 75 31
235 164 33
236 227 39
237 26 46
238 51 59
239 241 32
240 145 36
241 209 27
242 196 38
243 113 47
244 250 42
245 164 29
246 185 23
247 56 49
248 42 27
249 182 36
250 83 31
