15
1 202 59
2 21 55
3 5 71
4 16 35
5 131 45
6 240 75
7 148 60
8 16 59
9 83 56
10 107 48
11 110 59
12 19 63
13 24 47
14 248 53
15 15 0
16 196 34
17 71 57
18 33 48
19 15 16
20 188 51
21 15 51
22 172 59
23 190 50
24 61 42
25 16 50
26 34 36
27 157 65
28 177 82
29 185 57
30 85 53
31 57 55
32 44 57
33 180 47
34 140 21
35 242 42
36 77 59
37 96 61
38 111 104
39 188 40
40 182 51
41 40 63
42 57 50
43 242 39
44 194 57
45 206 54
46 67 57
47 157 78
48 235 42
49 188 37
50 177 64
51 112 58
52 194 46
53 190 46
54 140 60
55 168 67
56 55 67
57 86 47
58 31 57
59 17 72
60 29 71
61 235 39
62 201 50
63 202 51
64 34 81
65 190 52
66 110 73
67 4 56
68 45 68
69 141 17
70 118 52
71 49 39
72 125 44
73 94 62
74 117 54
75 201 50
76 239 70
77 181 54
78 70 60
79 180 45
80 242 52
81 196 61
82 71 46
83 26 53
84 240 61
85 239 46
86 180 42
87 79 46
88 207 59
89 90 70
90 118 57
91 120 60
92 169 78
93 111 65
94 49 54
95 154 60
96 223 55
97 4 49
98 56 79
99 178 61
100 185 42
101 226 68
102 87 49
103 144 58
104 198 76
105 136 55
106 12 66
107 19 44
108 33 56
109 159 53
110 97 50
111 48 52
112 71 55
113 141 41
114 48 49
115 113 46
116 188 67
117 85 51
118 107 49
119 242 78
120 140 58
121 79 50
122 188 59
123 145 67
124 114 62
125 19 44
126 249 101
127 19 70
128 26 55
129 49 74
130 20 56
131 15 34
132 219 55
133 43 54
134 132 60
135 103 60
136 10 51
137 15 50
138 75 70
139 219 78
140 141 20
141 15 17
142 69 59
143 87 71
144 5 55
145 77 61
146 145 65
147 107 76
148 102 51
149 35 50
150 225 45
151 36 65
152 239 61
153 49 54
154 131 35
155 188 51
156 136 74
157 4 63
158 24 68
159 182 51
160 116 67
161 49 60
162 194 47
163 20 56
164 241 57
165 196 77
166 7 67
167 20 69
168 115 60
169 5 57
170 187 89
171 83 61
172 113 50
173 198 71
174 172 87
175 72 44
176 48 44
177 125 47
178 103 58
179 200 71
180 192 28
181 23 51
182 26 48
183 133 55
184 235 36
185 26 40
186 69 43
187 235 69
188 141 34
189 125 44
190 49 37
191 15 36
192 19 23
193 92 93
194 79 45
195 29 61
196 192 31
197 14 87
198 235 69
199 235 34
200 184 58
201 102 49
202 180 47
203 7 60
204 86 42
205 125 64
206 219 47
207 242 52
208 89 75
209 26 45
210 131 49
211 39 77
212 9 76
213 114 68
214 131 45
215 33 64
216 234 55
217 80 57
218 190 54
219 154 36
220 11 60
221 245 61
222 43 71
223 52 55
224 172 102
225 69 32
226 196 40
227 195 67
228 111 54
229 235 63
230 194 64
231 53 54
232 94 60
233 192 61
234 49 53
235 19 33
236 30 68
237 15 69
238 69 68
239 235 39
240 35 49
241 194 57
242 196 36
243 113 63
244 250 78
245 97 49
246 74 58
247 53 71
248 204 49
249 130 60
250 83 67
