18
1 202 80
2 124 77
3 123 88
4 16 40
5 131 67
6 240 76
7 148 71
8 16 64
9 220 68
10 107 66
11 110 61
12 19 92
13 24 53
14 248 59
15 43 72
16 227 39
17 216 68
18 18 0
19 203 45
20 110 63
21 101 76
22 114 67
23 190 65
24 61 48
25 18 44
26 109 66
27 157 70
28 177 71
29 30 57
30 152 42
31 152 67
32 44 71
33 180 76
34 140 65
35 242 63
36 77 61
37 96 63
38 245 104
39 228 83
40 183 55
41 232 63
42 133 60
43 242 60
44 194 71
45 206 63
46 67 62
47 18 54
48 235 48
49 188 81
50 177 53
51 93 58
52 194 60
53 190 61
54 232 75
55 168 72
56 55 72
57 86 61
58 31 69
59 17 83
60 177 70
61 235 45
62 201 64
63 202 72
64 18 63
65 190 67
66 110 75
67 4 61
68 45 77
69 141 61
70 118 70
71 150 56
72 245 44
73 232 43
74 117 60
75 226 60
76 81 59
77 175 56
78 110 65
79 40 59
80 242 73
81 203 43
82 71 63
83 82 74
84 240 62
85 239 52
86 247 56
87 79 60
88 207 61
89 90 88
90 118 75
91 147 59
92 223 80
93 18 42
94 129 67
95 128 68
96 223 57
97 4 54
98 56 84
99 243 65
100 185 52
101 226 63
102 87 63
103 144 78
104 198 69
105 136 73
106 164 68
107 223 62
108 198 73
109 134 57
110 18 52
111 48 58
112 207 66
113 121 65
114 195 45
115 113 70
116 247 68
117 85 57
118 107 67
119 242 99
120 247 66
121 79 64
122 170 74
123 145 66
124 195 58
125 175 46
126 224 104
127 51 70
128 232 62
129 203 52
130 20 68
131 4 56
132 195 73
133 232 28
134 227 49
135 103 80
136 10 69
137 173 56
138 78 80
139 208 63
140 141 64
141 235 61
142 189 64
143 97 82
144 37 75
145 81 60
146 145 64
147 93 56
148 14 62
149 35 71
150 225 53
151 36 67
152 232 35
153 145 64
154 131 57
155 204 67
156 247 71
157 4 68
158 24 74
159 181 71
160 116 68
161 218 88
162 194 61
163 232 67
164 233 53
165 11 86
166 18 35
167 20 81
168 37 65
169 5 79
170 183 63
171 79 79
172 113 74
173 166 53
174 8 92
175 72 44
176 226 46
177 232 36
178 249 72
179 200 77
180 192 57
181 30 56
182 239 75
183 133 29
184 235 42
185 73 50
186 86 60
187 235 75
188 141 78
189 125 46
190 133 52
191 173 58
192 19 52
193 92 95
194 79 59
195 18 29
196 30 52
197 14 93
198 76 62
199 235 40
200 184 64
201 102 63
202 229 68
203 133 35
204 245 48
205 125 66
206 239 56
207 227 54
208 232 60
209 26 75
210 131 71
211 222 99
212 233 85
213 114 64
214 195 62
215 92 93
216 227 39
217 199 67
218 190 69
219 154 58
220 11 62
221 245 51
222 156 71
223 195 57
224 183 92
225 183 40
226 232 35
227 195 35
228 111 60
229 243 67
230 194 78
231 53 69
232 18 28
233 236 51
234 225 61
235 203 39
236 227 43
237 248 84
238 51 73
239 235 45
240 236 50
241 194 71
242 196 57
243 93 62
244 250 87
245 195 39
246 147 58
247 203 53
248 204 55
249 101 68
250 24 76
