14
1 202 32
2 90 26
3 123 63
4 16 33
5 123 44
6 240 63
7 148 12
8 155 50
9 83 45
10 107 47
11 244 39
12 19 62
13 24 30
14 14 0
15 43 49
16 196 32
17 70 34
18 78 30
19 70 15
20 115 34
21 155 54
22 172 28
23 155 33
24 61 25
25 16 48
26 34 57
27 157 48
28 37 58
29 55 27
30 85 36
31 22 32
32 44 51
33 180 46
34 140 42
35 242 40
36 77 33
37 96 37
38 111 79
39 228 52
40 183 45
41 14 31
42 57 41
43 242 37
44 194 51
45 206 40
46 217 27
47 208 41
48 235 25
49 63 35
50 177 49
51 112 56
52 194 40
53 78 40
54 123 62
55 7 25
56 55 25
57 86 38
58 31 34
59 118 37
60 29 41
61 235 22
62 244 41
63 202 24
64 224 90
65 56 45
66 110 57
67 4 54
68 45 54
69 141 38
70 118 14
71 49 37
72 250 27
73 246 38
74 250 27
75 201 42
76 81 36
77 202 28
78 70 22
79 180 44
80 242 50
81 203 20
82 56 31
83 82 42
84 105 48
85 239 29
86 247 33
87 79 45
88 29 45
89 90 32
90 118 19
91 29 37
92 169 61
93 111 40
94 14 33
95 176 25
96 77 31
97 235 33
98 56 37
99 243 46
100 183 42
101 226 66
102 96 41
103 144 52
104 198 46
105 136 24
106 115 55
107 19 43
108 198 50
109 159 51
110 97 34
111 46 27
112 71 53
113 148 21
114 48 32
115 113 26
116 247 45
117 176 32
118 14 11
119 242 76
120 247 43
121 81 46
122 74 43
123 145 41
124 114 45
125 175 29
126 249 81
127 51 68
128 90 28
129 203 29
130 17 36
131 4 49
132 191 43
133 14 18
134 222 44
135 103 54
136 70 20
137 173 40
138 78 37
139 208 40
140 141 41
141 235 38
142 189 46
143 184 61
144 37 49
145 77 35
146 145 39
147 93 54
148 14 3
149 35 48
150 225 43
151 36 39
152 239 44
153 145 39
154 131 50
155 90 33
156 136 43
157 191 46
158 46 50
159 181 49
160 116 45
161 49 58
162 229 37
163 20 39
164 24 41
165 11 64
166 7 19
167 20 52
168 46 32
169 138 40
170 55 51
171 83 50
172 118 19
173 166 37
174 172 56
175 72 27
176 14 3
177 125 32
178 249 44
179 200 54
180 192 27
181 23 34
182 60 50
183 133 19
184 235 19
185 74 42
186 86 37
187 172 47
188 141 55
189 7 28
190 49 35
191 14 19
192 19 22
193 105 70
194 55 39
195 29 31
196 63 29
197 14 34
198 76 39
199 235 17
200 184 41
201 102 41
202 70 20
203 7 12
204 14 30
205 125 49
206 239 33
207 242 50
208 89 37
209 136 62
210 135 61
211 222 71
212 244 37
213 114 51
214 58 42
215 33 63
216 227 41
217 7 27
218 95 41
219 200 49
220 11 40
221 148 34
222 156 43
223 89 39
224 172 71
225 183 30
226 196 38
227 195 37
228 111 29
229 95 30
230 194 58
231 53 48
232 94 39
233 236 51
234 175 48
235 203 16
236 198 43
237 70 38
238 123 65
239 235 22
240 145 37
241 194 51
242 196 34
243 113 43
244 250 33
245 97 33
246 74 31
247 203 30
248 204 37
249 130 40
250 14 22
