11
1 202 33
2 90 27
3 123 62
4 16 34
5 123 43
6 240 62
7 148 44
8 155 51
9 220 7
10 9 28
11 11 0
12 159 50
13 202 45
14 248 41
15 43 42
16 196 33
17 70 35
18 78 31
19 70 16
20 115 23
21 151 40
22 172 28
23 155 34
24 61 42
25 234 41
26 109 37
27 240 57
28 37 57
29 55 38
30 78 38
31 130 29
32 44 41
33 180 47
34 140 52
35 242 41
36 220 19
37 96 36
38 122 83
39 242 68
40 182 26
41 40 38
42 57 37
43 87 30
44 194 41
45 208 56
46 20 49
47 208 36
48 235 42
49 63 36
50 137 40
51 200 55
52 194 30
53 194 39
54 122 52
55 168 36
56 55 36
57 79 34
58 31 31
59 118 38
60 220 14
61 235 39
62 201 34
63 202 25
64 121 83
65 190 51
66 110 66
67 4 55
68 23 63
69 141 48
70 118 15
71 49 38
72 125 44
73 246 21
74 220 10
75 201 34
76 81 54
77 181 27
78 70 23
79 60 29
80 242 51
81 58 38
82 115 30
83 82 41
84 240 48
85 239 46
86 180 42
87 79 30
88 37 52
89 90 33
90 118 20
91 246 45
92 223 62
93 111 62
94 246 33
95 128 35
96 77 30
97 74 42
98 56 48
99 243 35
100 185 27
101 226 64
102 87 33
103 144 51
104 73 59
105 136 25
106 115 44
107 223 44
108 139 48
109 159 28
110 97 43
111 46 49
112 71 54
113 220 10
114 177 43
115 113 15
116 113 52
117 63 46
118 9 12
119 242 77
120 137 44
121 79 34
122 74 26
123 145 40
124 114 56
125 175 44
126 249 73
127 51 67
128 90 29
129 203 52
130 20 28
131 99 43
132 49 63
133 232 39
134 222 45
135 36 45
136 70 21
137 220 4
138 78 38
139 208 35
140 141 51
141 167 48
142 220 56
143 87 55
144 37 48
145 77 34
146 145 38
147 47 73
148 102 35
149 35 49
150 225 61
151 36 25
152 232 46
153 145 38
154 131 44
155 90 34
156 136 44
157 4 62
158 24 68
159 182 26
160 113 42
161 49 59
162 194 31
163 20 28
164 241 41
165 11 25
166 10 50
167 36 39
168 115 29
169 138 41
170 55 62
171 79 49
172 113 19
173 198 59
174 172 56
175 77 42
176 63 25
177 40 26
178 249 36
179 200 52
180 192 28
181 246 24
182 60 23
183 133 40
184 235 36
185 74 25
186 86 46
187 115 43
188 141 65
189 125 44
190 49 36
191 77 43
192 19 23
193 105 71
194 79 29
195 29 42
196 63 30
197 14 75
198 76 57
199 235 34
200 109 39
201 102 33
202 70 21
203 249 35
204 9 41
205 172 55
206 239 50
207 242 51
208 74 32
209 26 46
210 87 49
211 222 72
212 9 27
213 114 62
214 58 39
215 33 64
216 234 43
217 80 56
218 95 51
219 154 45
220 11 1
221 245 54
222 156 44
223 52 39
224 172 71
225 200 48
226 9 36
227 195 48
228 111 51
229 243 37
230 194 48
231 53 47
232 94 39
233 151 52
234 75 41
235 19 33
236 30 53
237 70 39
238 123 64
239 235 39
240 145 36
241 194 41
242 196 35
243 113 32
244 250 64
245 97 42
246 74 14
247 56 45
248 42 37
249 130 32
250 99 53
