25
1 138 50
2 90 52
3 123 73
4 16 44
5 25 48
6 240 73
7 148 38
8 155 51
9 83 48
10 107 64
11 244 65
12 159 74
13 24 55
14 248 26
15 43 60
16 196 43
17 70 60
18 33 50
19 70 41
20 115 60
21 155 55
22 172 54
23 155 34
24 61 50
25 25 0
26 109 61
27 68 67
28 37 68
29 55 53
30 100 53
31 57 57
32 44 59
33 180 49
34 100 68
35 242 51
36 77 43
37 96 47
38 111 105
39 242 78
40 183 71
41 14 57
42 248 38
43 87 48
44 194 59
45 206 48
46 217 53
47 208 67
48 235 51
49 63 61
50 177 69
51 150 68
52 194 48
53 194 57
54 123 72
55 7 51
56 55 51
57 86 49
58 31 59
59 118 63
60 222 62
61 248 47
62 201 52
63 202 50
64 121 101
65 56 71
66 110 82
67 4 65
68 45 62
69 141 64
70 118 40
71 150 49
72 245 47
73 246 64
74 250 53
75 204 30
76 81 62
77 181 38
78 70 48
79 180 47
80 204 52
81 203 46
82 75 34
83 82 45
84 240 59
85 100 53
86 180 44
87 79 48
88 37 63
89 90 58
90 118 45
91 29 63
92 169 74
93 111 66
94 14 59
95 176 51
96 77 41
97 4 58
98 56 63
99 57 63
100 204 30
101 226 77
102 87 51
103 144 61
104 198 72
105 136 50
106 222 73
107 223 60
108 33 58
109 159 52
110 97 59
111 46 53
112 71 65
113 148 47
114 48 58
115 113 52
116 247 71
117 176 58
118 14 37
119 242 87
120 247 69
121 79 52
122 42 67
123 145 51
124 114 71
125 175 49
126 249 107
127 51 80
128 90 54
129 203 55
130 17 62
131 4 60
132 191 69
133 14 44
134 222 55
135 103 63
136 70 46
137 220 59
138 75 50
139 208 66
140 141 67
141 235 64
142 189 52
143 87 73
144 5 58
145 77 45
146 145 49
147 93 80
148 14 29
149 35 59
150 225 46
151 36 49
152 239 70
153 145 49
154 131 61
155 204 34
156 204 54
157 191 72
158 24 76
159 181 50
160 116 71
161 49 84
162 194 49
163 20 65
164 241 59
165 196 86
166 7 45
167 36 63
168 37 49
169 138 53
170 55 77
171 83 53
172 118 45
173 166 63
174 8 79
175 72 47
176 14 29
177 125 52
178 103 61
179 200 76
180 204 30
181 23 35
182 60 71
183 133 45
184 235 45
185 26 65
186 86 48
187 172 73
188 141 81
189 204 34
190 49 61
191 14 45
192 19 48
193 92 89
194 79 47
195 37 55
196 75 40
197 14 60
198 76 65
199 235 43
200 109 63
201 102 51
202 70 46
203 7 38
204 25 15
205 125 69
206 204 41
207 242 61
208 89 63
209 26 70
210 87 67
211 248 68
212 244 63
213 114 77
214 58 67
215 33 66
216 234 39
217 7 53
218 95 67
219 154 62
220 83 56
221 245 54
222 156 54
223 23 55
224 172 97
225 204 33
226 196 49
227 195 61
228 111 55
229 95 56
230 194 66
231 53 65
232 94 65
233 236 76
234 75 37
235 203 42
236 30 68
237 248 51
238 123 75
239 5 48
240 145 47
241 194 59
242 196 45
243 113 69
244 250 59
245 234 42
246 74 57
247 203 56
248 204 22
249 130 66
250 14 48
