12
1 138 26
2 90 36
3 123 73
4 16 35
5 52 50
6 240 34
7 148 31
8 143 56
9 83 16
10 9 37
11 110 38
12 12 0
13 24 43
14 248 21
15 43 29
16 196 34
17 70 44
18 42 33
19 70 25
20 110 40
21 201 45
22 172 38
23 234 35
24 61 38
25 234 28
26 109 60
27 240 29
28 37 48
29 35 38
30 168 40
31 22 42
32 106 33
33 180 56
34 140 50
35 12 1
36 220 42
37 96 27
38 111 82
39 149 55
40 182 49
41 135 49
42 12 17
43 87 17
44 35 37
45 1 55
46 217 46
47 208 51
48 235 44
49 63 45
50 177 54
51 112 48
52 171 21
53 194 47
54 122 72
55 168 36
56 55 36
57 27 50
58 31 44
59 118 47
60 220 37
61 114 35
62 201 21
63 202 34
64 84 75
65 43 56
66 110 52
67 4 56
68 1 63
69 141 46
70 118 24
71 49 47
72 250 32
73 246 43
74 250 32
75 201 21
76 81 55
77 202 38
78 70 32
79 60 52
80 242 52
81 203 39
82 12 2
83 82 13
84 240 20
85 239 48
86 247 48
87 12 17
88 37 43
89 90 42
90 118 29
91 120 41
92 169 50
93 111 43
94 14 54
95 128 44
96 171 21
97 4 49
98 56 48
99 178 45
100 185 46
101 62 66
102 87 20
103 144 42
104 198 65
105 136 34
106 12 3
107 223 35
108 139 48
109 159 51
110 27 29
111 83 30
112 42 45
113 70 32
114 179 30
115 113 37
116 247 60
117 228 49
118 9 21
119 242 78
120 149 39
121 79 57
122 42 46
123 145 51
124 114 43
125 175 34
126 249 90
127 51 60
128 90 38
129 203 48
130 20 45
131 4 51
132 92 52
133 250 27
134 222 50
135 103 44
136 70 30
137 220 27
138 12 26
139 106 35
140 141 49
141 15 46
142 112 50
143 106 18
144 37 39
145 77 45
146 145 49
147 93 57
148 102 22
149 35 9
150 225 52
151 52 46
152 232 52
153 145 49
154 131 52
155 90 43
156 136 53
157 179 44
158 24 64
159 182 49
160 87 43
161 149 35
162 194 39
163 138 42
164 233 44
165 12 47
166 7 38
167 20 58
168 37 29
169 138 29
170 183 62
171 83 21
172 118 29
173 166 56
174 172 66
175 72 32
176 14 24
177 125 37
178 103 42
179 12 30
180 192 37
181 23 36
182 60 46
183 133 28
184 235 38
185 32 44
186 86 52
187 172 57
188 141 63
189 125 34
190 49 45
191 14 40
192 19 32
193 92 65
194 179 37
195 37 35
196 75 31
197 14 55
198 76 58
199 235 36
200 184 60
201 102 20
202 70 30
203 7 31
204 171 41
205 125 54
206 239 52
207 242 52
208 89 47
209 127 67
210 87 36
211 248 63
212 9 36
213 114 49
214 58 52
215 92 63
216 234 30
217 7 46
218 95 60
219 154 53
220 83 24
221 245 45
222 43 49
223 52 30
224 172 81
225 183 39
226 196 40
227 195 41
228 111 32
229 161 38
230 194 56
231 171 52
232 93 45
233 236 42
234 75 28
235 203 35
236 27 34
237 248 46
238 51 63
239 235 41
240 35 8
241 194 49
242 196 36
243 205 54
244 250 38
245 234 33
246 74 36
247 56 45
248 42 17
249 130 49
250 83 27
