19
1 202 43
2 90 48
3 5 72
4 16 19
5 131 46
6 240 59
7 148 44
8 16 43
9 220 50
10 107 32
11 110 43
12 19 47
13 24 31
14 248 37
15 43 35
16 196 18
17 70 56
18 33 32
19 19 0
20 110 45
21 79 57
22 172 50
23 155 45
24 61 26
25 16 34
26 34 58
27 157 49
28 177 66
29 157 50
30 85 37
31 57 39
32 44 41
33 180 31
34 140 43
35 242 26
36 77 44
37 96 45
38 111 88
39 242 53
40 182 56
41 63 60
42 57 34
43 242 23
44 194 41
45 206 41
46 217 41
47 157 62
48 235 26
49 63 46
50 177 48
51 112 51
52 194 30
53 194 39
54 123 73
55 184 52
56 55 52
57 86 31
58 31 41
59 118 59
60 220 57
61 235 23
62 201 34
63 202 35
64 121 83
65 241 61
66 110 57
67 4 40
68 45 55
69 141 39
70 118 36
71 49 48
72 125 28
73 246 49
74 117 38
75 201 34
76 239 54
77 202 39
78 70 44
79 180 29
80 242 36
81 196 45
82 75 38
83 82 49
84 240 45
85 239 30
86 180 26
87 79 30
88 207 43
89 90 54
90 118 41
91 108 47
92 223 62
93 111 49
94 127 57
95 176 50
96 223 39
97 4 33
98 79 63
99 57 45
100 204 41
101 226 52
102 87 33
103 144 59
104 198 60
105 136 39
106 12 50
107 19 28
108 33 40
109 226 54
110 97 34
111 48 36
112 207 48
113 121 35
114 48 33
115 113 40
116 10 61
117 85 35
118 107 33
119 242 62
120 149 64
121 79 34
122 74 54
123 145 52
124 114 46
125 19 28
126 249 93
127 19 54
128 90 50
129 203 61
130 58 48
131 4 35
132 219 56
133 43 38
134 231 53
135 103 61
136 10 35
137 220 47
138 75 54
139 208 62
140 141 42
141 235 39
142 189 46
143 87 55
144 5 56
145 77 46
146 145 50
147 107 60
148 102 35
149 35 34
150 225 57
151 36 50
152 239 45
153 145 50
154 131 36
155 204 45
156 136 58
157 4 47
158 24 52
159 182 56
160 87 56
161 149 60
162 194 31
163 107 43
164 241 41
165 196 61
166 7 51
167 20 63
168 46 46
169 138 57
170 187 73
171 79 49
172 118 41
173 198 55
174 8 71
175 72 28
176 48 28
177 125 31
178 249 56
179 200 55
180 192 12
181 23 46
182 239 53
183 133 39
184 235 20
185 32 52
186 86 30
187 235 53
188 141 56
189 125 28
190 49 46
191 8 47
192 19 7
193 92 77
194 79 29
195 37 53
196 192 15
197 14 71
198 235 53
199 235 18
200 184 42
201 102 33
202 180 31
203 7 44
204 86 26
205 125 48
206 239 34
207 242 36
208 89 59
209 127 61
210 87 49
211 248 79
212 57 62
213 114 52
214 131 46
215 33 48
216 234 43
217 80 41
218 190 63
219 154 37
220 11 44
221 245 45
222 43 55
223 52 39
224 172 93
225 204 44
226 196 24
227 180 55
228 111 38
229 235 47
230 194 48
231 53 47
232 93 51
233 192 45
234 75 41
235 19 17
236 30 52
237 70 60
238 51 66
239 235 23
240 35 33
241 194 41
242 196 20
243 205 48
244 250 65
245 97 33
246 74 42
247 56 61
248 204 33
249 130 52
250 24 54
