27
1 138 28
2 90 36
3 123 53
4 16 34
5 123 34
6 240 38
7 148 40
8 16 58
9 220 16
10 9 37
11 110 9
12 159 59
13 24 28
14 248 28
15 43 51
16 227 33
17 99 39
18 78 21
19 27 24
20 110 11
21 151 44
22 229 35
23 155 43
24 61 23
25 234 38
26 109 46
27 27 0
28 37 48
29 30 37
30 164 22
31 130 17
32 44 50
33 167 50
34 140 42
35 242 43
36 77 23
37 96 27
38 163 77
39 188 61
40 182 35
41 40 47
42 57 24
43 87 39
44 194 50
45 206 45
46 20 37
47 208 45
48 235 30
49 63 43
50 177 44
51 112 55
52 194 39
53 78 31
54 123 52
55 168 36
56 55 36
57 27 21
58 31 19
59 229 44
60 220 23
61 233 20
62 201 32
63 202 32
64 110 64
65 56 56
66 110 23
67 4 55
68 45 59
69 141 38
70 118 24
71 150 45
72 245 22
73 246 30
74 220 19
75 201 32
76 81 42
77 27 18
78 110 13
79 60 38
80 242 53
81 58 26
82 110 31
83 82 42
84 240 24
85 239 34
86 164 33
87 79 39
88 37 43
89 90 42
90 118 29
91 29 47
92 169 52
93 111 50
94 246 42
95 128 44
96 77 21
97 235 38
98 56 48
99 178 27
100 185 36
101 226 69
102 96 31
103 144 42
104 198 52
105 163 23
106 164 30
107 78 49
108 153 52
109 159 37
110 27 0
111 46 37
112 42 52
113 220 19
114 48 37
115 113 24
116 247 56
117 85 39
118 9 21
119 242 79
120 137 53
121 99 39
122 74 35
123 145 31
124 27 41
125 175 24
126 249 61
127 51 67
128 90 38
129 203 40
130 20 16
131 99 35
132 92 54
133 178 39
134 227 43
135 103 44
136 70 30
137 220 13
138 78 28
139 78 42
140 141 41
141 167 38
142 189 42
143 106 45
144 37 39
145 77 25
146 145 29
147 233 49
148 14 31
149 145 51
150 225 42
151 36 29
152 239 49
153 145 29
154 131 36
155 90 43
156 136 53
157 191 61
158 24 49
159 182 35
160 113 51
161 49 66
162 229 34
163 20 16
164 233 15
165 11 34
166 7 47
167 20 29
168 37 29
169 138 31
170 183 52
171 83 50
172 113 28
173 198 47
174 172 65
175 72 22
176 14 31
177 125 27
178 249 24
179 200 59
180 192 36
181 246 33
182 60 32
183 233 18
184 235 24
185 74 34
186 86 37
187 115 52
188 141 55
189 125 24
190 49 43
191 77 34
192 19 31
193 92 67
194 79 38
195 37 35
196 30 32
197 14 62
198 76 45
199 235 22
200 184 46
201 102 31
202 229 28
203 249 23
204 245 26
205 125 44
206 239 38
207 20 44
208 74 41
209 26 55
210 131 50
211 248 70
212 9 36
213 114 56
214 58 27
215 92 65
216 227 33
217 199 49
218 190 60
219 154 37
220 11 10
221 245 29
222 156 53
223 52 48
224 172 80
225 183 29
226 196 41
227 27 29
228 111 39
229 110 27
230 249 53
231 53 39
232 94 48
233 236 13
234 167 38
235 164 21
236 27 5
237 70 48
238 123 55
239 235 27
240 236 12
241 194 50
242 196 37
243 113 41
244 250 56
245 164 17
246 74 23
247 203 41
248 42 24
249 130 20
250 99 45
