1
1 1 0
2 90 52
3 5 65
4 89 50
5 68 39
6 240 73
7 148 48
8 155 76
9 83 56
10 107 36
11 110 51
12 159 74
13 24 66
14 248 53
15 43 67
16 196 51
17 99 57
18 78 56
19 70 41
20 115 46
21 201 62
22 172 54
23 234 52
24 61 61
25 234 45
26 109 61
27 68 42
28 37 54
29 55 44
30 168 46
31 130 52
32 44 68
33 180 71
34 140 69
35 242 59
36 77 43
37 96 33
38 111 98
39 228 71
40 103 60
41 1 30
42 57 62
43 108 55
44 194 68
45 1 29
46 103 46
47 208 29
48 235 61
49 63 61
50 177 75
51 93 75
52 194 57
53 37 60
54 123 72
55 168 42
56 55 42
57 86 59
58 31 54
59 118 63
60 29 58
61 235 58
62 201 38
63 202 50
64 144 97
65 92 57
66 110 65
67 4 71
68 1 37
69 141 65
70 118 40
71 49 63
72 245 55
73 246 51
74 46 48
75 201 38
76 81 60
77 181 38
78 70 48
79 40 64
80 139 53
81 1 44
82 75 42
83 82 53
84 240 59
85 239 46
86 247 54
87 79 65
88 37 49
89 1 20
90 118 45
91 108 48
92 223 50
93 111 59
94 246 63
95 128 60
96 223 27
97 4 64
98 56 54
99 178 45
100 185 45
101 62 83
102 96 37
103 144 42
104 198 70
105 136 43
106 201 60
107 223 32
108 139 41
109 159 52
110 27 42
111 46 46
112 223 74
113 70 48
114 195 57
115 89 38
116 10 65
117 85 51
118 107 37
119 242 95
120 247 64
121 99 57
122 74 64
123 145 51
124 195 70
125 175 55
126 249 96
127 51 87
128 90 54
129 203 65
130 20 51
131 99 53
132 92 52
133 247 51
134 132 57
135 103 44
136 10 39
137 5 54
138 75 58
139 208 28
140 141 68
141 98 65
142 189 73
143 106 75
144 68 39
145 77 45
146 145 49
147 107 64
148 102 39
149 35 67
150 225 72
151 36 49
152 239 61
153 145 49
154 131 54
155 90 59
156 136 62
157 4 78
158 46 69
159 181 50
160 116 65
161 28 79
162 194 58
163 107 47
164 41 50
165 11 76
166 7 55
167 36 63
168 37 35
169 5 51
170 55 68
171 83 61
172 118 45
173 198 65
174 172 82
175 77 53
176 63 50
177 125 58
178 103 42
179 200 76
180 243 52
181 139 35
182 108 57
183 133 52
184 178 55
185 89 43
186 85 55
187 28 65
188 208 75
189 125 55
190 49 61
191 77 54
192 19 48
193 92 65
194 55 56
195 37 41
196 75 48
197 14 87
198 76 63
199 235 53
200 109 63
201 102 37
202 70 46
203 7 48
204 86 54
205 68 51
206 239 50
207 227 66
208 89 25
209 26 70
210 135 51
211 222 90
212 9 76
213 114 76
214 58 62
215 92 63
216 234 47
217 80 58
218 95 76
219 154 55
220 11 52
221 245 62
222 156 62
223 89 27
224 172 97
225 93 59
226 196 57
227 195 47
228 111 48
229 243 56
230 194 75
231 68 52
232 93 61
233 236 55
234 75 45
235 203 52
236 27 47
237 70 64
238 123 75
239 5 39
240 145 47
241 194 68
242 196 53
243 205 51
244 250 74
245 234 50
246 96 44
247 56 51
248 139 49
249 130 55
250 99 63
