5
1 56 42
2 90 41
3 5 26
4 16 28
5 5 0
6 240 62
7 148 38
8 16 52
9 83 46
10 144 20
11 110 46
12 159 57
13 239 31
14 248 46
15 158 43
16 196 27
17 99 28
18 198 35
19 203 33
20 115 42
21 201 52
22 99 47
23 117 34
24 61 36
25 234 35
26 5 35
27 68 37
28 37 61
29 30 29
30 85 14
31 130 31
32 44 47
33 99 48
34 140 53
35 242 35
36 77 36
37 96 40
38 111 69
39 228 42
40 103 31
41 135 20
42 57 43
43 242 32
44 194 47
45 206 18
46 103 17
47 208 41
48 235 36
49 63 56
50 177 48
51 93 46
52 194 36
53 194 45
54 122 57
55 168 29
56 55 29
57 79 40
58 31 33
59 17 43
60 29 43
61 235 33
62 103 13
63 105 45
64 144 68
65 92 40
66 110 60
67 186 45
68 45 32
69 219 47
70 118 54
71 154 38
72 250 39
73 246 26
74 117 15
75 201 28
76 239 31
77 181 31
78 246 33
79 40 35
80 242 45
81 203 31
82 75 32
83 82 43
84 240 48
85 239 7
86 46 35
87 79 36
88 135 47
89 90 47
90 169 34
91 29 39
92 169 33
93 111 30
94 246 38
95 128 49
96 77 34
97 4 42
98 56 41
99 178 16
100 185 32
101 62 58
102 45 27
103 144 13
104 198 41
105 136 27
106 201 50
107 223 50
108 198 45
109 159 35
110 27 37
111 46 17
112 71 54
113 121 29
114 48 43
115 113 34
116 135 37
117 85 12
118 9 51
119 242 71
120 247 50
121 99 28
122 74 31
123 145 44
124 226 56
125 132 39
126 249 75
127 51 58
128 90 43
129 203 40
130 17 30
131 99 24
132 92 35
133 178 28
134 132 40
135 103 15
136 10 23
137 5 15
138 75 48
139 208 40
140 141 52
141 235 49
142 189 57
143 87 61
144 5 10
145 77 38
146 145 42
147 93 44
148 102 29
149 35 43
150 239 40
151 36 42
152 239 22
153 145 42
154 131 25
155 90 48
156 136 46
157 4 56
158 46 40
159 182 33
160 116 37
161 149 69
162 103 37
163 214 47
164 233 39
165 55 69
166 10 42
167 36 56
168 46 22
169 5 12
170 55 55
171 135 37
172 113 38
173 198 36
174 172 75
175 72 39
176 169 30
177 40 31
178 103 13
179 200 59
180 192 30
181 30 28
182 239 30
183 169 28
184 178 26
185 74 30
186 85 16
187 46 49
188 141 66
189 125 39
190 133 52
191 173 41
192 62 25
193 92 48
194 79 35
195 29 33
196 30 24
197 14 80
198 76 34
199 235 28
200 109 46
201 102 27
202 180 49
203 169 23
204 86 35
205 68 46
206 239 11
207 242 45
208 74 37
209 26 44
210 135 22
211 222 74
212 244 49
213 5 40
214 131 35
215 92 46
216 234 37
217 80 50
218 95 65
219 154 26
220 11 47
221 245 52
222 156 46
223 99 45
224 147 88
225 93 30
226 196 33
227 195 39
228 111 19
229 243 51
230 194 54
231 10 44
232 93 32
233 236 37
234 75 35
235 203 27
236 30 29
237 228 52
238 51 61
239 5 0
240 236 36
241 194 47
242 228 29
243 205 46
244 250 45
245 234 40
246 74 19
247 92 37
248 204 42
249 130 34
250 99 34
