30
1 56 48
2 21 47
3 123 52
4 16 14
5 123 33
6 240 48
7 148 41
8 16 38
9 220 45
10 144 48
11 110 38
12 159 53
13 24 38
14 248 47
15 43 30
16 196 13
17 99 56
18 33 46
19 196 30
20 110 40
21 151 43
22 77 44
23 234 45
24 61 33
25 16 29
26 109 40
27 240 43
28 37 47
29 30 15
30 30 0
31 130 34
32 112 56
33 196 45
34 140 51
35 242 21
36 77 22
37 96 26
38 29 81
39 242 48
40 182 41
41 135 48
42 57 51
43 242 18
44 194 56
45 206 50
46 67 36
47 151 55
48 235 40
49 63 55
50 67 53
51 112 46
52 171 44
53 124 50
54 123 51
55 168 35
56 55 35
57 86 48
58 31 36
59 111 69
60 29 29
61 233 30
62 201 31
63 36 44
64 84 89
65 92 54
66 110 52
67 4 35
68 45 64
69 141 47
70 118 51
71 150 39
72 245 32
73 246 40
74 117 37
75 201 31
76 81 56
77 181 17
78 110 42
79 60 44
80 242 31
81 196 40
82 75 35
83 82 46
84 240 34
85 242 29
86 164 43
87 79 45
88 29 33
89 90 60
90 37 47
91 29 25
92 30 47
93 227 47
94 246 52
95 176 52
96 77 20
97 4 28
98 56 47
99 178 44
100 185 46
101 226 47
102 96 30
103 144 41
104 198 63
105 163 52
106 164 40
107 80 45
108 153 51
109 159 31
110 91 29
111 46 36
112 207 43
113 220 48
114 195 35
115 113 53
116 196 57
117 85 34
118 77 48
119 242 57
120 247 57
121 79 49
122 74 53
123 145 30
124 226 42
125 175 34
126 249 78
127 51 58
128 90 56
129 203 57
130 29 33
131 4 30
132 92 49
133 43 33
134 227 39
135 103 43
136 10 51
137 220 42
138 75 51
139 208 57
140 141 50
141 15 47
142 112 48
143 106 55
144 37 38
145 77 24
146 145 28
147 233 59
148 102 32
149 35 29
150 225 36
151 36 28
152 239 55
153 145 28
154 131 31
155 80 53
156 247 62
157 4 42
158 4 59
159 181 29
160 116 57
161 149 55
162 194 46
163 20 45
164 233 25
165 196 56
166 7 48
167 36 42
168 37 28
169 5 45
170 55 61
171 43 44
172 118 56
173 198 58
174 8 66
175 77 32
176 226 30
177 125 37
178 103 41
179 200 55
180 192 42
181 30 14
182 60 38
183 233 28
184 235 34
185 26 44
186 85 38
187 28 58
188 141 64
189 125 34
190 49 55
191 77 33
192 19 37
193 92 62
194 79 44
195 29 19
196 30 10
197 29 67
198 67 56
199 235 32
200 109 42
201 102 30
202 229 57
203 249 40
204 245 36
205 125 54
206 219 43
207 242 31
208 56 54
209 26 49
210 131 45
211 222 78
212 233 57
213 114 54
214 131 41
215 92 60
216 227 29
217 80 36
218 95 68
219 154 32
220 11 39
221 245 39
222 43 50
223 195 47
224 183 91
225 30 23
226 196 19
227 195 25
228 111 38
229 110 56
230 194 63
231 53 58
232 93 49
233 236 23
234 75 38
235 164 31
236 30 15
237 240 61
238 123 54
239 5 33
240 236 22
241 194 56
242 196 15
243 205 54
244 250 66
245 164 27
246 29 33
247 56 44
248 204 43
249 130 37
250 16 55
