7
1 56 26
2 189 47
3 123 53
4 16 22
5 123 34
6 240 53
7 7 0
8 16 46
9 83 33
10 107 42
11 110 31
12 19 57
13 24 18
14 248 32
15 158 41
16 166 21
17 122 51
18 198 28
19 203 10
20 110 33
21 98 44
22 229 42
23 104 37
24 61 13
25 16 37
26 34 45
27 68 47
28 177 62
29 55 15
30 85 24
31 57 34
32 44 39
33 180 41
34 140 30
35 242 33
36 77 39
37 96 43
38 111 67
39 228 40
40 182 41
41 40 53
42 57 29
43 242 30
44 194 39
45 206 28
46 217 15
47 208 36
48 235 13
49 188 46
50 177 44
51 93 44
52 194 28
53 194 37
54 123 52
55 7 13
56 55 13
57 86 26
58 31 36
59 111 48
60 29 29
61 235 10
62 201 36
63 202 39
64 121 83
65 56 33
66 110 45
67 4 43
68 45 42
69 141 26
70 118 41
71 150 44
72 125 24
73 246 28
74 46 17
75 204 36
76 81 24
77 175 34
78 110 35
79 180 39
80 242 43
81 203 8
82 56 19
83 82 30
84 240 39
85 239 17
86 247 21
87 79 40
88 29 33
89 1 46
90 118 46
91 29 25
92 223 60
93 111 28
94 129 32
95 176 37
96 77 37
97 235 21
98 56 25
99 57 40
100 185 34
101 226 62
102 123 35
103 144 47
104 198 34
105 136 43
106 164 44
107 19 38
108 198 38
109 159 43
110 97 22
111 46 15
112 114 45
113 121 35
114 48 20
115 228 32
116 247 33
117 85 22
118 9 38
119 242 69
120 247 31
121 81 34
122 74 33
123 145 31
124 114 33
125 175 24
126 249 78
127 51 56
128 235 52
129 203 17
130 29 33
131 4 38
132 191 54
133 247 18
134 222 37
135 103 49
136 32 39
137 173 28
138 78 50
139 208 35
140 141 29
141 235 26
142 189 34
143 97 49
144 5 44
145 81 25
146 145 29
147 93 42
148 14 35
149 35 41
150 225 41
151 36 45
152 239 32
153 145 29
154 131 39
155 204 40
156 247 36
157 4 50
158 46 38
159 182 41
160 116 33
161 149 67
162 194 29
163 20 38
164 24 29
165 55 53
166 7 7
167 20 51
168 46 20
169 5 46
170 55 39
171 83 38
172 113 44
173 166 25
174 145 69
175 24 22
176 48 15
177 125 27
178 249 41
179 200 42
180 192 22
181 246 31
182 60 38
183 133 19
184 235 7
185 74 32
186 86 25
187 235 40
188 141 43
189 7 16
190 133 42
191 173 30
192 19 17
193 92 75
194 55 27
195 29 19
196 192 25
197 14 66
198 76 27
199 235 5
200 184 29
201 102 35
202 229 35
203 7 0
204 86 21
205 125 44
206 239 21
207 242 43
208 56 32
209 26 54
210 131 53
211 222 64
212 9 53
213 114 39
214 116 43
215 33 58
216 227 29
217 7 15
218 95 53
219 200 37
220 11 32
221 245 33
222 156 36
223 52 37
224 183 82
225 93 28
226 196 34
227 195 25
228 111 17
229 235 34
230 194 46
231 53 45
232 93 30
233 236 39
234 75 43
235 203 4
236 198 31
237 228 50
238 123 55
239 235 10
240 145 27
241 194 39
242 228 27
243 205 44
244 250 52
245 97 21
246 74 21
247 203 18
248 204 28
249 130 37
250 24 41
