13
1 202 62
2 90 69
3 5 92
4 16 55
5 131 66
6 240 89
7 148 55
8 16 79
9 83 71
10 107 81
11 110 67
12 13 61
13 13 0
14 248 43
15 43 71
16 196 54
17 99 59
18 42 55
19 70 54
20 110 69
21 98 82
22 229 57
23 243 72
24 57 45
25 16 70
26 109 81
27 240 84
28 37 88
29 30 56
30 152 41
31 57 44
32 44 74
33 180 64
34 140 78
35 12 62
36 77 63
37 96 67
38 29 122
39 242 89
40 182 82
41 14 74
42 57 39
43 242 59
44 194 74
45 206 75
46 217 70
47 208 74
48 235 68
49 63 65
50 177 76
51 112 70
52 194 63
53 194 72
54 123 92
55 7 68
56 84 51
57 13 36
58 31 46
59 229 66
60 29 70
61 114 57
62 201 67
63 202 54
64 84 77
65 56 71
66 110 81
67 4 76
68 45 89
69 141 74
70 57 53
71 49 67
72 125 56
73 94 77
74 250 70
75 201 67
76 81 69
77 202 58
78 70 61
79 180 62
80 242 72
81 58 53
82 56 57
83 82 68
84 13 22
85 242 70
86 180 59
87 79 63
88 13 68
89 90 75
90 118 62
91 205 54
92 169 73
93 170 76
94 152 69
95 176 68
96 77 61
97 4 69
98 56 63
99 243 47
100 185 64
101 226 88
102 87 66
103 144 79
104 198 79
105 136 63
106 12 64
107 223 77
108 33 73
109 159 72
110 91 58
111 46 70
112 42 67
113 121 60
114 13 52
115 113 65
116 247 75
117 63 75
118 14 54
119 242 98
120 247 73
121 99 59
122 42 68
123 145 71
124 114 65
125 175 56
126 249 98
127 51 82
128 90 71
129 203 72
130 58 53
131 99 55
132 92 75
133 247 60
134 222 79
135 103 81
136 70 59
137 220 71
138 78 76
139 208 73
140 141 77
141 98 74
142 84 64
143 106 79
144 5 76
145 77 65
146 145 69
147 93 90
148 14 46
149 35 70
150 225 77
151 36 69
152 13 34
153 145 69
154 131 56
155 90 76
156 247 78
157 4 83
158 24 71
159 181 70
160 116 75
161 49 88
162 229 56
163 214 66
164 24 61
165 11 92
166 7 62
167 36 83
168 37 69
169 13 52
170 84 68
171 83 76
172 118 62
173 198 74
174 172 99
175 24 54
176 14 46
177 125 59
178 249 61
179 12 91
180 243 45
181 30 55
182 60 79
183 133 61
184 235 62
185 152 62
186 86 63
187 172 90
188 141 91
189 125 56
190 49 65
191 14 62
192 19 61
193 92 88
194 79 62
195 29 60
196 30 51
197 14 77
198 76 72
199 235 60
200 180 83
201 102 66
202 229 50
203 7 55
204 86 59
205 13 44
206 219 68
207 242 72
208 56 70
209 127 89
210 131 70
211 248 85
212 57 67
213 114 71
214 58 54
215 33 81
216 227 70
217 57 70
218 190 82
219 154 57
220 11 68
221 245 75
222 156 78
223 52 72
224 172 114
225 30 64
226 196 60
227 195 66
228 111 72
229 243 49
230 194 81
231 53 80
232 94 75
233 236 64
234 75 74
235 203 59
236 30 56
237 248 68
238 51 85
239 235 65
240 236 63
241 194 74
242 196 56
243 205 44
244 250 76
245 164 63
246 74 74
247 56 60
248 42 39
249 130 57
250 99 65
