6 16 57
11 1 51
2 29 11
6 5 25
15 15 41
15 29 26
21 13 16
25 23 42
30 19 46
30 7 66
7 7 28
22 9 13
17 20 53
18 21 21
4 1 66
15 5 42
29 17 44
11 27 52
30 27 45
10 7 0
17 5 33
18 11 29
23 14 47
12 29 56
11 19 44
25 16 41
12 17 65
25 26 7
30 28 44
25 29 67
27 21 57
25 5 26
29 5 42
28 16 30
29 21 27
2 8 22
8 17 46
23 25 26
21 30 21
22 11 68
10 29 70
25 24 70
4 27 50
21 14 53
22 15 25
5 23 37
11 9 63
19 3 56
18 20 1
7 16 64
22 28 55
5 16 38
24 5 48
18 25 21
12 13 4
28 7 26
24 27 1
8 12 68
30 15 0
28 8 59
10 3 42
25 22 42
10 10 4
14 8 25
4 6 9
19 18 47
16 9 51
30 24 30
29 3 11
22 8 40
13 7 60
8 5 13
21 1 16
12 30 67
8 23 3
1 21 53
22 27 30
27 25 59
28 18 45
11 20 70
17 24 13
20 12 26
14 4 51
23 24 68
28 5 48
29 8 34
23 13 62
12 20 50
23 11 65
10 14 50
24 12 49
22 6 0
5 19 1
14 7 22
20 5 18
4 26 32
8 9 17
6 28 56
3 10 31
26 22 24
19 4 5
19 14 38
13 22 68
13 11 29
20 4 25
17 16 67
14 24 4
20 27 1
21 4 2
14 30 65
18 19 40
29 20 52
23 7 51
28 21 45
18 7 66
18 4 65
16 24 5
20 2 36
18 9 49
14 16 46
26 8 25
25 4 53
13 19 35
30 6 66
20 11 1
11 29 67
24 11 13
23 29 11
20 7 68
22 26 42
8 2 61
23 5 23
9 28 48
18 30 57
26 24 60
15 24 8
2 24 70
28 10 9
13 17 64
4 23 51
26 4 52
1 11 55
24 14 59
17 29 65
7 28 57
1 22 55
7 13 9
11 28 7
9 17 24
18 17 10
15 1 61
22 17 63
24 7 34
4 4 39
22 3 0
3 11 12
4 25 32
4 15 53
9 14 43
28 22 59
4 3 45
2 14 57
7 9 49
24 13 11
1 24 55
13 9 21
6 15 50
20 3 28
11 17 24
5 4 42
16 14 39
20 25 29
4 11 4
16 23 27
26 26 3
20 29 39
3 27 33
11 5 67
20 20 51
29 6 15
24 25 13
25 13 21
23 6 63
24 2 70
10 19 26
21 29 45
19 5 47
30 2 48
3 24 48
3 6 29
4 28 8
3 1 26
5 28 57
24 9 0
25 7 29
5 11 1
23 1 1
5 1 34
19 2 39
15 8 56
24 29 20
26 10 59
26 9 10
14 21 57
5 20 31
5 6 40
17 13 22
30 21 50
1 15 19
17 25 60
3 28 20
6 1 27
20 14 48
2 12 42
22 13 63
21 9 7
6 11 49
16 30 11
2 28 10
17 1 25
6 27 36
29 14 42
24 8 35
26 2 66
15 25 32
22 7 12
30 30 17
11 13 33
8 10 29
25 28 4
7 30 49
14 9 6
12 2 23
4 5 23
23 18 32
28 23 18
5 22 29
7 11 67
27 22 65
23 17 17
23 19 61
6 25 43
13 18 40
16 20 69
26 6 7
15 30 69
29 15 13
22 21 25
11 7 1
22 25 22
21 27 51
12 11 59
26 5 14
14 6 26
18 22 56
10 26 10
4 30 9
11 15 39
13 27 30
18 27 26
21 24 63
16 5 1
25 20 61
3 2 35
19 17 47
17 26 13
1 25 63
5 7 55
28 28 39
18 10 40
29 7 4
26 17 65
16 27 54
21 28 23
27 17 35
19 7 1
3 23 4
23 16 60
1 12 8
13 12 50
25 17 61
12 26 10
19 25 43
20 10 66
3 21 28
27 5 59
10 20 1
27 2 43
2 23 69
12 3 12
10 25 19
25 9 23
25 19 53
17 21 18
7 20 19
10 9 15
8 7 4
8 8 24
28 14 34
19 30 6
2 22 9
8 26 49
8 15 21
27 15 3
14 5 31
2 1 27
24 6 9
28 4 11
17 18 9
20 1 5
1 2 28
12 12 57
26 7 16
30 14 26
13 21 20
20 21 70
11 12 34
1 19 30
18 18 61
9 25 56
15 13 29
29 26 62
21 20 49
15 10 15
25 25 5
24 22 4
8 1 17
16 2 65
15 20 27
25 8 42
20 16 19
21 8 62
6 7 37
21 3 39
9 11 40
19 24 50
4 8 14
27 13 13
19 29 16
11 24 18
22 14 18
6 19 67
3 26 57
1 1 27
29 4 22
10 8 31
1 18 43
7 21 27
23 27 44
15 28 47
26 21 68
1 4 54
18 3 48
17 11 40
16 18 44
11 6 13
9 22 19
24 10 31
15 19 50
6 21 53
21 6 65
11 8 42
29 22 19
30 25 51
3 4 1
15 12 67
17 8 17
13 16 15
23 23 25
18 1 38
5 13 41
3 7 44
17 30 15
13 10 0
15 27 54
20 26 57
22 30 7
24 4 17
2 20 15
26 13 18
8 11 56
12 15 23
22 24 31
26 12 52
EOF