23 19 53
20 20 0
24 25 64
12 21 54
22 22 30
17 14 61
12 20 27
18 24 52
28 6 60
17 2 48
18 26 70
13 23 53
4 27 19
18 27 18
7 30 16
19 25 33
1 20 24
14 16 15
28 30 20
23 14 70
10 11 32
18 1 38
2 25 29
16 14 0
5 1 43
12 29 6
16 4 64
4 9 10
9 2 33
16 22 3
17 29 18
19 10 49
27 27 25
25 29 65
29 7 4
15 7 36
27 14 56
20 5 64
20 7 11
4 13 48
2 5 67
11 12 35
30 25 25
30 7 47
14 19 68
14 21 58
18 2 68
11 3 37
30 18 1
5 4 62
13 6 25
30 8 56
2 8 24
19 17 32
5 30 56
17 5 27
1 28 68
30 4 40
14 9 38
1 4 56
24 9 69
27 7 34
5 6 18
18 12 48
15 5 28
26 26 2
21 15 20
28 29 24
25 15 33
1 12 24
29 18 42
18 11 48
28 5 49
27 30 15
8 29 11
12 19 30
24 15 0
11 14 38
12 14 4
14 22 13
23 3 2
23 10 21
25 12 70
14 18 14
18 6 70
14 28 22
4 25 60
30 28 11
19 23 33
9 9 0
11 15 22
29 21 12
8 13 47
9 3 53
22 1 36
27 21 59
2 9 47
23 30 41
6 16 14
17 18 68
9 13 44
29 30 18
23 26 51
7 23 1
EOF